nan
nan
8.055023352305094864e-02
5.578583611382378349e-01
6.483382648891872213e-02
4.833837615119086495e-01
-1.109411054187350865e-01
-6.893493731816609238e-02
-3.950383663177490234e-01
-3.145504262712266463e-01
8.187146186828613281e-01
2.061881356769137974e-01
-9.225755267673069193e-02
-4.577706654866536273e-01
-6.797064145406087610e-01
7.933072249094645645e-02
nan
-9.177505705091688615e-01
1.756642129686143694e-01
-2.305245399475097656e-01
3.467206954956054688e-01
-5.729527473449707031e-01
-4.695709016587998885e-01
5.847110748291015625e-01
-8.730087810092501677e-01
-5.426028569539388391e-01
4.609674877590603237e-01
9.474708769056532365e-01
3.689160611894395370e-01
-4.611247115665011859e-02
nan
nan
nan
nan
2.154645820458729946e-02
-5.250825352138943636e-01
4.975405799018012276e-01
4.256061712900797295e-02
-8.037002881368001672e-01
1.678041881985134487e-01
3.891885545518662948e-01
-2.597104178534613839e-01
3.296034071180555802e-01
-2.919385433197021484e-01
-3.817534446716308594e-01
5.774919191996256140e-01
-8.819688028759425924e-02
-5.288891262478299105e-01
nan
5.191743638780381698e-01
6.544183360205756139e-02
7.623598840501573104e-01
-1.011863748232523647e-01
-7.169791327582465401e-01
-8.593753311369153880e-02
7.563733524746365511e-01
-6.973960134718153459e-01
-4.439897272321913224e-01
-4.060186280144585380e-01
-1.924583779440985909e-01
4.443607065412733537e-01
-3.553317122989230747e-01
nan
nan
nan
nan
6.861269738939073104e-01
-8.140181965298123323e-01
7.226031621297200891e-01
-1.333064768049452009e-01
-2.749795118967692242e-01
2.872061994340684432e-01
-4.311571651034885044e-01
-1.717222796546088448e-01
6.807359059651692246e-02
3.092709514829847586e-02
4.892367257012261161e-01
-5.256018638610839844e-01
2.723873721228705636e-01
7.183232307434082031e-01
nan
6.567715009053548547e-01
1.684829261567857561e-01
9.125581317477755583e-01
-1.738760603798760185e-01
-6.045771174960665739e-01
1.141869227091471400e-01
8.140587806701660156e-01
9.186976485782200053e-02
2.678855790032280693e-01
5.999012523227267302e-01
-4.271850321027967912e-01
-1.955898735258314314e-01
4.271200233035617466e-01
nan
nan
nan
nan
-4.825477070278591518e-01
5.720809830559624443e-01
-3.031414614783393136e-01
-6.681490474277071989e-01
-1.059402028719584193e-01
5.001325607299804688e-01
-6.089358859592013395e-01
1.681510872311062221e-01
-5.931826167636446989e-01
-2.469914986027611781e-02
2.697268062167697544e-01
-3.597827222612168807e-01
1.308902766969468889e-01
-6.169471740722656250e-01
nan
1.985349795884556144e-03
2.506519688500298271e-01
-8.262498113844130021e-01
1.202125681771172398e-02
6.747895346747504464e-01
5.554234186808267859e-01
-1.365454859203762417e-01
1.576321787304348354e-01
2.350470225016275949e-01
-5.016840298970540735e-01
-9.572658936182658340e-02
-3.725430435604519253e-01
5.028727849324544641e-01
nan
nan
nan
nan
-2.352305584483676366e-04
6.035829120212130583e-01
1.325241830613878014e+00
2.475869655609130859e-01
-3.491599559783935547e-01
1.227331267462836273e+00
-1.292145411173502678e+00
4.426360925038655414e-01
2.544299231635199776e-01
-3.312686416837903880e-02
8.212310473124185828e-01
6.756463978025648021e-02
5.513437589009603235e-01
-1.818116108576456613e-01
nan
-3.508949544694688338e-01
6.200208663940429688e-01
5.708331002129448661e-01
-3.036639756626553083e-02
-6.690181626213921318e-01
1.487862401538425083e-01
-5.616490576002333146e-01
6.328892707824707031e-01
-3.641817834642198104e-01
-5.106840663486056364e-01
2.068097591400146484e-01
-9.082576963636609935e-02
2.598258654276530133e-01
nan
nan
nan
nan
7.170307371351454240e-01
-2.837645212809244977e-01
-4.228596952226426620e-01
5.302170117696126672e-01
-7.023649745517306364e-01
2.541926834318372977e-02
-5.108076201544867745e-01
-6.228130128648545760e-01
3.451713720957438336e-01
1.424927976396348772e-01
5.732440418667263948e-01
-2.980221112569172992e-01
-1.254549158944023857e-01
-1.594272984398735771e-01
nan
4.478453000386555805e-01
6.333477232191297990e-01
-3.523889117770724888e-01
-3.876694043477376117e-01
1.910146872202555246e-01
3.800978395673964005e-01
-6.556567615932888948e-01
1.628642612033420201e-01
-2.112801472345987863e-01
2.034802834192911691e-01
1.889677710003322963e-01
3.291679488288031807e-01
-1.446477572123209543e-01
nan
nan
nan
nan
-4.739635255601670760e-01
-1.004364331563313728e+00
1.540219518873426674e+00
-7.235812478595310404e-02
-2.269837856292724609e-01
-3.484582106272379742e-01
-1.909335189395480747e-01
9.747944275538127090e-02
-1.575682063897450649e-02
-4.333573977152506695e-01
-7.949938244289822542e-01
-3.813653786977131976e-01
-2.898312409718831195e-01
5.790378252665201453e-01
nan
7.140918307834200895e-01
3.005334271325005302e-01
-3.225609991285536271e-01
9.457762373818291712e-02
7.565627627902560270e-01
6.148822572496202010e-01
4.750167528788248883e-01
6.337947977913750697e-02
2.487841977013481864e-01
1.955404149161444893e-01
-1.744832065370347796e-01
2.368302610185411272e-01
2.753576172722710380e-01
nan
nan
nan
nan
-7.022601233588324776e-01
-2.144241068098280134e-01
-1.233058638042873745e-01
3.696156607733832589e-01
-4.477492438422309151e-01
-1.535373131434122629e-01
3.530714578098721051e-02
1.538496414820353098e-01
1.020831743876139397e+00
6.826856401231553573e-01
-3.713566462198893414e-01
1.229727745056152344e+00
-3.672247462802463169e-01
-9.248488479190401790e-03
nan
-9.131905237833658484e-01
6.241473621792263948e-01
-1.358757151497734794e-01
1.399748325347900391e-01
4.512045648362901229e-01
-1.543502940071953544e-01
-6.300858656565348770e-02
-8.180269135369194755e-01
4.055443604787190570e-01
2.494719293382432757e-01
-2.189847123291757420e-03
-1.989467011557685128e-01
1.086442801687452497e-01
nan
nan
nan
nan
-2.918378512064616070e-01
8.925718731350369417e-01
-4.071349832746717912e-01
-9.348326921463012695e-02
-1.161369482676188197e-01
-2.650688224368625279e-01
-2.910621696048312779e-01
1.366521517435709543e-01
-4.971516927083333148e-01
8.103852272033691406e-01
-1.412832207149929409e-01
6.937338246239556361e-02
-1.632648573981391182e-01
-8.312598864237467078e-01
nan
-7.478552394443088724e-02
-9.139508008956909180e-02
3.112315071953667411e-01
-2.757913536495632534e-01
7.788168059455023995e-01
-6.097641521030001677e-01
5.423738161722818640e-01
-3.107041517893473492e-01
3.050419754452175503e-01
8.932750754886203959e-02
4.451690249972873326e-01
-7.471176783243814734e-01
1.255581279595693010e-02
nan
nan
nan
nan
-5.490747557746039620e-01
1.245825423134697824e-01
-7.802376747131347656e-01
6.646635135014851425e-02
5.543129709031846541e-01
-3.016790813869900112e-01
-4.999789661831325893e-01
3.510254753960503349e-01
-6.557060877482095984e-01
-9.006759855482313060e-02
-4.871783256530761719e-01
-5.312545431984795619e-02
-3.098118835025363560e-01
3.816432952880859375e-01
nan
-7.681653764512803573e-01
8.658368057674831197e-02
5.574176576402452010e-01
-1.399138238694932757e-01
-5.225820673836602259e-02
-6.173289087083604354e-01
-6.260147624545626677e-01
-3.341582351260715122e-01
-2.791228824191623326e-01
2.576030360327826729e-01
-2.912662029266357422e-01
3.183077706231011161e-01
-1.706439521577623186e-01
nan
nan
nan
nan
-1.890099843343099051e-01
1.749536196390787668e-01
7.927322917514376677e-01
2.398773564232720146e-01
-2.310483720567491350e-01
-1.709596448474460240e-01
-5.574809180365668249e-02
-8.206948704189724886e-01
-7.070220179027980612e-02
9.271067513359917411e-01
1.007352723015679352e+00
-8.478680584165784739e-02
4.589263598124186383e-01
-2.748294936286078682e-01
nan
4.051528374354044365e-02
7.877479659186469307e-01
2.666844262017143974e-01
4.754692713419596539e-01
8.239665561252169645e-01
1.355840471055772545e+00
-7.942055066426595422e-01
-5.375282499525282365e-01
2.434529993269178572e-01
-3.268629444970024833e-01
5.650208791097005578e-01
-1.412430869208441964e-01
2.520206405056847621e-02
nan
nan
nan
nan
-6.729467709859212610e-01
-2.704794671800401229e-01
9.361249705155691089e-03
-2.314079966810014474e-02
5.891525480482313615e-01
-1.698685619566175642e-01
-1.143343316184149833e-01
1.704429785410563059e-01
-3.160816563500298271e-01
1.159723069932725670e+00
3.360517024993896484e-01
-7.927109400431314734e-01
8.563778797785441543e-02
-6.258393923441568640e-01
nan
-5.398013856675889510e-01
1.780250337388780413e-01
5.993457718027962386e-03
9.230793846978081474e-01
-7.522217962476942521e-01
-1.102961646185980804e+00
1.584021780225965681e-01
3.530888027615017299e-01
5.065808693567911553e-02
-1.006252076890733482e+00
4.627527130974663505e-01
6.500190628899468193e-01
1.385139491822984514e-01
nan
nan
nan
nan
6.459013621012369422e-01
2.562559710608588448e-01
5.100045733981661833e-01
-6.053279770745171318e-01
-7.960035403569538925e-02
-5.312016440762413680e-03
2.884473270840114956e-01
-1.254354185528225307e-01
4.253141085306803570e-01
8.031069570117527201e-02
2.676915062798393974e-01
-9.842935138278536833e-01
-1.565300623575846262e-01
2.269523673587375279e-01
nan
1.056381755405002121e+00
4.933424525790744419e-01
1.294901635911729576e+00
-5.723704761928982698e-01
3.669772942860921039e-01
8.511986732482910156e-01
-6.428015894360011862e-02
-2.542535993787977677e-01
3.625863459375169850e-02
2.786214815245734167e-02
4.330274793836805802e-01
-1.357993947135077706e-01
-2.135013209448920479e-01
nan
nan
nan
nan
1.263454452984862954e-03
1.617741849687364397e-01
5.912427372402615511e-01
-4.978520605299208146e-01
5.582127306196424388e-02
7.044394281175401229e-01
-4.045701821645100726e-01
4.555081261528862724e-01
7.805045445760091516e-01
-1.772830883661905832e-01
-5.621359580092960030e-03
-1.177790535820855133e+00
-2.263248496585422154e-01
-2.186457183625963030e-01
nan
7.696310149298773995e-01
-6.932404306199815847e-02
2.700445122188991909e-01
1.775119039747450056e-01
4.635675218370225448e-01
7.144804000854492188e-01
3.134041362338595982e-01
-4.154571692148844586e-01
-2.297497623496585345e-02
1.867091655731201172e-01
-1.642858849631415596e-01
5.130303170945909041e-01
3.082669840918647042e-01
nan
nan
nan
nan
2.222230699327256975e-01
-4.806845982869465961e-01
-2.948645485772026786e-01
1.128813955518934486e+00
-1.407550811767578125e+00
2.893519666459825057e-01
1.155021985371907478e+00
5.621309810214571989e-01
4.136253992716471539e-01
-3.272394869062635880e-01
9.531786706712511159e-02
2.047850820753309431e-01
-2.915621217754152026e-04
-3.617370393541123885e-01
nan
2.047000726064046316e-01
4.252093036969502998e-02
3.106406264834933872e-01
-7.457209693060981026e-01
-5.487344000074598771e-01
2.484711805979410715e-01
9.180198113123576309e-02
-8.775057064162360490e-03
-3.100062741173638114e-01
6.468624538845485494e-02
-9.344957139756944198e-01
2.016248835457695732e-01
-2.483726607428656807e-01
nan
nan
nan
nan
-1.396965318255954380e-01
-1.863417095608181362e-01
5.175071292453341520e-01
1.565512352519565081e-02
-1.463864114549424944e-01
-7.843684620327420198e-01
2.514057689242892857e-01
-3.340304692586262836e-01
1.583938201268514090e-01
-5.109225908915201453e-01
1.767643557654486886e-01
-4.637084537082248326e-01
3.382636441124809989e-01
-5.953823195563422432e-01
nan
3.384193314446343193e-01
-4.014933109283447266e-01
8.733883168962267018e-02
1.569851107067531948e-01
4.700120819939507255e-01
-1.253568861219618025e-01
-3.164591259426540737e-01
2.109684016969468889e-01
1.023191875881618862e-01
5.909594959682888948e-01
6.660287645128037948e-01
-9.100410673353407365e-01
1.306420829561021624e-01
nan
nan
nan
nan
-6.767245398627387276e-01
-1.455483436584472656e-01
2.984300984276665458e-01
1.848426394992404576e-01
-4.030657874213324776e-01
1.899340682559543247e-01
-1.057112163967556473e+00
-1.974029408560858956e-01
4.994650416904025669e-01
6.322084532843695870e-01
2.268655763732062292e-02
6.103407012091742745e-01
3.273985120985243302e-01
5.069838629828559151e-01
nan
6.546262635125054130e-01
1.258204115761650810e-01
1.343835989634195871e-01
5.928591622246636161e-01
7.842973205778333567e-02
-4.568704300456576800e-02
5.064686801698473073e-02
-6.907665067248874337e-03
3.968081540531582380e-02
5.972368452284071427e-01
-1.269989013671875000e-01
3.853203190697564173e-02
2.866066826714409599e-01
nan
nan
nan
nan
3.016982078552246094e-01
4.025700688362121582e-02
2.016871107949150810e-01
-9.014139572779336987e-03
-1.638322538799709682e-01
5.805859035915799105e-01
7.908179362614949082e-02
9.238790935940213167e-01
-7.104900148179795760e-01
2.129805419180128348e-02
3.773244222005208148e-01
-5.463143454657660714e-01
6.534309387207031250e-01
6.694907082451714286e-01
nan
1.616020202636718750e+00
-4.709544711642795201e-01
2.025441196229722796e-01
-3.633080058627658482e-01
4.863462977939181919e-01
-5.037488407558865511e-01
-4.245873557196723214e-01
-5.012789832221137276e-01
3.948740694257948380e-01
5.320740275912814177e-01
-6.462666723463270646e-01
-8.426451020770603373e-02
9.652503331502279016e-01
nan
nan
nan
nan
4.289304415384928570e-01
-1.162158532275093950e-03
-6.349629163742065430e-02
-3.932877646552191964e-01
-1.033715142144097238e-01
5.751644240485297432e-01
-5.123467445373535156e-01
1.029778692457411049e+00
7.872549692789714004e-02
6.478975613911946985e-01
9.041156768798828125e-01
1.969096395704481306e-01
-8.714920149909125557e-01
2.188446256849500837e-01
nan
2.931609153747558594e-01
-8.780537711249457589e-01
-9.255150953928630020e-02
2.265494399600558872e-01
-1.219647301567925446e+00
-1.057427724202473912e-01
5.008920563591851005e-01
-3.483852578534020125e-03
2.600317266252305526e-01
8.459664053387111471e-02
4.941525459289550781e-01
-4.865042898390028459e-01
-3.142037921481662388e-01
nan
nan
nan
nan
-4.663565953572590961e-01
2.337509526146782646e-01
3.453630871242947126e-02
-2.015504572126600447e-01
-2.771121760209401593e-03
-4.504480891757541294e-01
-3.329241010877821427e-01
-3.727234999338785992e-01
6.025718053181966516e-01
-7.174200481838650667e-01
9.401729371812608260e-01
9.309344821506075895e-01
6.021598709954155693e-01
2.820185489124722028e-02
nan
-5.352752473619248885e-01
-7.623115645514594307e-01
-3.135170406765407924e-01
5.599691073099771765e-01
5.448813438415527344e-01
2.425874604119194755e-01
5.393586158752441406e-01
3.180167410108778459e-01
-6.132542292277017859e-01
-3.144391377766927315e-02
-8.785084618462456474e-01
3.420487774742974052e-01
4.279578526814778461e-01
nan
nan
nan
nan
4.860374132792155133e-01
-2.089882426791720982e-01
-6.134845415751138953e-01
-4.454765849643283482e-01
7.728247510062323522e-02
-5.623806317647298547e-01
-5.496586693657768974e-01
7.026333279079861605e-01
6.144556469387478792e-01
-1.044654846191406250e+00
3.052538235982258930e-01
-4.141486220889621372e-01
1.192328267627292271e-01
4.318343533409966239e-01
nan
2.615478833516438617e-01
-4.794198671976725445e-01
-2.425512737698025112e-01
1.708241038852267857e-01
-2.714964018927680245e-01
-1.288758781221177874e-01
1.722962273491753571e+00
-3.187005784776475448e-01
4.574097527398003349e-01
4.798295232984755021e-01
3.518435160319010602e-01
-2.150396903355916434e-01
-2.474066416422525949e-01
nan
nan
nan
nan
7.718461751937866211e-02
-1.523388438754611496e+00
4.699865976969401227e-01
1.919413540098402204e-01
7.459032038847605676e-03
7.757021056281195870e-01
5.338948567708333703e-01
3.894084029727511997e-01
6.068548096550835380e-01
1.314359108606974191e-01
-3.784991635216606864e-01
6.825720601611667826e-02
7.551060782538519811e-02
-2.847014268239339008e-01
nan
-4.119861390855577010e-01
-2.913120322757297154e-01
-7.585119671291775667e-01
9.205145306057400667e-01
-2.606274551815456753e-01
-2.326518164740668526e-01
-9.470409817165797994e-02
5.279576513502333146e-01
9.756699668036566964e-01
2.929097016652424945e-01
-2.423959573109944754e-01
1.180019974708557129e-02
-3.994347519344753628e-01
nan
nan
nan
nan
2.966026994917128068e-01
-3.380872805913289619e-02
1.603563626607259207e-01
-2.035302586025661831e-01
-3.765873114267984795e-02
4.922222031487358818e-01
-3.238729900783962612e-01
1.610117620891994838e-01
1.738811996248033342e-01
6.155126359727647323e-01
-3.518208199077182269e-02
1.155597236421373186e-01
-3.853872352176242466e-01
1.138173739115397182e-01
nan
-7.258186737696330215e-02
1.053043471442328460e+00
2.515703572167290458e-01
-2.532028622097439174e-01
2.457167870468563581e-02
2.689133485158284320e-01
2.288877632882859933e-02
2.414943112267388114e-01
-2.699728806813557758e-01
5.706818368699815291e-01
3.940299352010090961e-01
-2.768288718329535714e-01
-6.977543301052517855e-01
nan
nan
nan
nan
3.539619975619845982e-01
5.208244754208458602e-03
8.381177584330240515e-01
-3.486676216125488281e-01
-3.957111305660671735e-02
3.696814179420471191e-03
3.886825508541531110e-02
-7.725286483764648438e-02
-4.958834648132324219e-01
-4.486899375915527344e-01
3.108110957675510044e-01
-3.602035575442844029e-01
-3.163652420043945312e-01
-6.579005983140733260e-01
nan
-8.047318988376193083e-01
-3.695922692616780414e-01
-1.558221181233724051e-01
-3.920075098673502789e-01
7.530750698513455355e-01
-5.353998608059353792e-01
9.370322757297091520e-01
-3.725171618991428013e-01
-5.415155622694227677e-01
1.419483025868733816e-01
-2.138842344284057617e-01
-8.170751465691460380e-01
3.988897270626491909e-01
nan
nan
