nan
nan
-4.070460531446669084e-01
2.391297287411159878e-01
-1.994513140784369698e-01
-4.063956207699245815e-01
-2.371427747938368025e-01
-8.432120084762573242e-02
-6.887020534939236605e-01
2.133177386389838170e-02
1.069180170694987053e+00
-5.454388260841369629e-02
-1.111364497078789620e-01
-1.055364012718200684e-01
9.345999028947618581e-02
8.408086829715305521e-02
nan
-1.981122361289130440e-01
-7.247929573059082031e-01
-5.541780259874131698e-01
-9.783733155992295760e-01
-6.773939662509493864e-01
4.125823179880778180e-01
4.740171432495117188e-01
-2.992025216420491351e-01
1.346128569708930023e+00
-4.182771576775444755e-01
3.425308333502875557e-01
1.153107643127441406e+00
5.077760484483506698e-01
nan
nan
nan
nan
-6.387445661756727122e-02
1.447004079818725586e-01
-7.944164805942111052e-01
3.081053362952338448e-01
7.892903751797146761e-01
-1.423223071628146652e+00
-2.367513444688585100e-01
-1.252813869052463169e-01
5.486199061075845984e-01
-3.716983795166015625e-01
-1.305591530270046596e-01
-1.354566362169053795e+00
9.447712865140702604e-03
1.049052556355794197e+00
nan
-5.147737397087944755e-01
6.594387160407172432e-01
-4.291121959686279297e-01
-3.440932432810465680e-01
-1.889923943413628349e-01
4.544978671603732562e-02
-6.467944780985513953e-01
-1.268348263369666225e-02
1.595538722144232979e-01
-5.590114593505859375e-01
1.386910226609971764e+00
3.611491786109076729e-01
-6.098204188876681364e-01
nan
nan
nan
nan
-7.540669706132677175e-02
-1.409064133961995535e-01
-1.777100880940755134e+00
-1.117876238293117885e-01
-1.519069671630859375e-01
1.657009124755859375e-01
-5.014943016899956474e-01
4.164140489366319198e-01
-1.088598039415147545e+00
-4.717366894086202217e-02
-6.547047826978895646e-01
5.909074147542318078e-01
-8.223336537679036828e-01
6.174000634087456474e-01
nan
1.682943767971462612e-01
-4.882847468058268414e-01
-1.865434646606445312e-01
-3.035024536980522880e-01
-1.068713717990451340e+00
-7.513578732808430527e-02
6.416877773072984792e-02
6.460111406114366073e-01
-6.071233749389648438e-01
1.880932384067111607e-01
-1.302989456388685408e-01
2.283839119805229911e-01
-6.475465032789442521e-01
nan
nan
nan
nan
-2.294516828325059710e-01
7.517773840162489396e-01
7.190283669365776786e-01
-1.397968795564439592e-01
-9.763733545939128067e-02
4.659157858954535714e-01
-5.591128932105170202e-02
2.546068827311198102e-01
2.250541845957438059e-01
5.143220888243781042e-02
9.739226235283745536e-01
2.557187345292832870e-01
6.886574427286783484e-01
4.875427881876627789e-01
nan
6.119216067923439681e-03
2.221667766571044922e-02
6.813344690534803294e-02
-2.263632880316840401e-01
5.851732359992133092e-02
-6.541778246561685828e-01
6.478049490186903459e-01
-4.951129489474826451e-01
2.097281350029839286e-01
-6.951124403211805802e-01
6.250355641047160293e-02
-8.329469892713758927e-01
-9.736560185750325891e-01
nan
nan
nan
nan
2.179887427224053154e-01
3.216061857011582870e-01
1.025852693451775460e-01
9.293316470252142858e-02
2.816093762715657367e-01
2.295968929926554478e-02
3.208715915679931641e-01
9.817788998285929825e-02
6.243401633368598214e-01
-3.060283925798203963e-01
1.804039478302001953e-01
1.388763745625813728e+00
1.235628763834635491e+00
7.119110425313314172e-01
nan
-1.523514456219143276e-01
-3.015372223324245815e-01
1.486169629626803990e-01
-4.984757105509440289e-01
-1.501669088999430246e-01
2.315079371134440012e-01
5.402862230936685828e-01
1.570886373519897461e-01
2.881810930040147323e-01
5.495607588026258927e-01
4.810708893669976005e-01
8.614617983500162390e-01
-6.666961775885688057e-01
nan
nan
nan
nan
3.964837127261691685e-01
8.616831567552354354e-01
6.780309147304958151e-02
8.266767395867241630e-01
3.999634053972032088e-01
4.428337679968940011e-01
4.937348895602756138e-01
1.870949851142035492e+00
5.869151221381293526e-01
-6.224893463982476005e-01
-9.112681282891167411e-01
-7.562769783867730189e-02
7.796648343404134485e-01
5.620400773154364538e-02
nan
-7.782406277126735494e-02
-8.838552898830838167e-01
-2.480009131961398716e-01
4.619476000467936383e-01
-5.860807498296102119e-02
-1.748016887240939621e+00
-3.557255201869540667e-02
8.727528254191080359e-01
2.063198486963907785e-01
-4.888634151882595424e-01
-1.565697458055284319e-01
-4.343001047770182477e-01
-8.631510734558105469e-01
nan
nan
nan
nan
-2.164809902509053433e-02
9.130845467249552871e-02
-2.617312007480197544e-01
-1.901689767837524414e-01
5.087416966756185266e-01
-2.466283904181586495e-01
-2.477507591247558594e-01
2.595190207163493024e-01
1.265892452663845535e+00
7.722936206393771208e-01
9.039507971869574776e-01
5.679572423299154016e-01
4.173012574513753070e-01
4.157990349663628349e-01
nan
5.431350072224935266e-01
-8.964074982537163783e-02
7.419221931033664896e-02
5.162252320183647880e-01
9.238052368164062500e-01
3.240571022033691406e-01
-1.333739757537841797e-01
5.565931532118055802e-01
1.338686943054199219e-01
7.572395006815592078e-01
3.280212879180908203e-01
7.139305008782280693e-01
-8.867076767815483818e-01
nan
nan
nan
nan
5.671326319376627234e-01
1.093045658535427567e+00
2.911331653594970703e-01
3.322971132066514510e-01
-5.644931793212890625e-01
-1.961491505304972238e-01
-1.714108784993489676e-01
1.115636560651991072e-01
-2.522581418355305805e-01
-1.544293430116441476e-02
-5.405559009975857698e-01
6.113588015238443640e-01
-5.747332043117947542e-01
3.844552834828694476e-01
nan
-6.203517383999295198e-01
-2.377426889207628069e-01
-4.248135089874267578e-01
2.988884184095594657e-02
-4.352199766370985490e-01
-1.174804369608561244e-01
5.866606500413682479e-01
1.390325970119900223e+00
-9.957737392849392855e-01
-5.739176538255479354e-01
-1.377699110243055525e-01
9.425159030490450895e-01
-3.236619896358913784e-01
nan
nan
nan
nan
-1.582712862226698103e-01
-4.509427282545301896e-01
-7.136037084791395646e-01
7.990368207295736047e-01
6.534186999003092078e-01
8.754536840650770646e-01
6.109207471211751672e-01
5.595792134602864953e-01
7.088754971822103235e-01
6.517390675014920198e-01
4.353001912434895648e-01
2.422550519307454520e-01
-6.522269381417168665e-02
-1.014903810289170982e+00
nan
-9.165270063612196427e-01
-6.929614279005262834e-01
2.673772970835368024e-01
5.817571216159396208e-01
-5.419824388292100448e-01
-4.939639303419325334e-01
-8.245101405514610945e-03
-1.974331272972954521e-01
6.236714786953396344e-02
6.802252266142103099e-02
-9.789613087972005578e-01
-3.722972604963514787e-01
-1.097179306877984040e+00
nan
nan
nan
nan
5.870345963372124443e-01
1.801335546705457868e-01
1.323886977301703460e+00
4.022234810723198661e-01
-5.115303993225097656e-01
1.168815427356296177e-01
-4.342106183369954242e-01
9.340168635050455359e-01
-1.798034111658732004e-01
-3.158830006917317523e-01
4.111411174138387276e-02
1.119485643174913170e+00
-1.452533536487155552e-01
-3.503347767723931083e-01
nan
-1.756303707758585519e-01
-3.953236209021674386e-01
-6.197336514790853235e-01
-6.966529422336154020e-01
4.632460806104872209e-01
6.706073019239637834e-01
-5.182426240709092635e-01
9.167049990759955358e-02
-4.858615332179599261e-02
-9.294945398966470984e-01
-5.101215177112155413e-02
-4.180636405944824219e-01
-3.774471812778049107e-01
nan
nan
nan
nan
-4.936105410257975445e-01
4.159122308095296039e-01
4.426401986016167411e-01
4.579341146681044084e-01
3.065961466895209542e-01
8.788308567470974886e-01
1.082951227823893275e-01
-5.535749329460991630e-01
9.813965691460503626e-02
5.246551831563314172e-01
1.437036063936021624e-01
-8.464328447977701453e-01
1.099055012067159075e-02
1.013142069180806432e-01
nan
2.295525868733724051e-01
-3.322336143917507534e-01
-3.336930274963378906e-01
1.127466228273179827e-01
-2.320542335510253906e-01
1.092752562628851898e+00
-2.299827999538845424e-01
-1.953309774398803711e-01
4.026637077331542969e-01
-4.461723963419596539e-01
-1.743265257941352120e-01
4.064941671159532088e-01
9.464581807454427453e-01
nan
nan
nan
nan
-4.991833700074090052e-02
-3.554158210754394531e-01
-5.005362298753526229e-01
4.673803117540147323e-01
1.276960108015272322e-01
2.197721666759914760e-01
-6.265100373162163505e-01
-2.258848879072401228e-01
-1.083708339267306808e+00
7.745599746704101562e-01
5.781076749165853235e-01
9.013410144382052458e-01
-6.538115607367621651e-01
4.107255140940348492e-01
nan
-2.587585449218750000e-01
1.096201366848415848e+00
6.684863302442762834e-01
3.075304561191135044e-01
8.054716322157118302e-01
-1.061337153116862053e+00
-1.609349913067287807e-01
-7.642214033338758927e-01
-7.202676667107476005e-01
-5.240435600280761719e-01
4.736024538675944195e-01
5.703370836046006698e-01
-8.442601892683240794e-02
nan
nan
nan
nan
4.584438006083170758e-01
3.196275565359327220e-02
-2.279664145575629464e-01
3.068726592593722935e-01
7.213570806715223771e-01
4.474064509073893414e-01
6.138644748263888395e-01
-6.055637465582953682e-01
-2.945760554737514997e-02
-1.291431321038140290e+00
1.059896548589070592e-01
8.604803615146212614e-01
-1.141638755798339844e-01
3.442407449086506976e-01
nan
-2.305366728040907087e-01
6.955317391289604911e-01
-4.115629196166992188e-01
8.880777359008789062e-01
3.972126642862955914e-01
-1.969064076741536551e-01
2.216747899850209438e-02
3.404308954874674664e-01
-3.617804315355088729e-01
-4.777473343743218193e-01
-5.808935562769571709e-02
2.078045474158393136e-01
-5.745207998487684709e-01
nan
nan
nan
nan
-3.311405711703830357e-01
-7.713415357801649552e-01
-4.017103513081868305e-01
-3.650321960449218750e-01
-4.690012931823730469e-01
7.579707437091404154e-02
1.143105189005533928e+00
5.144351323445638391e-01
-2.557206683688693638e-01
7.458642853630913505e-01
1.220205095079210100e-01
5.860603120591905135e-01
6.751803821987576448e-01
3.903279569413926620e-01
nan
4.580080244276258927e-01
9.867017534044053573e-01
2.830468018849690570e-01
3.480203946431477680e-01
1.825102832582261858e-01
-3.883239163292778739e-01
-7.601712147394816543e-02
-3.775470256805419922e-01
-9.897097945213317871e-03
2.943110466003417969e-01
3.312822447882758370e-01
-1.759086185031467076e-01
-4.440324836307101841e-01
nan
nan
nan
nan
-9.718311097886827010e-01
4.691148863898383370e-01
-2.522414790259467354e-01
3.728028386831283569e-03
7.763956387837728235e-01
-8.774963484870063057e-01
5.286566946241590959e-01
1.655653715133666992e-01
-2.102805640962388811e-01
3.983894983927409039e-01
-1.232478459676106697e+00
1.699014107386271066e-01
-3.778095510270860213e-01
-2.919080522325303573e-01
nan
-3.342281977335612164e-01
-4.831912782457139510e-01
2.010625335905286970e-01
2.831741174062092914e-01
1.402839766608344085e+00
5.970676210191514510e-01
-6.405608521567450475e-02
3.964885075887044086e-01
1.082729657491048103e+00
-3.399940331776936664e-01
8.323928515116373328e-01
3.157739374372694474e-01
-3.326384557618035365e-02
nan
nan
nan
nan
2.493796348571777344e-01
-2.288387616475423270e-01
-1.034632921218872070e-01
2.674498028225368862e-01
5.779188871383666992e-02
6.097960472106933594e-01
-5.959825515747070312e-01
2.662382390764024276e-01
-2.129647963576846575e-02
3.170380857255723495e-01
-1.411784489949544363e-01
2.434165212843153181e-01
2.618460973103841294e+00
6.106739656792746843e-03
nan
-6.690577401055229911e-01
5.119619766871134209e-02
-3.246008820003933315e-01
4.522108501858181362e-01
-1.424435244666205636e-01
3.997955322265625000e-01
2.679687870873345146e-01
2.477655940585666294e-01
1.542318344116210938e+00
-6.908825768364800224e-01
-7.533342043558756140e-01
-2.116182645161946707e-01
6.464100943671332589e-01
nan
nan
nan
nan
2.382824791802300446e+00
-7.883187797334459401e-02
1.645354827245076590e-01
-5.914697647094726562e-01
-8.121106889512803573e-01
7.366220686170790177e-01
3.465840816497802734e-01
5.235707494947645646e-01
1.073966887262132464e-01
-3.323801888359917411e-01
1.027998500400119308e+00
-4.369452794392903461e-01
-2.498590681287977400e-01
1.216655042436387835e-01
nan
1.564487086402045479e-01
-3.600209024217393416e-01
3.807624975840250836e-01
-1.791948477427164621e-01
9.878534740871853792e-01
6.680293083190917969e-01
7.505512237548828125e-01
-6.630202399359809151e-01
-4.906668431229061454e-03
5.834787156846787948e-01
4.636702007717556362e-01
-7.606723043653700334e-01
2.630585829416910992e-01
nan
nan
nan
nan
-6.202120780944824219e-01
1.011232038338979143e-02
2.484269936879476004e-01
6.425221761067708703e-01
-3.365108172098795758e-01
-3.179134925206502510e-02
-6.919529173109266740e-01
6.685647699568006419e-02
3.612826453314887054e+00
7.952371173434786833e-01
-3.910372257232666016e-01
-7.348999977111816406e-01
3.749929004245334263e-01
-5.198595788743760604e-01
nan
1.514422761069403878e-01
2.640164693196614398e-01
1.296413421630859375e+00
1.926702075534396652e+00
2.146844069163004465e-01
-6.556727621290419084e-01
-4.170689582824707031e-01
-2.407728036244710379e-01
2.572770118713378906e-01
4.946225484212239398e-01
-1.367477311028374443e-01
-3.843446837531195870e-01
7.238204214307997209e-01
nan
nan
nan
nan
2.883908748626708984e-01
1.810614797804090681e-01
-4.673171043395996094e-01
-1.452297846476237053e+00
5.704212188720703125e-01
1.714707480536566964e-01
3.540821075439453125e-01
-3.015707333882649555e-01
8.378893799251979635e-02
-1.729906102021535122e-02
1.022934701707628014e+00
5.208016501532660714e-01
1.450455321205986747e-01
5.339570575290255583e-01
nan
1.353695740302403826e-02
1.402169651455349442e+00
1.580586857265896317e+00
-3.825594319237602958e-01
-3.571053610907660714e-01
-6.454598108927408484e-01
1.946314493815104241e+00
8.287923600938584823e-01
-1.990976995891994838e-01
1.009387373924255371e-01
1.526424301995171540e+00
8.382252057393392297e-01
2.574124866061740513e-01
nan
nan
nan
nan
-2.656503783331977120e-01
-6.996918254428439177e-01
-4.715328746371799107e-01
7.318086094326442526e-02
1.218081495496961786e+01
1.525156974792480469e+00
1.148518562316894531e+00
-1.431279314888848075e-01
7.087017430199517298e-02
-1.411021682951185408e-01
1.204039255777994838e-01
-2.555660903453826904e-02
1.050451993942260742e-01
2.875647015041775112e-01
nan
-5.059103435940213167e-01
7.595900959438748323e-01
1.956094238493177595e-01
-2.460917896694607143e-01
-2.941141393449571151e-01
9.472173452377319336e-02
-3.305404384930928779e-02
1.260148366292317634e+00
-8.084425926208496094e-01
1.105415683322482678e+01
5.465466711256239396e-01
-7.723146677017211914e-02
-3.361730310651991349e-01
nan
nan
nan
nan
-4.466409153408474331e-01
1.058707131279839508e+00
-4.038023153940836774e-01
1.180252287122938393e+00
-8.341148164537217635e-01
1.025010108947753906e+00
-3.143490950266520367e-01
-5.157567130194770089e-01
6.375563409593369979e-01
-4.126331276363796596e-01
-1.572933991750081473e-01
6.925200886196560823e-01
3.750140666961669922e-01
-4.728353288438584823e-01
nan
3.476978672875298271e-01
1.543416235182020424e+00
3.187084727817111607e-01
8.414525455898709261e-01
-4.571570290459526786e-01
-2.925370534261067523e-01
9.468291600545247766e-01
1.493170950147840736e+00
9.241186777750650672e-01
1.746544837951660156e-01
7.009419865078396761e-01
-8.117704391479492188e-01
-6.887764400906033480e-01
nan
nan
nan
nan
9.449151780870225892e+00
3.199144575330945983e+00
2.224656475914849052e-01
-1.984742085138956613e-01
3.454280561870998884e-02
5.930500560336642302e-01
5.628353357315063477e-02
-4.561593797471787948e-01
-1.009507576624552455e-01
-6.863096555074056360e-01
7.391648822360568083e-01
5.872790680991278600e-02
-4.157339119248920113e-03
1.362971729702419643e-01
nan
-6.831381056043836497e-02
-1.548076311747233147e+00
4.310500621795654297e-01
5.214884016248915177e-01
7.213772667778862724e-01
1.153068542480468750e+00
-5.612468719482421875e-01
-5.775870217217339564e-02
4.305610126919216518e-01
1.815928088294135323e-01
-5.445124308268228797e-01
2.896788120269775391e-01
9.525136947631835938e-01
nan
nan
nan
nan
-9.684276580810546875e-01
5.923211574554443359e-02
4.295999738905165177e-01
5.773531595865885047e-01
-8.170005480448404578e-01
-1.125716293851534598e-03
-6.972090933057997209e-01
-1.272085242801242466e-01
1.360437817043728348e+00
4.087552229563395367e-01
-1.034784211052788727e+00
-3.754238552517361049e-01
-4.126446114646064103e-03
-3.981431060367160435e-01
nan
-1.067615403069390290e+00
6.020136409335665739e-01
4.427837795681423549e-01
1.036229769388834709e+00
2.644823392232258930e-01
2.069898181491428013e-01
-1.246138254801432366e+00
-1.047031720479329353e+00
5.670917299058702010e-01
8.160145415200127650e-02
-3.443510267469618302e-01
6.358428796132405136e-02
7.885021633572049105e-01
nan
nan
nan
nan
-3.281891081068251115e-01
2.806347211201985492e-01
4.208651913536919364e-01
1.123681174384222992e+00
-2.985664208730061664e-01
-2.324192788865831194e-01
1.259807798597547768e+00
2.874810869495073810e-03
-3.730210463205973492e-01
-1.357929839028252372e-01
9.063993030124239958e-01
4.235181278652614956e-01
7.657849523756239396e-01
7.588429450988769531e-01
nan
-2.601151996188693638e-01
5.722304450141059151e-01
3.075972398122151508e-01
-1.424978786044650558e+00
-7.181186146206325338e-02
1.203330755233764648e-01
8.189749717712402344e-01
1.012871106465657478e+00
3.865182134840223771e-01
-2.537037531534830914e-01
-4.351522922515869141e-01
-9.537938435872396203e-01
2.069180409113565988e-01
nan
nan
