nan
nan
1.855124719440937042e-02
6.128287315368652344e-01
-4.853484779596328735e-02
-7.903069257736206055e-02
7.355756163597106934e-01
-4.755801558494567871e-01
-4.261572360992431641e-01
2.081225067377090454e-01
6.846616864204406738e-01
-4.482040405273437500e-01
-6.242855191230773926e-01
1.420860290527343750e-01
7.038329541683197021e-02
2.354585081338882446e-01
nan
2.826707661151885986e-01
-4.395583271980285645e-01
-3.879763185977935791e-02
2.643132209777832031e-01
5.631980299949645996e-01
1.828269213438034058e-01
6.640800088644027710e-02
-3.671674132347106934e-01
5.001249909400939941e-01
6.441373229026794434e-01
1.035454154014587402e+00
1.142876386642456055e+00
-5.569702759385108948e-02
nan
nan
nan
nan
-2.416445910930633545e-01
9.932587146759033203e-01
1.724866926670074463e-01
5.114985704421997070e-01
4.229709804058074951e-01
-3.660474121570587158e-01
-5.492976307868957520e-01
4.297264516353607178e-01
-5.318368673324584961e-01
2.252066135406494141e-01
1.334456801414489746e-01
-6.054016947746276855e-01
-3.841087818145751953e-01
-2.712968289852142334e-01
nan
-9.713460803031921387e-01
9.348063170909881592e-02
2.935795783996582031e-01
2.443721592426300049e-01
-4.067100286483764648e-01
7.871558666229248047e-01
9.196242690086364746e-02
-5.717816352844238281e-01
-5.176259279251098633e-01
-5.151261687278747559e-01
-7.263906002044677734e-01
-2.534085810184478760e-01
2.915949225425720215e-01
nan
nan
nan
nan
6.601148843765258789e-01
3.860487341880798340e-01
2.849240005016326904e-01
-8.553805947303771973e-02
2.833907008171081543e-01
-5.122587829828262329e-02
4.159614145755767822e-01
-3.573502600193023682e-01
1.433762311935424805e-01
-7.006776332855224609e-02
-9.182150363922119141e-01
-6.253820061683654785e-01
2.419025301933288574e-01
-3.904059827327728271e-01
nan
1.706003844738006592e-01
-5.855671763420104980e-01
-1.303530782461166382e-01
-3.356772065162658691e-01
1.890323162078857422e-01
-1.737821251153945923e-01
2.064574658870697021e-01
-1.378749404102563858e-02
-3.522866368293762207e-01
1.818445511162281036e-02
9.067903161048889160e-01
-2.975237369537353516e-01
7.495638132095336914e-01
nan
nan
nan
nan
5.263985991477966309e-01
-4.916879832744598389e-01
-3.136082291603088379e-01
-2.360809445381164551e-01
-4.943936169147491455e-01
1.029089331626892090e+00
-4.471840858459472656e-01
-7.549622654914855957e-01
6.443395614624023438e-01
-1.493084728717803955e-01
1.699214056134223938e-02
-8.305457234382629395e-01
3.067035973072052002e-01
6.054566502571105957e-01
nan
-4.090373218059539795e-01
-3.900223076343536377e-01
-2.983677387237548828e-01
5.246262550354003906e-01
5.740121006965637207e-02
-3.307310044765472412e-01
2.868372201919555664e-01
-7.918707095086574554e-03
-6.525252461433410645e-01
2.655146829783916473e-02
-1.818243116140365601e-01
4.889604747295379639e-01
-2.434149682521820068e-01
nan
nan
nan
nan
1.617370545864105225e-01
5.294323340058326721e-02
3.464642167091369629e-02
1.058729648590087891e+00
-4.751378595829010010e-01
3.641579449176788330e-01
-3.186084926128387451e-01
1.020890712738037109e+00
5.317171216011047363e-01
7.965031266212463379e-01
-2.566621601581573486e-01
4.823835194110870361e-01
5.852094292640686035e-02
-7.431802898645401001e-02
nan
-3.795799314975738525e-01
1.822156757116317749e-01
4.309575855731964111e-01
4.105463325977325439e-01
-8.356716036796569824e-01
-6.826918721199035645e-01
-5.122991800308227539e-01
-6.399109363555908203e-01
5.857510566711425781e-01
3.469826579093933105e-01
-2.270157933235168457e-01
-6.389418244361877441e-01
-4.107010364532470703e-01
nan
nan
nan
nan
-6.224291920661926270e-01
3.175587356090545654e-01
-3.386076688766479492e-01
1.055284261703491211e+00
-5.694602802395820618e-02
1.221199631690979004e-01
1.814429610967636108e-01
-4.958561062812805176e-01
-2.034469246864318848e-01
1.795574724674224854e-01
2.560362815856933594e-01
-2.542838454246520996e-01
-4.910956323146820068e-01
-8.866301178932189941e-01
nan
2.502572238445281982e-01
1.689875423908233643e-01
1.863901168107986450e-01
2.890744805335998535e-01
-8.066282607614994049e-03
2.879830002784729004e-01
-4.595395326614379883e-01
5.175454616546630859e-01
2.473395615816116333e-01
-5.947546958923339844e-01
3.340438902378082275e-01
-4.981377720832824707e-01
4.131026566028594971e-01
nan
nan
nan
nan
3.975837677717208862e-02
-9.566432982683181763e-02
1.250341087579727173e-01
-4.364426434040069580e-01
2.198439240455627441e-01
1.531011462211608887e+00
1.175044402480125427e-01
1.016732096672058105e+00
-2.596042156219482422e-01
2.954240739345550537e-01
1.327383369207382202e-01
8.464515209197998047e-01
-3.371629118919372559e-01
-4.610263556241989136e-02
nan
5.863890647888183594e-01
-1.466473005712032318e-02
-2.636494636535644531e-01
-9.011740684509277344e-01
8.037712574005126953e-01
-3.099736571311950684e-01
5.652552247047424316e-01
-2.943693101406097412e-01
9.795359335839748383e-03
-1.157973706722259521e-01
-1.312610149383544922e+00
-2.883278727531433105e-01
3.003688454627990723e-01
nan
nan
nan
nan
-7.128266692161560059e-01
-1.051116585731506348e-01
-7.753742486238479614e-02
-5.448946356773376465e-01
-6.783192157745361328e-01
5.770529061555862427e-02
6.802520155906677246e-01
-9.141925722360610962e-03
-1.379788219928741455e-01
-5.963318347930908203e-01
4.924251437187194824e-01
2.262083590030670166e-01
1.483295205980539322e-02
-1.599989891052246094e+00
nan
-1.335839927196502686e-01
1.002272486686706543e+00
-1.267548680305480957e+00
6.453688740730285645e-01
-4.031394124031066895e-01
7.861025333404541016e-01
-4.723507463932037354e-01
1.040622115135192871e+00
-4.561474546790122986e-02
-4.178864136338233948e-02
-1.111292123794555664e+00
-5.377104505896568298e-02
3.040152788162231445e-01
nan
nan
nan
nan
-1.027377694845199585e-01
2.626143693923950195e-01
-1.018810153007507324e+00
-1.050501465797424316e+00
-4.432611465454101562e-01
-4.940542578697204590e-01
-6.992959976196289062e-01
3.073873929679393768e-02
1.852643638849258423e-01
-1.988152116537094116e-01
-3.608905673027038574e-01
2.493086308240890503e-01
-1.888683438301086426e-01
9.725647568702697754e-01
nan
-1.863107681274414062e-01
6.431763172149658203e-01
-2.234855294227600098e-02
1.458724141120910645e-01
3.125534355640411377e-01
1.431843265891075134e-02
5.736006498336791992e-01
3.347684741020202637e-01
4.862282574176788330e-01
6.531707644462585449e-01
5.578626394271850586e-01
-2.099990397691726685e-01
5.774559974670410156e-01
nan
nan
nan
nan
1.027274727821350098e-01
3.503981232643127441e-01
-6.101664900779724121e-01
3.121161833405494690e-02
1.074482202529907227e+00
3.851762115955352783e-01
-7.320087552070617676e-01
6.625424623489379883e-01
-5.405029058456420898e-01
-4.498256444931030273e-01
-3.711541593074798584e-01
4.274470210075378418e-01
-4.494054615497589111e-02
-2.525852322578430176e-01
nan
-7.355829477310180664e-01
-3.914205133914947510e-01
8.534420728683471680e-01
9.055934548377990723e-01
1.823725253343582153e-01
4.031543433666229248e-01
-5.795902013778686523e-01
6.173989772796630859e-01
2.231773287057876587e-01
1.715372055768966675e-01
-4.495694637298583984e-01
2.459699362516403198e-01
-1.583808660507202148e-01
nan
nan
nan
nan
-4.301356896758079529e-02
-2.992814183235168457e-01
1.017889142036437988e+00
3.967728018760681152e-01
-5.956973433494567871e-01
2.642771303653717041e-01
-7.156343460083007812e-01
5.777907371520996094e-01
-2.349423915147781372e-01
-1.484490483999252319e-01
3.490027189254760742e-01
6.258985996246337891e-01
-1.113412737846374512e+00
-6.204582378268241882e-02
nan
1.882402747869491577e-01
9.510724544525146484e-01
-1.186365932226181030e-01
1.048705458641052246e+00
2.202876359224319458e-01
1.689445227384567261e-01
-2.146215885877609253e-01
-2.790261209011077881e-01
-5.340580940246582031e-01
-2.801900543272495270e-02
2.622507512569427490e-01
2.144679129123687744e-01
5.340601205825805664e-01
nan
nan
nan
nan
1.510408520698547363e-01
2.160616368055343628e-01
7.926089316606521606e-02
-2.187623828649520874e-01
-1.439649939537048340e+00
-1.361267268657684326e-01
3.808801770210266113e-01
5.023319721221923828e-01
3.793680667877197266e-01
-4.155264496803283691e-01
1.453642725944519043e+00
5.403488278388977051e-01
-8.121845722198486328e-01
1.025661826133728027e-01
nan
5.644661784172058105e-01
-1.020379662513732910e+00
3.838407993316650391e-01
-1.923662126064300537e-01
1.080247908830642700e-01
8.191337585449218750e-01
-3.382012248039245605e-01
2.353237718343734741e-01
2.699373364448547363e-01
-2.178264111280441284e-01
3.764275908470153809e-01
1.035689339041709900e-01
-5.712959766387939453e-01
nan
nan
nan
nan
3.411071375012397766e-02
-1.269549250602722168e+00
-1.009425148367881775e-02
6.369629502296447754e-02
3.534326702356338501e-02
2.259118556976318359e-01
-9.589052796363830566e-01
-3.914086520671844482e-01
-7.230983972549438477e-01
4.539246857166290283e-01
-2.760802209377288818e-01
8.896637558937072754e-01
-1.201653361320495605e+00
-1.041705012321472168e+00
nan
8.511666208505630493e-02
-5.370216369628906250e-01
2.841924726963043213e-01
-5.594457387924194336e-01
-1.216328859329223633e+00
7.606191188097000122e-02
4.857881069183349609e-01
1.386244148015975952e-01
8.273709565401077271e-02
-6.969014406204223633e-01
1.316924244165420532e-01
-1.708933264017105103e-01
4.437496364116668701e-01
nan
nan
nan
nan
-1.338280558586120605e+00
3.715283274650573730e-01
2.983313500881195068e-01
-7.749582082033157349e-02
-1.713140010833740234e-01
6.334438323974609375e-01
-1.573253124952316284e-01
-2.575393915176391602e-01
-4.028639197349548340e-01
5.912127345800399780e-02
-2.463231533765792847e-01
3.675601212307810783e-03
-2.555473446846008301e-01
2.259508967399597168e-01
nan
4.922367930412292480e-01
-1.107758879661560059e+00
4.397995769977569580e-01
2.352349609136581421e-01
-5.678372979164123535e-01
-4.169164001941680908e-01
1.173328682780265808e-01
3.755759298801422119e-01
1.527386307716369629e-01
-5.027689784765243530e-02
-3.647068887948989868e-02
5.055888891220092773e-01
2.444481551647186279e-01
nan
nan
nan
nan
9.838013052940368652e-01
-4.654302820563316345e-02
-2.274798005819320679e-01
2.860417664051055908e-01
-4.673984274268150330e-02
4.598053991794586182e-01
2.305662781000137329e-01
4.772562533617019653e-02
7.791683673858642578e-01
-3.720593452453613281e-01
1.115796566009521484e-01
6.550657153129577637e-01
1.737479716539382935e-01
2.094340696930885315e-02
nan
-9.318692982196807861e-02
-1.307407617568969727e-01
2.147159576416015625e-01
-2.673667669296264648e-02
3.493068367242813110e-02
-9.019867330789566040e-02
-2.339761108160018921e-01
1.748922020196914673e-01
4.463335573673248291e-01
-2.185177654027938843e-01
1.415428280830383301e+00
1.034656316041946411e-01
-2.277265638113021851e-01
nan
nan
nan
nan
1.118967413902282715e+00
1.191191196441650391e+00
1.598027050495147705e-01
-5.749421119689941406e-01
-1.938782930374145508e-01
6.933225989341735840e-01
-8.272701874375343323e-03
-6.658555269241333008e-01
-1.581083089113235474e-01
3.038515746593475342e-01
1.083379518240690231e-02
3.645508885383605957e-01
-4.957378804683685303e-01
-8.589413166046142578e-01
nan
9.211213141679763794e-02
-4.594571888446807861e-01
-4.607760608196258545e-01
-9.347017407417297363e-01
-2.838182449340820312e-01
-1.368611818179488182e-03
-2.859611809253692627e-01
-2.030970007181167603e-01
7.393012642860412598e-01
1.545183509588241577e-01
-4.814257025718688965e-01
-7.110922336578369141e-01
7.692272067070007324e-01
nan
nan
nan
nan
4.718557372689247131e-02
9.038100391626358032e-02
7.827224135398864746e-01
-7.107194066047668457e-01
-5.557863116264343262e-01
-1.066664792597293854e-02
2.360940873622894287e-01
4.383652508258819580e-01
-3.417346477508544922e-01
-6.133677959442138672e-01
-3.708059787750244141e-01
-4.718733727931976318e-01
-1.058161854743957520e-01
-3.061371445655822754e-01
nan
-1.288974732160568237e-01
-8.689148724079132080e-02
1.118686914443969727e+00
1.848803646862506866e-02
7.928422093391418457e-01
-9.148672968149185181e-02
2.022220343351364136e-01
-5.131222009658813477e-01
-6.253614425659179688e-01
5.719501972198486328e-01
2.765659987926483154e-01
-1.454197913408279419e-01
-1.090373277664184570e+00
nan
nan
nan
nan
1.153463721275329590e+00
2.399574667215347290e-01
-3.268248736858367920e-01
-7.553622126579284668e-02
-9.710394740104675293e-01
2.966146469116210938e-01
-3.154735565185546875e-01
-2.033336162567138672e-01
-1.390441358089447021e-01
1.105641365051269531e+00
-6.279001832008361816e-01
8.350577950477600098e-02
5.739641785621643066e-01
-3.079327344894409180e-01
nan
6.113958954811096191e-01
-1.262406408786773682e-01
2.575846910476684570e-01
4.110887050628662109e-01
4.701249897480010986e-01
3.285610973834991455e-01
-3.102023303508758545e-01
1.201038062572479248e-01
1.977172195911407471e-01
2.714557051658630371e-01
-2.661080360412597656e-01
-3.197999000549316406e-01
1.061759144067764282e-01
nan
nan
nan
nan
-1.254248023033142090e-01
-9.811147451400756836e-01
6.234567165374755859e-01
7.003717124462127686e-02
1.026947274804115295e-01
1.018768906593322754e+00
-4.144647419452667236e-01
-2.450453191995620728e-01
5.399694442749023438e-01
6.195197105407714844e-01
1.347216516733169556e-01
-4.313990175724029541e-01
7.789795398712158203e-01
8.922166228294372559e-01
nan
3.379715681076049805e-01
-1.703019589185714722e-01
8.020836859941482544e-02
5.144391674548387527e-03
2.622430622577667236e-01
2.067264616489410400e-01
-4.055844843387603760e-01
3.671332895755767822e-01
-1.399006128311157227e+00
-9.743974208831787109e-01
1.730755269527435303e-01
2.557297945022583008e-01
-6.385759711265563965e-01
nan
nan
nan
nan
3.146973550319671631e-01
8.621984720230102539e-01
-4.764961078763008118e-02
-3.525962233543395996e-01
-4.248334169387817383e-01
3.629762530326843262e-01
-3.185526728630065918e-01
1.055132225155830383e-01
-3.522489964962005615e-01
-2.464893907308578491e-01
-2.436868380755186081e-03
1.844286173582077026e-02
9.317057728767395020e-01
-3.599061667919158936e-01
nan
-5.263327956199645996e-01
5.977280139923095703e-01
2.842270135879516602e-01
2.644877731800079346e-01
4.193477332592010498e-01
1.307873874902725220e-01
1.571888476610183716e-01
3.115404844284057617e-01
-1.153161883354187012e+00
-5.330574512481689453e-01
7.095201313495635986e-02
-4.220970571041107178e-01
-1.858981698751449585e-01
nan
nan
nan
nan
-3.973430991172790527e-01
-4.034066796302795410e-01
8.084254860877990723e-01
-4.998387098312377930e-01
5.326817035675048828e-01
6.884371042251586914e-01
-1.287570357322692871e+00
3.101133704185485840e-01
1.409812569618225098e-01
-2.732101082801818848e-01
2.312671989202499390e-01
6.063670516014099121e-01
5.404886603355407715e-02
3.929643332958221436e-01
nan
6.284753680229187012e-01
-3.978671133518218994e-02
-2.682150304317474365e-01
-1.292578577995300293e-01
7.291379570960998535e-01
-7.273550033569335938e-01
-1.007754087448120117e+00
5.458618998527526855e-01
7.081377506256103516e-01
3.662809729576110840e-02
-6.879871487617492676e-01
-5.846823453903198242e-01
-4.295606911182403564e-01
nan
nan
nan
nan
-1.299844533205032349e-01
-4.705975949764251709e-01
2.370924502611160278e-01
-2.704430222511291504e-01
7.658044099807739258e-01
-4.597760736942291260e-01
2.901061475276947021e-01
1.155960440635681152e+00
8.324442505836486816e-01
9.033162593841552734e-01
1.047661662101745605e+00
1.335526108741760254e-01
1.378118246793746948e-01
-7.482770681381225586e-01
nan
1.811951771378517151e-02
-1.217405777424573898e-02
4.081338047981262207e-01
-3.396981656551361084e-01
-4.963324218988418579e-02
-1.324429214000701904e-01
-4.445784091949462891e-01
3.261035084724426270e-01
5.293614864349365234e-01
-2.000125646591186523e-01
5.761447921395301819e-02
-9.710873663425445557e-02
5.215514451265335083e-02
nan
nan
nan
nan
2.451356798410415649e-01
-2.590311765670776367e-01
1.927696019411087036e-01
1.842882484197616577e-01
-1.350187361240386963e-01
-3.064380288124084473e-01
-6.468579769134521484e-01
-8.340043425559997559e-01
-1.593470387160778046e-02
4.948971569538116455e-01
-1.697305142879486084e-01
3.876359462738037109e-01
-5.919905304908752441e-01
-6.622251272201538086e-01
nan
-4.169383645057678223e-01
-6.451077461242675781e-01
1.878596842288970947e-01
-5.265514254570007324e-01
-5.111418366432189941e-01
1.275200843811035156e+00
-1.937742978334426880e-01
5.981077253818511963e-02
-4.782979488372802734e-01
-5.755223631858825684e-01
6.922171115875244141e-01
-9.855894371867179871e-03
4.244455695152282715e-01
nan
nan
nan
nan
4.981470108032226562e-01
2.803743481636047363e-01
-1.923038810491561890e-01
7.877844572067260742e-01
-2.587336897850036621e-01
5.611580610275268555e-02
-8.541558384895324707e-01
-8.736877143383026123e-02
-3.131856769323348999e-02
-1.064334437251091003e-01
-1.432896733283996582e+00
-1.784751266241073608e-01
-2.910490632057189941e-01
-4.944754540920257568e-01
nan
3.693539202213287354e-01
-9.984808042645454407e-03
-9.953090921044349670e-03
1.694751679897308350e-01
-3.371678292751312256e-02
-5.134492516517639160e-01
-6.446738541126251221e-02
-4.204481095075607300e-02
-2.294106483459472656e-01
5.861787199974060059e-01
4.116881787776947021e-01
8.713433146476745605e-01
8.983511477708816528e-02
nan
nan
