nan
nan
-4.934945339626736205e-01
-4.294488864474826362e-01
1.514990912543402735e-01
4.472939385308159488e-01
1.043646647135416661e+00
6.301046413845485805e-01
-6.937675052218966743e-02
1.434634568956163203e-01
-7.378727213541667052e-01
-1.735587904188368169e-01
-4.441052585177951428e-01
-1.303528001573350803e-01
-2.022617763943142244e-01
2.221330600314670167e-01
5.910081651475694864e-01
-8.567314147949219028e-02
-3.739319864908854374e-01
-3.342531670464409799e-01
-5.166450924343533174e-02
-9.966958787706163558e-02
2.523771328396267610e-01
-2.798692321777343506e-01
-1.910103013780382053e-01
5.437806871202256476e-01
-3.159641901652018164e-02
5.928512912326389106e+00
6.868768988715278079e-01
-4.094126383463541630e-01
nan
nan
nan
nan
-1.526144409179687467e-01
3.682454427083333478e-03
-6.383630116780598940e-02
2.353790283203124889e-01
1.325860765245225614e-01
-1.635414462619357578e-01
-2.056260850694444434e-02
6.541443718804253182e-02
8.645750257703993524e-02
3.431766764322916607e-01
6.157265218098958437e-01
-3.699084133572048683e-01
2.642955695258246696e-01
-1.200685797797308996e-01
1.215359412299262115e-01
6.208746337890624911e-01
3.760704888237847432e-01
2.450424024793836919e-01
5.822818332248264062e-01
9.267189025878906639e-02
-3.717444525824653012e-01
-2.556583319769965001e-01
2.190999348958333204e-01
2.472201538085937456e-01
1.348770883348253055e-02
-7.968850029839409654e-02
1.003921169704861116e-01
1.929339260525173572e-01
nan
nan
nan
nan
-1.537734985351562611e-01
4.114579264322916763e-01
-4.792370266384548411e-02
4.631132761637369449e-02
1.271978251139322946e-01
-4.685215250651041941e-01
6.672762044270833526e-01
-1.269022284613715301e-01
-3.158956527709960715e-02
7.658922831217447602e-02
-3.168273289998372461e-02
-1.646754625108506898e-01
-5.699371337890625222e-01
1.624731445312500022e-01
-1.742172241210937500e-01
-2.772906663682725426e-01
3.325139363606771092e-01
-7.920206917656793383e-03
-1.392506832546658024e-01
1.265607113308376830e-01
6.873725467258029465e-02
1.407168155246310837e-01
-1.526410314771864223e-02
-3.925399780273437500e-01
-3.330432838863796492e-03
4.259456041124131676e-01
-6.090126546223958437e-01
3.790389675564236338e-01
nan
nan
nan
nan
-5.749133300781249512e-01
1.869801330566406294e-01
5.554889594184028168e-01
-1.642680189344618014e-01
1.105097283257378410e-01
2.875730387369791474e-01
-1.331332143147786473e-01
4.060408867730034843e-01
4.457426622178819464e-01
5.135973782009548572e-01
-1.310108693440755201e-01
-2.253126525878906272e-01
-1.391907585991753460e-01
-1.056480492485894068e-01
5.002583821614583343e-02
1.507311291164822008e-02
6.899572584364149774e-02
5.723389350043402990e-01
-1.347942140367295975e-02
4.383779907226562633e-01
1.362861124674479285e-01
-3.700232187906900977e-02
8.282903035481771481e-02
5.516795179578992681e-01
-1.447482469346788314e-01
-3.010004340277777635e-01
3.585441080729166452e-01
-1.831936136881510413e-01
nan
nan
nan
nan
-8.956839667426215457e-02
5.081261189778646381e-01
2.660942077636718750e-01
-1.521195983886718672e-01
4.345830281575520648e-01
1.274803415934244732e-01
2.322431437174479196e-01
2.994498019748264017e-01
-1.612793604532877442e-02
2.516844007703993302e-01
4.885436333550347010e-01
-5.530641004774305980e-01
1.337723032633463538e-01
2.532594977484808885e-01
2.256811523437499967e-01
2.860991075303819242e-01
6.972861735026041341e-01
2.151321623060438448e-02
4.416904025607638895e-02
-7.824251980251736294e-01
-8.633119371202256642e-02
-1.598247443305121640e-01
2.148835245768229152e-01
3.621042887369791408e-01
-1.742295837402343672e-01
-2.397049458821614576e-01
-3.338873630099826184e-01
-4.826210869683159599e-01
nan
nan
nan
nan
7.381380886501736072e-01
-2.603982204861111094e-01
1.301810031467013906e-01
4.028989664713541474e-01
6.707615831163193931e-01
-4.720532565646701206e-01
-2.059623887803819497e-01
-2.470758565266926998e-01
-9.302712334526909432e-02
3.358283148871527568e-01
-1.264033423529730971e-01
6.260202195909288225e-02
3.465152846442328544e-03
-5.478685167100694198e-02
2.838653394911024308e-01
-1.113761901855468694e-01
-2.793624666002061420e-03
-2.532938978407118236e-01
4.128060913085937478e-01
-4.406575520833333481e-01
-2.450419447157118069e-01
-1.800935702853732612e-01
-8.582804361979166907e-02
5.209280395507812633e-01
-8.315155029296874556e-01
5.519915771484374956e-01
3.138191731770833548e-01
2.515362421671549567e-02
nan
nan
nan
nan
-1.119758182101779492e-01
5.798114776611328069e-02
-1.363485209147135280e-01
1.934333801269531306e-01
-2.895041571723090401e-01
-1.893717956542968761e-01
-4.297219170464409710e-01
-1.650671217176649386e-01
3.804531182183159554e-01
3.188405354817708259e-01
1.755471801757812478e-01
-9.110527886284722210e-02
1.689532809787326340e-01
-7.136625162760417140e-01
7.499109903971354352e-02
1.133231438530815927e-01
-2.106617228190104107e-01
1.389671749538845535e-01
4.064095391167534821e-01
1.362008921305338516e-01
2.156600104437934040e-01
-4.289749484592013662e-01
2.942209879557291519e-01
3.089794921874999822e-01
2.028330485026041685e-01
-4.896252441406250266e-01
9.835144890679253793e-02
2.852245415581597388e-01
nan
nan
nan
nan
2.429120381673177120e-01
9.937618679470485716e-01
-4.772093370225694575e-01
-1.948839145236545001e-01
4.037909274631076295e-01
-4.195828247070312322e-01
1.443557230631510313e-01
-5.962334526909722765e-01
9.549590216742621929e-02
6.784347873263888440e-01
-3.493359035915798855e-02
-1.994376118977864709e-01
2.019388326009114720e-01
-1.659598117404513795e-01
-1.135228644476996562e-01
-3.187564425998263840e-01
1.210670725504557343e-01
7.397823757595485550e-02
-1.738688659667968761e-01
-1.709395005967881964e-01
-2.042150200737847254e-01
2.149851311577690993e-01
7.401630316840277501e-01
5.000605689154730832e-02
1.821381462944878307e-02
4.920653618706597454e-01
2.181770324707031361e-01
3.399586995442708259e-01
nan
nan
nan
nan
-5.064062754313151254e-02
1.466576978895399175e-01
-4.561563110351562478e-01
-5.685384538438584962e-02
3.195515208774142839e-03
-1.036829291449652829e-01
-2.091429138183593661e-01
3.623213026258680358e-01
-3.937765842013888906e-01
7.530991448296441015e-02
3.885464138454861049e-01
6.627475314670139284e-02
6.825815836588541297e-01
3.124253336588541652e-01
9.995352851019964624e-02
-8.449744330512153068e-02
-7.357044813368055491e-01
1.252467430962456718e-01
2.807246738009982479e-01
-2.373884073893229030e-01
-2.408345879448784699e-01
3.349359469943576362e-01
-6.971709781222873437e-02
-9.877775404188368635e-02
-5.408665974934895315e-01
3.241754150390624978e-01
3.266132609049479107e-01
3.344037543402778034e-01
nan
nan
nan
nan
6.104187859429253266e-02
-7.074793073866102178e-02
9.045671929253472632e-01
-6.940427992078992969e-02
-4.706955973307291874e-01
6.248605007595485761e-01
9.083843315972222054e-01
4.983183797200521070e-01
8.825900607638888229e-02
-2.072737799750433985e-01
3.556413438585069586e-02
-3.876715766059027901e-01
6.005143229166666208e-01
-1.493107944064670234e-01
3.309585910373263884e-01
2.479702419704861160e-01
-4.744108412000867803e-02
-1.349529435899522456e-01
4.991545359293619866e-02
-1.938936233520507924e-02
3.761515299479166741e-01
6.802296278211805713e-01
3.746378919813367903e-01
1.236531490749783052e-01
-2.355513848198784732e-01
-5.918345133463541741e-01
2.133057149251302020e-01
-1.117241753472222182e-01
nan
nan
nan
nan
2.034326510959201251e-01
8.431870354546440460e-02
-2.677124701605902990e-01
4.836982896592881831e-01
-1.928873019748263973e-01
-2.859640502929687300e-01
-2.461620754665798660e-01
-5.848588307698567718e-02
-7.820231119791666574e-02
-2.043393961588541585e-01
-3.099870469835069309e-01
5.682559967041015542e-02
-1.741103786892361227e-01
-2.453509012858073046e-01
-3.963782077365451406e-01
3.651785532633463477e-02
-1.410395304361979074e-01
7.793216281467013618e-02
6.502668062845866175e-03
-4.423946804470486049e-01
-2.214470587836371573e-01
5.492011176215277901e-01
-4.102220323350694309e-02
-1.789928860134548660e-01
-1.192790985107421847e-01
-4.435429551866319486e-01
9.347067938910590471e-03
4.978272332085503793e-02
nan
nan
nan
nan
-4.580304887559678850e-02
2.380545383029513962e-01
-2.119821506076388917e-01
2.972142198350694597e-01
-1.609044901529947946e-01
-1.775652906629774375e-01
1.009503936767578158e-01
2.603667577107747488e-02
6.059457736545138529e-01
-2.288130187988281217e-01
3.743588256835937433e-01
-6.289642757839626619e-02
-8.145630560980903212e-01
1.482272847493489587e-01
3.325873819986979174e-01
3.896736314561631831e-01
-3.384540812174479107e-01
4.626695421006944697e-02
-4.055749850802951584e-01
3.012546793619791941e-01
1.723809136284722154e-01
7.441629367404514195e-01
-2.826967536078558996e-01
-6.949627685546875266e-01
1.308284250895182244e-01
-8.180310567220051843e-02
2.302907647026909699e-01
1.931768459743923583e-01
nan
nan
nan
nan
-4.227570936414930536e-01
4.935854593912760574e-02
6.539191775851779798e-02
-2.485121493869357767e-01
1.304876285129123181e-01
-2.583923339843750000e-01
3.591792805989583171e-01
-1.071291012234158041e-01
5.534525129530164927e-02
6.654958936903211664e-02
3.466115315755208259e-02
3.870864189995659732e-01
-5.120632934570312766e-01
3.520992914835611998e-02
-2.114007398817274175e-01
5.624763170878092564e-04
-4.962900119357638862e-01
3.601147121853298660e-02
1.574426269531249978e-01
1.754617140028211786e-01
-1.082323201497395887e-01
1.815071614583333437e-01
-1.763190036349826517e-01
5.339692179361978930e-01
-5.702143012152778301e-01
3.007661607530381920e-01
3.581320868598090179e-01
-1.384751807318793382e-01
nan
nan
nan
nan
-3.203188408745659688e-01
1.225147247314453125e-01
2.828024800618489376e-01
-1.787986755371093750e-01
1.460072835286458370e-01
-6.459343126085069775e-01
6.184623209635417007e-01
2.684028455946180780e-01
3.263536580403645915e-01
-1.233364359537760385e-01
2.801058281792534466e-01
-7.116790093315972232e-01
6.623288981119791474e-01
8.577925618489583570e-01
4.341728719075521048e-01
1.645276896158854030e-01
-2.682791985405815760e-01
8.490015665690103797e-02
2.797557237413194620e-01
-1.022974650065104213e-01
-2.116114637586805625e-01
6.106952582465278168e-01
-3.455215454101562278e-01
-5.162508816189236294e-01
2.329476250542534821e-01
2.461197111341688337e-02
3.229320949978298771e-01
-4.626530117458767244e-02
nan
nan
nan
nan
-3.350441487630208548e-01
-2.922619967990451317e-01
2.342049492730034765e-01
-2.453379313151041741e-01
5.473768785264756520e-01
9.935707939995659654e-02
-6.696119096544053684e-02
4.277374267578125111e-01
3.207734849717882031e-01
7.426270887586805536e-01
-2.189224582248263939e-01
1.933473544650607667e-01
-1.406808217366536384e-01
-5.021241590711805758e-01
1.872025553385416596e-01
-6.677758110894096988e-02
4.217280409071180736e-01
-3.019782172309027901e-01
8.861232333713107978e-02
1.544544474283854052e-01
8.127423095703124600e-01
1.917039320203993147e-01
2.577761544121636231e-02
5.870596652560763351e-01
2.593039008246527999e+00
1.066921997070312544e+00
4.931749131944444114e-02
1.273985375298394007e-01
nan
nan
nan
nan
2.920058992173936788e-02
-5.129102071126302037e-02
-2.931412760416666763e-01
-3.930958387586805380e-01
-1.711549886067708359e-01
-4.610269165039062589e-01
-2.485167948404947980e-01
3.342569647894965135e-01
-1.794325256347656383e-01
4.281026204427083592e-01
3.916885375976562611e-01
3.680625406901041896e-01
3.900116305881076162e-01
2.612428665161132743e-02
6.641210937499999467e-01
1.834226989746093883e-01
8.436809963650174216e-02
7.539509412977430935e-01
5.402804480658637137e-02
-1.373713260226779587e-01
3.813530137803819442e-01
-6.205585394965277279e-01
-2.630861918131510158e-01
1.072941758897569403e-01
2.323011610243055636e-01
-3.378978305392794923e-02
-5.566665649414062056e-01
-2.425106811523437544e-01
nan
nan
nan
nan
1.267864057752821072e-01
4.315903388129340157e-01
1.594499545627170167e-01
4.460317314995659865e-01
-3.853793250189887359e-02
3.636831665039062522e-01
8.317238362630208215e-01
2.155468071831597165e-01
-1.818774753146701340e-01
2.258949110243055614e-01
2.786902703179253704e-01
9.144521077473958259e-01
1.044914550781250062e+00
-1.662211778428819564e-01
-5.251724582248263884e-01
4.982223934597439230e-02
-4.604692925347222410e-01
-2.562189398871527746e-01
4.532328711615668526e-02
8.277393764919704910e-02
1.616113620334201362e-01
4.102202097574869644e-02
5.412656317816840756e-01
4.497304704454210128e-02
-1.809605746799045067e-01
-2.710352240668402746e-01
-1.076730770534939235e-01
6.479387071397569864e-01
nan
nan
nan
nan
1.024259779188368101e-02
-2.256178453233506909e-01
-1.544730122884114543e-01
-4.213861762152777968e-01
-3.189105224609374845e-01
3.484424167209201340e-01
-1.831915283203124911e-01
-1.585796440972222221e-01
1.981443829006619001e-02
9.916191948784722210e-02
-1.825816345214843761e-01
-2.527656724717882164e-01
-1.707591925726996418e-01
-5.588462405734592048e-02
-5.076911417643229507e-01
-1.154596794976128493e-01
-1.606246270073784788e-01
-5.300726148817274525e-02
1.545980453491211000e-02
4.038860066731770893e-01
-2.027579413519965401e-01
1.067613919576009159e-02
-3.630416531032986116e-01
-3.333385043674045450e-02
6.525118509928384825e-02
1.449370490180121596e-01
-8.156711260477702424e-03
3.152013142903645759e-01
nan
nan
nan
nan
-3.459502834743923838e-01
1.101669565836588538e-01
2.088678995768229185e-01
-1.949182637532552165e-01
-8.122427198621962052e-02
8.213513861762152812e-01
4.199802992078993102e-01
-1.843669891357421764e-02
1.402751159667968706e-01
-1.204190233018663236e-01
1.498950364854600703e-01
3.797774929470486005e-01
-2.353218756781683962e-01
1.945593516031901213e-02
3.307394748263888795e-01
2.789010789659288059e-01
1.114055107964409652e+00
4.944790649414062544e-01
2.665855746799045134e-01
-2.142261081271701340e-01
-2.508654276529947991e-02
-5.968273925781250044e-01
-4.323145124647352622e-02
-3.763246663411458082e-01
1.917294650607638817e-01
-1.974219428168402790e-01
5.049382866753472365e-01
2.019992234971788314e-01
nan
nan
nan
nan
-3.942088656955294868e-02
1.917152065700954977e-01
3.492430623372395626e-01
-2.760871717664930558e-01
-1.938662550184461764e-01
-5.774230957031250000e-01
3.888282945421007164e-01
-2.073412238226996496e-01
-6.230790879991319198e-01
-2.591639412773980022e-02
-9.973058912489149441e-02
1.611015997992621407e-01
7.045906066894530584e-02
8.074255371093750355e-01
-2.240925089518229218e-01
2.511089409722222499e-01
-3.887960815429687411e-01
1.040765974256727400e-01
2.843936665852864754e-01
-1.657423570421006909e-01
5.115106879340277635e-01
-3.052479214138454841e-02
-1.017827860514322891e-01
-3.827534654405381764e-01
1.152205827501085050e-01
1.187242465549045167e-01
-1.632729593912760346e-01
2.708818562825520693e-01
nan
nan
nan
nan
3.747170003255208548e-01
1.151805708143446155e-01
1.735628763834635435e-01
5.109294467502169951e-02
6.212180582682291785e-01
3.133145819769965201e-01
-4.562626817491319264e-01
3.943051486545138817e-01
-1.393742879231770794e-02
4.464761352539062256e-01
1.199767795138888982e+00
8.075703260633680935e-01
-8.320530361599391689e-02
-6.865539126925998548e-02
4.089297824435763618e-01
2.879591539171006964e-01
4.274009874131944331e-01
-5.357501559787326145e-02
-2.243426852756076340e-01
-1.207048797607421925e-01
3.333980242411295741e-03
-2.568651496039496274e-01
-1.398702409532334989e-01
-3.286843193901909932e-01
2.627077568901909910e-01
-5.919248453776041474e-01
5.146733178032768946e-02
2.699741617838541941e-01
nan
nan
nan
nan
-3.737675136990017272e-02
4.143175252278645804e-01
3.373685370551215423e-01
-6.668726603190104629e-02
-3.240651448567708481e-01
2.748670450846354418e-01
8.364064534505207815e-01
-3.074511718749999845e-01
6.289541032579210045e-02
-1.646364508734809162e-01
2.800017293294270737e-01
2.061979844835069575e-01
4.380653211805555780e-01
2.236966281467013817e-01
-2.329055616590711697e-01
7.245182461208767022e-02
-1.751535203721788225e-01
-1.132303788926866256e-01
3.668884616427951495e-01
-3.435640801323784910e-01
-2.962832556830512221e-02
2.868552992078993169e-01
-2.612895202636718595e-01
-9.915678236219617470e-02
8.660649278428819153e-01
2.332147623697916838e+00
1.938979356553819366e+00
6.178591579861111294e-01
nan
nan
nan
nan
-1.811514282226562578e-01
1.910092841254340257e-01
4.856744130452474162e-02
3.997001478407117836e-01
2.598016866048177276e-01
-4.348414781358506676e-01
1.648319159613715335e-01
-6.177288140190971832e-01
-5.628570895724825940e-01
-1.974969969855414325e-03
-1.690097893608940860e-01
1.199267917209201340e-02
1.658648173014322935e-01
-8.201826307508680580e-02
3.004390462239583393e-01
-1.023569403754340246e-01
1.826670498318142266e-01
-3.083822970920138684e-01
1.717725118001302009e-01
-1.615217251247829944e-01
5.503537495930989343e-02
2.515564176771376004e-02
-4.312530517578124778e-01
5.400875939263238140e-02
6.685325792100694775e-01
6.765138414171006920e-02
1.359355502658420034e-01
6.797702365451389062e-01
nan
nan
nan
nan
5.472016059027777768e-01
1.560402425130208437e-01
-1.775406561957465212e-01
-2.808501180013021070e-01
4.017655164930555856e+00
nan
4.668840060763888467e+00
6.457359483506944775e-01
3.703961859809027923e-01
4.094612969292534821e-01
2.365687391493055680e-01
7.828104654947916352e-02
-2.033963690863715146e-01
6.118208143446181024e-01
-1.910903082953558929e-01
6.510766347249348496e-02
4.638515896267361160e-01
-7.384197658962673994e-02
-3.068196614583333370e-01
-2.788783094618055292e-01
-3.176636759440104041e-01
1.661041153801812165e-02
-2.729895528157552098e-01
-2.839106750488281095e-01
2.010243945651584221e-02
-1.171150037977430614e-01
5.235437350802951695e-01
3.411233181423611316e-01
nan
nan
