nan
nan
2.844141811794704822e-01
-3.080490112304687389e-01
-1.480419582790798716e-01
1.755157640245225692e-01
-2.003046162923177165e-01
1.539563666449652868e-01
3.200386895073784599e-01
1.747361755371093783e-01
2.745996263292100892e-01
-1.176485358344184079e-01
-1.459013938903808670e-02
1.321919250488281239e-01
1.280681525336371529e-01
-1.578776550292968761e-01
-5.617452663845485805e-01
5.244671291775173660e-01
-1.642882113986545156e-01
1.829640367296006820e-01
-3.830560302734374867e-01
9.224258422851562556e-02
-1.247834862603081629e-01
4.637633599175347010e-01
1.234906514485677037e-01
6.093045383029513928e-01
3.113162231445312234e-01
4.788162977430555856e+00
8.058052910698784710e-02
-6.189902411566840235e-02
nan
nan
nan
nan
2.297243923611111127e-01
-3.235106404622395959e-01
3.874110582139757009e-01
4.314933946397569442e-01
-1.236386447482638873e-01
2.781975470648871407e-01
-1.430869886610243169e-01
7.763493008083767466e-02
-3.451463148328993147e-01
2.172550625271267299e-01
6.191321055094400894e-02
3.297833930121527590e-01
2.067732916937934096e-01
2.821238369411892544e-01
3.165569051106770782e-01
2.951404486762152501e-01
9.426139195760090475e-03
-1.152341545952691032e-01
-3.703098212348090446e-01
1.462899610731336897e-01
-1.435276624891493047e-01
-2.491825527615017244e-01
-4.348945109049479063e-01
-2.853303358289930314e-01
2.738232760959201650e-01
7.787348429361978797e-02
3.790693834092881964e-01
-1.347614542643229274e-01
nan
nan
nan
nan
1.579209730360243147e-01
4.327695719401041807e-01
-2.542024570041232501e-01
3.981614515516492814e-01
-1.349927605523003338e-01
3.164514160156249867e-01
-2.455586073133680658e-01
-1.014653015136718767e-01
2.443486701117621451e-01
-2.426157463921440882e-01
-3.162926567925347099e-01
1.409235805935329933e-01
2.339576297336154465e-02
5.622978379991319109e-01
-5.327957153320312528e-02
2.207390255398220327e-02
2.547906324598524508e-01
-2.093939039442274386e-01
-6.339175754123263506e-02
3.567911783854166852e-01
3.469575670030382031e-01
-1.899875386555989476e-01
3.528354220920139062e-01
3.295666164822048660e-01
-1.444196404351128504e-01
-1.809899436102973061e-02
-3.010952631632487012e-02
-3.248412410418192379e-04
nan
nan
nan
nan
6.016082763671875000e-01
3.855469428168402657e-01
-4.931698947482638928e-01
5.298505995008680886e-02
1.405215199788411584e-01
2.451117960611979285e-01
-1.698462253146701406e-01
-3.278940836588541408e-01
1.822723558213975581e-01
-2.295922342936198013e-01
2.028190951877170134e-01
1.130159335666232612e-01
-5.105465020073784999e-01
4.030842759874131986e-01
-3.281929016113280945e-02
4.698091634114583415e-01
-1.723282199435763884e-01
2.834703911675346966e-01
-4.893448554144965157e-01
4.563506062825520848e-01
1.757658216688368080e-01
1.148609839545355893e-01
6.359200032552083659e-01
-2.479212443033854130e-01
2.010347493489583470e-01
-4.070435587565104374e-01
4.711299641927083059e-01
-1.814495340983073024e-01
nan
nan
nan
nan
-6.588267686631944509e-01
5.216940561930338838e-02
-2.986851671006944264e-01
-2.655488332112630051e-02
7.344519721137152679e-01
-1.599145338270399341e-01
2.877285088433159665e-01
1.921154954698350570e-01
-4.964306640625000266e-01
-1.971145968967013828e-01
5.632948811848957904e-01
-6.010909016927082904e-01
-3.644011433919270848e-01
-3.523072984483506809e-01
9.862199571397568809e-02
-3.295377943250867858e-01
-1.720118543836805514e-01
2.638709343804253593e-01
6.157102457682291918e-01
5.841954549153646065e-02
3.450263468424479285e-01
-1.316437530517578225e-01
2.606166246202256676e-01
4.843016560872395737e-01
-3.301921251085069287e-01
-1.859449937608506909e-01
2.430132208930121662e-01
8.286469353569878016e-02
nan
nan
nan
nan
6.268695831298827514e-02
2.833481682671440960e-01
3.314557223849826650e-01
-2.165301852756076340e-01
2.700113296508789215e-02
2.719464280870225736e-01
-1.882362874348958437e-01
-3.617810058593750044e-01
-7.356050279405382253e-02
-2.439040798611111227e-01
6.196898735894097454e-01
1.151535373263888884e-01
-5.858686659071180719e-02
-8.455803765190972321e-02
-1.355999416775173494e-01
-5.018930731879340801e-01
-3.879493543836805558e-01
-2.697374131944444420e-01
-4.529890950520833459e-01
-8.483934190538194864e-02
2.287879943847656306e-01
-5.807946099175347321e-01
2.663418579101562433e-01
-2.509673224555121762e-01
3.033301120334201406e-01
4.227970038519965335e-01
1.719116041395399308e-01
-2.648930528428819486e-01
nan
nan
nan
nan
2.251218499077690949e-01
3.786765204535590401e-01
1.485628424750433940e-01
2.064364963107638840e-01
5.221429104275173705e-01
-1.115737915039062556e-01
-3.437351142035590112e-01
1.294732920328776071e-01
6.786145952012803684e-02
-1.124427286783854230e-01
3.384325027465820424e-02
3.549057345920139106e-01
6.715627034505208259e-01
5.169301350911458259e-01
6.105692969428168360e-02
3.356695895724826628e-01
-1.667837863498263795e-01
1.576660834418402712e-01
2.379705132378472088e-01
1.940023803710937411e-01
-2.432717047797308962e-01
-3.404692543877495953e-02
1.511866760253906261e-01
3.220199924045138995e-01
3.281005181206597121e-01
2.304684956868489620e-01
-6.325379774305555092e-01
1.268885379367404587e-01
nan
nan
nan
nan
1.214353519015842070e-01
4.381006452772352733e-02
1.874894714355468672e-01
-7.267831696404351491e-03
-6.393142361111111560e-01
-2.901382446289062500e-01
-2.282034301757812633e-01
1.768711174858940971e-01
-1.170488569471571198e-02
5.479365709092881565e-01
-4.292464531792534732e-01
2.653896925184461852e-01
3.022242863972981683e-02
1.229433356391059079e-01
-4.319508870442708148e-01
1.361837344699435848e-01
5.621076117621527368e-01
-3.180314466688368147e-01
3.143962605794271004e-01
1.707644314236111127e-01
-8.146182590060764561e-02
-6.112604437934028301e-01
-2.123574998643663059e-01
-3.059600151909722121e-01
-4.698629082573784754e-01
-5.348049799601237338e-03
2.437198554144965335e-01
-7.136901007758246485e-02
nan
nan
nan
nan
4.153841145833333526e-01
-4.474904378255208370e-01
-3.371984185112847365e-01
5.689529079861110894e-01
-1.553679042392306850e-02
3.948640272352430536e-01
2.545910941229926130e-02
-1.522885470920138928e-01
7.381360371907552675e-02
5.083573235405815932e-02
-9.297386169433594083e-02
2.775008985731337030e-01
3.434751722547743080e-01
-8.872209337022569919e-02
-3.934138319227430403e-01
5.067689344618055980e-01
3.994236246744791718e-01
6.019883219401042096e-01
-4.275408850775824776e-02
9.699109395345052731e-02
1.634610493977864676e-01
1.054548793368869329e-02
1.622097651163736942e-02
-3.484792412651909754e-01
-5.622514512803818976e-01
-1.790698920355902890e-01
2.111170450846354060e-02
-3.006848483615451317e-01
nan
nan
nan
nan
3.738305324978298816e-01
1.043090989854600636e-01
-5.237849341498480860e-02
-1.146595509847005145e-01
5.596015082465277679e-01
2.528051079644097476e-01
2.968464491102430491e-01
1.075514729817708265e-01
5.871618906656900921e-02
2.698358959621853168e-02
-5.980488247341579633e-02
4.444979858398437345e-01
3.354692925347222410e-01
1.036248842875162751e-02
3.449650404188367991e-01
-3.612922159830729285e-01
7.870161946614583348e-01
1.911433410644531317e-01
3.296030680338541546e-02
2.655555555555555447e-01
-1.367004224989149253e-01
-3.569174533420139128e-01
2.143498399522569542e-01
3.668300035264757120e-01
1.027009819878472285e+00
2.284071519639757075e-01
-1.475994364420572802e-01
1.901853434244791530e-01
nan
nan
nan
nan
-3.558057657877604085e-01
8.615913899739583437e-01
-6.063224283854166119e-01
-2.014132605658637207e-02
4.733395046657985772e-02
3.356911553276909488e-01
2.681439208984375266e-01
2.359968397352430469e-01
1.480958196851942313e-02
1.003703562418619827e-01
2.293622843424479030e-01
6.764576551649305047e-01
-6.506915961371527724e-01
5.294111463758680580e-01
1.552569071451822824e-01
-4.538991631401909643e-01
7.699521382649739121e-02
-1.650976223415798749e-01
2.093696763780381886e-01
2.075889756944444553e-01
-4.313712226019965068e-01
1.750265163845486083e-01
3.142230224609374734e-01
-5.505174424913194392e-02
8.135232883029513973e-01
-1.360002983940972188e-01
2.402835634019639607e-02
1.128658209906684001e-01
nan
nan
nan
nan
-3.274149915907118014e-01
-1.266951666937934096e-01
3.037162611219618169e-01
-3.091452704535590512e-01
2.487538825141059062e-01
1.071814388699001697e-01
-2.946681043836805736e-01
4.180621253119574943e-02
-4.454202948676215246e-01
-3.582540893554687633e-01
1.398342450459798096e-02
1.530334472656250111e-01
1.157278272840711747e-01
-2.340282016330295090e-01
1.960410393608940927e-01
8.678832160101997151e-02
-3.429608832465277923e-01
-5.386584811740451062e-02
-2.837834845648871673e-01
9.760592990451388840e-02
-1.477590094672308896e-01
-3.922907511393229352e-01
-3.093704562717013995e-01
-1.979613071017795045e-01
2.289523484971788259e-01
-1.872669135199652724e-01
-5.239898342556423838e-01
-1.609589809841579788e-01
nan
nan
nan
nan
-1.222858344184027807e-01
-1.617980787489149419e-01
5.663990614149305713e-01
-1.872374301486545156e-01
-2.334803602430555458e-01
-1.904448615180121540e-01
-3.046965196397569686e-01
3.649046495225694575e-01
-3.156218126085069686e-01
6.384850396050347765e-01
-2.083392673068576451e-01
-9.495857238769531139e-02
2.164481268988715235e-01
3.460261027018229352e-01
-7.941899617513020759e-02
5.680953131781683874e-02
-5.908409542507595674e-02
-4.401236300998264128e-01
2.545481194390191160e-01
1.646620856391058929e-01
1.159098052978515675e-01
-2.565340995788574149e-03
-1.436216566297743025e-01
7.349978129069011101e-02
-3.625597466362847077e-01
8.768267313639323268e-02
6.805525037977430691e-02
3.607616424560546736e-02
nan
nan
nan
nan
-1.771171739366319553e-01
9.971226162380641966e-02
5.351004282633463338e-02
1.524445957607693108e-02
-5.082439507378472276e-01
-2.690074496799045312e-01
1.585714382595486138e-01
4.798446761237250800e-03
-1.108516438802083365e-01
4.987534247504340490e-01
2.697329033745659577e-01
6.414839680989583570e-01
1.651523980034722117e+00
-6.222997877332899636e-02
-1.271528455946180636e-01
-3.347383626302083415e-01
4.277317979600694375e-01
-1.128242068820529548e-01
-1.367684682210286440e-01
-4.835245090060764084e-01
-7.427851698133680625e-01
-6.333290100097656306e-02
2.162198045518663181e-01
2.583699713812934173e-01
-6.700330098470051732e-02
-1.408367241753472332e-01
1.343060896131727522e-01
-8.049702114529079522e-02
nan
nan
nan
nan
5.008743286132812944e-01
-2.136424424913194453e-01
5.540114339192708792e-01
1.551096428765190993e-01
-6.598680962456596744e-01
-2.305602179633246540e-01
-1.583999464246961808e-01
-4.103642357720269085e-02
-4.650029161241319708e-01
-2.751732720269097210e-01
1.898321363661024386e-01
8.473057047526041385e-01
2.840477667914496629e-01
3.204461669921874756e-01
1.904083082411024419e-01
3.327399147881401897e-02
8.974266221788194109e-01
1.432498338487413203e-01
2.910460069444444353e-01
-2.644656880696614754e-01
7.460606892903645648e-02
3.826199001736111382e-01
4.343129136827256764e-01
5.652384863959418471e-02
4.194999186197916785e+00
8.592960611979166829e-01
4.401658799913194670e-02
3.640576850043402701e-01
nan
nan
nan
nan
5.349982367621527457e-01
-3.798788113064235916e-01
-3.698665703667534665e-01
3.321429443359374956e-01
2.140309821234809007e-01
-2.032916259765625011e-01
-6.842129177517360938e-01
2.738318040635850936e-01
-5.446386125352647295e-02
2.283645290798611005e-01
1.709739854600694497e-01
7.346765136718750311e-01
-1.551144578721788125e-01
-4.028689914279513784e-02
-1.674995252821180614e-01
-1.206390211317274336e-01
-3.680247667100694509e-01
-8.845464070638020537e-02
-1.455556403266058951e-01
8.823728773328992636e-02
-3.260140652126736205e-01
4.904385036892361382e-02
-4.133494059244791630e-01
9.931674533420138673e-02
-2.213388739691840301e-01
-4.485560099283854019e-01
2.316926574707031117e-01
-2.215049743652343639e-01
nan
nan
nan
nan
-2.200040690104166641e-01
-1.880745442708333381e-01
2.287908257378472310e-01
6.011409505208333837e-01
9.138092719184027768e-01
8.693012830946180713e-01
-6.263530815972222499e-01
1.009039052327473929e-01
-3.313926866319444331e-01
-9.359600490993923161e-02
-1.653024631076388806e-01
1.190532345241970547e-01
3.199504258897569176e-01
2.102643330891927065e-01
-5.930543348524305314e-01
-4.683860270182291785e-01
-4.928030056423611249e-01
3.445021226671006742e-01
-1.080385080973307321e-01
2.038002692328559073e-01
-5.920361412896050363e-02
-1.480314297146267388e-01
6.397799343532986072e-01
-1.380953576829698284e-02
9.618624538845486072e-01
9.217951456705729407e-02
-8.398568047417534488e-02
-1.829241095648871662e-01
nan
nan
nan
nan
-1.738414510091145782e-01
-1.852885140313042384e-02
-2.318656179640028216e-03
4.281317477756076406e-01
-3.992542860243055713e-01
9.348314921061197380e-02
5.009039984809027235e-01
-2.123990546332465146e-01
-6.851603613959418582e-02
8.465097215440538225e-02
5.778798421223958481e-01
1.748978169759114465e-01
3.624527655707465157e-01
1.180427381727430503e-01
4.145654466417100781e-02
-6.186314476860894224e-02
-9.486029730902777179e-02
1.664675055609809162e-01
-2.009798685709635324e-01
1.966938781738281350e-01
-9.363634321424696774e-03
-3.610346137152777857e-01
-2.293740802341037374e-02
4.864772542317708504e-01
2.746217346191406339e-01
-5.925259738498264150e-01
-1.423335605197482701e-01
-1.410921902126736072e-01
nan
nan
nan
nan
-1.818271043565538314e-01
2.084126959906683896e-01
-4.507458157009548438e-01
5.222854275173610672e-01
-1.402287377251519029e-01
-3.729643758138020959e-01
-3.482652452256944642e-01
-2.336600409613715235e-01
-3.419995795355902923e-01
5.219216918945313033e-01
1.222618187798394096e-01
3.900508965386284554e-01
-9.863893296983507197e-02
2.641329659356011356e-02
-1.970568847656249956e-01
5.815724012586805935e-01
-3.627801259358724023e-02
2.252749972873263964e-02
9.643757459852430047e-01
5.278801472981771159e-01
-6.521247016059027457e-01
-1.855381944444444431e-01
3.772696940104166563e-01
2.763761223687066226e-01
3.641765340169270671e-01
1.906051635742187500e-01
2.977410888671874756e-01
-5.677426232231987807e-02
nan
nan
nan
nan
4.975225830078124911e-01
-5.302811516655815682e-02
3.058597479926215001e-01
-4.416946411132812722e-01
1.029275343153211869e-01
-2.665273878309461913e-02
-3.957022772894965013e-02
-5.924053276909722054e-01
-5.382794189453125044e-01
6.566218397352430181e-01
5.309716966417100947e-02
2.211921013726128593e-01
-2.707594341701931306e-02
2.601362101236979196e-01
-1.340489027235242936e-01
-4.009397718641493080e-01
-4.881156751844618058e-01
-2.342468092176649419e-01
2.917558617062038836e-03
-1.613215976291232645e-01
3.185345798068576206e-01
-8.165376112196180980e-01
2.157816908094618014e-01
1.819351026746961753e-01
2.375091213650173672e-01
-1.017072465684678850e-01
-9.096811082628038225e-02
-3.434027099609375244e-01
nan
nan
nan
nan
-1.277427842881944386e-01
1.824145338270399264e-01
1.172548336452907958e-01
-3.506952921549479074e-02
2.345824856228298505e-01
-3.685733795166015736e-02
-3.814369032118055669e-01
2.870861816406249933e-01
-6.029556592305501672e-03
3.240144517686631698e-01
9.476255289713542140e-01
6.307022433810763884e-01
7.555653889973958093e-02
4.534797159830729063e-01
2.945771959092882142e-01
5.603383043077256875e-01
8.884869893391926510e-02
-2.847767130533854218e-01
-5.675480821397569375e-01
-2.400190141465928864e-02
2.145497809516059007e-01
4.188638644748263751e-01
4.529201931423610938e-01
-4.196894666883680403e-01
-5.952821858723957860e-01
2.573113335503472432e-01
1.931982082790798527e-01
-7.260472954644097143e-01
nan
nan
nan
nan
1.511774529351128382e-01
4.643400404188368080e-01
3.676799858940972276e-01
-1.941193813747829899e-01
-1.544468010796440915e-01
2.144599914550781097e-02
5.777664523654514328e-01
-8.803296407063801454e-02
-7.602516174316406583e-02
1.038024987114800346e-01
-1.776210731930202933e-03
2.747454833984375178e-01
-5.583374023437499833e-02
1.586433749728732578e-01
1.117875162760416652e-01
2.800631544325086764e-01
2.817980448404948102e-01
7.947604709201389062e-02
-3.570096164279513706e-01
3.376619805230034466e-01
1.654910617404513895e-01
-3.319768948025173527e-01
-1.909969753689235994e-01
2.161550225151909754e-01
9.570490858289930625e-01
2.668183865017361267e+00
1.191165635850694349e+00
4.083973524305555824e-01
nan
nan
nan
nan
-2.565609063042534888e-01
1.032626152038574295e-02
1.950659857855902846e-01
1.576996866861979096e-01
1.610994338989257812e-02
4.717152913411458148e-01
2.324966939290364631e-01
-5.636812676323784688e-01
-2.278943210177951373e-01
-4.768358018663194642e-01
-1.757695855034722143e-01
1.556865268283420256e-01
4.694627973768446261e-02
-8.446222601996528079e-01
3.545250108506944331e-01
-9.454276190863715457e-02
-7.300398932562933429e-02
-1.978043280707465212e-01
1.282067192925347154e-02
5.777982584635417140e-01
3.952491251627603952e-01
-8.532202826605903012e-02
-3.760519239637586525e-02
-1.207277933756510380e-01
-3.743346489800347121e-01
-6.748561011420356470e-02
-1.083055962456597188e-01
1.224839316474066880e-02
nan
nan
nan
nan
5.953742133246527901e-01
1.901355828179253360e-01
-1.236056009928385435e-01
2.954819064670138884e-01
4.035777994791666323e+00
nan
3.097554796006944500e+00
-7.424807230631511046e-02
-6.337370554606119866e-02
1.742722511291503948e-02
-1.900434197319878504e-01
-4.068719821506076584e-01
2.825674777560763795e-01
-1.960140143500433974e-01
-1.944669426812065949e-01
2.189519537819756192e-03
-3.441225518120659688e-01
1.813019816080729263e-01
3.732970513237847121e-01
5.803718397352430891e-01
6.111502414279513795e-01
8.082416958279080299e-02
2.610143534342447835e-01
7.257484436035156750e-02
-8.527642144097222765e-01
-9.652207268608940793e-02
-1.828426573011610393e-02
3.555506049262152635e-01
nan
nan
