nan
nan
2.636963399251301965e-01
2.133126491970486205e-01
-1.496404181586371562e-01
2.666225518120659554e-01
7.500429280598958082e-01
-3.603163994683159510e-01
6.284789191351997095e-02
-7.844585842556422994e-02
-1.321582370334201395e-01
-4.531199985080295450e-02
-3.495915052625868102e-01
-1.582958645290798508e-02
-1.070493994818793454e-01
4.415625678168402790e-01
-5.939071994357638662e-01
4.125261942545573046e-02
-1.511518160502115828e-03
1.100303310818142311e-01
6.889134385850694819e-01
9.153800116644965346e-02
2.802125549316406006e-01
5.418839348687065627e-02
4.113640340169270604e-01
3.259198337131076206e-01
2.123467169867621629e-01
5.117943250868055571e+00
-1.046038055419921814e-01
3.045274734497070354e-02
nan
nan
nan
nan
2.531452433268229218e-01
-6.655610402425130023e-02
2.668203735351562522e-01
-2.991196356879340379e-01
-2.190824211968316060e-01
1.342091030544704799e-01
-4.780717955695258474e-03
-6.026618787977430225e-01
-1.453363206651475670e-01
1.714026557074652818e-02
3.032203674316406167e-02
-4.031356811523437722e-01
2.874164496527777946e-01
2.034018622504340235e-01
2.101497395833333282e-01
5.573143174913194331e-01
5.413764105902777457e-01
-4.408276028103298716e-02
5.496975708007812988e-01
4.079792955186631875e-01
1.839784918891058940e-01
7.589023844401041607e-01
1.218048201666937884e-02
5.863315158420139284e-01
-2.516032579210069620e-01
1.077191416422526027e-01
7.973002963595919590e-02
9.545333014594184484e-02
nan
nan
nan
nan
4.024549696180555469e-01
9.339700486924913669e-02
2.902297634548611227e-01
-3.482213677300347032e-01
-1.911818101671007020e-01
8.618077172173393627e-03
-3.702518378363715001e-01
-1.611101680331759878e-02
-9.983664957682291119e-01
-4.343108791775173727e-01
5.472339206271701340e-01
-1.283769077724880581e-02
1.857659233940972265e-01
4.785431925455729263e-01
-2.287756686740451406e-01
-1.082256317138671903e-01
-1.159676276312933962e-01
3.447132703993055491e-01
1.624039204915364576e-01
-1.839293077256944353e-01
3.916308932834201562e-01
6.482116699218749556e-01
3.937508138020833215e-01
3.811388651529947630e-02
2.339086914062500078e-01
-1.709075419108072869e-01
5.385893419053819908e-01
-1.919608052571614709e-01
nan
nan
nan
nan
-1.501303100585937578e-01
-3.238766140407985938e-01
1.923233032226562556e-01
4.561746215820312589e-01
-3.005781385633680622e-02
4.235673353407117814e-01
2.617320251464843595e-01
-5.945485432942708079e-03
-9.013900417751735672e-01
-1.642049492730034699e-01
-3.509036254882812456e-01
1.151832050747341601e-02
-4.203559027777777901e-01
-3.360478719075520870e-01
-1.972766113281249900e-01
7.308792114257813000e-02
-6.102536095513237668e-02
1.422961764865451340e-01
2.247342766655816004e-01
-2.380442725287543540e-02
4.415228949652777457e-02
1.675022210015190971e-01
-1.127423434787326456e-01
-4.919726562499999734e-01
-7.757539537217882086e-02
2.889584011501736271e-01
2.486457994249131886e-01
-3.343518744574652812e-01
nan
nan
nan
nan
-2.302392111884223047e-02
-2.985811360677083082e-01
2.327048577202691093e-01
1.027030181884765608e-01
3.353304714626735850e-01
-2.229825655619303588e-03
2.441655476888020815e-01
4.575054592556423300e-02
-8.839261372884114898e-02
-1.805106268988715401e-01
-5.132246229383680136e-01
-1.728445773654513906e-01
1.649714660644531206e-01
-3.030570475260416785e-01
-1.131489478217230921e-01
3.810762871636284577e-01
-4.117748684353298577e-02
1.368048265245225825e-01
-1.034803348117404459e-01
1.086909315321180625e-01
-5.958317226833767521e-02
4.475450981987847410e-01
-4.603350151909721966e-01
-2.799669392903645915e-01
3.037234157986111183e-01
4.185897148980034510e-01
-4.444580501980251869e-02
1.289647165934244832e-01
nan
nan
nan
nan
1.863751220703125044e+00
-1.222711245218912821e-02
-5.306824747721353708e-01
-4.390586344401041785e-01
-4.514844258626302120e-02
7.055126825968424838e-03
5.133725653754340756e-01
-3.540529039171006614e-02
-1.071607377794053795e-02
1.915972561306423516e-01
-6.839036051432291208e-01
-3.506960042317708304e-01
5.296139526367187322e-01
3.256980726453992947e-01
3.322308010525173438e-01
-2.335629198286268517e-04
-2.225969102647569475e-01
-7.654067145453559429e-02
1.104665120442708398e-01
1.722785780164930447e-01
-5.082153998480902768e-01
-5.458235422770182227e-02
-9.028639899359809651e-02
3.940595499674479085e-01
2.110519621107313434e-02
-1.811086018880208315e-01
1.432512495252821240e-02
-1.472721184624566082e-01
nan
nan
nan
nan
-8.556830618116590542e-03
-7.549021402994791907e-02
-1.339748552110460178e-01
1.499941338433159743e-01
2.534024217393663347e-01
-5.320318942599826517e-01
-8.267955356174044868e-02
-5.762880452473958526e-01
-4.225838555230034821e-01
1.173030429416232617e-01
-1.562975056966145748e-01
-2.917380099826388795e-01
-4.575822279188367925e-01
-3.940193006727430447e-01
2.748720296223958193e-01
1.179920705159505229e-01
4.680131361219618258e-01
1.049171702067057260e-01
3.924611748589409976e-01
8.977467854817708370e-02
3.083970811631944198e-01
4.381401909722222321e-01
-1.366181691487630134e-01
-3.513404337565104174e-01
5.858192952473958437e-01
-2.334860568576389017e-01
-1.060047827826605948e-01
1.896527438693576262e-01
nan
nan
nan
nan
-1.383537292480468694e-01
6.739113362630207993e-01
-4.814318339029947935e-02
-7.522357855902778168e-01
-5.173268975151910087e-01
1.335594720310635147e-04
4.487210761176215201e-01
3.646861436631944620e-01
5.070070393880208304e-01
3.953328789605034532e-01
4.104291449652777701e-01
-2.181026204427083393e-01
9.113027784559461775e-02
3.605574205186631853e-01
-2.543459574381510269e-01
4.950702243381076284e-02
-5.952837626139322741e-02
3.154141913519965534e-01
-6.677069769965278401e-02
-2.888675265842013951e-01
2.282802666558159665e-01
1.122754669189453131e-01
-4.055617947048610894e-01
-2.785031297471788347e-01
2.153800858391655918e-03
-7.537984212239583204e-02
-1.120777977837456585e-01
-3.620117240481906477e-03
nan
nan
nan
nan
2.559733412000868014e-01
1.820170932345920034e-01
9.545052422417535376e-02
-2.499129740397135480e-01
2.321113077799479285e-01
8.068870035807291785e-01
-5.441312662760416918e-01
-3.193634711371527990e-01
3.902859836154514150e-01
-4.576153903537326650e-01
-3.631579250759548461e-01
-2.294815572102864576e-01
-2.549461025661892144e-01
1.976844957139756997e-01
-3.121412828233506853e-01
-3.667581854926215135e-01
-7.458824157714843972e-02
-2.462465922037760380e-01
-1.315562269422743125e-01
-4.751080661349826317e-01
4.243233913845486094e-01
2.022403801812066026e-01
-7.780930582682291652e-01
-7.349310302734375355e-01
-1.515323585934109235e-03
2.645884195963541657e-02
-1.154600440131293426e-01
-3.744531249999999978e-01
nan
nan
nan
nan
-6.311825646294487446e-02
-5.108458794487846788e-01
1.388013309902614949e-02
1.543803744845920201e-01
7.327304416232638395e-01
3.135560777452257031e-01
3.045285712348090312e-01
4.973031616210937256e-01
2.951399400499131742e-01
-1.217723253038194425e-01
-3.586273532443576273e-01
-2.104797363281250000e-01
-3.025956556532117814e-01
2.238328382703992925e-01
8.242107476128471832e-01
1.531130642361111238e-01
-5.279190063476562056e-01
-4.991063774956597254e-01
3.342207845052083126e-01
1.003523423936631964e-01
1.158530256483290000e-01
-1.818231879340277690e-01
-5.416950480143228885e-01
4.239317152235242969e-01
1.985294765896267466e-01
1.970107862684461753e-01
-3.216862318250868213e-01
5.174571736653645893e-01
nan
nan
nan
nan
1.545313008626301998e-01
-6.909447987874349495e-02
4.474333360460069353e-01
8.491663953993056069e-01
-1.878308105468750044e-01
-3.544845581054687500e-01
-2.182149590386284754e-01
-7.681958007812500488e-01
3.346563381618923860e-01
2.862076822916666541e-01
-4.697748141818576251e-01
-2.175876024034288092e-01
-5.921887207031250044e-01
2.202009752061631909e-01
1.771173434787326473e-01
1.271055857340494810e-01
1.879232449001736194e-01
-1.565512932671440927e-01
1.322606319851345469e-01
1.650211249457465279e-01
-5.352909003363715001e-01
-2.832150607638889150e-01
-5.081178877088758650e-02
2.711768892076280371e-02
-1.699556477864583304e-01
-3.428154500325520937e-01
-4.105059136284722188e-01
-1.006158192952473912e-01
nan
nan
nan
nan
-4.419342380099826606e-01
-3.050050523546006809e-01
4.273183186848958370e-01
1.571834648980034721e-01
3.362341308593749800e-01
3.523332722981770693e-01
-4.390926106770833282e-01
4.872712198893229263e-01
5.597368028428819642e-01
9.428028530544705146e-03
-1.315612453884548727e-01
1.544405958387586875e-01
-7.285868326822916852e-02
-1.181345791286892294e-01
-3.113608127170138795e-01
3.896410115559895693e-01
-5.104050954182942634e-02
1.010123274061414944e-01
1.360746002197265603e-01
5.844626871744791341e-01
6.519744194878471788e-01
-8.938963996039496485e-02
-1.266213141547309073e-01
-2.044772338867187622e-01
6.967210557725694864e-02
-3.520257229275173816e-01
-1.409058380126953225e-01
4.200181070963541763e-01
nan
nan
nan
nan
-3.408143785264756698e-01
-5.775255415174695983e-02
-2.402310901217990374e-03
1.049390326605902785e-01
-1.880469597710503482e-01
-3.092301771375868258e-01
-2.326776801215277857e-01
-3.147850433985392000e-04
5.527244059244791341e-01
-1.274584621853298572e-01
-1.393402353922525982e-01
-9.737904866536457871e-02
-5.303802490234375000e-01
-1.464401986863878014e-02
3.173954264322916829e-01
4.014399549696180403e-01
-2.216580878363715312e-01
-3.211791653103298616e-01
-2.138551839192708304e-01
2.194920349121093628e-01
4.869522942437065627e-02
-2.373304748535156328e-01
7.388179355197482812e-02
-1.150980737474229659e-02
4.717134263780382031e-01
-1.062014261881510380e-01
2.454001024034288270e-01
3.740560234917534865e-01
nan
nan
nan
nan
5.439393361409505107e-02
4.039047580295138662e-01
9.016118706597222587e-01
-3.209582858615451229e-01
-2.053847588433159732e-01
4.994460720486111338e-01
-4.742762671576605804e-02
1.379493459065755101e-01
-5.450962066650390930e-02
-1.348585340711805636e-01
5.371695624457465540e-02
2.053997802734374989e-01
-9.262867397732205132e-02
1.138519694010416750e+00
2.440546841091579822e-01
2.177359178331163270e-01
3.299118253919813143e-02
2.365126546223958459e-01
3.251042005750868213e-01
4.132413397894965090e-01
2.054950968424479052e-01
9.482044643825954244e-02
-1.024643707275390558e-01
1.247452290852864576e-01
-4.853331163194444242e-01
9.941833496093750444e-01
1.677655029296875044e-01
-2.891978624131944509e-01
nan
nan
nan
nan
-3.627604378594292620e-03
7.266339619954427509e-02
1.555659823947482534e-01
-1.719272083706326060e-02
-1.543245103624131809e-01
-2.829392327202691071e-01
3.202186075846354396e-01
-1.981591966417100559e-01
-5.356032647026909288e-01
-1.460376315646701451e-01
-4.051405164930555469e-01
4.036824883355034643e-01
-6.948281606038411717e-02
5.500773323906792481e-03
-8.379098680284288725e-02
-3.338438924153646070e-01
3.693254937065972299e-01
2.213500467936198035e-01
-3.860608927408853974e-01
-2.645000372992621362e-01
9.744422064887152402e-02
7.955562337239583393e-01
-3.897969987657334823e-02
8.625204128689235583e-01
5.048169487847221859e+00
8.686051262749565349e-02
-5.224319881863064008e-02
-4.421257527669270604e-01
nan
nan
nan
nan
-5.031849500868055269e-01
-2.813729688856336786e-01
3.932329983181423461e-01
-1.293164486355251608e-01
5.369209120008680003e-01
-8.975197347005208215e-01
4.683813730875650838e-02
-2.597412268320719274e-03
1.273185306125217131e-01
1.474291483561197824e-01
5.314764743381076295e-01
4.910164388020833437e-01
3.576029459635416408e-01
6.003614637586806024e-01
6.808673858642577681e-02
9.921457926432292185e-02
-1.652165561252170178e-01
-4.639922417534722010e-01
-8.510195414225260602e-02
-1.052160729302300396e-01
-7.845704820421006698e-02
4.484172227647569287e-01
1.978290812174479107e-01
-7.250901963975694975e-02
2.489153374565972188e-01
-7.997930230034722143e-01
1.096651797824435698e-01
-2.437771055433485268e-02
nan
nan
nan
nan
-2.869717068142361160e-01
-2.131990559895833304e-01
-8.494845072428384991e-02
-1.377354770236545178e-01
2.016894700792100648e-01
-5.327695041232638484e-01
6.068092854817708215e-01
4.048511928982204827e-02
-5.287967681884765681e-02
-5.514542643229166652e-01
6.636702473958333570e-01
2.523389604356553878e-02
1.457150268554687489e-01
-2.050223286946614709e-01
-1.102765231662326401e-01
-5.839723375108506892e-02
-5.364830864800347321e-01
-2.779776679144965179e-01
-6.538751814100476900e-02
1.280160522460937478e-01
5.828882005479600614e-02
-2.011562940809461797e-01
3.447654893663194553e-01
5.170269012451171597e-02
-1.286672804090711886e-01
3.455599636501736072e-01
1.291594356960720502e-01
8.033951822916666208e-01
nan
nan
nan
nan
4.466890123155382170e-02
-6.547472635904948157e-02
-9.093208312988280972e-02
4.234740363226996429e-02
-2.189018419053819497e-01
5.654071384006076340e-01
4.192209201388888973e-01
1.446593729654948035e-01
2.132412211100260524e-01
2.347445170084635491e-01
5.045161946614583615e-01
6.275720893012153301e-01
5.589551459418402590e-01
-3.300778876410590534e-01
1.610080718994140458e-02
5.805211046006943931e-01
-1.115166812472873220e-01
1.223001183403862879e-01
-3.884877098931206751e-02
-1.562036471896701417e-01
4.335205756293402657e-01
4.300410291883680625e-01
-1.469719780815972321e-01
1.354820929633246407e-01
3.456209182739258118e-02
4.496570841471353996e-01
-5.786573621961805802e-01
2.359505886501735983e-01
nan
nan
nan
nan
3.020346408420138684e-01
1.398243798149956529e-01
-2.301088799370659688e-01
-4.664002143012152546e-01
1.380915662977430514e-01
3.469690110948350781e-02
3.250493028428819708e-01
4.970480685763888906e-01
1.495772128634982601e-01
7.177416483561198379e-02
2.126065741644965201e-01
-1.845084804958767311e-01
-2.613742828369140792e-02
-3.651230536566840157e-01
8.081521775987413059e-02
-1.248509640163845552e-01
-3.648698170979818023e-02
-1.668057420518663236e-01
-3.029723442925347232e-01
5.728303358289930092e-01
2.394859313964843861e-01
3.955801222059461553e-02
1.826532660590277912e-01
3.718601820203993324e-01
1.701835632324218694e-01
2.644321526421440915e-01
-5.930246310763889195e-01
2.079898579915364643e-01
nan
nan
nan
nan
-1.055143653021918398e-01
2.167055765787760310e-02
7.185739305284288836e-02
5.274921332465277724e-01
-1.720612589518229207e-01
2.408785841200086764e-01
-3.256785413953993125e-01
-2.453129916720920012e-01
3.090011257595486338e-01
-3.884696790907117836e-01
2.107142300075954822e-01
-2.402811347113715246e-01
2.227323574490017444e-01
-5.902962154812282924e-02
1.823769251505533845e-02
2.235556538899739487e-01
4.793634372287326473e-01
3.621243625217013817e-01
3.746298556857639017e-01
6.268187120225694464e-01
-6.596888224283854740e-02
-3.455078125000000111e-01
-5.314042154947916652e-01
-2.972147199842665056e-03
-7.793600294325087052e-02
-2.327899848090277668e-01
-2.619341532389322935e-02
1.201747046576605860e-01
nan
nan
nan
nan
-3.625744628906250044e-01
5.958428276909721877e-01
-7.174269358317057060e-04
-2.076035902235243147e-01
2.714479234483506698e-01
-2.424331156412760369e-01
4.170883856879340490e-01
3.681928507486978974e-01
2.954271782769097299e-01
2.008111911349826362e-01
7.136014133029513484e-01
7.130474175347222276e-01
8.599199761284722632e-01
-4.467055935329861116e-01
-2.719554985894097054e-01
1.854556783040364476e-01
-2.597927686903211963e-01
-2.493469746907552020e-01
-1.871422661675347099e-01
-4.133887736002604396e-01
-3.321817355685763862e-01
-1.552875773111979107e-01
7.048898484971788392e-02
2.854926215277777887e-02
4.196392483181423660e-01
3.265759955512153034e-01
-2.928467475043402546e-01
3.856221516927083037e-02
nan
nan
nan
nan
2.936678398980034910e-01
1.941793314615885280e-01
-8.087116156684027724e-01
5.859808349609374467e-01
-1.395872751871744810e-01
-6.338543362087672994e-02
1.815221489800347143e-01
3.258127170138888640e-01
-1.862914699978298616e-01
-3.496851603190104241e-02
-5.748112148708767188e-02
8.796781751844617858e-02
-3.214100816514757208e-01
4.119218275282118258e-01
-3.690226236979166630e-01
7.414341905381944819e-01
-8.083057827419705410e-02
-3.378580093383789368e-02
1.307963053385416685e-01
6.694390614827473718e-02
1.981409200032551998e-01
1.913324991861979282e-02
5.070230102539062811e-01
-6.810368008083766966e-02
-5.810853407118055092e-01
8.561957465277777457e-01
1.637098388671875071e+00
2.281582302517361160e+00
nan
nan
nan
nan
-4.773393079969617814e-01
-6.523398293389214529e-03
2.117613474527994810e-02
1.345489586724175346e-01
7.872272067599826728e-02
-6.360474056667751730e-02
-6.887283664279514328e-01
6.330765787760416208e-01
-5.116242832607692873e-03
1.431325446234809062e-01
-3.323842366536458592e-01
-4.499713473849826229e-01
-3.069758775499131787e-01
4.884595743815104418e-01
-3.013731214735242969e-01
1.300467681884765747e-01
4.547211541069878793e-02
2.342641703287760280e-01
-6.848858642578125044e-01
-3.009384833441840490e-01
-5.465166219075521248e-01
2.469008551703558985e-01
9.039616054958767022e-02
-4.739569430881076517e-01
-4.368529584672715960e-03
-2.615909788343641351e-02
-2.632320404052734472e-02
-6.255761718750000311e-01
nan
nan
nan
nan
9.668285793728298438e-02
-4.940926784939236316e-01
-2.423528544108072835e-01
4.471746826171875133e-01
5.075161132812500142e+00
nan
6.733777669270833321e+00
-3.969841512044270937e-01
-1.259204525417751686e-01
-3.048979017469617969e-01
-4.819794718424479374e-01
3.532306925455729329e-01
1.632583406236436802e-02
-4.655615912543402679e-01
4.309972805447048749e-01
4.024267408582899580e-02
5.752189127604167007e-01
8.321857028537325840e-02
3.474252319335937589e-01
4.542293972439236382e-01
1.351153140597873281e-01
-2.486331854926215335e-01
4.593926747639973801e-02
-9.192771063910590290e-02
-1.666856045193142455e-01
3.694259304470486338e-01
1.060115356445312518e+00
4.008956570095486005e-01
nan
nan
