nan
nan
2.529760572645399219e-01
3.925938245985243213e-01
2.159965345594618003e-01
-9.566068013509114454e-02
4.832731458875867969e-01
-1.681699964735243191e-01
1.107904858059353265e-02
3.020624457465277968e-01
-1.640754021538628482e-01
3.389664713541666874e-01
-1.139405737982855937e-01
-7.908947414822048438e-02
1.179214986165364604e-01
-1.419336276584201306e-01
1.998783535427517410e-01
5.544060177273220369e-02
-9.119687228732639150e-01
5.135791015624999734e-01
-3.296805911593966854e-02
9.074211968315972765e-01
-4.701125250922309068e-02
3.651978217230902879e-01
1.224533081054687556e-01
-3.487266710069444331e-01
-6.928864203559027546e-01
3.617539333767361143e+00
7.202406819661458792e-01
9.867631700303819420e-02
nan
nan
nan
nan
-2.946282619900173483e-01
-3.753786722819010130e-02
-2.585117763943142188e-01
-6.110651312934027857e-01
3.128474256727430403e-01
2.924080742730034710e-01
1.652098231845431807e-03
-4.646676296657986094e-01
1.378187645806206729e-01
-2.945843378702799401e-02
4.948363579644097232e-01
1.426145871480305992e-02
8.448725043402778301e-01
7.953882853190104296e-02
-5.147638617621528301e-01
-1.558671569824218728e-01
-4.526516808403863168e-02
3.568405829535590268e-01
-7.033007303873697880e-02
-2.958790418836805824e-01
3.436498006184895981e-01
-8.885737948947482201e-02
-1.779961310492621518e-01
-1.456231011284722099e-01
-4.754439290364583237e-01
4.065088568793402968e-01
8.039566040039063111e-02
5.963069661458333393e-01
nan
nan
nan
nan
-1.021947564019097254e-01
3.343023342556423749e-01
-1.068134138319227489e-01
-8.213743421766493691e-02
4.353030056423611294e-01
7.191141086154514417e-01
6.650049421522352677e-02
3.229676649305555647e-01
-3.079348415798611183e-01
-1.121302541097005251e-01
2.236836242675781239e-01
-1.871122233072916585e-01
1.617590056525336495e-02
-1.624772644042968839e-01
1.143901231553819398e-01
-4.105120510525173683e-01
5.106902058919270404e-01
1.212236362033420195e-01
5.394285074869791252e-01
7.047630416022406669e-03
-3.459673394097222410e-01
-4.508826022677951406e-01
4.821798960367838782e-02
5.376233418782552093e-02
6.960086398654513618e-01
-3.405213419596354041e-01
2.850495062934027546e-01
6.511277262369791208e-01
nan
nan
nan
nan
2.661331685384114576e-01
-1.587401835123697924e-01
-3.482092751397027064e-02
5.691764322916667007e-01
5.001821899414062855e-01
-3.629170396592881764e-01
2.529869249131944664e-01
2.937907240125868236e-01
-1.760590955946180480e-01
-7.153400844997830077e-02
8.350276523166232090e-02
1.092306857638888906e-01
1.777249145507812378e-01
-4.872143215603298438e-01
-1.427516174316406372e-01
7.374823676215278012e-02
1.118899620903862913e-01
-2.613221062554253460e-01
2.964071655273437522e-01
4.342780558268229396e-01
1.825122239854600759e-01
1.722327677408854174e-01
-2.552972242567274064e-01
7.763871934678819031e-02
-2.841793653700087074e-01
-3.266937594943576384e-01
5.532777235243055980e-01
-1.278437805175781372e-01
nan
nan
nan
nan
2.513414171006944295e-02
9.591312832302517632e-02
2.673702494303385468e-01
5.389404296875000000e-01
9.156543307834201506e-02
-1.364067671034071283e-01
-1.996846347384982623e-01
-1.602459716796874878e-01
-1.511131286621093806e-01
3.642001342773437678e-01
1.766850280761718683e-01
-2.550556945800781516e-01
3.905207994249131898e-01
-1.894360521104600792e-01
2.278845469156901005e-02
-1.014694552951388856e-01
-2.956074608696831682e-02
3.672733561197916718e-01
-8.733435736762153179e-02
-1.531650797526041552e-01
-3.253622097439236027e-01
1.444568528069390193e-02
3.606437852647569331e-01
1.489225769042968883e-01
1.096715698242187509e+00
-5.577824232313367547e-01
2.712332153320312633e-01
3.742554389105902657e-01
nan
nan
nan
nan
-2.982446967230902857e-01
2.899893866644965290e-01
6.150121392144096699e-01
-9.458470323350693931e-01
5.876150767008463810e-02
3.694278971354166829e-01
6.362918853759765014e-02
-2.643139309353298438e-01
-3.989653523763020959e-01
1.393070644802517355e-01
7.011261664496527546e-01
-2.352749972873263984e-01
5.208443196614583881e-01
5.365495893690321039e-02
-4.759502495659722054e-01
-5.577449883355034554e-01
8.828101942274305669e-01
-1.344376712375217053e-01
-5.473197089301215512e-02
-2.542394849989149108e-01
-4.204017469618055447e-01
9.639226277669270260e-02
-4.909704844156900783e-02
5.003458658854166297e-01
2.807855733235676832e-01
1.952565299140082353e-02
5.073816596137152857e-01
-4.289736599392360850e-01
nan
nan
nan
nan
9.271032545301649552e-02
-1.917622221840752485e-03
2.056982040405273479e-02
1.189547475179036501e-01
3.374884711371528012e-01
3.806370035807291607e-01
4.487793986002603930e-01
1.964399380154079888e-01
2.061349826388888806e-01
-2.173540539211697015e-02
3.785335625542534665e-01
1.457744683159722110e-01
-1.396306864420572835e-01
-5.357266235351562100e-01
-2.516216362847222276e-01
2.652304246690538325e-01
-3.478745524088541763e-01
3.866389973958333504e-01
1.717817179361979252e-01
-5.024278852674696205e-02
-2.840521918402778012e-01
-8.787503560384114787e-02
-4.703367869059244671e-02
1.681582641601562511e-01
-4.778939141167534710e-01
-2.448887125651041663e-01
-2.129376729329427176e-01
-5.771554904513889195e-01
nan
nan
nan
nan
-1.104902564154730954e-01
-6.568319532606337052e-02
-4.044670952690972432e-01
-6.626093207465277857e-01
3.079298231336805580e-01
2.436295064290364687e-01
-3.734420098198784621e-01
2.491453721788194353e-01
-3.158535766601562322e-01
-6.969429863823785321e-02
6.870676676432291297e-01
1.347975158691406272e-01
-6.072431140475802527e-03
-3.137126329210069287e-01
-1.353168911404079855e-01
4.009090508355034888e-01
1.322984822591145859e-01
4.333582899305555292e-01
-3.314973619249131920e-01
7.690622965494792185e-02
2.353197055392795001e-01
-1.361807590060764017e-01
-3.573495822482639084e-01
1.705720954471164194e-03
1.061321428087022567e-01
3.415339491102430403e-01
2.527856953938801832e-01
1.721242947048611249e-01
nan
nan
nan
nan
1.670829094780816038e-01
1.001621331108940999e-01
5.640283881293403079e-01
3.526740858289930669e-01
3.706774224175347077e-01
-1.170045132107204872e-01
3.154942152235243324e-01
-4.712523396809895626e-01
-3.218131510416666896e-01
7.068691677517361382e-01
4.604187350802951273e-01
2.148797512054443151e-03
-1.778781890869140722e-02
8.863133854336208151e-03
2.897617933485243102e-01
6.960120307074653123e-01
2.150342135959201484e-01
-4.688886430528428628e-02
2.022029452853732479e-02
3.769822523328992814e-01
1.270115746392144196e-01
1.509940592447916730e-01
1.217019144694010402e-01
-4.738742404513888729e-01
1.713974168565538247e-01
3.236855400933159599e-01
2.262152608235677154e-01
-2.192843119303385380e-01
nan
nan
nan
nan
9.670734405517578125e-03
6.206785074869791696e-01
6.158494313557942579e-02
-2.480151123470730051e-03
2.934245130750868236e-01
3.578487141927083059e-01
8.690930175781249600e-01
4.186552259657118080e-01
7.330490960015191571e-02
-1.939640638563367991e-01
1.789468892415364554e-01
6.286035834418403079e-01
-1.496149868435329988e-01
1.402005852593316004e-01
-3.516673448350694509e-01
3.463249715169270937e-01
-4.844710625542534843e-01
3.052963256835937722e-01
-2.050489298502604085e-01
6.234256998697916829e-01
6.503518422444661516e-03
-4.705927530924479407e-02
-8.693208482530381809e-02
1.409825642903645704e-01
-4.385407850477430758e-01
-4.804012298583984486e-02
8.195991516113280972e-02
2.874904717339409888e-01
nan
nan
nan
nan
-6.940341949462890125e-02
2.975329928927951118e-01
-3.868074629041883677e-02
8.781672159830729296e-02
-1.022941335042317768e-01
-6.260723961724175279e-02
-6.616816541883681069e-01
6.809398057725694065e-01
-1.600689697265625100e-01
5.059127807617187500e-01
3.273584662543402857e-01
1.350990125868055669e-01
7.909412807888455132e-02
-2.601643880208333592e-01
4.671804470486111138e-01
1.251481289333767344e-01
-1.105523639255099819e-02
6.788202073838975337e-02
2.672549608018663370e-01
6.917572445339627285e-02
-2.321036275227864598e-01
2.972885131835937278e-01
-4.734586249457465312e-01
5.887184143066406111e-02
1.956388176812065838e-01
-5.114830440945095785e-02
4.016547648111979396e-01
4.545388454861111205e-01
nan
nan
nan
nan
-3.506985812717013928e-01
9.188038465711805269e-01
-5.078816392686631431e-01
-2.712494913736979152e-01
-3.161448499891493236e-01
-3.119742499457465179e-01
2.288131544325086864e-01
1.115487670898437506e-01
-1.237656317816840240e-01
-9.078590393066406083e-02
6.191190083821614815e-02
1.928594462076822780e-01
2.796058389875624110e-03
-1.841773817274305614e-01
9.382310443454318014e-03
2.024228074815538070e-01
1.377387830946180669e-01
7.236879136827256698e-02
-2.147270541720920078e-01
4.786575656467013662e-01
-2.097649976942274341e-01
1.425847053527832045e-02
2.568524509006076539e-01
2.265312533908420134e-01
-2.501273261176215068e-01
-3.414257134331597499e-01
4.072621663411458148e-01
6.044995117187500488e-01
nan
nan
nan
nan
1.007754940456814241e-01
5.514228990342882053e-01
-5.366110483805338477e-02
-4.237970648871527968e-01
-1.011731719970703075e-01
2.071018642849392355e-01
-4.849311998155381720e-01
-3.434839206271701473e-01
2.039071485731336897e-01
-1.513556416829427154e-01
2.143614535861545212e-01
-2.784680175781250044e-01
-4.330728488498263862e-01
1.869965616861979096e-01
-5.325463867187499867e-01
1.373792266845703103e-01
5.704848904079861116e-01
5.754968007405598940e-02
-5.514243231879339957e-01
1.830082194010416718e-01
8.728037516276042351e-02
3.914779663085937722e-01
-3.141137440999348940e-02
2.088974677191840212e-01
2.173784552680121662e-01
2.237328762478298649e-01
-5.029226006401910087e-01
-1.032552168104383661e-01
nan
nan
nan
nan
-2.483304172092013762e-01
1.718135070800781150e-01
-6.389176432291666652e-01
-3.165762583414713505e-02
3.130844116210937389e-01
2.996422322591145715e-01
1.832624816894531383e-01
-3.633015272352430602e-01
5.164524714152018102e-03
-1.391324445936414911e-01
2.900033230251736205e-01
2.610796949598524486e-01
1.891082221137152741e+00
3.152787272135416652e-01
7.613984510633680092e-01
-4.998445977105034910e-01
-7.796792984008788820e-03
1.905499267578124878e-01
-4.778614637586805491e-01
-1.273781077067057399e-01
-4.716739569769965446e-01
-6.339072333441840568e-02
2.566947089301215290e-01
-3.536403062608506898e-01
7.987870958116319309e-02
-3.537073092990451473e-01
-5.109601762559679017e-02
5.848832194010417096e-01
nan
nan
nan
nan
4.996670193142361410e-02
-1.237119208441840312e-01
2.429472859700520793e-01
4.822575208875868324e-01
1.653327602810329977e-01
-3.049394056532118147e-01
1.145867877536349902e-02
4.326594034830729130e-01
1.135573408338758639e-01
-5.216094970703124556e-01
-1.597635057237413170e-01
-4.291496107313367836e-01
6.441569010416666741e-01
-1.676871236165364543e-01
4.108258141411675474e-02
-2.866889105902777901e-01
-1.935679287380642488e-01
7.380854288736979352e-02
-4.623614841037326229e-01
-7.872837490505642244e-02
1.910160827636718794e-01
1.884434509277343739e-01
-6.761232588026258594e-02
-2.630604044596354107e-01
4.447737630208333570e+00
6.107026502821180092e-01
4.630046844482421653e-02
2.369241333007812422e-01
nan
nan
nan
nan
4.317388916015624800e-01
-7.977370876736110672e-01
-1.453659735785590157e-01
-6.546780904134114065e-02
-2.106490453084309752e-02
-8.699016994900173050e-02
-8.017513699001736771e-02
-3.905309041341145648e-01
-2.241922675238715301e-01
4.591573757595486249e-01
-6.962924533420139506e-02
-1.920114305284288114e-01
-1.477867126464843806e-01
5.518724568684896248e-01
3.954143269856770782e-01
1.203302001953125006e-01
-6.802481418185764017e-01
-2.008451673719617928e-02
-1.771054755316840146e-01
-2.528275892469618036e-01
1.632307942708333404e-01
3.673669179280598940e-02
-1.520782979329426965e-01
1.338961368136935837e-01
4.727802870008680491e-01
-2.685153537326389062e-01
-1.458957587348090335e-01
-2.604575432671440982e-01
nan
nan
nan
nan
2.365473259819878549e-01
2.353375964694552971e-02
2.623223029242621740e-01
-6.467449951171875266e-01
-1.920895724826388873e-01
8.349765353732638284e-02
-1.772544013129340179e-01
-8.152329508463541652e-01
2.130546908908420023e-01
1.683420986599392377e-01
-2.041717698838975692e-01
-2.718247138129340490e-01
-2.385130140516493191e-01
2.466396247016059140e-01
3.183034939236111249e-01
-2.298864746093750022e-01
7.034864213731553684e-02
-2.089609103732638917e-01
3.960943603515624800e-01
-1.516968790690104152e-01
-3.070383368598090246e-01
-3.498369344075520915e-01
3.841597493489583570e-01
1.547640313042534799e-01
-2.109553019205729074e-01
1.589031643337673605e-01
5.643350897894965357e-01
-5.569127400716146203e-01
nan
nan
nan
nan
7.275808376736111471e-01
-2.932743665907118213e-01
4.478168402777777946e-01
2.404310777452257075e-01
1.797200904952155222e-05
3.772377861870659932e-01
5.106389787462022739e-02
-4.985626220703124889e-01
-1.498605685763888806e-01
-2.409801737467447968e-01
-7.540217929416233311e-02
1.545656161838107612e-01
1.388469696044921931e-01
-1.816535610622829755e-01
3.315362209743923372e-01
3.043146769205729019e-01
-2.032484605577256909e-01
-8.452397325303819819e-01
2.313630337185329788e-01
4.840874226888020604e-01
6.208422173394096966e-01
6.071195475260416918e-01
2.376319376627604174e-01
-3.177646213107638840e-01
-2.202924304538303110e-02
-6.878693305121528212e-01
2.933858574761284976e-01
-1.538039143880208237e-01
nan
nan
nan
nan
-5.911572350396050030e-02
-6.123868136935763928e-01
-3.519630940755208437e-01
-2.716778225368923771e-01
-2.495936923556857645e-01
-2.046606614854600825e-01
2.214224709404839439e-02
-1.611553785536024297e-01
-7.061079237196180025e-02
9.437967936197916297e-02
1.870946248372395704e-01
2.666239081488715468e-01
3.632159084743923350e-01
-1.504389127095540415e-02
3.835864935980902724e-01
8.092699686686198601e-02
-3.358091905381944686e-01
-2.226216634114583370e-02
3.892761230468749778e-01
-2.788484870062933885e-01
-1.472244093153211864e-01
-6.858005099826389173e-02
4.176309108734130651e-03
6.262649197048610894e-01
-3.268065049913194686e-01
1.498485649956597110e-01
1.921222432454427198e-01
4.769842868381076184e-01
nan
nan
nan
nan
5.659595404730902724e-01
1.006475321451822946e-01
7.399621582031250533e-01
-2.297840542263454855e-01
3.422158813476562367e-01
3.995806545681423461e-01
-2.009031677246093661e-01
3.054159206814235916e-01
-1.847385152180989476e-01
1.875215488009982501e-01
-2.247176276312934026e-02
1.833761850992838421e-02
1.010617947048611187e+00
2.830279880099826340e-01
3.054126654730902612e-01
-1.496731397840711797e-01
2.584932115342881698e-01
3.083597819010416852e-01
2.217440456814236127e-01
-1.212205081515842081e-01
4.090790812174479041e-01
2.520060221354166741e-01
3.371175808376736249e-01
-1.188651360405816038e-01
-1.012041091918945354e-02
-6.786293538411458659e-01
-5.006528049045139150e-01
5.217825656467013351e-01
nan
nan
nan
nan
-6.577499728732638662e-01
1.739994684855143345e-02
-5.581944783528645752e-03
2.676186462243397850e-04
-2.722158474392361027e-01
-9.548349168565538336e-02
-3.724000718858506698e-01
3.779990980360243280e-01
3.651009114583333437e-01
-5.761688232421875444e-01
1.258061116536458357e+00
1.549390055338541572e+00
6.806479220920138573e-01
3.246094767252604152e-01
-2.280054558648003382e-01
-1.988456895616319553e-01
7.183293999565971699e-01
-4.527485487196180602e-01
-2.172823418511284632e-01
4.390634833441840468e-01
-2.069786919487847099e-01
2.662153667873806348e-02
1.992071194118923694e-01
-5.349431355794270759e-02
3.306006537543402790e-01
-1.368731350368923572e-01
2.743622504340277879e-01
-1.928359476725260424e-01
nan
nan
nan
nan
1.937282307942708448e-01
-2.021225484212239576e-01
-4.734205457899305358e-01
-3.301697836981879342e-03
1.515825059678819475e-01
1.999389817979600747e-01
-4.632199774848090312e-01
-6.387861463758680580e-01
5.737529839409721832e-01
1.338547939724392399e-01
-8.249222649468315738e-02
4.121387396918402835e-01
1.470641581217447813e-01
-1.113477155897352466e-01
-2.502939860026041630e-01
-4.929109361436632142e-01
-2.358165995279948024e-01
2.853106011284722299e-01
-1.177086046006944470e-01
9.718867831759982201e-02
3.447476874457465201e-01
3.756287044949001980e-02
1.788880242241753515e-01
-9.189858330620659377e-02
7.940801323784721921e-01
2.592213812934027750e+00
1.287344156901041758e+00
4.388203599717881986e-01
nan
nan
nan
nan
-5.422656589084201562e-01
-1.982284884982638828e-01
-3.317339409722221966e-01
-4.440996636284721966e-01
-2.210783216688368136e-01
-3.529139889611138375e-03
-6.969212955898708949e-03
2.037038845486111027e-01
-3.071260918511284910e-01
-6.703034125434027546e-01
-2.308500077989366489e-02
1.395256805419921864e-01
-5.889076063368055003e-01
-1.777770317925347343e-01
-7.445262802971733609e-03
-2.115558030870225703e-01
-2.327130974663628449e-01
3.834318372938367858e-01
-3.404919942220051982e-02
-1.337347412109375078e-01
-1.402754571702745194e-02
3.313393486870659654e-02
-2.150593058268229218e-01
1.758347829182942829e-02
3.464672173394097165e-01
-1.217513359917534732e-01
9.117568969726562444e-02
-2.094792683919270704e-01
nan
nan
nan
nan
3.333146497938367925e-01
-5.028010050455729296e-02
3.378361002604166607e-01
9.181414286295573601e-02
4.376015624999999964e+00
nan
3.704626193576388893e+00
-2.170643615722656350e-01
3.335884941948784599e-01
2.719291263156467173e-02
-2.667775641547309173e-01
-2.070014529758029687e-02
3.235658772786458304e-01
1.913077433904012119e-03
-5.623358493381076517e-01
-4.182607014973958592e-01
-1.502922227647569553e-01
1.530257839626736061e-01
-2.290808275010850770e-01
-4.322821384006076406e-01
1.576234096950954733e-01
-1.549488661024305547e-01
-8.484080844455295367e-02
2.523502349853515639e-02
1.097511185540093331e-02
3.852853732638888973e-01
1.354089948866102344e-01
-1.978050231933593806e-01
nan
nan
