nan
nan
-4.488086954752604218e-01
8.479194471571180891e-01
5.981168619791666918e-01
-2.122348022460937567e-01
1.106285264756944470e-01
2.131306796603732734e-01
4.586573706732855610e-02
-2.154911634657118158e-01
6.178234185112847499e-01
7.844509548611111605e-02
1.705625915527343717e-01
-2.819491916232638729e-02
4.476427544487847077e-01
-2.211294894748263851e-01
-3.097991604275173727e-01
-4.087243652343749978e-01
-5.428206549750434068e-02
-3.120361667209201606e-01
2.316180928548177143e-01
6.092532475789388252e-03
7.244080946180555536e-01
3.725593058268228952e-01
-2.878879123263888840e-01
2.016121080186631942e-01
6.252350531684027768e-01
4.011698676215277537e+00
-1.684990607367621573e-01
6.133975558810764173e-02
nan
nan
nan
nan
1.538888380262586897e-01
7.026346524556478269e-04
-5.981390380859374911e-01
-4.288617960611978974e-01
4.782067871093749756e-01
-1.334638722737630234e-01
1.478027343749999944e-01
-1.336705695258246507e-01
1.960842556423611216e-01
-1.160512542724609353e-01
3.847793918185763995e-01
1.341452534993489709e-01
-3.639708455403645737e-01
8.341777377658420034e-02
-2.711721293131510446e-01
-1.352530670166015581e-01
-8.954015096028646037e-02
-1.144528452555338555e-01
3.366634368896484486e-02
1.916706848144531239e-01
-1.170850626627604196e-01
-3.046969265407986072e-01
-2.553709750705295267e-01
2.144617716471354241e-01
3.788203260633680736e-01
-4.202622307671440884e-03
-5.564829508463541297e-01
-2.891992865668402968e-01
nan
nan
nan
nan
2.142313300238715412e-01
2.699720933702257075e-01
-2.855306667751736360e-01
1.580586751302083259e-01
-1.576475524902343772e-01
-2.077815585666232534e-01
-5.713283284505208393e-01
-3.260402043660481919e-02
-2.939956665039062389e-01
6.720851262410482141e-03
3.464024522569444375e-01
-2.293433803982204977e-01
2.445249769422743191e-01
1.029687839084201390e-01
-1.142455630832248242e-01
2.418005710177951462e-01
3.437740749782985938e-01
-1.318537818060980804e-01
3.638284979926215135e-01
4.557939317491319642e-01
1.520003636678059905e-02
6.718756781684027679e-01
1.090191226535373314e-01
4.818386840820312322e-01
7.459827338324652724e-01
-1.051955329047309096e-01
2.819729783799913014e-01
5.949726104736328264e-02
nan
nan
nan
nan
-2.485063001844617925e-01
-7.245859781901041463e-02
1.005775621202256997e-01
8.583961486816406306e-02
1.922112019856770937e-01
-2.391830274793836919e-01
9.683675130208332926e-02
-2.666092766655815960e-01
-2.239960734049479263e-01
-8.221701727973090845e-02
-1.716077846950954944e-01
5.002970377604166324e-02
-3.126201714409722054e-01
-3.601769680447048372e-01
5.338271670871310576e-02
-4.113511488172743036e-01
2.821487765842013995e-01
-6.261614312065971744e-01
5.302325778537326784e-01
2.918291897243923683e-01
4.658931732177734597e-02
4.779662068684895626e-01
-9.285326639811197769e-02
5.904880099826388673e-02
5.268675740559896070e-01
1.298873986138237846e-01
1.737960137261284621e-01
4.487275526258680536e-01
nan
nan
nan
nan
8.028375413682725670e-02
6.528241475423177120e-02
2.988294813368055358e-01
9.096618652343750611e-02
2.501207817925347188e-01
6.295980495876736249e-01
-1.228258683946397561e-01
-4.755905575222438980e-02
-6.456597646077473496e-02
1.350514984130859464e-01
-4.776260375976562611e-02
-1.662588500976562578e-01
-2.053316831588745256e-03
-1.848941718207465224e-01
-1.431043158637152757e-01
1.741838921440972132e-01
-9.166724946763779580e-03
5.902186075846354435e-02
-1.296801588270399264e-01
5.127578735351562278e-01
1.643954976399739643e-01
-4.376647949218750305e-02
6.629572889539930847e-01
2.569062805175781339e-01
-7.291616482204861249e-01
3.289379204644097276e-01
6.207102457682291963e-01
4.000875515407986138e-01
nan
nan
nan
nan
1.862366672092013786e+00
2.538204447428385468e-01
-2.888704766167534688e-01
-8.101111518012152346e-02
-1.008952077229817723e-01
2.244716220431857562e-02
4.711689927842881986e-01
-2.694743008083767544e-01
2.842699178059895915e-01
3.398730468749999734e-01
-8.459472656250000000e-02
-7.819528367784288336e-02
-3.757478502061631920e-01
7.614752875434027679e-01
-3.303041458129882604e-03
-1.141472625732421892e-01
-2.584265306260850603e-01
6.141442192925347099e-01
3.600578138563367836e-01
2.086681620279947913e-01
2.255367702907986049e-01
1.422122870551215390e-01
-4.349146948920355749e-02
-7.847876654730903123e-01
4.078373209635416941e-01
7.456551784939235983e-01
-1.708571116129557407e-02
-1.565681796603732578e-01
nan
nan
nan
nan
1.336484103732638873e-01
-2.438486735026041546e-02
3.022179836697048705e-01
-1.360953945583767422e-01
2.768597412109374822e-01
-1.444893052842881886e-01
4.929028320312500155e-01
-8.068945312499999911e-01
-1.139828745524088527e-01
3.482338460286458215e-01
1.310267639160156150e-01
2.299975925021701395e-01
5.127613491482204550e-02
-3.743030124240451229e-01
9.036751302083333437e-01
1.796713935004340401e-01
-2.388363817003038292e-01
-2.411689249674479063e-01
-6.466326183742946744e-03
-8.777003818088108256e-02
-1.304308658175998281e-01
-4.073347642686632186e-01
6.715163167317708126e-01
-2.723385111490885246e-01
5.174951850043403301e-01
-2.770800611707899264e-01
1.049157969156900988e-01
5.967927296956380273e-02
nan
nan
nan
nan
-2.528141106499566249e-01
-2.721681552463107723e-01
6.597099473741319109e-01
1.805924309624565849e-01
5.261993408203125000e-01
7.182041592068141855e-02
-2.577682664659288192e-01
-4.191896915435791050e-03
1.771238030327690893e-01
-2.647884962293836630e-01
4.083933851453993014e-01
1.458652750651041607e-01
1.821451483832465246e-01
-5.438824123806423882e-02
-1.741249593098958270e-01
1.588138495551215390e-01
3.290043131510416718e-01
-4.945887586805555736e-01
-3.327470906575520915e-01
-1.609978908962673705e-01
-3.634900241427951317e-01
1.637425952487521659e-03
-5.197090572781033063e-02
2.075111219618055447e-01
-5.582381523980034510e-01
-7.542582194010416519e-01
-5.219946628146701073e-01
-6.318152533637152457e-01
nan
nan
nan
nan
-2.223311021592881964e-01
9.116262647840711608e-02
-3.017309570312500244e-01
-2.793640645345051854e-01
6.296981811523437444e-02
-1.492548794216579933e-01
9.018141004774304914e-02
-2.682815890842014106e-01
1.824420505099826340e-01
-4.786923217773437766e-01
-9.219756232367622151e-02
4.778760274251302176e-02
2.972931861877441215e-03
2.468326314290364698e-01
-1.212367757161458282e-01
2.004272460937500111e-01
5.406248728434244477e-02
-1.416614447699652835e-01
-4.172854614257812678e-01
1.173644205729166723e+00
4.571865505642361271e-02
-1.421273379855685637e-01
-6.670973036024305247e-02
5.082709079318575851e-01
9.645049370659721788e-01
-3.690272352430555292e-01
1.494053310818142244e-01
1.613063727484808918e-01
nan
nan
nan
nan
1.804903496636284799e-01
-1.058435042699178109e-03
-1.969460550944010513e-01
3.151442803276909843e-01
-4.029040442572699721e-02
-5.099228752983941265e-02
3.184674072265625266e-01
4.816468302408853930e-01
-1.509066942003038092e-01
-4.514710489908854152e-01
-4.395049709743923394e-01
5.568227979871961941e-02
1.538275316026475603e-01
-3.149218071831597077e-01
-1.271746487087673516e-01
-2.036529710557725692e-01
-2.544691806369357434e-01
-1.880622355143229119e-01
-4.601624552408853930e-01
-3.531620619032118102e-01
-2.969589911566840046e-01
-5.377086385091145448e-01
1.206168026394314197e-01
1.680066935221354030e-01
2.150108337402343792e-02
-1.486809455023871407e-01
4.986568535698784888e-01
3.220962524414062722e-01
nan
nan
nan
nan
3.672344292534722165e-01
-2.137481265597873312e-02
-3.338059828016493036e-01
2.214267137315538148e-01
2.564566930135091238e-02
2.154820929633246562e-01
5.117443169487847499e-01
-2.549700419108072991e-01
-1.883869764539930491e-01
6.372001224093966354e-02
3.662247721354166541e-01
1.436863369411892355e-01
1.824834018283420234e-01
3.082516818576389039e-01
5.202502674526638879e-03
-1.521314663357204999e-01
-1.100779130723741339e-01
1.908684455023871573e-01
3.546199205186632009e-01
-3.043255911933051214e-02
-3.959609307183159510e-01
1.088349151611328058e-01
-1.461272854275173505e-01
-2.944942220052083059e-01
4.854184299045138928e-01
-1.736095513237847221e-01
1.365507253011067623e-01
3.237197536892361116e-01
nan
nan
nan
nan
1.522279696994357501e-01
-1.819429185655381809e-01
1.683503892686631989e-02
-3.677290513780381853e-01
3.387405056423611338e-01
5.630011240641275699e-02
-8.607252332899305303e-02
-1.794009060329861127e-01
1.282558017306857645e-01
2.005042521158854063e-01
3.459138658311631809e-01
-5.835606045193142410e-02
1.284165615505642455e-01
4.053059556749131764e-01
3.228018866644965512e-01
3.832041761610243125e-01
-1.531497870551215279e-01
-6.841396755642360772e-02
-3.381147596571180691e-01
-1.766261969672308918e-01
-8.017211914062499778e-01
6.205237494574652457e-01
2.551644388834635180e-01
-5.158024427625867991e-01
-9.025191413031684318e-02
1.309230327606201267e-03
4.020719061957465090e-01
2.351502821180555536e-01
nan
nan
nan
nan
4.733278401692708193e-01
-3.547076755099826118e-01
-1.077954525417751802e-01
-6.197391086154513395e-01
-7.015728759765624822e-01
2.820409817165798749e-01
7.907797071668837274e-02
7.205674065483941293e-02
1.117393663194444497e-01
1.789771016438801987e-01
3.221959431966145981e-01
2.157595825195312567e-01
-1.138151274787055182e-02
-2.199467298719618158e-01
1.635311550564235994e-01
6.466976589626736160e-01
-4.204545762803819642e-01
1.066108618842230849e-01
4.440451992882622247e-03
7.649721781412760491e-02
-6.679920196533202514e-02
-1.014394938151041758e+00
8.385267469618055969e-02
5.525355360243056069e-01
7.998226589626736271e-02
4.051575385199652768e-01
-8.547142028808593639e-02
-9.763022528754340679e-02
nan
nan
nan
nan
-3.731338500976562611e-01
1.175505659315321250e-01
4.883068169487847499e-01
1.961398824055989587e-01
-1.997356838650173605e-01
-3.576608869764540122e-02
1.825734625922308951e-01
-4.302120293511284554e-01
-5.395098198784722410e-01
-5.608398013644748381e-02
5.747950575086805403e-01
9.092879825168185409e-03
5.077733357747395981e-01
-1.535371356540256131e-02
-2.641156514485676898e-01
-6.979699707031250533e-01
3.960977511935763751e-01
9.722027248806423827e-02
3.889518568250868169e-01
1.061844550238715268e-01
-2.408258565266927220e-01
-1.774883355034722332e-01
-1.708733113606770715e-01
-3.399368286132812278e-01
4.536822509765625067e-01
-4.093868679470485938e-01
4.576282077365451118e-01
-6.342405531141492858e-02
nan
nan
nan
nan
-2.813742065429687411e-01
-5.561468336317273997e-02
1.193381839328341992e-01
-4.397227986653645671e-01
-4.774519517686631742e-01
-2.504458321465386286e-02
3.262479570176866212e-02
8.113744439019097143e-01
6.779414198133680847e-01
-2.400618150499131964e-01
4.027163187662760602e-02
1.500318977567884765e-03
-4.230520968967013684e-01
-2.810513136121962074e-01
2.480961439344618047e-01
-2.200545925564236227e-01
4.289025878906250200e-01
5.031860351562500444e-01
-1.426776801215277890e-01
4.488639662000867836e-01
4.825038655598958282e-01
1.930649651421441071e-01
-2.168208864000108552e-02
8.882318793402778079e-01
3.291733940972222161e+00
8.081522623697916241e-02
-4.668329026963975899e-03
4.752568562825520981e-01
nan
nan
nan
nan
-6.824327935112847188e-01
-2.712586805555555758e-01
-3.029893324110243258e-01
2.636325412326389062e-01
-1.015057118733724006e-01
1.880283440483941082e-01
2.906595526801215024e-01
8.916712443033854296e-02
-3.025931125217014017e-01
2.842321099175347254e-01
1.176394780476888030e-02
-4.753306410047742903e-01
1.366631571451822902e-01
4.543550703260633428e-02
2.059917534722222332e-01
-7.232569376627603908e-02
2.248934258355034799e-01
-3.221808200412326628e-01
-4.076320393880208393e-01
-2.143358866373697991e-01
-2.908228556315103908e-01
-4.236668904622395981e-01
-3.258837212456597299e-01
3.112991968790690053e-02
-4.346173773871527812e-01
-1.584620157877604241e-01
-2.125168863932291596e-01
2.882995944552951273e-01
nan
nan
nan
nan
-4.478598700629340401e-01
-5.768248833550346788e-01
1.728562079535590212e-01
9.043134901258680081e-02
1.695065816243489579e-02
1.296524132622612901e-01
6.288472493489583037e-02
-4.053011067708333082e-01
3.186827256944444464e-01
-7.558116997612847054e-01
-5.014579264322917007e-01
-1.774599880642361016e-01
2.454014756944444542e-01
-9.503863016764323157e-02
-1.067342864142523801e-02
2.378665839301215279e-01
-3.058766894870334346e-02
2.460615878634982712e-01
-3.490854899088541852e-01
-1.609681701660156117e-01
-3.625402832031249800e-01
-1.836489020453559162e-01
-3.090134006076388773e-01
-3.611351182725694442e-01
1.821752251519097310e-01
1.717678324381510524e-01
-1.854129197862413314e-01
1.780947706434461708e-01
nan
nan
nan
nan
-2.340406121148003449e-01
4.818923950195312389e-01
1.486432393391927120e-01
-1.983869764539930580e-01
1.118996259901258727e-01
1.254138776991102489e-01
6.799537658691406916e-02
-7.267959933810763662e-01
-1.037889353434244821e-01
7.110479672749837020e-03
-2.873201158311631809e-01
-8.298179796006944775e-01
6.176422119140625305e-02
-3.596622721354166829e-01
2.512629869249131676e-01
-3.273947397867838643e-02
3.570436943901909577e-01
1.163327450222439302e-01
1.512592739529079744e-01
1.050944603814019107e-01
-3.229433186848958415e-01
-3.666718546549478930e-01
8.853001912434896314e-02
-1.330348332722981752e-02
-7.584037780761718195e-02
8.038080512152777635e-01
-1.898619418674045156e-01
1.872817145453559151e-01
nan
nan
nan
nan
-3.508316379123264106e-01
-1.897276984320746610e-02
-1.012826877170138890e-01
-1.104879930284288214e-01
-2.828993394639757186e-01
-2.220328267415364598e-01
3.692212931315104196e-01
-2.435995652940538270e-01
-8.229562547471788725e-02
2.779039171006944531e-01
1.536110877990722740e-02
7.413919236924913780e-02
2.026768832736545178e-01
-3.772199842664930580e-01
2.684384716881646222e-03
9.050537957085504071e-02
-5.419498697916667052e-01
-3.940213012695312766e-01
4.569584486219618324e-01
1.018918270534939219e-01
3.812895711263020737e-01
-9.008116319444444686e-01
-1.713928731282552131e-01
-2.695495775010850470e-01
-5.669959513346354285e-01
-1.720964219835069420e-01
-3.362279934353298860e-01
-3.915314737955729041e-01
nan
nan
nan
nan
1.462664625379774264e-01
-6.386336941189235672e-01
1.026734890407986045e+00
5.558949110243055491e-01
3.352720811631944575e-01
-9.667878892686632142e-02
-1.141475338406033047e-01
1.119673156738281300e-01
-5.869761149088541935e-02
5.867582872178819242e-01
-1.671925014919704855e-01
4.069110446506076645e-02
-9.207032945421006476e-02
3.493485175238715268e-01
2.979680167304145019e-02
1.491628858778211719e-01
-4.763304646809896070e-01
-4.358625200059678545e-02
1.872813245985243125e-01
5.070865631103515375e-02
3.409161376953124822e-01
8.823646545410156194e-02
-2.088439602322048616e-01
-1.224911075168185759e-01
-6.183769438001844414e-03
-3.151431613498263951e-01
1.737669203016493080e-01
-2.168018595377604052e-01
nan
nan
nan
nan
9.102180480957031139e-02
-8.266818576388888784e-02
1.981440683205922448e-04
-1.029080963134765686e-01
2.663081529405381676e-01
4.637520005967881720e-01
1.913007439507378449e-01
-1.104657575819227439e-01
1.996863301595052098e-01
4.238953314887152768e-01
8.275149197048611294e-01
1.447386678059895959e-01
3.129755655924479352e-01
-5.519740804036458171e-01
-3.155734931098090335e-01
-1.092760297987196150e-01
1.358120981852213582e-01
2.339889695909288247e-01
-2.226958719889322869e-01
5.836815049913194331e-01
2.927740478515625244e-01
-3.178676350911458504e-01
6.824036492241752905e-02
1.087952931722005190e-01
1.688255649142795245e-01
-9.358140097724067588e-03
4.999082353379991073e-02
4.541431681315103996e-01
nan
nan
nan
nan
1.872579616970486138e-01
1.594903225368923538e-01
-5.558130476209852122e-02
7.384158664279513729e-02
-1.686541748046875011e-01
3.528568055894639593e-02
4.297711520724826206e-01
-7.724444071451823379e-02
-3.221846516927083237e-01
5.447603013780381864e-02
-1.175312466091579799e-02
-3.855190700954860827e-02
9.495062934027777291e-02
-1.586065165201822891e-01
-6.131768120659721877e-01
-3.643167792426215135e-01
3.306531439887152590e-01
-3.469829644097222054e-01
-9.753277248806423161e-02
-2.087803141276041718e-01
-4.797440253363715046e-01
-7.267539130316839902e-02
-3.462462022569444686e-01
1.391231197781032936e-01
-9.387260606553819997e-01
3.354031711154513706e-01
1.251657850477430500e+00
1.358939344618055545e+00
nan
nan
nan
nan
3.816082763671875266e-01
-4.980877685546875044e-01
-3.967646620008680736e-01
-2.595203484429253749e-01
3.480483330620659510e-01
-1.572720845540364620e-01
-2.531296454535590379e-01
-4.636868286132812544e-01
-1.737467108832465301e-01
-1.152007124159071250e-01
-2.897071329752604063e-01
-1.527287292480468683e-01
1.779224310980902779e-01
2.341424730088975670e-01
-8.958648681640625500e-02
-4.935454305013020626e-01
2.910057915581596988e-01
-6.412094116210936834e-02
-2.013033718532986072e-01
-2.383525763617621585e-01
-4.053874715169270559e-01
-1.781669447157118169e-01
1.253124406602647567e-01
-2.337199232313368069e-01
1.862527974446614720e-01
-1.359628804524739554e-01
-4.389502472347683523e-03
1.678556315104166585e-01
nan
nan
nan
nan
-6.507122124565972721e-01
3.663478936089409888e-01
1.242916276719835122e-01
-6.515376112196180625e-01
2.125449083116319304e+00
nan
4.698119032118055927e+00
-8.226443396674262831e-03
1.298356713189019185e-01
1.515043640136718717e-01
-2.184070502387152890e-01
-5.362274509006076384e-01
-4.451414998372396070e-01
-2.098394436306423583e-01
6.890066189236111471e-01
-1.051202350192599784e-02
-1.451256646050347321e-01
-1.533660888671875000e-01
-3.573774549696180358e-01
7.465536329481337052e-02
-7.245588514539930136e-01
-4.009081013997395915e-01
-3.103099229600694287e-01
1.680130004882812444e-01
-4.438258531358507120e-01
-5.327507019042968667e-02
5.232484605577256698e-01
3.380623033311632164e-01
nan
nan
