nan
nan
-2.373805787828233566e-02
-4.974031236436631809e-01
-3.973977322048611316e-01
-6.803590138753255745e-02
1.885859002007378438e-01
-4.538034227159288420e-02
-1.662450832790798583e-01
1.155207231309678811e-01
5.732566324869791119e-01
-4.176353624131944331e-01
-4.397723388671874734e-01
4.340691460503472432e-01
-2.334592183430989620e-01
3.813032701280382186e-01
-3.951043701171875200e-01
-8.298705206976995929e-02
3.934007008870443051e-02
-1.614168802897135435e-01
4.133790079752603930e-01
5.518490261501736160e-01
1.678080071343316104e-01
-2.311258104112413198e-02
-1.502985975477430514e-01
4.447685241699218806e-02
-1.877164035373263817e-01
5.004082031250000284e+00
5.832122124565972676e-01
-3.206328667534722454e-01
nan
nan
nan
nan
4.916668362087673466e-02
-1.531252543131510491e-01
-5.604830593532985628e-01
2.929626125759548505e-01
5.428405083550347232e-01
-3.951094902886284621e-01
4.544993930392795395e-02
-1.683008490668402857e-01
-1.344929504394531128e-01
4.474367035759819512e-03
2.688504028320312655e-01
1.138886091444227394e-01
1.094468010796440932e-01
-9.678823682996962052e-02
8.768869188096788114e-02
-2.054737726847330817e-02
3.930494859483507075e-01
2.103034464518229174e-01
2.671938408745659910e-01
-6.531487358940972487e-02
2.210897996690538159e-01
-3.328257242838541519e-01
3.999445936414930403e-01
3.854459296332465312e-01
8.183732774522568809e-02
-5.748368326822916874e-01
-2.680171034071180403e-01
1.476001315646701395e-01
nan
nan
nan
nan
-4.397720675998263995e-01
-1.422405497233072968e-01
-6.958878580729166430e-01
-1.195735083685980915e-01
1.050182172987196155e-01
-1.584520128038194309e-01
7.358100891113281139e-02
-1.222253841824001708e-01
7.798723008897568976e-01
8.326256646050347876e-02
-3.331243896484374911e-01
5.087732272677951695e-01
-1.224021275838216120e-02
1.731104532877604241e-01
-5.109600067138671958e-02
-2.320273166232638962e-01
2.020728047688802043e-01
-1.923350694444444509e-01
-4.359718831380208215e-01
-1.495870123969184062e-01
-4.121730211046006898e-01
-1.971836344401041718e-01
-3.651211547851562766e-01
2.926259697808159532e-01
3.326906331380208304e-01
1.303766462537977455e-01
1.836982218424479119e-01
4.351536051432291496e-01
nan
nan
nan
nan
-3.599088880750868080e-01
-8.025594817267523232e-03
2.311880662706163325e-01
4.896909586588541474e-01
-9.939829508463542129e-02
2.969916110568576184e-01
1.293958791097005179e-01
-4.003747897677951140e-01
-5.001995510525173438e-01
-2.595968797471788214e-01
7.251616583930121929e-02
-2.779789564344617991e-01
1.520752631293402768e-01
5.853099907769097054e-01
-2.360963609483506809e-01
-1.154184722900390564e-01
1.072062386406792515e-02
5.296705881754557033e-02
1.484558275010850747e-01
3.071123928493923461e-01
-3.461847517225477566e-02
4.706245422363281028e-02
6.899712880452474328e-02
-2.792354159884982701e-01
4.802888319227430758e-01
1.111742994520399375e-01
2.643152703179253438e-01
-1.715204535590277857e-01
nan
nan
nan
nan
-3.875202178955078347e-02
3.467295328776041630e-01
-2.106839836968315838e-01
4.505200280083550279e-02
-1.705105760362413125e-01
1.247924211290147578e-01
-1.497429402669270826e-01
-7.165622965494791163e-01
1.177574412027994760e-01
-2.217678663465711686e-01
-5.899629720052083082e-01
2.117711215549045178e-01
-1.138405778672960111e-01
6.915122985839844416e-02
2.981562974717881787e-01
-6.678995768229166741e-01
4.539022233751085350e-02
9.075380961100260047e-02
-1.648501078287760435e-01
-1.385423109266493147e-01
-4.200601874457465246e-01
-7.084919611612955880e-03
9.709554036458332982e-02
-2.768069288465711542e-01
2.532720608181423527e-01
-5.985108778211805092e-01
2.445395575629340235e-01
-2.084198421902126730e-02
nan
nan
nan
nan
9.970714653862847721e-01
-1.878544108072916774e-01
1.625139194064670056e-01
4.102358076307508622e-02
1.903242831759982545e-01
-4.990764702690972388e-01
-3.799994235568576184e-01
8.210939195421007586e-02
3.283245171440972165e-01
1.405657026502821205e-01
-5.701179504394530972e-02
-6.463998752170139195e-01
2.705978902180989354e-01
-2.170441860622829844e-01
-2.907418145073784599e-01
5.862894015842013973e-01
-8.194271511501735605e-02
-9.105604383680555580e-01
1.429461330837673572e-01
5.654726240370008816e-02
1.670177035861545034e-01
6.083791944715712108e-02
1.141637420654296881e-01
-2.960012012057834305e-02
-2.017078484429253582e-01
-3.329199218750000244e-01
-2.499205525716145793e-01
1.218089040120442640e-01
nan
nan
nan
nan
2.515824000040690206e-02
-1.556282891167534710e-01
1.842267523871527757e-01
-2.911865234375000111e-01
-4.514152103000217131e-02
-1.571893310546874922e-01
-7.179658677842881698e-02
-2.150905609130859472e-02
-1.981013319227430680e-01
-2.959233940972222365e-01
-1.418031480577257031e-01
-5.743111504448784356e-03
-2.533196512858073013e-01
-2.960524156358507186e-01
2.557363382975260668e-01
3.180405341254340379e-01
1.447737291124132075e-01
5.315566338433159732e-01
-2.910330539279513684e-01
5.197184244791666630e-02
3.490588378906249734e-01
-6.083951314290364509e-02
3.451968044704861183e-01
5.459074232313367858e-01
3.749556477864583459e-01
-2.440892028808593628e-01
1.424233669704861038e-01
-4.286673651801215512e-01
nan
nan
nan
nan
3.328366427951389150e-01
5.092395019531249512e-01
-3.890596856011284688e-01
1.163507927788628438e-01
2.350077650282118014e-01
1.066430494520399369e-01
-4.161918470594618280e-01
3.465732362535264843e-02
2.738891092936198146e-01
-1.452526177300347276e-01
-1.363697475857204855e-01
-3.689863755967882075e-01
-3.231320529513889150e-01
1.999002668592664983e-02
3.443406168619791430e-01
7.133998446994357923e-02
3.274695926242404687e-02
1.231239488389756914e-01
3.704409450954860850e-01
4.660280693901909799e-01
-4.161591932508680314e-01
-3.643832058376735850e-01
8.914353264702691571e-02
-1.909635077582465257e-01
2.574803670247395940e-02
1.147165340847439291e-01
3.658242797851562478e-01
2.553985171847873367e-02
nan
nan
nan
nan
-3.893325466579861116e-01
1.868692768944634234e-03
2.415873040093315938e-01
-2.513848707411024397e-01
-5.227369181315104640e-01
-2.150381088256836035e-02
2.358404201931423583e-01
-1.852428351508246529e-01
2.010772874620225803e-01
-5.517429351806640847e-02
6.268032921685112724e-02
-2.860450914171007164e-01
6.968689643012152546e-01
3.757472398546006787e-01
3.231285603841145826e-01
-2.790385776095920256e-02
-1.957159423828125078e-01
1.197136094835069414e-01
-4.321114773220486316e-01
9.393783569335938111e-02
-4.226592678493923394e-01
-1.658507453070746651e-01
-3.484449810451931140e-02
-5.230920410156250089e-01
4.148366631401909643e-01
3.408924950493706640e-02
3.530049853854709541e-02
3.369319279988607085e-02
nan
nan
nan
nan
4.446935696072048527e-01
2.259523179796006989e-02
3.817401462131076451e-01
-5.237790001763237974e-02
3.448503621419271026e-01
1.421454217698838937e-02
3.495164659288194642e-01
-3.106740654839409976e-01
-1.184133148193359381e-01
-1.712247043185763928e-01
-4.016857571072048882e-01
3.887906901041666696e-01
1.039199320475260452e-01
1.668721347384982678e-01
-1.003917588127983991e-02
1.527982245551215146e-01
-1.008650207519531244e-01
-2.950812445746527901e-01
-2.725997755262586919e-01
6.414890543619791163e-01
2.188660176595051965e-01
-3.591434054904513867e-02
-2.300156487358940849e-01
-4.795106781853570102e-03
6.070608350965711608e-02
3.856308661566840157e-01
1.250028059217664911e-01
1.114237297905815993e-01
nan
nan
nan
nan
3.506428358289930824e-01
5.216278754340277768e-01
-4.664254082573784932e-01
3.600439453125000022e-01
7.607180447048611516e-01
2.547804599338107656e-01
4.400524224175347276e-01
-4.880530802408853952e-01
5.458204057481554072e-02
1.335977236429850175e-02
1.746227857801649352e-01
8.806582302517360628e-01
3.470551554361979152e-01
1.545175170898437367e-01
4.468862745496961913e-02
1.824062262641059085e-01
6.557372368706597676e-01
3.955141872829860961e-01
1.054661983913845469e-01
9.548783196343316182e-02
-2.084107632107204955e-01
1.717856343587239598e-01
-5.257692803276909910e-01
-1.120475769042968694e-01
-1.981013149685329766e-01
-2.347276475694444475e-01
1.368019188774956540e-01
1.473935127258300774e-02
nan
nan
nan
nan
3.307907104492187611e-01
-2.794410917494032087e-02
4.593201700846354374e-01
1.633015950520833315e-01
-2.238879055447048627e-01
6.551382785373264239e-01
-2.881843058268229174e-01
7.570605807834202006e-02
2.071374681260850781e-01
1.858068678114149219e-01
-1.006117841932508694e-01
1.700773790147569464e-01
2.142022196451822957e-01
-4.018348185221354285e-01
-6.615082465277777324e-01
-1.094162326388888884e-01
-3.570649210611979152e-01
-3.717408074273003543e-02
2.680470954047309284e-01
-2.383387756347656317e-01
9.587715148925780861e-02
-2.908395724826388640e-01
3.181440226236978974e-01
-3.396049923366970674e-02
-2.519529385036892166e-01
4.165244208441840068e-01
3.370895724826388773e-01
7.014835781521266966e-02
nan
nan
nan
nan
1.164201609293619849e-01
-2.472505187988281172e-01
2.350974697536892255e-01
-1.455921427408854163e-01
-1.546048990885416641e-01
2.055493842230902701e-01
1.460226101345486194e-01
3.526338365342882031e-01
-3.477618408203124734e-01
2.359193929036458304e-01
-6.366045633951822325e-02
1.959324476453992991e-01
-2.725809054904513862e-01
6.282170952690971921e-01
4.558911471896701650e-01
-2.068180168999566026e-01
6.332644314236111072e-01
4.023770650227864731e-02
-1.857451968722873339e-02
4.644248114691840179e-01
7.260223388671875611e-02
3.412044270833333171e-01
-2.622570461697048549e-01
2.004969448513454766e-01
-6.239584011501736471e-01
-5.659861246744791741e-01
-9.105968051486544590e-02
-2.438598632812500056e-01
nan
nan
nan
nan
-3.787187364366319531e-01
-4.496876695421007097e-01
-4.963365003797742814e-01
-3.070490180121527857e-01
7.219101799858941571e-02
9.023623148600259936e-02
-1.106180318196614554e-01
1.846859063042534665e-01
-4.984824625651041452e-01
-5.319640689425998020e-02
1.760422092013888828e-01
3.251747300889756831e-01
9.771455552842882308e-02
4.223610348171658035e-02
-4.138689507378472410e-01
1.599042934841579944e-01
7.989548577202690294e-02
-1.216179148356119760e-01
4.271748182508680602e-01
-8.149927775065103630e-02
6.311889224582248326e-02
7.581213315327962367e-03
-3.061165025499131831e-01
2.232260301378038159e-01
1.511954922146267477e-01
-1.581420728895399364e-01
-1.403101009792751819e-01
4.346621365017361294e-01
nan
nan
nan
nan
3.354356892903646026e-01
-2.109494018554687600e-01
5.105812581380207993e-01
2.220765686035156283e-01
-5.643024709489610682e-04
-3.577728610568576273e-01
-7.154173956976996041e-02
3.522122192382812766e-01
1.588117811414930525e-01
-2.488156297471788292e-01
-2.705529446072048594e-01
2.304733784993489576e-01
-3.541350979275173505e-01
-7.521811252170138573e-01
-1.820466274685329788e-01
-4.441762966579861360e-01
4.064491441514757053e-01
6.234901936848958881e-01
-4.508964029947916674e-01
1.076251475016276049e-01
4.548208618164062411e-01
-3.282929823133680647e-01
-1.594563802083333315e-01
6.945085313585069864e-01
4.975069986979166359e+00
-1.975708685980902823e-01
-1.055183241102430614e-01
2.625079854329426809e-01
nan
nan
nan
nan
-3.994278632269965268e-01
-9.900044759114583204e-02
-2.885135904947916941e-01
2.791039360894096988e-01
4.453792995876736105e-02
-7.723915100097655806e-02
-1.904776170518663325e-01
-3.696500311957465201e-01
-2.245235866970486105e-01
5.107381523980034643e-01
-3.714799669053819309e-01
4.848140716552734597e-02
-2.059217834472656383e-01
-2.151171366373697824e-01
7.896084255642360494e-02
1.932944742838541563e-01
-2.287558322482639017e-01
1.062710147433810759e-01
1.443953959147135369e-01
-3.410583496093749778e-01
2.530837164984808818e-01
2.174329460991753504e-01
-1.293068271213107523e-01
-1.932155185275607756e-01
1.793402947319878427e-01
1.050278727213541652e-01
1.579901292588975770e-01
-4.513512166341145937e-01
nan
nan
nan
nan
-1.333235422770182310e-01
-9.961792839898003793e-02
-8.674709065755208393e-01
-1.009472741021050363e-01
3.490730116102430669e-01
5.181270005967881787e-01
-1.193835873074001741e-01
-4.383157687717013640e-01
5.298712187343173436e-04
-5.378928629557291341e-01
-9.646610514322916385e-01
1.999074978298611138e-01
-5.737066650390625355e-01
3.245343695746527590e-01
-4.618885464138455105e-02
-4.835698784722222143e-01
3.850539482964409621e-01
2.046502346462673594e-01
4.112327999538845785e-02
5.940331353081597099e-01
-2.975960625542534710e-01
-1.937692769368489498e-01
4.411547512478298794e-01
-1.072179073757595497e-01
3.102315266927083148e-01
3.043887032402886259e-02
-1.165234798855251802e-01
2.347591824001735994e-01
nan
nan
nan
nan
-6.043549855550130190e-02
1.205247137281629730e-02
-6.546204460991753016e-02
4.034849670198228477e-04
-4.740012953016493058e-01
7.208550347222222321e-01
-3.045192803276909888e-01
-1.758904690212673705e-01
6.220809512668185742e-02
-3.434878031412760130e-02
2.901139322916666541e-01
-2.130872302585178069e-02
-3.062536621093749911e-01
-8.244909667968749467e-01
2.171651204427083315e-01
2.190828789605034632e-01
-7.244032118055555858e-02
4.470928192138672042e-02
5.177248467339409244e-01
-1.916108364529079955e-01
6.210555182562933763e-02
2.291721259223090390e-01
-3.774502224392360938e-01
-3.197966172960069464e-01
5.096693589952256964e-01
1.302626630995008805e-01
-7.702536688910589791e-02
-5.109914143880208565e-02
nan
nan
nan
nan
3.839838663736979130e-01
-1.599046325683593783e-01
8.079088846842448490e-02
3.080272420247395782e-01
-2.022916158040364426e-02
-1.399624972873263762e-01
-1.012305111355251697e-01
-1.133858362833658866e-02
-5.273491075303819997e-01
-2.838635423448350736e-01
2.416311645507812633e-01
2.008236524793836908e-01
2.721659554375542578e-02
-2.686015235053168526e-02
-1.366759067111545101e-01
-4.019500393337673838e-01
-4.952580091688368324e-01
3.355561659071180647e-01
-1.608049858940972243e-01
8.550827026367187333e-02
2.042185295952690938e-01
1.900938585069444353e-01
-9.865180121527777901e-02
-1.874581739637586897e-01
-4.209366861979166874e-01
2.875330448150634818e-03
-9.865310457017686246e-03
4.001756456163194642e-01
nan
nan
nan
nan
-4.255291748046874933e-01
-1.885695224338107545e-01
7.860797797309028168e-01
2.058051045735677098e-01
-1.607469346788194531e-01
-3.454141574435763973e-01
-4.202127753363715246e-01
1.543762376573350747e-01
-3.323845121595594282e-02
2.668349711100260202e-01
-1.056275367736816441e-02
2.084333462185329888e-01
9.454719543457031083e-02
4.797395494249132031e-01
6.730783250596787844e-03
3.504896714952256964e-01
-1.876848347981770748e-01
5.712455240885416785e-01
-2.101355997721354174e-01
8.694979349772134769e-02
8.283934699164496873e-02
1.863940938313801976e-01
-1.989667087131076484e-01
5.156044006347656333e-02
-2.059025065104166663e-01
3.616302490234374889e-01
9.121202935112847632e-01
-1.789518144395616309e-02
nan
nan
nan
nan
-2.168278672960069486e-01
4.938398234049479196e-01
-1.039740498860677043e-01
2.006083509657118069e-01
1.637313842773437389e-01
1.855934651692708326e-01
-4.062777370876736183e-01
-2.364486355251736172e-01
7.629893663194444731e-01
5.839516194661458215e-01
6.325437418619791474e-01
4.723678249782986005e-01
2.602224053276909754e-01
-2.239747619628906228e-01
-2.865282482571071890e-02
-3.580240207248263640e-01
5.212027761671278285e-03
8.913529290093316626e-02
-7.960211181640625133e-01
-7.977765401204427176e-02
-4.306855265299479041e-01
3.224060397677951384e-01
-1.610932413736979041e-01
-1.062783347235785568e-02
-3.261736043294271026e-01
-3.343734741210937500e-01
-4.542722235785590090e-01
-2.552902391221787970e-01
nan
nan
nan
nan
3.166519843207465379e-01
7.898528205023871984e-02
7.644349839952256642e-02
-1.973439364963107678e-01
-3.863601345486111227e-01
-5.574206542968750400e-01
-1.514552476671006953e-01
-3.143360731336805602e-01
-5.790228525797525699e-02
-5.488382975260416297e-01
4.403215874565972188e-01
-2.436423238118489709e-01
4.664851888020833393e-01
-1.408397420247395893e-01
-2.129008483886718761e-01
-2.490937466091579788e-01
-5.688799964057074388e-02
-1.845757378472222265e-01
3.894516097174750228e-03
-4.922165340847439036e-02
-5.647063869900174060e-01
2.725510999891492814e-01
1.821963670518663148e-01
3.633103095160590268e-01
2.103397115071614643e-01
1.479935709635416652e+00
2.024195692274305625e+00
4.482770453559027923e-01
nan
nan
nan
nan
-2.275745985243055602e-01
2.975024074978298572e-01
2.549088372124566071e-01
-1.476219177246093639e-01
2.861679416232638662e-01
-3.620870802137586553e-02
7.223321066962348422e-03
1.235698869493272595e-01
1.746480475531684007e-01
-4.589335462782118125e-01
-1.289434475368923527e-01
-3.814937337239583393e-01
-2.362451341417100559e-01
-8.530720180935329189e-02
1.110057101779513999e+00
-8.791763305664063166e-02
-4.429415808783637026e-02
-4.432943386501735916e-01
-4.831083170572916807e-01
-7.954491509331597376e-02
2.116271124945746651e-01
-2.166984049479166730e-01
-1.663813103569878604e-01
1.835920545789930525e-01
-6.641972011990017466e-02
2.200051879882812533e-01
-3.496449788411458148e-01
1.718623691134982534e-01
nan
nan
nan
nan
-7.350282457139756254e-02
2.846028306749132097e-01
3.333276706271701140e-01
4.011819797092013862e-01
2.812087673611110894e+00
nan
2.284624837239583428e+00
-5.334531656901041474e-01
-8.397802056206596921e-01
2.068032328287760513e-01
-3.886600918240017133e-02
-4.270015292697482839e-02
9.687698364257812944e-02
-2.777814059787326317e-01
-3.997195773654513840e-01
1.691022745768229196e-01
1.162440088060167145e-02
-4.303497314453125222e-02
3.513490464952256920e-01
-4.176978895399305336e-01
4.358066474066840112e-01
1.065482838948567657e-01
-4.641577932569715924e-03
2.061672295464409832e-01
3.455433146158854441e-01
7.745005289713541470e-03
2.497698465983072824e-01
9.872447543674045534e-02
nan
nan
