nan
nan
1.767022874620225725e-01
4.007710774739583481e-01
-2.333166842990451462e-01
3.021699015299479374e-01
2.839305962456597499e-01
1.398580508761935737e-01
7.804756164550781528e-02
5.635822296142577875e-02
-2.877453613281250044e-01
-2.310040961371527812e-01
5.276936425103081335e-02
3.457240422566731919e-02
3.775119696723090446e-01
-9.237362331814236160e-02
4.468582153320312389e-01
-4.296323564317491156e-02
-8.731678432888455299e-02
2.507803969913059011e-03
2.379497273763020726e-01
3.741816880967882009e-01
4.762015448676215068e-01
-2.112648010253906361e-01
6.777912733289930269e-01
3.785850694444444220e-01
3.084159003363715068e-01
2.830587293836805518e+00
-5.264592064751519307e-02
5.400805664062500178e-01
nan
nan
nan
nan
3.160694970024956890e-02
-3.133443874782986249e-01
-2.220061196221245758e-02
3.062903510199652818e-02
-1.627834065755208448e-01
-5.905221218532986649e-01
3.895401679144965268e-01
-1.245424482557508650e-01
2.537103271484374978e-01
-1.780260213216145748e-01
2.106285773383246573e-01
6.950618489583333393e-01
-1.262489912245008672e-01
1.035144890679253471e-01
-3.611583455403645782e-01
-9.074805365668402179e-02
2.606278143988715046e-01
-2.298702324761284776e-01
-3.959561835394965201e-01
2.131603426403469535e-03
-4.468864440917968972e-02
1.372697279188367925e-01
3.244022284613715112e-01
-2.865362548828124800e-01
3.127221849229600698e-02
1.481026373969183962e-01
-4.394000922309027612e-01
5.578442382812499600e-01
nan
nan
nan
nan
-6.398999023437500488e-01
3.836317613389756964e-01
2.649802483452691204e-01
3.824493408203125111e-01
-2.572419569227430425e-01
-2.359725443522135424e-01
-6.016847822401258719e-03
1.253597089979383572e-01
2.579589335123698146e-01
4.923281182183159577e-01
-1.758989630805121440e-01
1.333555327521430099e-02
1.269110022650824787e-01
-1.277982754177517388e-01
-1.529115888807508657e-02
-9.699495103624132530e-03
-2.046783108181423616e-01
-3.735857221815321039e-02
1.063063897026909760e-01
-3.291661241319444597e-01
3.345540703667534976e-01
2.506918589274088546e-02
-3.285850694444444331e-01
1.898401387532551998e-01
4.499451700846354152e-01
-4.545774671766493191e-01
-1.221087455749511781e-02
4.223182169596353952e-01
nan
nan
nan
nan
-1.854369608561197980e-01
1.160154215494791641e-01
-2.041160074869791674e-01
-5.793625895182291652e-01
4.685684543185764106e-01
2.976083713107638973e-01
-1.976841608683268386e-02
4.160148790147569220e-01
-2.072953287760416763e-01
-8.487990485297308707e-02
4.229265001085069642e-01
3.715470208062066071e-02
-3.638880750868055403e-01
3.185453626844617775e-02
-9.411561754014757461e-03
-4.787819417317708548e-01
3.330437130398220674e-02
3.288805813259548794e-01
-3.667629665798611271e-01
-4.219538370768229352e-01
2.097916709052191978e-02
-2.444555155436198002e-01
-5.171078999837239870e-02
-6.528740776909722765e-01
2.203614298502604152e-01
-2.940961371527777701e-01
4.988914065890841937e-02
1.906025187174479052e-01
nan
nan
nan
nan
3.127484130859374822e-01
-8.293853759765625056e-02
3.710406833224826340e-01
4.699541558159722188e-01
-2.355067104763454988e-01
2.326556947496202093e-02
-2.463760715060763773e-01
-1.643024190266927087e-01
-2.003047010633680625e-01
2.125922309027777901e-02
2.650112745496961963e-01
5.146492428249783285e-02
3.587307061089409776e-01
-1.662769911024305491e-01
2.668719821506076451e-01
-5.994250488281249734e-01
-7.388129234313965156e-03
1.154516262478298555e-01
1.770806206597222154e-01
6.787048339843749778e-01
6.102723439534505495e-02
3.171530490451389128e-01
2.436151462131076473e-01
-1.642350260416666763e-01
-2.983657158745659510e-01
1.549366082085503471e-01
4.587580362955729352e-01
-4.651377699110242903e-01
nan
nan
nan
nan
4.907893541124132009e-01
-4.911709933810763928e-01
1.456886800130208215e-01
-3.691485595703125067e-01
-4.144160376654731220e-02
-3.809844970703125250e-02
-6.879080666436089564e-03
2.588887532552083259e-01
-4.094025675455729152e-01
-1.589360385470920123e-01
-7.808122422960069031e-02
3.832392035590277968e-01
-2.810055033365885246e-01
-6.856885486178927909e-03
6.497318522135416829e-01
-1.225087314181857595e-01
5.043069797092013529e-01
4.326140340169271070e-01
-7.159866672092013440e-01
1.435910542805989565e-01
3.402736748589409999e-01
1.797051154242621518e-01
-2.994422403971354063e-01
2.180406019422743147e-01
1.806945461697048727e-01
-2.864847140842013973e-01
9.273015340169270260e-02
1.329644266764322957e-01
nan
nan
nan
nan
1.518564012315538059e-01
4.604530164930555336e-01
2.528927442762586852e-01
3.686629909939236338e-01
-6.515120612250434318e-02
3.125621880425347165e-01
2.008966403537326417e-01
3.134755791558159754e-01
-1.878814697265625000e-01
3.477068752712673683e-01
3.457978651258680758e-01
2.181144714355468806e-01
-1.022930230034722193e-01
-1.895579189724392322e-01
2.344813876681857701e-01
-2.130475441614786570e-03
-2.274460008409288081e-01
2.332663642035590415e-02
1.627116733127170201e-01
-1.619434102376302032e-01
2.053102281358507031e-01
-5.406452094184027724e-01
6.117399003770616212e-02
3.409567938910590401e-01
-1.779353841145833448e-01
-3.483358425564236360e-01
2.535790337456597099e-01
-2.382520039876302176e-01
nan
nan
nan
nan
7.581033494737413059e-02
2.492809041341145782e-01
-1.833232455783420298e-02
-6.007258097330728935e-02
-1.281925455729166774e-01
-3.256247838338215822e-02
-1.406862470838758650e-01
-3.059600490993923394e-01
-8.785212198893228852e-02
-1.862890794542100825e-01
1.271937900119357590e-01
-1.893790181477864598e-01
-3.452407836914062750e-02
8.590456644694009769e-02
9.725743611653646370e-02
-3.788494110107421681e-02
1.355624389648437400e-01
-2.155002848307291663e-01
-4.687805175781249722e-02
6.126702880859374867e-01
-4.716996934678819309e-01
3.234310913085937655e-01
1.076001654730902729e-01
2.279972669813367936e-01
-5.282616933186849023e-02
1.252060699462890503e-01
1.376042768690321216e-01
-8.632748921712239676e-02
nan
nan
nan
nan
-5.256449381510416297e-01
-2.667887030707465357e-01
4.276536390516493258e-01
9.347418891059028345e-02
-1.015999433729383727e-01
7.921421305338541829e-01
-3.133657158745659643e-01
3.227216932508680802e-01
-2.072858683268229141e-01
1.879604085286458448e-01
5.108076985677083570e-01
7.412477620442707860e-01
3.873992580837673505e-01
-1.466870964898003560e-01
6.443447113037109597e-02
3.023364935980902835e-01
7.577051459418402413e-01
2.615974426269531208e-02
2.678279452853732368e-01
-3.908026123046874911e-01
3.994093492296006964e-01
2.028223503960503438e-01
1.919534810384114498e-01
3.782413736979166607e-01
7.940504286024305802e-01
-5.143526204427083526e-01
-1.507381693522135413e-01
-9.804651557074652857e-01
nan
nan
nan
nan
-5.565498521592882053e-01
3.277565850151909488e-01
3.027960671318901884e-02
2.080412122938368191e-01
3.120096503363715135e-01
5.481207529703775727e-02
7.308484564887153256e-01
-1.946452162000868180e-01
4.066105143229166718e-01
-3.898973592122395582e-01
2.961997773912217885e-02
-1.604659356011284843e-01
-2.666796705457899486e-01
-5.604270426432291785e-01
5.145826975504557560e-02
4.184401109483507075e-01
1.893300713433159754e-01
-1.491264851888020881e-01
5.721170213487412892e-02
2.354180441962348130e-02
1.279418860541449710e-01
2.275017632378472099e-01
3.336343383789062700e-01
-1.295518154568142399e-01
3.255379570855034821e-01
1.413653394911024430e-01
-3.185422431098090534e-01
7.061910417344835489e-02
nan
nan
nan
nan
-3.829543728298611116e-01
1.529352993435329766e-01
2.062290615505642244e-01
5.006351047092013618e-01
-1.190645684136284743e-01
9.287625630696615120e-02
3.237562052408854418e-01
2.669940016004774264e-01
9.059193929036458981e-02
-2.519220564100477580e-02
1.866124810112847199e-01
5.659686194525824499e-02
3.550616455078124956e-01
4.072227647569444664e-01
1.965681711832682407e-02
4.213076443142361183e-01
1.832009718153211897e-01
-7.240787760416667052e-01
4.477545420328776088e-02
7.430971781412760990e-02
-4.439442274305555602e-01
-2.916394721137152701e-01
-5.519945949978298794e-01
-4.553759765625000067e-01
-3.261717393663194353e-01
1.595330301920572791e-01
-2.857138739691840179e-01
-1.121647898356119832e-01
nan
nan
nan
nan
-8.835185411241319731e-01
5.069246888160705480e-04
1.975608317057291619e-01
7.496191660563151192e-03
1.097969902886284654e-01
-5.373411814371744505e-02
4.816180419921874956e-01
-3.465236070421006676e-01
1.858148871527777746e-01
2.021928236219618091e-01
4.011328124999999911e-01
3.585966322157118080e-01
-2.568706088595920298e-02
-2.369322246975369070e-02
-8.563714769151475892e-02
5.759127404954698416e-03
-4.150630696614583393e-01
-1.744855075412326262e-01
-2.932431708441840534e-01
3.252971013387044585e-02
1.591104125976562367e-01
-2.947926839192708259e-01
-3.623978678385416652e-01
-4.514832899305555314e-01
5.585460662841797153e-02
6.336549207899305758e-01
-2.132904222276475747e-01
-2.822035217285156494e-01
nan
nan
nan
nan
-2.741902669270833148e-01
-3.433973185221353974e-01
2.709615241156684284e-01
1.015476955837673501e+00
-1.948986816406249878e-01
3.225756835937499956e-01
2.310180155436197813e-01
-4.983193969726562589e-01
-2.419754240247938212e-02
-2.233357916937933896e-01
-2.092357720269097110e-01
3.259701538085937322e-01
-2.095775010850694509e-01
1.702693854437934140e-01
2.598818630642361072e-01
9.880258348253037615e-02
-1.204370032416449687e-01
4.384681871202256720e-01
5.738197157118055669e-01
-6.345367431640625000e-01
-2.587284172905816026e-01
-2.452664015028211686e-01
-1.662079026963975692e-01
1.890040588378906206e-01
3.565621270073784932e-01
-2.199925910101996618e-01
5.475742022196451730e-03
6.049248589409722543e-01
nan
nan
nan
nan
3.317433887057834319e-02
2.473652309841579966e-02
6.062010362413194908e-01
-4.648306952582464957e-02
1.922345140245225736e-01
-1.967713928222656339e-01
-1.689267370435926577e-02
1.372298516167534677e-01
1.901227145724826428e-01
-2.954219563802083504e-01
3.102416653103298727e-01
3.643078613281249822e-01
1.790056559244791679e+00
-4.692407819959852622e-02
-1.599029117160373145e-02
-2.804155646430121496e-01
5.061928982204860761e-01
-4.999455091688367880e-01
-1.407066006130642255e-01
2.444783189561632042e-01
5.552527872721354507e-01
2.959882609049478974e-01
-1.585227796766492947e-01
-2.589414299858940893e-01
1.235765753851996579e-01
1.265978580050998170e-01
5.087703789605034776e-01
6.157024807400173633e-02
nan
nan
nan
nan
3.453843519422742925e-01
2.101258511013454899e-01
3.913851250542534910e-01
-4.993651665581597121e-01
5.195406172010633844e-02
4.551682535807291541e-01
2.914316813151041630e-01
1.029577891031901032e-01
1.863015238444010457e-01
1.692516411675347165e-01
3.139241197374131875e-01
-1.857203801472981711e-02
4.655912272135416807e-01
3.472414143880208082e-01
1.588328213161892266e-01
2.231355624728732501e-01
3.963548787434895693e-01
6.593390570746527901e-01
-2.206839667426215360e-02
-2.790229585435655482e-02
-6.304080963134765792e-02
5.708843655056423938e-02
1.498226589626736049e-01
4.009879557291666785e-01
3.442772894965277608e+00
1.565898844401041767e+00
-1.300558386908637065e-01
4.707277086046006698e-01
nan
nan
nan
nan
-6.847153557671441237e-02
-2.580662706163194264e-01
-4.698018052842882208e-01
-9.253342522515191348e-02
4.706715901692708481e-01
4.487567816840277724e-01
2.297918192545573002e-01
-6.322043948703341687e-02
-3.948570081922743169e-01
1.071562110053168454e-01
3.680931599934895715e-01
-3.056365966796875111e-01
7.352967156304253404e-02
1.039630126953124956e-01
-2.236432902018229141e-01
-1.790082719590928989e-02
-1.831456332736545178e-01
-3.722235107421875133e-01
-1.100827704535590340e-01
1.886312484741210771e-02
1.742334832085503382e-01
1.463800048828124978e-01
-2.801625400119357456e-01
-1.940791151258680625e-01
2.223375786675347299e-01
1.042440032958984325e-01
2.279837883843315871e-01
7.271917724609374689e-01
nan
nan
nan
nan
-5.779087320963541829e-01
1.991777716742621496e-01
2.871500990125868125e-01
4.935225423177083126e-01
2.373046366373697813e-01
5.031303575303819331e-01
1.358739810519748181e-01
-2.728268093532986230e-02
-6.194393157958984208e-02
4.018643697102864537e-02
-3.175672064887152812e-01
2.191856723361545189e-01
-5.867862701416015625e-02
-2.883388604058159665e-01
-6.009966532389322824e-02
-9.604608747694226567e-03
2.074317423502604063e-01
5.822762044270833881e-01
1.895259772406684140e-01
-2.786219278971354130e-01
-2.194572279188368169e-01
1.555457899305555669e-01
8.761877271864149108e-02
1.154624176025390581e-01
-1.578370836046006920e-01
1.374318186442057277e-01
-4.027979532877604130e-01
4.076664225260416829e-01
nan
nan
nan
nan
-2.384420606825086719e-01
2.853425767686632031e-01
3.236173163519965312e-01
-3.226973130967881742e-01
7.263973659939236549e-02
-2.928569539388020671e-01
1.183806694878472288e-01
6.166533745659722454e-01
1.130288526746961869e-01
2.636951700846354441e-01
1.930867513020833315e-01
-1.719383748372395881e-01
3.959700520833333570e-01
-2.192218695746527835e-01
-5.498914252387152590e-01
2.007106696234809140e-01
1.335397508409288114e-01
-1.245621151394314258e-01
-2.589360385470920178e-01
5.005790879991319775e-01
4.086226060655381853e-01
-5.175671047634548827e-03
-2.142936028374566038e-01
-2.317074754503038181e-01
-2.422801886664496529e-01
-7.311519198947483145e-02
-8.674958970811631753e-02
-4.845251125759548749e-01
nan
nan
nan
nan
-2.772557067871093683e-01
-2.659138785468207616e-02
1.758610195583767410e-01
4.936764611138237668e-02
1.179483625623914955e-01
-2.968444485134548727e-01
4.102920532226562306e-02
-7.576085408528646092e-02
1.161206563313802037e-01
-4.268569268120659954e-01
-4.075093587239583121e-02
1.193105061848958280e-02
1.603068542480468872e-01
-2.667512173122829622e-01
3.615936279296875222e-01
-1.895533413357204933e-01
2.243735758463541730e-01
4.107259792751736249e-01
8.988782246907552065e-02
1.067004818386501769e-01
3.408969455295138840e-01
3.834188842773437744e-01
-6.461034880744086217e-03
7.270884874131944287e-01
-8.278881496853299216e-02
-9.006667243109808818e-02
-2.157799784342447902e-01
3.165174018012152923e-01
nan
nan
nan
nan
1.669576517740885280e-01
2.145780944824218772e-01
-2.680922105577256964e-01
-4.806281873914930447e-01
-3.532519870334201451e-01
-1.410043822394477057e-02
6.468391842312283535e-02
5.860648685031467214e-02
1.402643500434027912e-01
2.356413608127170267e-01
-2.619042121039496518e-01
3.190539550781250067e-01
-2.178852505154079966e-01
-4.119683837890624756e-01
-8.978858100043403401e-02
6.603965335422092020e-02
2.630026923285590512e-01
-3.139165581597222476e-01
-1.871879408094618003e-01
3.494529893663194664e-01
-2.518569437662760424e-01
2.831800503200954666e-01
-9.583356221516926843e-02
2.753449503580729374e-01
3.743016560872395870e-01
-3.181225246853298660e-01
-3.089587741427951562e-01
-1.247248755560980971e-01
nan
nan
nan
nan
9.722614203559027946e-01
2.083786180284288303e-01
1.739533996582031117e-01
-2.378723822699652657e-01
-4.024333699544270782e-01
1.451744927300347154e-01
2.877287801106770959e-01
-4.722809176974826495e-01
1.252792104085286573e-01
3.233636135525173594e-01
8.429587809244791785e-01
5.143989054361979285e-01
-1.770512729220920234e-01
8.912328932020399663e-02
1.646823967827691082e-01
-4.493481784396701206e-01
1.162430657280816015e-01
-5.739177280002170228e-02
-2.041712782118055569e-01
1.347603098551432288e-01
1.149358219570583740e-02
-7.992354498969184151e-02
-2.528135681152343661e-01
-5.135031467013888573e-01
-4.277998860677083570e-01
3.387067582872179024e-03
-1.235172271728515597e-01
7.568091498480902790e-02
nan
nan
nan
nan
1.930917867024739554e-01
-1.064289262559678789e-01
-2.212489446004231933e-02
-2.727200317382812433e-01
2.524322509765625222e-01
9.188021341959635990e-02
9.330106099446613954e-02
-1.409564378526475814e-01
-3.556625366210937611e-01
-1.767182583279079955e-01
2.860253906249999867e-01
-3.654630025227864620e-02
-6.009139675564235672e-01
9.239978366427951950e-02
3.920960150824652768e-01
-4.208580186631944442e-01
3.435828314887152679e-01
3.452763197157118213e-01
4.463504706488715112e-01
-2.050917222764757075e-01
5.705080837673610628e-01
-5.453468153211805669e-01
4.361276245117187700e-01
5.552435980902777762e-02
1.810937160915798705e-01
2.541472710503472232e+00
1.508536512586805545e+00
4.425649007161458481e-01
nan
nan
nan
nan
-1.793107604980468672e-01
-1.042496575249566015e-01
1.507033454047309040e-01
2.237801445855034654e-01
-1.694095187717013784e-01
-4.656907484266493147e-01
-3.518900977240668748e-02
-4.692498524983723662e-02
2.808222452799479241e-01
-6.095184750027126536e-02
-2.273491923014323013e-01
-5.910087585449218944e-02
3.330838012695312433e-01
-4.517473687065972077e-01
7.735217285156249512e-01
3.677346123589409488e-01
-2.365934244791666752e-01
4.159576755099826384e-01
-1.387520853678385346e-01
8.387786865234374556e-01
-4.598542616102430647e-01
-2.278041754828558918e-01
2.378452216254340335e-01
-7.028202989366318931e-01
-3.747075059678819375e-01
5.041676500108507319e-01
-1.897779676649305469e-01
-3.053608194986979218e-01
nan
nan
nan
nan
-4.010135565863715001e-01
-6.039135742187500266e-01
-4.455072191026475392e-02
1.460975646972656194e-01
3.414447970920138964e+00
nan
2.472604980468750213e+00
-4.301626925998263684e-01
-1.548293558756510535e-01
-2.116028171115451328e-01
-2.346028137207031294e-01
-1.199355231391059096e-01
5.457726796468098662e-02
4.399186876085069420e-01
5.291450670030382053e-01
1.970552571614583304e-01
-2.431689453124999956e-01
-2.368152364095052198e-01
2.446300252278645893e-01
2.356961568196614676e-01
-2.161775037977430591e-01
1.080805799696180625e-01
-8.513943990071615175e-02
-7.366223653157552564e-02
2.098818461100260546e-01
-4.007863701714409754e-01
3.895671929253472499e-01
3.740468682183159532e-01
nan
nan
