nan
nan
-4.518488566080728908e-01
6.159714084201388662e-01
-4.583408949110243102e-01
-8.089147779676648942e-02
-1.497494061787923124e-02
2.086930508083767455e-01
-4.766084882948133650e-02
-6.762055799696180536e-01
-9.086793263753254607e-03
1.878702799479166630e-01
-1.848640950520833437e-01
2.366895209418402868e-01
-1.445378621419270704e-01
3.466974682278103209e-02
2.313959757486979199e-02
-3.996981472439236072e-01
-3.459480794270833326e-01
3.542050849066840090e-01
2.226961135864257910e-02
2.386908298068576295e-01
4.831424289279513951e-01
2.263780042860243091e-01
2.115204196506076384e-01
-9.211254882812499600e-01
9.710823059082031306e-02
5.348146701388889035e+00
-4.616693284776475503e-02
-6.522099473741319597e-01
nan
nan
nan
nan
-2.844373236762152701e-01
5.136612616644965490e-01
3.313372802734375067e-01
1.008726077609592015e-01
-1.323805575900607601e-01
4.142636108398437544e-01
3.216310289171007142e-01
-2.261288113064236216e-01
-2.030942789713541530e-01
-4.165144602457682144e-02
3.266565619574652857e-01
-2.441752285427517266e-01
2.109379916720920123e-01
3.714819166395399302e-02
5.450507693820529770e-02
-9.820393880208333481e-02
-2.115379163953993169e-01
-7.585908677842881365e-02
8.256706237792968417e-02
4.495144992404513928e-01
8.591143290201823379e-02
-1.368558671739366316e-02
1.039607238769531261e-01
2.685961066351996718e-01
7.907880995008680358e-01
-8.923801845974392577e-02
-2.919501410590277790e-01
-1.806763203938802076e-01
nan
nan
nan
nan
1.486237589518229207e-01
3.860635036892360872e-01
3.605755954318576317e-01
6.085236867268880440e-02
3.886085934109158313e-02
3.726490953233507208e-01
7.804210069444444953e-01
-3.570893012152777657e-01
1.199510701497395887e-01
-2.186278957790798727e-01
-1.969722112019856725e-02
-2.774105326334635468e-01
3.572611829969618014e-01
-3.126937527126736338e-01
3.246435885959201295e-01
7.802212185329861216e-02
4.396049075656466992e-02
-2.065919494628906117e-01
-8.234851752387152279e-01
-2.472570970323350603e-01
-1.465937127007378438e-01
-5.498658582899305092e-01
4.602607218424479285e-01
1.733015590243869308e-02
1.921504720052083226e-01
8.969011094835069309e-02
-1.262282562255859497e-01
3.398580254448784754e-01
nan
nan
nan
nan
4.060775756835937611e-01
-1.280055321587456607e-01
-4.628447638617621401e-02
-1.782623969184027879e-01
4.273541937934027812e-01
3.170181274414062278e-01
-5.275654432508680713e-01
2.944501410590277812e-01
9.545876397026910321e-02
6.257735866970486338e-01
4.091532050238715357e-01
3.333990817599826184e-01
3.372104899088541607e-01
8.305746120876735805e-01
1.829238679673936621e-02
3.096124267578124756e-01
-5.971666124131944642e-01
3.687845865885416852e-01
-4.270670233832465357e-01
6.179771592881944109e-01
1.751924981011284688e-01
5.297847832573784332e-01
-1.063603973388671936e-01
-1.772498406304253427e-01
-4.703426445855034554e-01
-9.059010823567707760e-02
3.543078369564480433e-03
-4.722441779242621263e-02
nan
nan
nan
nan
-5.795096164279514017e-01
-2.425034925672742980e-01
2.054185443454318444e-02
4.972909545898437367e-01
-3.842039659288194464e-01
1.211651611328125044e-01
-1.180853101942274247e-01
-1.820464070638020959e-01
-2.345541042751736194e-01
7.932128906249999445e-02
-1.648187425401475559e-01
-1.073600175645616356e-01
2.292045423719618058e-01
-2.574727376302083370e-01
-8.403177897135416519e-02
-3.653495619032118280e-01
3.321792941623263884e-01
1.604198879665798549e-01
-2.737231572469075655e-02
-1.240969340006510373e-02
-2.044527350531684107e-01
3.964700910780164650e-02
-2.726663377549913211e-02
-2.450732919904920638e-03
4.612234751383463560e-02
1.981329006618923749e-01
-2.311068895128038092e-01
6.015192328559028079e-01
nan
nan
nan
nan
2.653811577690972090e+00
-3.366459486219617880e-01
-1.964804416232638906e-01
-4.215899573432074776e-02
2.604420132107204688e-01
-4.010720486111111205e-01
-4.878220452202691043e-02
-9.293463134765624911e-01
6.125612386067708082e-01
-4.337380303276909543e-02
-7.196693929036458437e-01
3.317572699652777679e-01
-3.769425794813368036e-01
3.424381849500868213e-01
4.117702907986111049e-01
-5.799646674262153301e-01
-7.439345465766059040e-02
2.020809427897135302e-01
4.183753458658854285e-01
4.360788133409287948e-03
-3.962665134006076451e-01
1.175443861219618025e-01
1.312115139431423681e-02
-1.465249125162760291e-01
4.263302612304687433e-01
-7.698007371690537837e-02
-7.940989176432292074e-02
-4.354114447699652946e-01
nan
nan
nan
nan
-2.376367696126302220e-01
-4.713968573676215468e-01
3.134561326768663114e-02
1.702117919921875000e-01
9.741800944010416130e-02
5.788488176133897711e-02
-2.977054511176215335e-01
-5.799143473307292185e-01
2.299245368109809062e-01
2.556814744737413436e-01
9.184747483995225892e-02
-5.284793429904514062e-01
1.431371900770399275e-01
1.643123372395833282e-01
-8.343811035156249722e-02
-1.723503621419270881e-01
6.510746934678819375e-01
4.463353157043456997e-03
3.670953369140624867e-01
1.429325358072916774e-01
-4.809700859917534488e-01
1.501649136013454844e-01
3.627207014295789900e-02
-1.465642971462673694e-01
-8.860637240939669979e-02
-1.444569736056857678e-01
2.827562459309895804e-01
-2.467406378851996485e-01
nan
nan
nan
nan
-1.018312581380208387e-01
7.948570251464844028e-02
-4.703591579861111094e-01
-1.043530358208550335e-01
-3.237038167317708437e-01
-1.213220214843750006e-01
4.071404012044270715e-01
4.244963582356771070e-01
-4.061915503607856082e-02
-2.172869194878472299e-01
-1.550116305881076295e-01
-3.737768893771701295e-01
-7.109570990668402368e-01
-2.243504333496093850e-01
-4.084353976779513812e-02
2.255852423773871407e-01
3.670753648546006831e-01
-8.249600728352864121e-02
1.723237948947482501e-01
-6.397223578559028123e-01
2.482413397894965290e-01
-2.031363423665364654e-01
-2.091157870822482612e-01
6.765492757161458703e-01
2.188691711425781172e-01
-2.359668943617079101e-02
3.506316799587673727e-01
-2.260065884060329933e-01
nan
nan
nan
nan
-3.739104546440972232e-01
-4.831095801459418110e-02
2.106896633572048483e-01
-5.150063069661457993e-01
-3.280565388997395693e-01
3.494996134440104263e-01
8.714327494303385213e-02
1.326112111409505183e-02
-4.295368448893229218e-01
4.336964077419704772e-02
-5.981351725260416474e-01
8.406622992621527735e-02
2.652097235785590423e-01
-4.595383368598090490e-01
-6.215491400824652707e-02
-1.199024285210503471e-01
7.590448676215277857e-01
-2.004293992784288159e-01
2.525042004055447209e-02
2.851318359375000153e-02
8.416264004177517744e-02
1.609933853149414160e-02
-4.074983384874131809e-01
-2.785153706868489509e-01
3.807991197374132053e-01
2.625790235731336741e-01
7.225483534071180935e-01
1.518371751573350803e-01
nan
nan
nan
nan
-1.704414028591579866e-01
-2.442298041449652846e-01
2.387571546766493191e-01
-1.546282280815972354e-01
5.022291395399305358e-01
-6.663275824652777901e-01
1.230033365885416563e+00
1.425144449869791552e-01
-1.777710300021701495e-01
2.171156480577257075e-01
2.333738878038194575e-01
-9.760281880696614065e-02
-2.034600151909722321e-01
-5.364550781250000400e-01
-1.738159010145399197e-01
-3.638138495551215268e-01
-2.309513515896267355e-01
3.584633382161458437e-01
-3.166443549262152879e-01
5.597495524088541563e-01
1.899717881944444353e-01
-6.672447374131944553e-01
1.179364840189615904e-02
6.469664255777994588e-02
-2.700680881076388817e-01
4.351594712999131698e-01
-1.284013281928168271e-01
-2.795226881239149530e-01
nan
nan
nan
nan
-3.803892347547743052e-02
1.865584309895833293e-01
-6.459802415635851336e-02
2.226580641004774208e-01
3.849492730034722032e-01
1.950085788302951262e-01
-2.625412156846788081e-01
-6.922286648220485894e-01
1.953541056315104274e-01
4.471062554253472099e-01
5.516235351562499556e-01
-7.723058064778645648e-02
-4.562351820203993102e-01
-1.118047841389974012e-01
-3.353639178805881138e-02
-1.713327534993489554e-01
1.228518507215711764e-01
-3.804215155707465490e-01
8.646653069390190793e-02
-1.285172992282443589e-02
-4.511670600043402590e-01
4.404485755496554723e-03
2.344547695583767410e-01
-1.885608757866753526e-01
-5.761869748433430874e-03
-3.826267835828993102e-01
-8.145391676161024830e-02
-3.288014051649305602e-01
nan
nan
nan
nan
-1.286628299289279409e-01
3.230664401584201206e-01
-6.051335652669270759e-02
1.864458550347222188e-01
-3.788119845920139006e-02
-6.267567952473958037e-01
8.482817755805122095e-02
2.223706224229600736e-01
-1.647099812825520704e-01
-3.312710391150580636e-03
-3.031754218207465268e-01
2.582421366373697791e-01
-2.764195336235894182e-02
1.393452029758029398e-01
1.066635555691189258e-01
-3.392872111002604441e-01
-2.705155775282118147e-01
-2.026826307508680647e-01
-2.327688768174913103e-01
-4.024700249565972276e-01
2.069736904568142410e-01
-2.359806315104166774e-01
-1.120752970377604102e-01
-3.317837185329861049e-01
-6.129057142469618302e-02
1.180917273627387215e-01
3.317630343967014062e-01
2.236889987521701317e-01
nan
nan
nan
nan
-1.725328572591145748e-01
-3.774241129557291408e-01
-4.981886121961805469e-01
-2.393067253960503571e-01
-4.382890150282118258e-01
-1.577515326605902768e-01
-2.905260213216145915e-01
2.066498311360677187e-01
-1.712476772732204888e-01
2.693064541286892544e-01
-1.343028767903645948e-01
-2.176486206054687456e-01
4.630983140733507114e-02
-7.413914659288194375e-01
-6.368180338541666874e-01
-3.069466824001735872e-01
3.397347344292534488e-01
1.369013892279730971e-01
-3.495484415690104374e-01
3.233139038085937611e-01
2.108647494845920234e-01
5.381647321912977344e-02
1.203703223334418454e-01
1.375899759928385369e-01
-1.930508083767361049e-01
-1.757446458604600692e-01
-1.014309183756510468e-01
3.676352945963541896e-01
nan
nan
nan
nan
-5.611124335394965801e-01
8.529311794704861338e-01
4.970149061414930736e-01
4.977541097005208082e-01
-2.377730984157986061e-01
2.394994778103298749e-01
1.143347528245713951e-02
-2.477586534288194475e-01
-2.100780275132920968e-02
1.841225518120659654e-01
-2.985938856336805558e-01
2.693049791124131898e-01
2.471183776855468694e-01
7.075245496961805047e-01
3.776495361328124911e-01
2.582107035319010646e-01
-3.658972167968749800e-01
-3.909966362847221988e-01
-8.219278971354167240e-02
-1.238944922553168460e-01
-4.147933620876735894e-01
2.587208218044704799e-01
1.193909793429904498e-01
-1.208001285129123303e-01
1.660270690917968750e-01
-3.413042195638020804e-01
2.780240037706163125e-01
1.649136691623263873e-01
nan
nan
nan
nan
-4.808103434244791474e-01
-1.180194536844889237e-02
7.957233852810330355e-02
-4.076481797960069264e-01
-1.912185668945312611e-01
-3.828718058268228974e-01
2.287353303697374149e-02
4.601429833306206613e-02
-2.349506971571180547e-01
-1.504061550564236016e-01
4.136387803819444597e-01
1.193009694417317690e-01
2.136563110351562544e-01
1.218843926323784771e-01
-3.994882202148437589e-01
2.062396240234375122e-01
5.174254692925347454e-01
-3.458380805121527568e-01
-7.346593221028645260e-02
-8.148530409071180758e-01
5.435931735568576562e-01
-7.455364312065971832e-01
-1.730814954969618069e-01
6.038677300347222721e-01
5.336162109374999574e+00
1.109238416883680634e+00
-2.748747295803493848e-02
4.154410468207465068e-01
nan
nan
nan
nan
-3.743385823567708104e-01
1.128378295898437439e-01
1.490546841091579811e-01
1.322499847412109408e-01
-8.892089843749999556e-01
-5.723916286892360983e-01
1.144303131103515669e-01
-8.566120571560330299e-02
2.783738369411892233e-01
-2.889504326714409932e-01
-8.076591491699218472e-02
-3.019012112087673394e-01
-6.785261895921494875e-03
-7.822841389973957948e-01
5.875029161241319686e-01
2.700288136800130245e-02
1.307067129347059403e-02
2.382788085937500022e-01
4.203151448567708504e-01
2.303746032714843739e-01
1.011762491861979196e+00
1.368042331271701328e-01
-4.259847005208333010e-02
-2.167311265733506964e-01
-1.089232042100694436e-01
-7.826286485460069997e-01
1.363167317708333381e-01
-2.264771864149305591e-01
nan
nan
nan
nan
1.273161146375867969e-01
-4.222095404730902835e-01
3.604809708065457013e-03
-8.609499613444010491e-02
1.552772733900282046e-02
9.003189934624565571e-02
2.715183512369791496e-01
1.094256422254774319e-01
-4.380883110894097099e-01
-2.387518988715277846e-01
-4.558116319444444620e-01
-2.898118421766492925e-01
-2.707706027560763951e-01
-4.173414018419054072e-02
4.859054226345486116e-01
-1.894217427571614487e-01
-2.391322665744357590e-01
1.011309221055772534e-01
-8.902661641438802675e-02
1.867396375868055625e-01
-1.708984544542100636e-01
-2.410634358723958426e-01
1.084025234646267405e-01
-2.441680399576822980e-01
1.190291595458984331e-01
-2.919958157009548416e-01
-2.737990697224934947e-02
-2.243569946289062367e-01
nan
nan
nan
nan
9.337510850694444864e-01
-2.286043124728732723e-01
-2.352881028917100659e-01
2.411295572916666574e-01
-1.315914662679036340e-01
3.860891045464409643e-01
-2.740761650933159488e-01
1.464288160536024175e-01
1.759708319769965335e-01
-3.028576321072048438e-01
-8.730407036675347232e-01
-1.069433593750000050e-01
1.579140218098958326e-01
4.988081190321180802e-01
2.157808261447482501e-01
-2.372521506415473103e-02
1.956578063964843628e-01
-8.086853875054253460e-02
-1.837906561957465268e-01
3.093333265516493014e-01
3.433340454101562744e-01
2.323886956108940915e-01
-5.284415690104166119e-01
-9.228204515245225226e-02
-3.584678226047092325e-02
-5.450953589545355638e-02
4.700222439236111382e-01
8.093026394314236649e-01
nan
nan
nan
nan
2.291024102105034821e-01
-6.954704708523221091e-02
-2.564769999186197746e-01
1.054401199022928810e-04
4.027050442165798494e-02
5.329165988498264089e-02
3.935971408420139150e-01
-1.107943386501736155e-01
-4.769725206163194509e-01
6.630763753255208837e-01
3.845891316731770565e-02
-4.300477769639757253e-02
4.447054545084635352e-02
-2.094175550672743025e-01
-3.121122233072916585e-01
-1.075695207383897539e-01
-1.244484202067057260e-01
-7.386298963758680669e-01
-1.994383239746093661e-01
3.320844862196180580e-01
-1.643182712131076306e-01
-1.512067837185329944e-01
-1.316472032335069542e-01
-2.651146782769097099e-01
3.468795098198784732e-01
-3.475114949544270693e-01
-2.510287306043836875e-01
3.361718495686848857e-02
nan
nan
nan
nan
-1.867123413085937378e-01
1.598941887749565915e-01
-2.379073079427083404e-01
4.717888302273220286e-02
3.624440850151909865e-01
-6.814105563693576006e-02
-2.631383260091145759e-01
2.775442165798611138e-01
3.932699245876736249e-01
-9.504717508951822380e-02
-2.708123779296874867e-01
1.788926527235243091e-01
4.396181233723958082e-01
6.553010389539930536e-01
-6.885631985134547939e-02
-9.177515665690104407e-02
-5.137342325846354640e-01
3.869076877170138928e-01
-2.851695802476671149e-02
4.497028774685329910e-02
9.365523444281684262e-02
-9.127683003743489176e-02
-3.741623942057291652e-01
3.218516031901041408e-01
-1.671386040581597232e-01
-1.495955742730034621e-01
1.547429720560709702e-02
-1.886216905381944420e-01
nan
nan
nan
nan
-3.178043958875867991e-01
1.987178209092881898e-01
-1.221297115749783030e-01
-1.181658257378472160e-01
-5.361742485894097632e-01
2.675316365559896048e-01
4.475667317708333370e-01
-1.010723029242621557e-01
1.103786977132161506e-01
7.499023437499999778e-01
6.647313774956596921e-01
8.600178358289930491e-01
5.457619900173611427e-01
6.391713460286457815e-02
-5.489716932508680314e-01
-1.107577175564236072e-01
-1.257549540201823024e-01
2.737791442871093661e-01
-8.513319227430556080e-02
-3.605396185980902501e-01
4.617465549045138840e-01
1.448029920789930536e-01
-2.687744988335503613e-02
3.538793606228298749e-01
2.742913140190972321e-01
-3.197565375434027746e-01
-6.186392042371961775e-02
-3.128423733181423527e-01
nan
nan
nan
nan
-3.639112006293402923e-01
4.271199544270833370e-01
-2.755484856499565982e-01
3.382608032226562256e-01
-4.370711602105034621e-01
-4.085494316948784510e-01
-2.268737623426649308e-01
1.994131639268663103e-01
-2.599514940049913458e-01
2.332612270779079733e-01
8.008399963378906583e-02
-4.102641805013020893e-01
-2.141776529947916619e-01
5.017662556966145937e-01
-6.416978306240505442e-03
4.806820339626736160e-01
1.103787316216362779e-01
1.243244489034016874e-02
-1.345453219943576473e-01
-4.229999118381076451e-01
4.128937445746527768e-01
-5.507469007703993391e-01
9.591856002807618020e-03
1.256305800543890995e-02
6.303432210286458171e-01
1.889731309678819526e+00
3.223623860677083286e+00
1.254702690972222312e+00
nan
nan
nan
nan
-3.174078030056423638e-01
-3.767691718207465401e-01
-1.112291937934027697e+00
1.969494628906250100e-01
-2.064327494303385413e-01
-3.843587917751736249e-01
5.326734076605902368e-01
1.850060356987847099e-01
4.042677084604899204e-03
-1.966024610731336927e-02
-7.014555613199870143e-02
-1.131127844916449687e-01
4.260796780056423372e-01
2.544711303710937567e-01
-2.333015102810329922e-01
-2.407256740993923561e-01
-2.651623196072048771e-01
-2.713850911458333126e-01
2.684364318847656250e-01
2.484206644694010313e-01
7.509512668185763795e-01
3.778004625108506986e-01
-1.666401163736979107e-01
4.547168307834201229e-01
-2.092552354600694386e-01
2.535222201877170289e-01
4.627888997395833426e-02
4.776736789279513729e-01
nan
nan
nan
nan
2.174952401055230133e-02
5.398037380642360938e-01
3.436243353949652857e-01
-5.441734483506944775e-01
4.647246636284721788e+00
nan
4.526613226996527573e+00
-3.279253472222222188e-01
-2.734186299641926943e-01
7.474761962890624778e-02
-6.284353892008463782e-02
-3.455492824978298461e-01
-3.694622463650173438e-01
-3.998538547092014145e-02
-5.014952596028645626e-01
-4.022918023003472232e-01
-4.715744018554687833e-02
3.282581244574652724e-01
-2.217933993869357634e-01
5.195964813232421819e-02
1.967005411783854241e-01
-6.129055447048611382e-01
-3.502252536349826362e-01
1.891313526365492144e-03
-1.332400427924262110e-01
-1.753167724609374922e-01
1.201065063476562528e-01
8.669624837239583437e-01
nan
nan
