nan
nan
9.752479195594787598e-01
2.668457925319671631e-01
1.094056069850921631e-01
-1.314272172749042511e-02
-2.977728843688964844e-02
-1.529977023601531982e-01
1.171684712171554565e-01
5.091791749000549316e-01
4.093976616859436035e-01
5.323660373687744141e-01
6.575375199317932129e-01
2.052115201950073242e+00
8.757337331771850586e-01
4.780814945697784424e-01
-6.773250699043273926e-01
-9.429651498794555664e-01
-8.198274970054626465e-01
1.064971923828125000e+00
-6.538159847259521484e-01
-1.207726523280143738e-01
-4.667645692825317383e-01
5.583999752998352051e-01
6.151996850967407227e-01
5.922905206680297852e-01
2.149698883295059204e-01
7.839518189430236816e-01
3.588156998157501221e-01
-8.676699995994567871e-01
nan
nan
nan
nan
1.241161078214645386e-01
4.227171838283538818e-02
-3.891825675964355469e-01
1.011113896965980530e-01
6.799077987670898438e-01
-1.538536697626113892e-01
6.009915471076965332e-01
5.829110145568847656e-01
-1.322746515274047852e+00
2.994639277458190918e-01
1.139213562011718750e+00
-2.454458326101303101e-01
-5.780848264694213867e-01
-6.195641756057739258e-01
-5.736669898033142090e-01
-4.289505779743194580e-01
5.256177186965942383e-01
1.485939696431159973e-02
-4.444383084774017334e-01
-6.677322387695312500e-01
-6.691002845764160156e-01
-6.071896478533744812e-02
9.215907007455825806e-02
2.058455646038055420e-01
6.016528606414794922e-01
5.055198073387145996e-01
4.766368865966796875e-02
-1.877352744340896606e-01
nan
nan
nan
nan
8.257931470870971680e-01
-9.550543501973152161e-03
2.704294323921203613e-01
-4.430636763572692871e-01
-1.492559015750885010e-01
-1.358895301818847656e-01
3.848682641983032227e-01
1.099399924278259277e+00
1.704224348068237305e-01
6.251254677772521973e-01
4.197698533535003662e-01
6.709836423397064209e-02
-1.871920347213745117e+00
-3.270819783210754395e-01
-3.037834763526916504e-01
5.954310297966003418e-01
3.669472634792327881e-01
-3.046484291553497314e-01
4.348038136959075928e-02
1.778319031000137329e-01
-5.527091026306152344e-02
-1.748253554105758667e-01
-5.440994501113891602e-01
4.771416783332824707e-01
-1.634628772735595703e-01
-6.687688231468200684e-01
-1.733528673648834229e-01
-5.264647006988525391e-01
nan
nan
nan
nan
4.265053868293762207e-01
-2.545747458934783936e-01
-5.504412204027175903e-02
5.376436188817024231e-02
-5.083600878715515137e-01
4.112764000892639160e-01
4.772622883319854736e-01
2.909577190876007080e-01
3.022062480449676514e-01
1.824281066656112671e-01
-5.058888792991638184e-01
5.637229084968566895e-01
-5.580580234527587891e-01
7.087785005569458008e-01
8.358894586563110352e-01
-2.467825561761856079e-01
-2.650087773799896240e-01
2.853389084339141846e-01
3.884866535663604736e-01
2.788901701569557190e-02
-2.594919204711914062e-01
6.551573872566223145e-01
5.356920361518859863e-01
3.360506892204284668e-01
7.366795539855957031e-01
2.927165031433105469e-01
-1.199851334095001221e-01
-6.947184801101684570e-01
nan
nan
nan
nan
-1.217964887619018555e-01
7.106681168079376221e-02
-1.055186688899993896e-01
4.894718527793884277e-01
1.819923818111419678e-01
1.409347504377365112e-01
-5.004061460494995117e-01
-4.336312711238861084e-01
6.056814193725585938e-01
-9.288218021392822266e-01
-3.253949061036109924e-02
-7.373878359794616699e-02
2.184270620346069336e-01
-2.260911613702774048e-01
1.469375751912593842e-02
-8.223494887351989746e-01
8.696254342794418335e-02
7.646290659904479980e-01
9.361247718334197998e-02
2.586547434329986572e-01
3.148282766342163086e-01
-2.357927262783050537e-01
-3.957356810569763184e-01
-6.094870567321777344e-01
1.002866104245185852e-01
1.681990772485733032e-01
-3.685711324214935303e-01
2.344352304935455322e-01
nan
nan
nan
nan
3.213040828704833984e-01
2.893819212913513184e-01
9.408751130104064941e-01
-2.247102558612823486e-01
7.059853076934814453e-01
5.820115804672241211e-01
-5.296441912651062012e-01
7.340758293867111206e-02
-3.885443508625030518e-02
4.239814281463623047e-01
-9.085607528686523438e-01
3.828707337379455566e-02
-6.848869919776916504e-01
1.300849914550781250e-01
1.919611990451812744e-01
1.909926831722259521e-01
7.701523303985595703e-01
4.786631762981414795e-01
-1.106727004051208496e+00
-1.452097147703170776e-01
-1.340652257204055786e-01
-3.114590644836425781e-01
-8.740598559379577637e-01
9.257925152778625488e-01
3.821212649345397949e-01
7.524109482765197754e-01
-8.763424158096313477e-01
9.058048725128173828e-01
nan
nan
nan
nan
-8.290638327598571777e-01
2.716989219188690186e-01
1.387662142515182495e-01
3.709116205573081970e-02
1.265956610441207886e-01
2.581650316715240479e-01
-3.767075240612030029e-01
-8.499761819839477539e-01
-2.340592257678508759e-02
-1.250974386930465698e-01
4.843927621841430664e-01
6.595839262008666992e-01
1.046986877918243408e-01
1.153382778167724609e+00
-3.914050459861755371e-01
6.259979009628295898e-01
-5.724303126335144043e-01
-9.948340058326721191e-02
4.148312807083129883e-01
8.651618361473083496e-01
-5.005146861076354980e-01
2.279269099235534668e-01
7.758396863937377930e-01
-1.062980175018310547e+00
3.158417046070098877e-01
1.086204171180725098e+00
1.681883074343204498e-02
-5.144348144531250000e-01
nan
nan
nan
nan
3.065487742424011230e-01
-1.620266884565353394e-01
1.324474811553955078e-01
3.326967656612396240e-01
-2.465712577104568481e-01
-2.904595434665679932e-01
1.047285676002502441e+00
-2.462480068206787109e-01
-2.831017971038818359e-01
2.480434626340866089e-01
-1.503640115261077881e-01
2.286593914031982422e-01
2.610257454216480255e-02
-4.137161076068878174e-01
1.042807340621948242e+00
4.818533957004547119e-01
-3.440440595149993896e-01
-5.848745107650756836e-01
8.956127166748046875e-01
-3.730136454105377197e-01
-1.409999728202819824e-01
1.199449896812438965e+00
4.058918356895446777e-01
-1.133543476462364197e-01
8.512214422225952148e-01
1.699597239494323730e-01
1.327667385339736938e-01
9.675668552517890930e-03
nan
nan
nan
nan
1.573439240455627441e-01
1.190765738487243652e+00
1.942816004157066345e-02
1.243906378746032715e+00
3.341608643531799316e-01
4.699004814028739929e-02
-2.966524660587310791e-01
-3.170545995235443115e-01
5.034002065658569336e-01
2.223037332296371460e-01
7.976448535919189453e-01
-2.150952517986297607e-01
1.069344878196716309e+00
1.865263223648071289e+00
1.535251438617706299e-01
-2.254153341054916382e-01
-6.963841617107391357e-02
-8.206812781281769276e-04
3.985114395618438721e-01
-8.960093855857849121e-01
1.039436221122741699e+00
1.131058216094970703e+00
6.432792544364929199e-01
1.223094940185546875e+00
5.706567764282226562e-01
2.325937598943710327e-01
6.971212625503540039e-01
-6.778880208730697632e-02
nan
nan
nan
nan
1.174008771777153015e-01
-2.958577275276184082e-01
1.559524983167648315e-01
3.269954621791839600e-01
1.265129327774047852e+00
1.047979354858398438e+00
8.169381022453308105e-01
1.443668246269226074e+00
9.057464599609375000e-01
9.485896229743957520e-01
-4.434604048728942871e-01
3.833526372909545898e-01
3.450812995433807373e-01
-1.545507013797760010e-01
-5.549328029155731201e-02
9.780213236808776855e-01
6.786826252937316895e-01
3.260364234447479248e-01
3.391655683517456055e-01
1.140806913375854492e+00
4.163756072521209717e-01
1.312008142471313477e+00
4.507940113544464111e-01
7.441007494926452637e-01
1.198933243751525879e+00
4.253689646720886230e-01
8.802912235260009766e-01
8.303585052490234375e-01
nan
nan
nan
nan
9.730231165885925293e-01
4.680927693843841553e-01
5.791506767272949219e-01
-1.263355650007724762e-02
1.921686053276062012e+00
1.022602915763854980e+00
5.270767211914062500e-01
1.337422281503677368e-01
2.334571599960327148e+00
3.504138588905334473e-01
1.242902517318725586e+00
1.047722578048706055e+00
1.253818035125732422e+00
1.475565195083618164e+00
1.517351269721984863e+00
1.699559092521667480e+00
2.046932697296142578e+00
1.880529761314392090e+00
1.811080694198608398e+00
1.313831806182861328e+00
1.134111881256103516e+00
2.307225465774536133e+00
1.252392530441284180e+00
1.473552107810974121e+00
1.999950408935546875e+00
1.756306767463684082e+00
2.103816986083984375e+00
1.138248682022094727e+00
nan
nan
nan
nan
1.213317275047302246e+00
1.965971469879150391e+00
2.073352813720703125e+00
4.696611464023590088e-01
1.095752000808715820e+00
1.572173476219177246e+00
1.435559630393981934e+00
9.965023994445800781e-01
1.932407379150390625e+00
5.286720395088195801e-01
6.310117244720458984e-01
3.742268681526184082e-01
9.668522477149963379e-01
7.755818963050842285e-01
1.100600123405456543e+00
8.884876370429992676e-01
1.891354322433471680e-01
5.584523677825927734e-01
6.519606113433837891e-01
4.972238838672637939e-01
3.192450702190399170e-01
-3.322382569313049316e-01
1.919979214668273926e+00
2.728657126426696777e-01
-1.802252680063247681e-01
8.864963650703430176e-01
-1.912661492824554443e-01
-1.649339050054550171e-01
nan
nan
nan
nan
-2.648630142211914062e-01
9.194605946540832520e-01
2.784662246704101562e-01
7.953165173530578613e-01
-2.488083839416503906e-01
7.833159565925598145e-01
4.761062264442443848e-01
8.406545519828796387e-01
2.378718927502632141e-02
8.825749158859252930e-01
3.828920125961303711e-01
2.680794894695281982e-01
1.075878441333770752e-01
1.365310907363891602e+00
8.598790764808654785e-01
-5.104366540908813477e-01
8.642756342887878418e-01
5.658388733863830566e-01
1.224742308259010315e-01
-1.957972049713134766e-01
1.468674778938293457e+00
1.454035878181457520e+00
-8.245762586593627930e-01
8.748542517423629761e-02
-7.012769579887390137e-02
5.014241933822631836e-01
9.883492588996887207e-01
4.601334407925605774e-02
nan
nan
nan
nan
-3.390935659408569336e-01
3.464092910289764404e-01
8.343973755836486816e-01
5.397931933403015137e-01
4.712485671043395996e-01
5.347394347190856934e-01
-2.399992197751998901e-01
8.234980106353759766e-01
4.463164508342742920e-01
9.860349297523498535e-01
-3.375469148159027100e-01
-5.708488076925277710e-02
-5.822956562042236328e-01
-1.540985796600580215e-02
9.003349542617797852e-01
7.966906428337097168e-01
2.841409742832183838e-01
-7.063183784484863281e-01
5.796423554420471191e-01
-4.027950167655944824e-01
3.635793626308441162e-01
-4.729584455490112305e-01
1.422793626785278320e+00
7.336350679397583008e-01
-3.067533969879150391e-01
7.957079410552978516e-01
-1.621436178684234619e-01
1.513806939125061035e+00
nan
nan
nan
nan
-1.267448514699935913e-01
1.538257747888565063e-01
1.901185661554336548e-01
2.466297596693038940e-01
-5.218131542205810547e-01
-3.059451282024383545e-01
6.713093519210815430e-01
-5.326419472694396973e-01
1.133016422390937805e-01
9.899063408374786377e-02
3.871001005172729492e-01
5.471957325935363770e-01
-5.841564536094665527e-01
4.591249823570251465e-01
-6.948180198669433594e-01
6.367511153221130371e-01
5.583700537681579590e-01
3.481316268444061279e-01
-8.901259899139404297e-01
7.265935540199279785e-01
-2.138929516077041626e-01
-2.021328210830688477e-01
3.306203782558441162e-01
5.004759430885314941e-01
8.252327442169189453e-01
-4.713965654373168945e-01
4.214097261428833008e-01
1.174476623535156250e+00
nan
nan
nan
nan
1.502846002578735352e+00
-5.063175559043884277e-01
2.936042845249176025e-01
6.171200871467590332e-01
-3.697383403778076172e-01
3.387196660041809082e-01
5.661756396293640137e-01
8.454185724258422852e-01
-4.166905581951141357e-01
-5.575575828552246094e-01
1.383712589740753174e-01
8.857682347297668457e-01
1.039959788322448730e-01
2.742209732532501221e-01
1.268026709556579590e+00
4.640775024890899658e-01
-9.827817231416702271e-02
2.607556283473968506e-01
-1.205479055643081665e-01
6.792025268077850342e-02
4.927344247698783875e-02
4.869371950626373291e-01
7.882724404335021973e-01
1.785769164562225342e-01
6.029183268547058105e-01
6.698933243751525879e-01
1.010138839483261108e-01
2.597305923700332642e-02
nan
nan
nan
nan
-4.511006474494934082e-01
9.384807944297790527e-01
-6.878975629806518555e-01
2.937785089015960693e-01
5.673753619194030762e-01
8.136452436447143555e-01
1.211310029029846191e+00
1.066368699073791504e+00
-2.554031088948249817e-02
8.696237802505493164e-01
8.217561244964599609e-01
5.066938400268554688e-01
7.854221463203430176e-01
3.947650790214538574e-01
-2.826464474201202393e-01
3.488165736198425293e-01
5.685048699378967285e-01
1.579370200634002686e-01
-1.786627024412155151e-01
5.591068863868713379e-01
1.204400777816772461e+00
1.265228986740112305e+00
-3.597425818443298340e-01
-2.757559716701507568e-01
9.726274013519287109e-01
4.917243421077728271e-01
-1.065146476030349731e-01
1.001557707786560059e+00
nan
nan
nan
nan
1.908544749021530151e-01
7.272804379463195801e-01
6.068638563156127930e-01
-1.262527145445346832e-02
7.209522128105163574e-01
-2.875216007232666016e-01
7.726856470108032227e-01
6.822258830070495605e-01
5.498083233833312988e-01
1.240589857101440430e+00
5.879671573638916016e-01
3.110049962997436523e-01
2.885711193084716797e-01
4.353313148021697998e-01
1.669245064258575439e-01
-2.199514061212539673e-01
-4.439734816551208496e-01
-3.041730821132659912e-01
-5.446566343307495117e-01
8.503120392560958862e-02
5.275279879570007324e-01
5.978046059608459473e-01
6.060767769813537598e-01
3.618260324001312256e-01
-1.707103997468948364e-01
5.623593330383300781e-01
1.344785809516906738e+00
1.112656474113464355e+00
nan
nan
nan
nan
3.577980101108551025e-01
4.373235702514648438e-01
1.107646226882934570e+00
7.324030995368957520e-01
1.133490920066833496e+00
1.454899787902832031e+00
2.948589026927947998e-01
9.028285145759582520e-01
1.643113732337951660e+00
6.742045879364013672e-01
9.442081451416015625e-01
1.070294141769409180e+00
1.594771027565002441e+00
4.731290042400360107e-01
8.564247488975524902e-01
6.816390156745910645e-01
1.495055079460144043e+00
9.671611189842224121e-01
6.902070045471191406e-01
2.252830505371093750e+00
6.628338098526000977e-01
1.414818525314331055e+00
1.163663864135742188e+00
1.609427571296691895e+00
1.700760006904602051e+00
1.065827369689941406e+00
nan
nan
nan
nan
nan
nan
9.671971797943115234e-01
6.192132830619812012e-01
2.013321399688720703e+00
1.189783930778503418e+00
1.611877083778381348e+00
1.367956161499023438e+00
1.190251827239990234e+00
1.022045135498046875e+00
1.707381606101989746e+00
1.990440964698791504e+00
1.568118214607238770e+00
2.504399776458740234e+00
8.265908360481262207e-01
3.295934677124023438e+00
1.624812245368957520e+00
1.378943681716918945e+00
2.206562519073486328e+00
2.143620967864990234e+00
1.615188002586364746e+00
2.017107248306274414e+00
3.251499176025390625e+00
1.464125990867614746e+00
2.215776205062866211e+00
3.000491142272949219e+00
2.184855461120605469e+00
1.744020938873291016e+00
2.994398117065429688e+00
1.777139902114868164e+00
nan
nan
nan
nan
3.163292646408081055e+00
9.841154813766479492e-01
1.692375689744949341e-01
1.475366592407226562e+00
3.265453338623046875e+00
3.071709871292114258e+00
3.769543886184692383e+00
3.475426197052001953e+00
3.235368013381958008e+00
4.637011051177978516e+00
4.131394386291503906e+00
3.573694705963134766e+00
3.412026405334472656e+00
4.689444541931152344e+00
4.253859996795654297e+00
4.834840297698974609e+00
4.425871849060058594e+00
5.782796859741210938e+00
4.623024940490722656e+00
5.733174800872802734e+00
5.251101493835449219e+00
6.047673702239990234e+00
nan
5.878444194793701172e+00
5.786060333251953125e+00
5.489858150482177734e+00
5.386182308197021484e+00
6.598346710205078125e+00
nan
nan
nan
nan
6.211633205413818359e+00
6.669006824493408203e+00
7.924165725708007812e+00
7.145707607269287109e+00
7.759800434112548828e+00
7.691852569580078125e+00
7.073183059692382812e+00
6.408364295959472656e+00
7.176333427429199219e+00
6.229760169982910156e+00
1.434746503829956055e+00
6.467983245849609375e+00
5.770046234130859375e+00
6.358600616455078125e+00
4.320945262908935547e+00
4.940740108489990234e+00
4.871717453002929688e+00
4.033518314361572266e+00
4.074215412139892578e+00
4.505980968475341797e+00
4.138407230377197266e+00
4.426973342895507812e+00
3.097598552703857422e+00
3.845534324645996094e+00
3.861658573150634766e+00
1.814512610435485840e+00
4.143811702728271484e+00
3.209165334701538086e+00
nan
nan
nan
nan
2.728085994720458984e+00
2.544945478439331055e+00
2.206290245056152344e+00
2.387169837951660156e+00
3.095029354095458984e+00
1.193485498428344727e+00
2.255871057510375977e+00
2.788693189620971680e+00
2.509553909301757812e+00
3.284746885299682617e+00
2.485883951187133789e+00
2.551912784576416016e+00
2.802908658981323242e+00
1.044885993003845215e+00
2.167995691299438477e+00
2.658015012741088867e+00
2.447057247161865234e+00
1.642235636711120605e+00
nan
2.882268190383911133e+00
3.097384691238403320e+00
1.532312989234924316e+00
2.157551765441894531e+00
2.335534334182739258e+00
2.715929031372070312e+00
2.012483119964599609e+00
2.212117910385131836e+00
2.357118606567382812e+00
nan
nan
nan
nan
2.222158908843994141e+00
2.085818052291870117e+00
2.278440713882446289e+00
2.027711391448974609e+00
2.077927827835083008e+00
3.314668655395507812e+00
2.461819887161254883e+00
2.314107656478881836e+00
2.232196331024169922e+00
2.286268234252929688e+00
1.660156011581420898e+00
1.727350234985351562e+00
2.451799154281616211e+00
2.714486122131347656e+00
1.589866638183593750e+00
2.049103736877441406e+00
3.250227689743041992e+00
3.086372375488281250e+00
1.484219193458557129e+00
2.570524692535400391e+00
2.866359710693359375e+00
2.320592641830444336e+00
3.023167371749877930e+00
4.345560967922210693e-01
1.946964025497436523e+00
1.989322543144226074e+00
1.869617342948913574e+00
1.964954972267150879e+00
nan
nan
