nan
nan
-3.999796211719512939e-01
-6.660138368606567383e-01
-9.271441400051116943e-02
7.948266267776489258e-01
4.565978050231933594e-01
9.499166160821914673e-02
8.137679696083068848e-01
-4.427752196788787842e-01
3.473533391952514648e-01
4.452675282955169678e-01
8.242470622062683105e-01
-6.804780960083007812e-01
2.458596080541610718e-01
-5.148622393608093262e-01
1.629708260297775269e-01
-4.912106990814208984e-01
1.174229383468627930e+00
-8.784563541412353516e-01
-3.296715319156646729e-01
1.194476112723350525e-01
-1.359172258526086807e-02
-2.540836930274963379e-01
1.383122354745864868e-01
6.597483754158020020e-01
-5.505143404006958008e-01
-2.646173834800720215e-01
-3.302789926528930664e-01
1.217892646789550781e+00
nan
nan
nan
nan
-4.793801009654998779e-01
3.867712914943695068e-01
8.832572698593139648e-01
8.293882757425308228e-02
-6.341884732246398926e-01
4.084623157978057861e-01
-4.584296345710754395e-01
-4.300425052642822266e-01
3.230190873146057129e-01
-6.678834557533264160e-01
6.390182375907897949e-01
-1.033309698104858398e+00
4.686025679111480713e-01
1.705318391323089600e-01
-2.326596528291702271e-02
-3.813881874084472656e-01
-7.512264251708984375e-01
-1.057514071464538574e+00
3.199621438980102539e-01
-3.891487121582031250e-01
2.590376436710357666e-01
1.543634980916976929e-01
9.397701919078826904e-02
-5.760183930397033691e-01
-5.925313830375671387e-01
2.696103453636169434e-01
2.254411727190017700e-01
6.499049663543701172e-01
nan
nan
nan
nan
3.881931304931640625e-02
-8.867672681808471680e-01
-3.956014215946197510e-01
5.823828577995300293e-01
-9.174842834472656250e-01
8.604313433170318604e-02
-3.662799000740051270e-01
-1.001873135566711426e+00
5.735157728195190430e-01
1.607495173811912537e-02
-7.728283107280731201e-02
1.805679351091384888e-01
5.160114765167236328e-01
-5.054399967193603516e-01
9.325547814369201660e-01
1.056225895881652832e-01
3.263831734657287598e-01
5.901823639869689941e-01
1.765208840370178223e-01
6.582254171371459961e-01
-5.845824480056762695e-01
5.319304764270782471e-02
-3.238722383975982666e-01
-7.510916590690612793e-01
7.545340061187744141e-01
1.467164903879165649e-01
-6.769561767578125000e-01
-1.236293792724609375e+00
nan
nan
nan
nan
-5.208234190940856934e-01
-4.441940188407897949e-01
1.139927506446838379e+00
1.534609049558639526e-01
5.428998470306396484e-01
-5.289158225059509277e-01
1.164894625544548035e-01
-2.254734188318252563e-01
-8.908616304397583008e-01
-6.107197403907775879e-01
-1.882693052291870117e+00
-9.390354752540588379e-01
-4.699871838092803955e-01
1.390558332204818726e-01
4.027231633663177490e-01
2.737275660037994385e-01
-3.666067719459533691e-01
8.250441551208496094e-01
3.759710192680358887e-01
-2.185494638979434967e-02
-1.003861650824546814e-01
7.488578557968139648e-01
-4.553101956844329834e-01
3.355287611484527588e-01
-2.044600546360015869e-01
-3.741977810859680176e-01
6.390736699104309082e-01
5.079138875007629395e-01
nan
nan
nan
nan
3.590873181819915771e-01
-4.452461302280426025e-01
1.077736377716064453e+00
1.106563955545425415e-01
-7.014305591583251953e-01
4.646946191787719727e-01
1.977774798870086670e-01
-2.077729105949401855e-01
-4.189677536487579346e-01
-1.833735853433609009e-01
3.964555561542510986e-01
9.004499316215515137e-01
-8.293740451335906982e-02
-2.599865794181823730e-01
1.295955032110214233e-01
-7.853258848190307617e-01
9.427375197410583496e-01
-5.667945742607116699e-01
9.964789450168609619e-02
7.634885907173156738e-01
3.874989151954650879e-01
-4.083203896880149841e-02
-4.422372877597808838e-01
3.563698828220367432e-01
7.857971787452697754e-01
4.263536036014556885e-01
-3.111726976931095123e-02
2.196093201637268066e-01
nan
nan
nan
nan
-5.392442345619201660e-01
1.222631335258483887e+00
7.121242284774780273e-01
-3.830567598342895508e-01
4.368598759174346924e-01
2.073397487401962280e-01
5.940914154052734375e-01
-2.342785894870758057e-01
-5.202401056885719299e-02
3.841302096843719482e-01
-1.656569540500640869e-01
-1.369023203849792480e+00
2.546808123588562012e-01
-1.215594261884689331e-02
1.818963140249252319e-01
1.076118111610412598e+00
8.689312934875488281e-01
5.844095945358276367e-01
3.532895743846893311e-01
-9.497320652008056641e-02
-2.284119725227355957e-01
-3.441382572054862976e-02
2.961591780185699463e-01
-4.757229983806610107e-02
5.288034081459045410e-01
1.782490462064743042e-01
5.446434020996093750e-01
-3.444521874189376831e-02
nan
nan
nan
nan
3.513834178447723389e-01
5.058320164680480957e-01
1.896589547395706177e-01
7.038772851228713989e-02
-5.750784873962402344e-01
5.410796999931335449e-01
-3.767195343971252441e-01
6.119552254676818848e-01
6.070462465286254883e-01
-4.271060228347778320e-01
9.962215423583984375e-01
1.860310733318328857e-01
1.844849288463592529e-01
-4.470350146293640137e-01
-5.948767066001892090e-01
1.947691142559051514e-01
-3.511181846261024475e-02
8.789703845977783203e-01
3.492482379078865051e-02
-3.124272525310516357e-01
-1.142744302749633789e+00
3.172003924846649170e-01
4.609414935111999512e-01
-2.654879391193389893e-01
-9.672985672950744629e-01
-3.714991807937622070e-01
-3.615923225879669189e-01
-1.089743822813034058e-01
nan
nan
nan
nan
5.351124405860900879e-01
6.599719524383544922e-01
4.942465201020240784e-02
3.543569147586822510e-01
4.432489722967147827e-02
6.986496448516845703e-01
-2.900142669677734375e-01
-6.364979147911071777e-01
6.768210530281066895e-01
6.123211234807968140e-02
-5.572717189788818359e-01
6.752190589904785156e-01
8.727157860994338989e-02
3.629316389560699463e-01
7.542369365692138672e-01
6.791584938764572144e-02
6.168147921562194824e-01
2.095634490251541138e-01
-5.814312696456909180e-01
-8.351972699165344238e-02
3.744334876537322998e-01
-6.537919640541076660e-01
-8.287134766578674316e-01
1.407273411750793457e-01
6.553325057029724121e-02
-5.345749258995056152e-01
-7.024268805980682373e-02
5.138667821884155273e-01
nan
nan
nan
nan
-5.798507332801818848e-01
8.778170943260192871e-01
-8.527364730834960938e-01
1.613053083419799805e-01
-3.454336524009704590e-01
-2.185204774141311646e-01
2.567372620105743408e-01
-3.015190660953521729e-01
-6.360670328140258789e-01
4.047456681728363037e-01
-6.658818125724792480e-01
-1.612260192632675171e-01
2.312333509325981140e-02
1.688799262046813965e-02
-5.882928147912025452e-02
6.137292385101318359e-01
5.596190094947814941e-01
-2.715584933757781982e-01
-1.778029501438140869e-01
-2.162238210439682007e-01
4.523129165172576904e-01
3.544342517852783203e-01
-1.239917516708374023e+00
-6.408886313438415527e-01
-1.080019831657409668e+00
-5.623710751533508301e-01
4.951397180557250977e-01
-4.811772610992193222e-03
nan
nan
nan
nan
6.964989304542541504e-01
9.563197493553161621e-01
7.467817664146423340e-01
-8.493427187204360962e-03
6.434537768363952637e-01
6.083887219429016113e-01
3.788509592413902283e-02
-4.557741582393646240e-01
2.411908358335494995e-01
4.924014508724212646e-01
-1.018789172172546387e+00
2.544306218624114990e-01
2.505122721195220947e-01
4.526252150535583496e-01
6.082335114479064941e-01
5.384648442268371582e-01
3.270311057567596436e-01
9.424002170562744141e-01
5.967000126838684082e-01
-3.202252686023712158e-01
4.566433653235435486e-02
6.951794028282165527e-01
2.259945422410964966e-01
1.712106168270111084e-02
7.926005721092224121e-01
3.638776838779449463e-01
1.425683945417404175e-01
-7.558289449661970139e-03
nan
nan
nan
nan
1.386777877807617188e+00
4.083602223545312881e-03
8.861436247825622559e-01
2.896852195262908936e-01
-9.805310964584350586e-01
4.868843257427215576e-01
7.357841730117797852e-01
-8.941999822854995728e-02
-4.548809528350830078e-01
-7.785720378160476685e-02
-9.301631450653076172e-01
5.653183460235595703e-01
-4.892008900642395020e-01
7.784686088562011719e-01
2.682259380817413330e-01
6.098793148994445801e-01
2.354967445135116577e-01
4.096337556838989258e-01
8.097235858440399170e-02
-3.024820983409881592e-01
-1.382870525121688843e-01
9.824640750885009766e-01
-5.052468180656433105e-01
7.289971709251403809e-01
5.305848643183708191e-02
5.886316299438476562e-01
-1.774434000253677368e-02
1.365565210580825806e-01
nan
nan
nan
nan
2.482444345951080322e-01
4.363875091075897217e-01
1.258130311965942383e+00
-4.050248563289642334e-01
-8.899280428886413574e-02
-2.447141706943511963e-01
2.513871192932128906e-01
3.228827416896820068e-01
-3.926903307437896729e-01
2.498140335083007812e-01
2.563379406929016113e-01
2.171158343553543091e-01
2.815440595149993896e-01
-2.755885124206542969e-01
2.965696454048156738e-01
7.506619095802307129e-01
6.515810489654541016e-01
7.580657601356506348e-01
3.474096357822418213e-01
1.997580975294113159e-01
1.501348800957202911e-02
-1.828048229217529297e-01
-4.461864009499549866e-03
-1.898606121540069580e-01
7.434404492378234863e-01
-5.251572132110595703e-01
-7.729171514511108398e-01
-2.004574835300445557e-01
nan
nan
nan
nan
9.269002079963684082e-01
1.506097018718719482e-01
-2.739562392234802246e-01
-2.952925860881805420e-01
5.577629804611206055e-01
2.929489314556121826e-01
1.041157126426696777e+00
2.816154360771179199e-01
-2.469228357076644897e-01
1.807319372892379761e-02
1.083318069577217102e-01
-1.445261240005493164e-01
-1.100446105003356934e+00
1.788737922906875610e-01
6.508832573890686035e-01
5.809979438781738281e-01
6.108722090721130371e-01
5.119288563728332520e-01
-5.517295598983764648e-01
6.762048602104187012e-01
5.481970310211181641e-01
2.947158515453338623e-01
4.721096530556678772e-02
3.671778738498687744e-01
1.131362691521644592e-01
4.585171639919281006e-01
8.711223602294921875e-01
2.549312710762023926e-01
nan
nan
nan
nan
3.773365914821624756e-01
-1.023935675621032715e+00
4.679286479949951172e-01
5.248951911926269531e-01
6.785390377044677734e-01
4.745256006717681885e-01
-6.529622673988342285e-01
-9.493031352758407593e-02
3.625916838645935059e-01
2.669713795185089111e-01
5.487675666809082031e-01
6.229060292243957520e-01
-6.812611818313598633e-01
1.317483067512512207e+00
-4.141790270805358887e-01
-4.035948216915130615e-01
1.058620959520339966e-01
8.850534558296203613e-01
-3.010225594043731689e-01
-3.498676121234893799e-01
5.688256621360778809e-01
1.326064705848693848e+00
6.465800404548645020e-01
-4.690537229180335999e-02
7.320851832628250122e-02
-3.130564391613006592e-01
-5.090675130486488342e-02
2.133872509002685547e-01
nan
nan
nan
nan
3.092926740646362305e-01
6.334885954856872559e-01
5.326096415519714355e-01
1.658527404069900513e-01
-4.936907887458801270e-01
3.836428821086883545e-01
8.600606769323348999e-02
-2.375263348221778870e-02
6.545594334602355957e-01
-7.283664345741271973e-01
1.014577224850654602e-01
3.288358151912689209e-01
8.363905549049377441e-01
2.658579945564270020e-01
-1.314689368009567261e-01
6.061587333679199219e-01
4.789924025535583496e-01
1.475081890821456909e-01
-9.032500386238098145e-01
4.457172751426696777e-01
4.762056469917297363e-01
-2.739755250513553619e-02
-7.931219339370727539e-01
2.935890555381774902e-01
2.132793813943862915e-01
2.505039572715759277e-01
5.725061297416687012e-01
2.094619162380695343e-02
nan
nan
nan
nan
-6.924029588699340820e-01
5.885488912463188171e-02
1.419215321540832520e+00
-4.949714988470077515e-02
4.085716605186462402e-01
-1.692485995590686798e-02
-9.536097645759582520e-01
-1.186477541923522949e-01
2.102285996079444885e-02
-8.689879775047302246e-01
-6.052338480949401855e-01
1.370116233825683594e+00
4.241042956709861755e-02
2.004815936088562012e-01
2.715375125408172607e-01
-2.887027263641357422e-01
4.680035114288330078e-01
-4.669055044651031494e-01
-4.231866076588630676e-02
1.102456092834472656e+00
-2.177145779132843018e-01
3.369720876216888428e-01
7.560161352157592773e-01
-2.240292876958847046e-01
1.013486742973327637e+00
-9.368980675935745239e-02
-8.558059334754943848e-01
5.969929099082946777e-01
nan
nan
nan
nan
2.111502289772033691e-01
6.085089445114135742e-01
8.296465873718261719e-02
3.944564238190650940e-02
5.881767272949218750e-01
-2.656836211681365967e-01
-1.338646650314331055e+00
6.081474423408508301e-01
2.112987190485000610e-01
-8.497772216796875000e-01
3.753172159194946289e-01
-3.376771211624145508e-01
6.680213846266269684e-04
2.028027325868606567e-01
-6.122693419456481934e-01
-5.019183754920959473e-01
3.698153495788574219e-01
-2.831296920776367188e-01
7.040072232484817505e-02
3.812820017337799072e-01
-2.197764813899993896e-01
-4.281738102436065674e-01
-1.829514950513839722e-01
-4.452403634786605835e-02
-5.420663356781005859e-01
-4.408082365989685059e-02
-5.657377839088439941e-02
2.111598998308181763e-01
nan
nan
nan
nan
9.939491748809814453e-01
8.101314306259155273e-01
2.966575622558593750e-01
1.689791530370712280e-01
2.957476675510406494e-02
2.462387271225452423e-02
-4.944411814212799072e-01
-3.096119314432144165e-02
1.171047538518905640e-01
1.059109196066856384e-01
5.992054939270019531e-01
6.516637206077575684e-01
5.169224739074707031e-01
-9.903225302696228027e-02
3.053065240383148193e-01
3.048803508281707764e-01
4.435581713914871216e-02
3.647603988647460938e-01
-5.653175711631774902e-01
-1.828723400831222534e-01
-4.063022732734680176e-01
2.758159637451171875e-01
6.144001483917236328e-01
-1.236232742667198181e-01
-1.269987970590591431e-01
9.568202495574951172e-01
8.742947578430175781e-01
-2.066408991813659668e-01
nan
nan
nan
nan
4.442682266235351562e-01
2.331316322088241577e-01
2.086977720260620117e+00
3.052163124084472656e-01
-7.576494216918945312e-01
5.181344747543334961e-01
-2.153032720088958740e-01
3.100210428237915039e-01
8.695549368858337402e-01
-2.299508005380630493e-01
2.396993041038513184e-01
1.330879807472229004e+00
-6.935782432556152344e-01
9.485110044479370117e-01
3.405003547668457031e-01
4.317285493016242981e-02
6.969401985406875610e-02
-4.609907045960426331e-03
4.527295231819152832e-01
3.090439736843109131e-01
6.498170495033264160e-01
5.217991471290588379e-01
-3.079503774642944336e-01
-8.661392927169799805e-01
3.680436015129089355e-01
4.578358530998229980e-01
nan
nan
nan
nan
nan
nan
-4.164929389953613281e-01
3.143646419048309326e-01
-1.257937997579574585e-01
-9.597968310117721558e-02
2.312606126070022583e-01
6.842594593763351440e-02
6.181772351264953613e-01
-1.551118344068527222e-01
5.577628035098314285e-03
1.468068122863769531e+00
1.116902947425842285e+00
9.332095086574554443e-02
-2.764896750450134277e-01
-7.653605937957763672e-02
3.167943358421325684e-01
7.649879455566406250e-01
-9.930208921432495117e-01
8.251911401748657227e-02
9.130184054374694824e-01
6.857650876045227051e-01
2.309730499982833862e-01
-7.481632828712463379e-01
1.971728801727294922e-01
4.061796069145202637e-01
-7.541367411613464355e-02
6.507554650306701660e-01
1.221707016229629517e-01
3.413113653659820557e-01
nan
nan
nan
nan
7.515766024589538574e-01
8.065671920776367188e-01
1.155455484986305237e-01
-3.623279184103012085e-02
4.531508386135101318e-01
-5.143384933471679688e-01
7.072210907936096191e-01
3.352731466293334961e-01
2.290931195020675659e-01
8.277010321617126465e-01
-1.404499560594558716e-01
6.423853635787963867e-01
-4.287112057209014893e-01
4.903993904590606689e-01
1.032466530799865723e+00
6.041736006736755371e-01
6.955597549676895142e-02
1.650971293449401855e+00
4.366334676742553711e-01
5.519040226936340332e-01
1.017485260963439941e+00
6.025834381580352783e-02
nan
6.930049061775207520e-01
1.923713833093643188e-01
1.652009129524230957e+00
2.794094942510128021e-02
-4.127906560897827148e-01
nan
nan
nan
nan
1.063311100006103516e+00
-3.497662544250488281e-01
-4.650697112083435059e-01
2.120261043310165405e-01
7.007220387458801270e-01
-1.150572374463081360e-01
5.023717880249023438e-01
8.251217007637023926e-02
8.476995229721069336e-01
4.948897659778594971e-01
7.123237848281860352e-01
-1.260581463575363159e-01
3.230711519718170166e-01
1.088821768760681152e+00
3.537266850471496582e-01
4.088351130485534668e-01
1.121740713715553284e-01
6.108043193817138672e-01
-5.842123646289110184e-03
1.220917463302612305e+00
-2.072653025388717651e-01
7.569953203201293945e-01
1.264377355575561523e+00
5.423275232315063477e-01
-2.908408045768737793e-01
1.019097805023193359e+00
6.882436871528625488e-01
-2.356657534837722778e-01
nan
nan
nan
nan
1.060874164104461670e-01
1.476101040840148926e+00
4.232776761054992676e-01
-4.203717410564422607e-01
-4.312961101531982422e-01
3.220644295215606689e-01
1.013705015182495117e+00
3.760955110192298889e-02
9.706808924674987793e-01
1.705490231513977051e+00
7.198662310838699341e-02
1.122473478317260742e+00
1.589578688144683838e-01
1.148910164833068848e+00
-6.552809476852416992e-01
9.869281649589538574e-01
5.640110969543457031e-01
8.153063058853149414e-01
nan
5.116887092590332031e-01
-5.557948350906372070e-01
9.088063240051269531e-01
-1.906585693359375000e-01
-1.839682161808013916e-01
2.451739907264709473e-01
9.608249664306640625e-01
1.752281039953231812e-01
-2.389623522758483887e-01
nan
nan
nan
nan
2.310373783111572266e-01
4.720973968505859375e-01
2.664495408535003662e-01
9.832883477210998535e-01
8.089123368263244629e-01
1.115923762321472168e+00
2.801706790924072266e-01
4.360543787479400635e-01
6.357901543378829956e-02
4.453523159027099609e-01
2.437228858470916748e-01
3.326844274997711182e-01
1.113248705863952637e+00
1.181035518646240234e+00
3.710059523582458496e-01
4.433190524578094482e-01
-6.001756191253662109e-01
4.702930450439453125e-01
5.595554709434509277e-01
1.334657073020935059e+00
3.230694830417633057e-01
8.990706801414489746e-01
1.284467220306396484e+00
8.390768170356750488e-01
6.850106716156005859e-01
3.584080561995506287e-02
1.013105869293212891e+00
6.380608677864074707e-02
nan
nan
