nan
nan
3.058380603790283175e-02
-1.702100372314453158e-01
9.402627563476562145e-01
-1.650176429748535234e-01
2.557063579559326269e-02
3.317537069320678628e-02
4.810621643066406161e-01
4.966344070434570157e-01
8.903225708007812544e-01
1.167465133666992116e+00
9.878269195556640403e-01
7.820198822021484641e-01
5.727280807495117587e-01
7.117349147796631081e-02
4.499876785278320579e-01
4.530044937133789196e-01
9.667217254638671431e-01
-9.848067283630371205e-02
4.837981033325195468e-01
-1.400786018371582009e-01
-4.539736175537109619e-01
-4.785489082336425587e-02
7.099542236328124645e-01
3.800670623779296986e-01
9.554673194885253407e-02
8.835877227783203169e-01
1.182883224487304652e+00
3.309848022460937234e-01
nan
nan
nan
nan
-2.807713031768798925e-02
1.476691150665283281e-01
7.925320434570312100e-01
9.402870178222656750e-02
8.981742858886718750e-01
1.597906708717346247e-02
9.364133834838866965e-02
7.937459564208984020e-01
1.461260528564453098e+00
3.888360214233398393e-01
-8.928202629089355968e-02
-6.904879760742187456e-01
4.843130493164062300e-01
-2.721939277648925959e-01
5.354708099365234064e-01
-9.427197456359863448e-02
-9.194529533386230913e-02
2.286183738708496005e-01
-5.558383560180664151e-01
2.842630767822265647e-01
1.311651611328125133e-01
1.125701370239257759e+00
7.008523559570312145e-01
7.592784118652343706e-01
-2.560044097900390780e-01
9.564102935791015669e-01
1.007184982299804688e-01
7.997611236572265137e-01
nan
nan
nan
nan
4.534053802490234375e-01
5.378787994384765653e-02
8.457559204101562367e-01
4.575907897949218484e-01
8.782628631591796742e-01
8.228808593749999956e-01
7.959806060791015936e-01
-8.020941162109375133e-01
-1.388245224952697719e-02
-1.523274135589599565e-01
-2.991788482666015714e-01
-8.248670196533203214e-01
4.368598175048827859e-01
-1.490850543975830167e-01
7.716650390624999467e-01
9.325686454772949552e-02
-3.249208450317382924e-01
6.546427917480468484e-01
-5.170333099365234109e-01
2.993457984924316473e-01
-1.128739929199218811e-01
6.434488677978515980e-01
-5.892565155029296786e-01
9.930748939514159879e-02
9.553396606445312411e-01
2.154784202575683524e-02
-2.820490455627441273e-01
4.243229675292968794e-01
nan
nan
nan
nan
3.103480148315429510e-01
1.204207153320312473e+00
7.007020568847656117e-01
5.566312408447265936e-01
-1.860547447204589921e-01
-1.328950524330139125e-02
-5.277508926391601962e-01
-3.557160568237304754e-01
-2.396348190307617254e-01
4.561806869506835893e-01
8.453757286071778010e-02
6.226030349731445090e-01
1.234298706054687500e+00
-2.006228065490722745e-01
2.601542854309081831e-01
1.966982007026672405e-02
4.376330566406250178e-01
5.738793945312500311e-01
3.785161209106445157e-01
6.809156036376953214e-01
3.607685089111328236e-01
-4.468856811523437278e-01
-1.586380100250244229e-01
6.687200927734374689e-01
4.874731445312500133e-01
4.666709136962890470e-01
1.367285003662109366e+00
6.907608795166015891e-01
nan
nan
nan
nan
4.706208419799804421e-01
4.033666610717773215e-01
8.144875335693358975e-01
1.173685302734374991e+00
2.721902847290039174e-01
5.294964981079101074e-01
1.591843223571777211e-01
3.103463554382324130e-01
-3.472103476524353218e-03
1.554749393463134843e-01
7.663672637939452637e-01
6.822187805175781161e-01
-6.312402725219726229e-02
4.537483215332031028e-01
7.910776519775390980e-01
1.367412567138671875e+00
1.812250900268554676e-01
-3.258324813842773393e-01
3.941065979003905984e-01
7.752697753906250266e-01
8.889610290527343306e-01
-3.144226264953613459e-01
9.407361602783202992e-01
8.563583374023437944e-01
1.392909145355224476e-01
1.563199996948242132e-01
2.196504974365234286e-01
5.734742641448974804e-02
nan
nan
nan
nan
1.860662269592285034e-01
-2.791356277465820157e-01
3.022092056274414129e-01
5.755377578735351163e-01
9.648482513427734109e-01
5.957836914062499822e-01
1.943639945983886841e-01
8.092475128173828303e-01
-6.421584320068359775e-01
9.744168853759765936e-01
-1.198494791984558092e-02
4.261383056640625222e-01
-1.546206951141357311e-01
5.917167663574218750e-01
1.045202636718749911e+00
-2.670116424560546875e-01
1.667575225830078223e+00
7.545369148254393865e-02
7.813533020019530762e-01
1.318161163330078045e+00
-6.224719238281249956e-01
-2.052109146118163974e-01
1.150933837890625033e-01
6.537455749511719150e-01
1.458901214599609419e-01
-3.024671363830566673e-01
1.216051483154296925e-01
-3.212596774101257342e-03
nan
nan
nan
nan
-5.795935821533203525e-01
7.279360961914062012e-01
-7.343635082244873158e-02
1.639896087646484313e+00
2.495442771911621227e-01
-1.002259850502014091e-02
3.334349060058593994e-01
2.109546089172363303e-01
1.063391342163085840e+00
-4.233744621276855358e-02
3.108238983154296697e-01
6.648461914062500089e-01
-2.339396476745605469e-01
1.473154354095458918e-01
5.416702651977538530e-01
1.419300537109374982e+00
-1.075799560546875089e+00
-4.030454635620116938e-02
-2.104711151123046797e-01
4.840026855468749778e-01
-1.737868118286132746e-01
8.045662689208984419e-01
-1.923931312561035223e-01
1.433514976501464866e-01
1.665109634399414007e-01
1.851733207702636608e-01
2.476945114135742088e-01
3.283173751831054421e-01
nan
nan
nan
nan
1.885164451599121160e-01
-3.412916898727416659e-02
6.819478607177734686e-01
1.722313995361328232e+00
6.953899383544921431e-01
9.614202117919922186e-01
9.751821136474609908e-01
2.093254470825195446e-01
6.916348266601562988e-01
1.633036422729492176e-01
8.936482238769530850e-01
4.832917022705078280e-01
2.438604736328124911e-01
2.886468696594238215e-01
1.853800964355468706e+00
9.208321380615234197e-01
2.895375633239746227e-01
4.142888545989990151e-02
1.042208404541015598e+00
1.494114837646484339e+00
1.663061676025390678e+00
3.541870117187500000e-01
2.234139823913574296e-01
3.976642990112304599e-01
1.058020935058593848e+00
6.701098632812499956e-01
1.509780273437500098e+00
-4.885836029052734175e-01
nan
nan
nan
nan
4.033951568603515447e-01
6.232037353515624822e-01
5.500896072387695401e-01
1.362052001953125036e+00
1.343092041015625071e+00
1.691374816894531286e+00
1.496929473876953187e+00
1.360968780517578081e+00
2.317603149414062536e+00
2.164847717285156126e+00
1.078654632568359473e+00
7.110395812988281605e-01
1.467290496826171964e+00
1.326712646484375036e+00
6.509562683105468706e-01
1.757259674072265687e+00
1.386806182861328063e+00
5.961066055297851163e-01
1.517484893798828116e+00
1.486689758300781206e+00
5.585248184204101296e-01
5.985549163818358887e-01
1.465737915039062589e+00
1.315607604980468803e+00
9.643595123291015536e-01
1.537851409912109446e+00
2.741194152832031050e-01
1.716985931396484366e+00
nan
nan
nan
nan
2.264820709228515749e+00
1.448084106445312491e+00
1.427739105224609339e+00
1.698815917968750089e+00
1.744688415527343661e+00
1.225233993530273402e+00
2.310325469970702983e+00
1.784459533691406197e+00
1.450117645263671928e+00
2.635516357421875178e+00
1.361691741943359402e+00
1.640525360107421893e+00
1.488271789550781321e+00
1.429853363037109304e+00
2.414849853515625089e+00
1.803276519775390607e+00
1.891352996826171973e+00
4.636407089233398615e-01
1.699093322753906232e+00
1.511403503417968697e+00
1.206359481811523526e+00
2.088473052978515820e+00
1.314440155029296786e+00
1.220761947631835875e+00
1.335837860107421893e+00
1.066458740234375036e+00
1.442409667968749920e+00
1.860301055908203161e+00
nan
nan
nan
nan
1.498003692626953098e+00
1.671842041015624947e+00
1.922512817382812544e+00
1.901476745605468643e+00
2.478382568359374982e+00
2.137853240966796964e+00
2.550832366943359464e+00
1.489028320312500098e+00
3.321628112792968768e+00
1.781446380615234304e+00
2.159649810791015589e+00
3.070515136718749982e+00
2.717762451171874982e+00
2.003270263671875107e+00
3.041893920898437464e+00
3.007033691406249876e+00
3.048149108886718750e+00
3.678241271972656268e+00
3.487022399902343750e+00
3.508629760742187464e+00
3.669154968261718608e+00
3.709958496093749947e+00
2.772220153808593768e+00
3.825778808593749858e+00
3.561028747558593555e+00
3.697151184082031250e+00
2.992393798828124840e+00
4.547046203613280824e+00
nan
nan
nan
nan
2.611475830078124893e+00
3.329771728515625195e+00
3.784548645019531143e+00
3.323278808593749911e+00
3.285479125976562553e+00
3.345010681152343679e+00
3.412719421386718910e+00
3.778716125488281286e+00
2.053676300048828285e+00
2.438583221435546733e+00
2.150343933105468786e+00
1.479946899414062544e+00
9.829967498779297319e-01
2.849690551757812607e+00
2.373841552734374805e+00
1.389052276611328018e+00
2.502383422851562678e+00
1.227732086181640536e+00
2.696958923339843661e+00
1.296505126953124920e+00
2.047814636230468555e+00
6.064644622802733975e-01
8.940385437011718617e-01
2.086169433593750178e+00
1.427174682617187607e+00
1.068865890502929794e+00
2.037490081787109553e+00
2.068210296630859535e+00
nan
nan
nan
nan
1.569327392578125036e+00
8.904854583740234863e-01
1.759415740966796982e+00
7.414116668701171697e-01
7.004321289062499512e-01
5.300430679321288530e-01
1.314850921630859482e+00
2.042759857177734339e+00
1.163927307128906241e+00
1.032225952148437598e+00
8.600326538085937278e-01
7.786705017089843306e-01
1.212878646850585884e+00
1.433976135253906214e+00
-9.952645874023438033e-01
2.063272094726562589e+00
8.786035919189453258e-01
1.123582229614257910e+00
1.206467971801757910e+00
7.579975128173828125e-01
1.815940856933593861e-01
1.478870849609374982e+00
5.412577819824219150e-01
2.865025520324707142e-02
9.459905242919921520e-01
1.072615890502929714e+00
5.394359207153320845e-01
6.836926269531250488e-01
nan
nan
nan
nan
1.232543106079101669e+00
1.316312713623046804e+00
7.083890533447265714e-01
5.634586334228515181e-01
1.128328781127929670e+00
-2.431452941894531317e-01
1.445290985107421822e+00
9.919443511962890980e-01
2.085319976806640607e+00
8.195528411865233842e-01
3.785066223144531450e-01
9.961385345458984020e-01
5.724621963500976518e-01
1.232100067138671928e+00
1.524811248779296857e+00
1.953759155273437464e+00
9.509422302246093306e-01
3.432820320129394837e-02
5.052635192871093306e-01
-2.181877708435058516e-01
2.661017799377441428e-01
9.383128356933593262e-01
9.504757690429687100e-01
8.953733062744140270e-01
1.074385528564453018e+00
-4.296034336090087669e-02
1.372281341552734402e+00
1.588533782958984286e+00
nan
nan
nan
nan
1.211290588378906241e+00
7.159743499755859553e-01
2.603699684143066517e-01
1.714693298339843741e+00
9.432933807373047319e-01
9.674195098876953169e-01
3.940679931640624911e-01
1.062304382324218643e+00
2.732823181152344016e-01
1.165319213867187509e+00
6.632951354980468617e-01
1.746276855468750000e+00
1.117155151367187571e+00
1.326470794677734322e+00
8.423360443115234242e-01
4.843114471435546742e-01
1.724851989746093717e-01
-1.902108573913574296e-01
-3.186014175415038951e-01
3.094956016540527100e-01
3.984911441802978238e-02
9.810464477539062589e-01
9.902474212646484863e-01
1.401009826660156277e+00
-7.534393310546874667e-02
7.727358245849609286e-01
1.277963104248046822e+00
7.253682708740234464e-01
nan
nan
nan
nan
9.974465942382813033e-01
-6.901633453369140359e-01
5.949327087402344061e-01
1.162354431152343714e+00
7.662796783447265447e-01
5.965267181396484153e-01
7.757386779785155895e-01
8.554035186767577903e-01
4.366060638427734508e-01
1.296099090576171786e+00
6.320578765869140359e-01
1.618058929443359384e+00
2.638348083496093732e+00
5.092178344726562278e-01
8.147612762451171831e-01
7.746858978271484730e-01
1.491576232910156286e+00
8.266674804687500488e-01
7.106868743896483931e-01
1.668411102294921955e+00
1.726949310302734464e+00
1.289570007324218670e+00
-4.117347335815429443e-01
1.110954666137695224e+00
1.118004837036132848e+00
6.177555084228515403e-01
9.485453033447265314e-01
1.198025436401367161e+00
nan
nan
nan
nan
1.746212768554687544e+00
2.600007820129394687e-01
1.542618408203124902e+00
1.245446243286132848e+00
1.292881469726562482e+00
1.189718017578125009e+00
8.639624023437499911e-01
1.523077545166015678e+00
1.386186065673828072e+00
1.266349105834960964e+00
9.155651092529296653e-01
1.144111785888671795e+00
4.916411972045898193e-01
1.705886077880859331e+00
1.313930206298828063e+00
1.083641662597656152e+00
1.333527069091796857e+00
7.627465057373047363e-01
9.780157470703124689e-01
8.855063629150390359e-01
7.483777618408202770e-01
1.562696380615234304e+00
7.340673828124999467e-01
1.102179412841796768e+00
1.459807891845703143e+00
1.276797485351562456e+00
2.036587677001953089e+00
1.775957489013671786e+00
nan
nan
nan
nan
8.857487487792968794e-01
1.646791992187500053e+00
3.144891357421875089e-01
1.323774719238281161e+00
1.048868484497070375e+00
1.495873565673828232e+00
1.397429962158203143e+00
1.384598236083984357e+00
1.316476745605468679e+00
1.151906051635742223e+00
2.004430389404296964e+00
1.625431671142578027e+00
1.499087829589843768e+00
1.592149658203124929e+00
1.256482391357421902e+00
1.384866027832031277e+00
1.599298400878906179e+00
1.747324523925781303e+00
2.278672180175781214e+00
2.469923858642578018e+00
7.360761260986328214e-01
2.043776397705078018e+00
2.141906280517578143e+00
1.073239974975585875e+00
1.456712799072265696e+00
1.943101348876953072e+00
2.127809295654296662e+00
1.303661956787109277e+00
nan
nan
nan
nan
1.944064941406250080e+00
8.741020202636718972e-01
1.148544845581054741e+00
2.352530364990234268e+00
2.379459228515624858e+00
2.008851470947265572e+00
1.798648376464843768e+00
1.826233978271484482e+00
1.976573944091796875e+00
2.877055053710937393e+00
2.532585296630859517e+00
2.598831481933593590e+00
1.988370513916015714e+00
1.886940917968749964e+00
2.014969177246093590e+00
2.165120544433593697e+00
1.797088470458984455e+00
2.347161407470703232e+00
2.557350311279297017e+00
2.218588562011718945e+00
2.995095825195312589e+00
2.869017639160156286e+00
2.586058044433593661e+00
2.489032745361328125e+00
2.313122863769531357e+00
6.761735534667968617e-01
nan
nan
nan
nan
nan
nan
3.251742858886718768e+00
2.914971008300781374e+00
3.691776123046874858e+00
3.065981140136718963e+00
3.360288085937499947e+00
3.164730224609375142e+00
3.612949218749999858e+00
3.616977844238281392e+00
3.400011291503906463e+00
3.529044189453125036e+00
3.423437499999999911e+00
3.948838806152343839e+00
3.784853210449218963e+00
3.877239990234374822e+00
3.206390991210937624e+00
3.621361389160156374e+00
3.995933227539062660e+00
3.684888000488281357e+00
4.140974731445312251e+00
3.539373474121093821e+00
4.387695007324218466e+00
4.243775939941405895e+00
3.779509887695312376e+00
3.531444702148437642e+00
3.227694091796875053e+00
3.417338867187500018e+00
3.652701110839843945e+00
4.657629394531250355e+00
nan
nan
nan
nan
4.623016662597656534e+00
1.662232971191406339e+00
5.165233230590819957e-01
2.891903877258300559e-01
4.381484375000000320e+00
4.805373229980468786e+00
3.355373229980468608e+00
3.674357910156250018e+00
3.896668395996093714e+00
3.412727355957031250e+00
3.731811218261718910e+00
3.656769104003906090e+00
4.233881835937499893e+00
4.724189758300781250e+00
4.196752014160156641e+00
4.693803100585937749e+00
4.217378234863280895e+00
5.378316650390624787e+00
4.910433959960937678e+00
4.706254272460937749e+00
5.038747253417969141e+00
5.399552001953124680e+00
nan
5.305657348632812464e+00
5.876430664062500142e+00
6.515731811523437500e+00
6.590108642578124787e+00
6.304920043945312358e+00
nan
nan
nan
nan
5.460474853515624893e+00
7.432264404296875071e+00
6.595527343749999716e+00
6.976984863281249893e+00
6.387990112304687607e+00
6.378719482421875142e+00
5.875706176757812926e+00
7.196817626953125213e+00
6.243914794921875178e+00
6.611220703125000320e+00
2.306726989746093803e+00
5.804475708007812429e+00
5.455544433593749964e+00
6.510036010742187074e+00
5.634061279296875391e+00
4.598413696289062713e+00
5.080588073730468501e+00
5.113974609375000036e+00
5.005835266113281001e+00
4.708562316894531641e+00
5.448616943359374964e+00
4.646224365234375320e+00
5.049133605957031534e+00
4.175537414550781534e+00
5.148870849609375355e+00
4.952882080078125249e+00
4.638697509765624893e+00
4.209475097656249609e+00
nan
nan
nan
nan
3.550452575683593626e+00
4.916629333496093324e+00
4.673109436035156605e+00
4.273547058105468643e+00
4.468755493164062287e+00
4.240753173828125000e+00
3.961417236328125036e+00
4.248306579589844034e+00
4.371604614257812216e+00
4.230286560058593714e+00
4.362562255859375071e+00
3.536890563964843803e+00
3.897560729980468874e+00
3.943497009277343590e+00
4.233379516601562642e+00
4.519093627929687607e+00
3.875675964355468572e+00
4.652164306640624858e+00
nan
3.294850769042968697e+00
4.285296325683593643e+00
3.091083068847656268e+00
4.119314575195312855e+00
4.403655700683593466e+00
3.279928894042968945e+00
4.123999938964844070e+00
3.701933288574218661e+00
3.437038879394531232e+00
nan
nan
nan
nan
4.488221130371093714e+00
4.039481201171875036e+00
3.934903259277343857e+00
4.612780456542968643e+00
4.258650207519531605e+00
5.258630371093749645e+00
4.589405212402343892e+00
4.108975219726562322e+00
4.891679077148437749e+00
4.407269287109374822e+00
4.064503479003906072e+00
4.290779113769531250e+00
4.055147094726562429e+00
3.378002929687499822e+00
3.925289306640625142e+00
4.663800659179687891e+00
3.996786193847656321e+00
4.721699523925781072e+00
4.088660278320312536e+00
4.894056091308593537e+00
4.183338928222656072e+00
4.109308776855468359e+00
4.510807495117187926e+00
4.185220031738281499e+00
4.180369262695312393e+00
3.753692626953125000e+00
3.890491027832031268e+00
5.093063964843749680e+00
nan
nan
