nan
nan
8.126322958204481584e-01
1.260894881354437835e+00
2.950406074523925781e-02
-5.628206994798448104e-01
3.943111366695827846e-01
1.014686584472656250e+00
-2.860714329613579521e-01
-3.358880678812662945e-01
-3.435407214694553013e-01
4.459993574354383927e-01
1.056058075692918596e-01
-5.156721009148491630e-01
7.342512342664930802e-01
-4.789645936754014510e-01
2.096619043085310233e-02
-1.213315063052707310e-01
-2.438684138986799491e-02
5.219700071546766740e-01
-6.359161270989311943e-01
7.061073515150282365e-01
-2.031933863957723074e-01
-7.093948788113064730e-01
-9.559152391221787948e-01
-4.308409161037868862e-01
-4.797132280137803573e-01
-1.394277811050415039e-01
-1.758492655224270229e-01
4.985470573107401299e-02
nan
nan
nan
nan
4.714990191989474888e-01
2.066206534703572684e-01
5.478431367211871773e-03
-5.258072747124565849e-01
4.119900862375895367e-01
2.626690334743923549e-01
-1.004828876919216629e+00
-3.213461240132649555e-01
-1.048550605773925781e+00
3.035639392005072823e-01
-8.697412808736165735e-01
7.515737745496962052e-01
1.121717294057210240e-01
3.449735376569959544e-02
2.319276332855224609e-01
7.705242104000514791e-02
3.100262747870551339e-01
7.556943363613553011e-01
-3.462789853413899555e-01
6.466762224833170203e-01
-4.487873713175455914e-01
3.622823821173773995e-01
-5.914107428656684151e-01
-8.789309395684136161e-01
-2.089877658420138951e-01
-4.820026821560329799e-01
-6.084302796257866630e-01
1.079223155975341797e-01
nan
nan
nan
nan
-2.041288614273071289e-01
-2.866815990871853237e-01
7.587946256001790735e-01
5.622213151719834823e-01
8.498671319749619979e-01
5.297098689609103239e-01
-2.973949644300672990e-01
-2.434765762752956753e-01
6.422409481472439730e-01
4.717684851752387276e-01
8.456805017259385604e-01
4.362470308939616070e-01
4.850907855563693638e-01
-3.170315954420301896e-01
-1.285771158006456139e+00
-8.817636701795790177e-01
3.502971331278483258e-01
5.109770562913682479e-01
-4.734563827514648438e-01
-1.075042618645562081e-01
-9.237226910061306917e-01
6.902469529045952568e-01
2.375605901082356863e-01
5.160773462719387555e-02
-1.247513459788428432e-02
9.379225836859809151e-01
-4.724905755784776229e-01
-2.174758646223280134e-01
nan
nan
nan
nan
6.249003940158419645e-01
4.542400042215983258e-01
-4.459835158454047432e-01
-3.419517411126030693e-01
-7.982226477728949776e-01
-3.695652484893798828e-01
-9.803335534201727819e-02
-4.117690192328559151e-01
-7.945227622985839844e-01
1.034919818242390904e-01
-6.545462608337402344e-01
8.757661448584662389e-02
-5.393810272216796875e-01
-1.169261667463514578e-02
3.621451722251044225e-02
1.722810003492567243e-01
3.033361964755588169e-01
-2.044093873765733538e-01
3.869963222079806919e-01
5.128342310587564734e-01
4.836786588033040180e-01
-1.932611068089803152e-01
-6.721496582031250000e-01
-3.424179818895127791e-01
-1.739755736456977120e-01
-1.981207927068074637e-01
-1.007821294996473549e+00
3.294050900472534835e-03
nan
nan
nan
nan
-1.060755848884582520e-01
-2.486125098334418526e-01
1.245368354850345111e-02
2.107430034213595982e-01
-2.170773347218831473e-01
-1.302866008546617327e-01
3.864213360680474052e-01
-7.298653920491536828e-01
-1.519829326205783371e+00
3.351716730329725724e-01
4.611973630057440710e-02
5.761569341023763391e-01
3.245227866702609654e-01
8.027626408471001673e-02
9.856109619140625000e-01
6.051638391282823659e-02
2.144775655534532366e-01
-1.308288574218750000e-01
-6.355642610126072123e-02
-2.469875812530517578e-01
-1.113192240397135491e+00
7.450022697448730469e-01
4.366081025865342635e-01
5.894611676534017297e-01
-2.656797832912868862e-01
5.881363021002875557e-01
4.409242471059163226e-01
1.917063660091823940e-01
nan
nan
nan
nan
4.005103905995686664e-01
3.642941845787896205e-02
2.868924405839707870e-01
8.644096056620279578e-01
5.887150764465332031e-02
-4.475086530049641742e-01
-4.313259124755859375e-01
-3.858814504411485213e-01
-3.694822523328993302e-01
-4.202994373109605886e-02
2.084197203318277902e-01
-4.468312793307834263e-01
-3.391892115275065289e-01
-2.729489571518368268e-02
7.574308249685499789e-03
1.049961090087890625e+00
-7.535022099812825891e-01
-4.304364522298176898e-01
2.815313604142930526e-01
2.140021721522013254e-01
3.110743098788791294e-01
-1.071456167432996986e+00
-1.507846117019653320e-01
-5.600726339552137834e-01
-4.155962732103135604e-01
6.406407886081271208e-01
-4.512681431240505581e-01
-1.858684089448716867e-02
nan
nan
nan
nan
-3.525262673695881976e-01
-2.251043584611680803e-01
1.008597744835747628e-01
5.098500781589083708e-01
1.841617690192328682e-01
-2.396858798133002511e-01
-4.668451944986979352e-01
3.536373244391547432e-01
3.191703425513373604e-01
7.764940261840820312e-01
-9.396725760565863839e-01
-1.436351405249701625e-02
-1.080550299750433929e+00
-3.878028127882215959e-01
5.893408987257215959e-01
-3.816208044687907086e-01
-3.587931725713941478e-02
-4.525036944283379603e-02
-8.185781902737088167e-01
-1.682885156737433385e-02
4.396989080641005021e-01
1.901257832845052176e-01
-4.933798048231337052e-01
-2.184523608949449358e-01
3.528397348192002791e-01
-3.387650383843315849e-01
-5.536111725701226005e-01
8.503672149446275808e-02
nan
nan
nan
nan
-1.505006286833021345e-01
-4.013697306315104352e-01
1.056013107299804688e-01
-5.617477099100748328e-01
-9.897241592407226562e-01
-7.530897193484836771e-02
1.932740079032050362e-01
8.095912933349609375e-01
9.080272250705294645e-01
1.025339298778110142e-01
4.569474856058756695e-01
-1.066571474075317383e-01
-1.687318219078911552e-01
6.838748719957139510e-01
-4.645326402452256698e-01
-6.061568260192871094e-01
9.354366858800251816e-02
1.464540825949774971e-01
-1.998368236753675642e-01
1.386977725558810715e+00
-1.393374866909450893e-01
1.056984477572970871e+00
-7.119852172003852120e-01
-2.523478137122260323e-01
-1.142944759792751785e+00
-7.027817832099066964e-01
4.535229470994737166e-01
5.889468722873263395e-01
nan
nan
nan
nan
-5.718688832388983678e-02
3.362412187788221818e-01
4.934877289666069755e-01
-2.040983438491821289e-01
-1.392161448796590262e-01
6.407363679673936385e-01
-6.449703640407986605e-01
-9.765572018093533480e-01
-3.324819405873616351e-01
6.820376184251573104e-01
8.062206904093424109e-01
-6.700020366244845427e-01
1.458020342720879325e-01
-5.441793335808647880e-01
-2.057475911246405831e-01
-2.839563157823350448e-01
-1.648155980639987583e-01
1.164145469665527344e-01
-9.526074727376302453e-01
-5.640988349914550781e-01
-6.372524632347954798e-02
-7.184179623921711777e-02
1.890445815192328682e-01
-1.903466880321502686e-02
2.805840704176161271e-01
-1.593684355417887277e-01
-4.639753765530056362e-01
1.415358384450276785e-01
nan
nan
nan
nan
6.515141593085395089e-01
-4.846999380323622209e-01
1.302410893970065708e-01
3.841988245646159039e-01
1.190992885165744308e+00
-7.798171043395996094e-01
9.199672275119357145e-01
3.705213334825303573e-01
7.433695793151855469e-01
7.931182119581434709e-01
-1.228000322977701897e+00
-4.808044102456834890e-02
2.663402292463514787e-01
6.947664684719510042e-01
8.641815185546875000e-01
3.043765226999918805e-01
7.196867730882432479e-01
8.870275815327962610e-01
1.157201263639661970e-01
1.048251059320237932e-01
3.838055928548176898e-01
5.678001509772406807e-01
5.888650152418348216e-02
-2.116894192165798549e-01
-1.210282246271769252e-01
9.867631064520941686e-02
1.318534215291341072e+00
4.804388152228461495e-01
nan
nan
nan
nan
3.579360908932155971e-01
4.502504666646321430e-01
-1.348633633719550362e-01
6.777759128146700895e-01
-4.334153864118788224e-01
-1.311078495449490067e+00
5.178206761678060266e-01
1.369625727335611887e-01
-9.671470854017469865e-01
-1.983822584152221680e-01
3.601264423794216518e-01
-2.650194532341427350e-02
7.745192845662435266e-01
-3.919928603702121372e-01
-1.621974044375949497e-01
-8.485743204752603797e-01
2.612472110324435826e-01
5.309187041388617745e-01
-1.180277930365668387e-01
-8.786813418070475723e-02
-4.912944899664984932e-01
-6.549401813083224333e-01
3.423712518480088729e-01
3.571949005126953125e-01
2.179884115854898996e-01
1.754155423906114397e-01
-3.141981495751274833e-01
4.054938952128092633e-01
nan
nan
nan
nan
-2.982695632510715122e-01
4.169730080498589286e-01
2.940412627326117745e-01
4.495602183871799107e-01
1.975939671198526926e-01
-1.105006853739420647e+00
8.892019059922959823e-01
-4.369394514295790177e-01
8.652518192927043106e-02
-2.151876952913072405e-01
6.513207753499349328e-01
-4.311819341447618026e-01
5.114636951022677458e-01
6.607854631212022323e-01
-4.680895805358886719e-01
4.160260624355739956e-01
6.797062555948892859e-01
-2.210374805662367048e-01
3.228055636088053570e-01
2.961511347028944474e-01
-2.697452439202202568e-01
1.738803386688232422e-01
6.292019420199923552e-01
-1.284309625625610352e-01
4.127486017015244979e-01
7.642281850179036828e-01
-3.498769071367051620e-01
-1.548994514677259626e-01
nan
nan
nan
nan
-1.694801118638780413e-01
-2.858974138895670758e-01
7.601435316933526087e-02
1.035120858086480133e+00
-1.683399677276611328e-01
-5.609876314798990515e-01
1.511460675133599052e-01
-2.796793513827853794e-01
-8.574563132392035714e-01
-5.394786728752983818e-01
6.647907363043891182e-01
5.438716146681044084e-01
-2.868841224246554966e-01
3.657853868272569198e-01
-2.015719976690080392e-02
-4.504295984903971539e-01
3.859425385793049945e-01
7.315464549594454802e-01
2.573147879706488839e-01
-3.791196081373426896e-01
-4.544725418090820312e-01
-4.388062689039442521e-01
-5.020547442966036833e-01
4.700136714511447544e-01
-1.076084971427917480e-01
4.555148018731011161e-01
-2.804850207434760323e-01
-6.436380280388726005e-01
nan
nan
nan
nan
-7.143197059631347656e-01
3.165621757507324219e-01
-3.073337078094482422e-01
5.405174361334906807e-01
-5.024837387932671318e-01
1.457362572352091379e-01
5.694662200080023995e-01
5.611889627244737166e-01
-1.486200438605414398e+00
-2.343384689754909878e-01
2.477388911777072544e-01
-5.059570206536186943e-01
3.948690096537272320e-01
-5.198376973470052453e-01
5.606534083684285713e-02
5.498222774929470980e-01
-8.398425843980577010e-01
5.263665517171224328e-01
-5.969812075297037390e-01
-4.311663574642605190e-01
4.415283203125000000e-01
-4.415648248460557479e-01
-3.031484815809462052e-01
6.920995182461209261e-01
-3.193001482221815568e-01
2.740844355689154854e-01
1.178095181783040291e+00
3.345458772447373885e-01
nan
nan
nan
nan
1.008598274654812221e-01
5.762321154276529578e-01
6.847517755296494979e-01
-1.679826577504476004e-01
7.000021404690213167e-01
1.062188890245225670e+00
1.935779386096530552e-01
2.604364289177788505e-01
3.220378557840983258e-01
6.445128652784559709e-01
2.256076070997450056e-01
6.427324083116319198e-01
-3.231431908077663784e-01
2.173618608050876255e-01
-8.244907061258951453e-01
4.741357167561848773e-01
5.350863668653700334e-01
2.934523688422309151e-01
-2.392689916822645368e-01
-6.882768207126193083e-01
8.059107462565103797e-01
-8.023539649115668526e-01
-5.975988176133897323e-01
-4.811363220214843750e-01
-9.548770056830512276e-01
-5.293060938517252234e-01
2.391424179077148438e-01
-1.528282562891642160e-01
nan
nan
nan
nan
1.324621968799167271e-01
-5.472981135050455359e-01
-1.621397733688354492e-01
-6.646835009256998328e-01
-1.167832586500379799e+00
-6.138023800320095980e-01
-1.629599465264214286e-01
-3.151783148447672711e-01
-5.335017840067545203e-01
2.478653854793972378e-01
8.207957479688856584e-01
-9.261111153496636161e-01
-3.331833150651719588e-01
-3.760874536302354354e-01
3.173636595408121930e-01
-6.547098159790039062e-01
1.715952555338541574e-01
8.496725824144151229e-01
-5.617050064934624443e-01
9.110755920410156250e-01
-6.125214364793565291e-01
1.114846123589409821e+00
-4.049492147233750838e-01
-1.178674274020724777e+00
7.660824987623426896e-01
9.436418612798054550e-02
-1.668292019102308454e-01
1.974577373928493862e-01
nan
nan
nan
nan
3.936656581030951729e-01
1.754364569981892996e-01
7.183427280849881136e-01
6.880949603186713170e-02
2.419652938842773438e-01
1.644788848029242745e-01
4.695028728908962612e-01
-1.196520169576009041e+00
-4.400112364027235490e-01
-2.327968544430202846e-01
-4.343483448028564453e-01
-4.373452398512098771e-01
-1.340081294377644949e-01
-3.826197253333197823e-01
-5.346354908413357698e-01
-1.049006647533840542e-01
-2.704892158508300781e-01
4.430331124199761161e-01
-7.013290193345811385e-01
1.575375265545315290e-02
5.758212937249077568e-01
-2.170444329579671316e-01
5.537295871310763395e-01
-3.645771609412299386e-01
-9.638645384046766740e-01
-1.722745762930976143e-01
-4.887568155924479352e-01
5.029338200887044641e-01
nan
nan
nan
nan
-1.080895105997721428e+00
5.407160653008354911e-01
2.685388724009196149e-01
-2.272692256503635044e-01
9.544163809882270089e-01
-7.502387364705404016e-01
1.425498326619466072e+00
4.776608679029676896e-01
-2.507812976837158203e-01
-1.686966088083055246e-02
-6.054816246032714844e-01
-2.652525107065836774e-01
-2.711647881401909599e-01
-2.389107015397813616e-01
2.562624878353542690e-01
-1.128177113003201004e+00
-4.420163366529676896e-01
4.738508860270182477e-01
-1.155603938632541183e+00
-1.988515588972303572e-01
1.401548120710584822e-01
4.672827190823025112e-01
3.144702116648356305e-01
-8.547713491651747209e-01
-2.723942332797580357e-01
-2.081473535961574917e-01
4.620870484246147880e-01
7.030909326341416854e-01
nan
nan
nan
nan
6.847730212741427458e-01
7.587422099378373502e-03
4.361614121331108818e-01
-1.856015258365207310e-01
-1.268563138114081612e-01
5.806599193149142302e-01
1.713487042321099052e-01
4.187126424577500838e-01
-3.786136309305827008e-01
-2.620408799913194198e-01
2.912890381283230190e-01
3.802710639105902901e-01
3.180758953094482422e-01
1.004051632351345424e-01
1.950075626373291016e-01
6.389910380045572547e-01
-1.411448849572075614e-01
-4.516045252482096539e-01
-1.366756624645656948e-01
5.327528847588433036e-01
-6.415147781372070312e-01
3.511718644036186943e-01
-4.897239473130967635e-01
2.667121887207031250e-01
-9.215396245320638391e-01
3.511729505327012557e-01
nan
nan
nan
nan
nan
nan
-2.304383383856879464e-01
1.139291259977552595e-01
-5.511839654710557479e-01
1.028572718302408900e-01
3.931654294331868305e-01
2.258785035875108538e-01
9.138251410590277901e-01
3.356980482737223492e-01
-1.459149229857656643e-03
-3.817528353797065011e-01
-2.387389540672302246e-04
-4.617923630608452568e-01
-5.188462999131944198e-01
-1.694229046503702707e-01
6.709051132202148438e-01
4.420618746015760880e-01
-1.983071987827619061e-03
1.890652378400166714e-02
5.779635111490885047e-01
-2.539576424492729911e-01
-7.526378101772732698e-01
5.619477166069878349e-01
-7.666333516438802453e-01
-8.179115719265408480e-01
3.388844927151998115e-02
7.923802269829643974e-01
-2.001634571287367048e-01
1.276619152890311366e-02
nan
nan
nan
nan
-3.703247706095377789e-01
4.818151791890462055e-01
-5.267226431104872209e-01
7.573066817389594307e-01
4.982816179593404365e-02
-4.468496640523274555e-01
-1.110150761074490067e+00
-2.783892684512668247e-01
-6.976561546325683594e-01
2.613859971364339008e-01
-8.643238809373643416e-01
7.463789648479884908e-02
-2.073246637980143137e-01
8.613627751668294641e-01
1.133747233284844308e-01
7.424485021167331888e-02
-1.170744912491904384e-02
-3.048324849870469588e-01
-2.150721549987792969e-01
-3.465627829233805524e-01
-7.343195809258354911e-01
7.952382167180378769e-02
nan
-2.622352441151936664e-01
-7.239413923687404440e-02
5.652739206949869422e-01
9.554517534044053573e-01
1.295160187615288505e-01
nan
nan
nan
nan
1.149910026126437779e-01
-7.800649272070990514e-02
7.934299045138888395e-01
-1.935368114047580357e-01
-1.184677150514390764e-01
2.374063332875569754e-01
5.999171468946669084e-01
2.513372898101806641e-01
-8.228317896525064734e-01
1.939693689346313477e-01
-4.844843016730414620e-01
3.396418094635009766e-01
-3.510689470503065568e-01
-2.265182601081000557e-01
1.275752650366889229e-01
-8.926988177829318083e-01
1.670746141009860630e-01
2.379477818806966238e-01
-1.109975390964084152e+00
-2.370744016435411272e-01
-1.574037604861789341e-01
4.964890480041503906e-01
-5.728943083021376115e-01
5.457206832038031807e-01
1.269731256696912947e-01
-8.280179897944132950e-02
-5.072556071811251677e-01
-1.284639437993367606e-01
nan
nan
nan
nan
-7.135743035210503349e-01
3.193107710944281807e-01
-5.531729592217339286e-01
1.916871633794572580e-02
6.373809178670247766e-01
-3.229659398396809711e-01
-5.380548901028103792e-01
8.778503868314954661e-02
-3.604067696465386161e-01
1.251439783308241072e-01
-4.450750350952148438e-01
-3.739425606197780971e-01
-4.482852088080512276e-01
3.036209212409125557e-01
-1.105115360683865067e+00
1.836055649651421318e-01
-1.259800857967800503e-01
-1.115690072377522740e-01
nan
-4.007136556837294084e-01
1.954567962222629185e-01
-3.534643914964463729e-01
-8.540847235255770442e-03
4.476971096462673549e-01
-1.641413238313463030e-01
-1.100479629304673967e-01
-1.807902124192979632e-01
5.148662461174858818e-01
nan
nan
nan
nan
2.488306992583804583e-02
2.839134534200032367e-01
3.619240919748942242e-01
-8.035172356499565849e-01
-4.241441090901692523e-01
-2.993156909942626953e-01
4.431756867302788505e-01
-2.370682027604844866e-01
-6.295041508144803011e-01
5.410162607828775672e-01
-4.272211392720540180e-01
-4.500127368503146763e-01
-4.432380994160969867e-01
-4.973478317260742188e-01
-4.367945724063449497e-01
4.317733976576063615e-01
6.010433302985297432e-01
-3.066258430480957031e-01
-4.207868840959336776e-01
-1.343591875500149135e-01
-1.829778618282741909e-01
-4.665131701363457728e-02
4.577270613776313057e-01
1.180326408810085659e-01
-5.280085669623481026e-01
-8.064885669284396208e-01
1.288498507605658761e-01
7.439270946714612864e-02
nan
nan
