nan
nan
-5.064238972134060823e-01
2.629367245568169364e-01
-7.763411204020181922e-01
-6.351862351099650528e-02
-3.561944696638319474e-01
2.479271358913845424e-01
-5.104952918158637276e-01
-3.947825696733262557e-01
5.062823825412325895e-01
2.249146567450629464e-01
-4.655849668714735490e-01
7.234598265753852120e-01
2.569832238886091483e-02
-8.630871242947049105e-01
-9.593977398342556917e-01
3.115770286983913784e-01
1.013429323832194084e+00
-3.409973250495063057e-01
2.698812484741210938e-01
8.691440688239203682e-01
-3.109294176101684570e-02
-3.508072164323594588e-01
-3.655547565884060268e-01
-1.039943032794528599e-01
5.828368928697373885e-01
-1.035649617513020759e+00
-3.967537615034315568e-01
6.402301258511013948e-01
nan
nan
nan
nan
-1.541168557273017159e-01
7.217435704337225866e-02
-5.325678189595540735e-01
-1.660409371058146066e-01
1.029047171274821010e-01
-3.779301643371582031e-01
5.835697385999891740e-01
6.032918294270833703e-01
3.925499982304043317e-02
-4.982523454560174037e-02
-1.192785369025336356e-01
8.331339624192979354e-01
1.848957803514268694e-01
3.160162236955430526e-01
6.111624505784776229e-01
5.627406968010796318e-01
1.113891813490125893e+00
3.371960586971706753e-01
-1.065562168757120814e-01
1.373435656229655022e+00
2.595563994513617745e-01
1.437743670410580182e-02
1.184764968024359710e+00
8.608788384331597099e-01
-8.813078138563368302e-01
-5.325469970703125000e-01
-4.370162222120497209e-01
-5.808300442165798688e-02
nan
nan
nan
nan
-3.747074339124891740e-01
-5.823717647128634489e-01
5.844842725329928851e-02
7.344723277621798552e-01
3.108662764231364117e-01
7.065194977654351005e-01
-3.173380759027269460e-02
-2.069735527038574219e-01
-5.808844831254747487e-02
-1.050368414984808929e+00
-3.927891784244113560e-01
-6.140833430820040739e-01
-2.873110506269667130e-01
5.898921754625108260e-01
2.432961199018690290e-01
1.090466287400987389e+00
3.695935408274332867e-01
4.986802207099066964e-01
7.470499806933933451e-02
-6.670604811774359932e-01
-1.353742493523491852e+00
-8.222292794121636161e-01
-1.919747591018676758e-01
4.135593838161892299e-01
3.525311681959364396e-01
2.013115485509236746e-01
-2.242221037546793527e-01
-2.008320391178131104e-02
nan
nan
nan
nan
1.879271931118435268e-01
-9.454941219753689730e-01
-3.748778502146403180e-01
5.610095130072699776e-01
-1.719562345080905552e-01
1.749072339799669085e-01
-7.340673605600993301e-02
1.117820739746093750e+00
4.037981298234727401e-01
-4.856769243876139508e-01
-2.983768251207139510e-01
-4.929069346851772809e-02
5.241782930162217635e-01
-7.119521035088433036e-01
4.552910063001844865e-01
-9.195942348904079244e-02
-4.287714428371853237e-01
-6.149040857950845984e-01
5.115941895378960380e-01
4.904792043897840959e-01
-5.159060690138075334e-01
1.913079023361206055e-01
5.779312451680501672e-01
5.452054738998413086e-02
3.816888067457411271e-01
-2.451741860972510290e-02
2.570337984297010880e-01
1.724564764234754799e+00
nan
nan
nan
nan
-2.097579108344184151e-01
-5.193607012430826453e-01
-3.703460163540310268e-01
-1.405184931225246792e-01
-5.747841729058159599e-01
-3.472912046644422990e-01
4.894040425618489398e-01
-5.509826342264810828e-01
-2.854672008090549107e-01
-1.099042031500074568e-01
-6.555603875054253349e-01
2.449244658152262277e-01
-1.974390745162963867e-01
-3.357952700720893136e-01
7.535152965121799662e-02
-3.123598173260688782e-03
-2.018205457263522740e-01
-3.650314013163248883e-01
3.598330815633137836e-01
-3.905381891462538224e-01
6.537630822923448104e-01
6.590221722920736047e-01
-4.877756436665852680e-01
3.391301631927490234e-01
2.690160274505615234e-01
-4.711801211039225445e-01
-7.991532219780815849e-01
1.713268491956922768e+00
nan
nan
nan
nan
4.111101097530788784e-01
-1.845625903871324358e-01
4.151921007368299943e-01
2.162998649809095564e-01
5.321317248874239958e-01
4.577375517951117745e-01
3.756099012162950057e-01
4.395163589053683872e-01
6.751954290601942521e-01
1.280802223417494001e-01
2.379536893632676897e-01
-4.156909518771701451e-01
-2.114215426974826451e-01
6.038700871997409320e-02
8.575367927551269531e-02
-1.855578555001152763e-01
3.192230330573188057e-01
-4.970725377400715961e-01
-4.147435294257270089e-01
2.210154400931464425e-01
5.035348998175727120e-01
2.249444855584038505e-01
3.619968361324734096e-01
2.982606357998318081e-01
2.688640223609076729e-01
-4.571442074245876674e-01
4.782923062642415180e-01
1.261938942803276786e-01
nan
nan
nan
nan
-1.498204602135552177e-01
-3.998967806498209820e-01
-7.093747986687554130e-01
-4.490431149800618305e-01
2.546307279003991175e-02
2.042066057523091518e-02
-1.061395274268256278e-01
-2.238752279016706717e-02
1.085628191630045647e+00
-3.271106614006890068e-01
-9.201559490627713167e-01
-1.091019908587137904e-01
-4.050406813621520996e-02
-1.214443842569987025e-01
3.466929329766167689e-02
-3.039352761374579381e-02
9.486541748046875000e-01
-5.058824751112196427e-01
9.870678186416625977e-02
5.979936387803819198e-01
7.191098001268174666e-01
-1.144196854697333426e-01
-6.021007564332750417e-02
7.125500837961833145e-02
-4.876253339979383927e-01
-5.943607754177517855e-01
-1.182837910122341629e+00
3.308713171217176896e-01
nan
nan
nan
nan
-1.176441775427924247e-01
-4.914464950561523438e-01
9.758201572630140208e-02
-1.118339220682780022e+00
4.687854448954264508e-01
-3.628528912862141742e-01
-8.442988660600450612e-02
-4.396172629462348214e-01
1.165800412495930916e+00
1.249728070365058036e-01
-2.895328733656141740e-01
-9.637669722239176895e-02
5.863181749979654578e-01
6.421169175042046318e-01
-8.902076085408529016e-01
-4.395496315426296596e-01
-2.319315539466010323e-01
2.778770393795437221e-01
-2.557161947091420376e-02
3.495430615213182546e-02
-3.512665165795220146e-01
-8.541172345479329797e-01
1.064896583557128906e+00
-4.006475607554118024e-01
-3.758603731791178570e-01
-4.242226282755534039e-01
-2.988479667239719029e-01
-7.795431878831651229e-01
nan
nan
nan
nan
9.438227944903904154e-02
-2.135788235399458182e-02
-2.588716083102756138e-01
-2.051489750544230051e-01
-6.462742487589517859e-01
3.156460391150580636e-01
3.121542930603027344e-01
-1.077407624986436607e+00
-7.452085812886556360e-01
4.836637708875868302e-01
1.315060324139065151e-01
-1.917922761705186663e-01
8.440221680535210380e-01
6.419848336113823661e-01
-2.226965162489149275e-01
2.123060226440429688e-01
-5.240901311238607141e-01
3.861761093139648438e-01
-5.350315305921766740e-01
-3.304729196760389232e-02
-3.037881056467692242e-01
-2.219579352272881279e-01
-1.523913277520073661e-01
-8.147043652004665182e-02
1.307582537333170647e+00
-5.422472953796386719e-01
-4.015999635060628070e-01
-1.431569622622595912e-02
nan
nan
nan
nan
3.098162015279133930e-01
2.066372765435112724e-01
2.113944424523247489e-01
-2.431462075975206194e-01
3.089346885681152344e-01
4.304346773359510325e-02
6.685063574049208146e-01
-7.306262122260199776e-01
-1.098120795355902679e+00
4.732156329684787388e-01
-4.121167394849989396e-01
6.081018447875976562e-01
-3.140882386101616630e-01
3.236957126193576451e-01
3.353042072719997768e-01
-4.680500030517578125e-01
1.303084479437933929e+00
2.491797606150309152e-01
-2.607661883036295758e-01
3.542729483710395089e-01
9.472955067952474328e-01
1.317884259753757115e-01
6.811746623780992604e-02
3.329132662879096261e-01
1.035725805494520368e-01
-9.270723130967881698e-01
1.077031241522894867e+00
1.603090100818210240e-01
nan
nan
nan
nan
5.115940305921766740e-01
-7.380168305502997350e-02
2.203913662168714704e-01
-3.843494918611314870e-02
1.281539175245496986e+00
1.018881930245293527e-01
7.590909136666192103e-02
2.387826177808973493e-01
5.265380011664496651e-01
-4.788408279418945312e-01
7.520390086703829802e-01
3.062779903411865234e-01
-5.916336377461751672e-01
9.102971686257256556e-02
1.088009940253363700e-01
-3.853431012895372487e-02
-4.590944714016384487e-01
1.448123190138075056e-01
-4.015560150146484375e-01
-1.356356726752387054e+00
-4.789490501085916924e-02
-2.728970580630832310e-01
1.398591332965427037e-01
-2.024090554979112444e-01
7.605683538648817521e-01
6.222365962134467077e-02
-6.475930213928222656e-01
5.750721693038940430e-02
nan
nan
nan
nan
2.644136481814914341e-01
4.396537409888373604e-01
7.704023785061306917e-01
9.050821264584859790e-03
-2.007783651351928711e-01
-5.383458667331271208e-01
-3.870027065277099609e-01
-3.882974783579508649e-01
-3.158090379503037948e-01
5.983272658454047432e-01
3.111117945777045479e-01
-6.714669333563910714e-01
-4.194734361436631698e-01
3.534175621138678502e-02
8.339167965783013392e-02
-1.591843101713392439e-01
-1.689246495564778738e-01
-2.368450694613986607e-01
6.038622856140136719e-01
-2.162945932812160854e-01
3.726471265157063617e-01
4.542879528469509487e-01
-1.181931389702691071e+00
5.583318074544271203e-01
5.329303741455078125e-01
-1.187545061111450195e-01
9.097808202107747766e-01
3.003388245900471820e-01
nan
nan
nan
nan
-2.324500878651936941e-01
9.515167872111002234e-01
2.086615959803263254e-01
-5.627836121453179130e-01
3.347374863094753628e-01
-2.155028184254964285e-01
-2.008203930324978237e-01
5.337958335876464844e-01
5.037026405334472656e-01
-2.408783700731065569e-01
-3.776327239142523995e-01
-7.552474074893528178e-02
-1.045970598856608147e+00
-3.115964465671115513e-01
-3.031481371985541573e-01
3.105200661553276786e-01
3.416527112325032367e-01
4.908513493008083706e-01
-1.154719326231214704e-01
6.223815017276339984e-02
2.533233165740966797e-01
-3.849756717681884766e-01
3.105240927802191964e-01
-3.917468123965793247e-01
3.969876302613152552e-02
4.797271225187513255e-02
1.914580000771416435e-01
2.678256274925338090e-03
nan
nan
nan
nan
-1.051803165011935715e+00
-5.931358337402343750e-01
7.579028341505262834e-01
-6.017479366726345980e-01
-2.306235896216498604e-01
8.961953057183159599e-01
9.813077714708116073e-01
4.430739614698622209e-01
8.568170335557725448e-01
-3.893669976128472099e-01
-6.160704824659559709e-01
-8.064112663269042969e-01
8.793725967407226562e-01
3.643479612138535995e-01
-4.406103558010525112e-01
-5.695929792192247487e-02
-3.873610496520996094e-02
2.737010849846733818e-01
-5.466190444098578682e-01
-6.963189972771538505e-01
8.406463596555921458e-02
5.962724685668945312e-01
1.218937555948893303e+00
-4.725432925754123326e-01
-6.558053758409287948e-01
2.367236084408230190e-01
2.078870534896850586e-01
-5.416116714477539062e-01
nan
nan
nan
nan
4.264303710725572683e-02
8.992174996270073661e-01
5.842926237318251115e-01
-7.022521760728623885e-01
-2.790181106991238003e-01
-1.188335948520236496e+00
-2.655900319417317523e-01
-6.672298643324110490e-01
2.762294875250922432e-01
3.765767945183647880e-01
3.983730210198296318e-01
-6.387488047281900672e-01
-1.026137034098307366e+00
6.127690209282768974e-01
-8.395035531785752791e-01
9.123012754652235490e-01
-1.819214158587985630e-01
-6.049180030822753906e-01
1.775340901480780831e-01
2.833469973670111886e-01
7.622561984592013395e-01
-4.944274160597059709e-01
1.024628678957621303e-01
4.481478797064887276e-01
-1.489276780022515290e+00
9.330787261327107285e-02
-8.102659119500054130e-01
1.433365046977996826e-02
nan
nan
nan
nan
1.291106859842936272e+00
-1.125005218717786970e-01
-3.939115736219618302e-01
-8.560562663608126677e-01
3.976613945431179409e-01
-1.103941917419433594e+00
-5.208844608730740511e-01
8.822369045681424105e-01
-3.808624214596218471e-01
-3.784405920240614396e-01
-1.675832271575927734e-02
1.118327114317152204e-01
4.552000363667805805e-01
2.429191271464029855e-01
5.087477895948622209e-01
-1.293994691636827232e+00
-5.186085700988769531e-01
-5.800623363918728792e-01
3.449035220675998326e-01
-5.408381356133354911e-01
4.612460070186191058e-02
-6.774026023017035714e-01
3.727299637264675503e-01
-5.133016904195150110e-01
2.053818835152519950e-01
-3.292699389987521763e-01
3.785072167714436664e-01
-3.908518685234917411e-01
nan
nan
nan
nan
-8.955784903632270089e-01
5.880508422851562500e-01
-5.295678774515787390e-01
6.107846366034613839e-01
-6.236959563361273995e-01
-8.077952067057291297e-01
-5.923243363698323799e-02
-7.355468538072373885e-01
5.453267097473144531e-01
3.030437363518608818e-01
8.009894688924154016e-01
-3.239799605475531807e-01
-6.707675192091200334e-01
5.162087546454535714e-01
-5.732890235053168526e-01
3.600598706139458427e-01
6.283821529812283480e-01
7.025533252292209818e-02
1.060003373357984724e-01
2.100924650828043735e-02
5.145750045776367188e-01
-3.103872670067681083e-01
-8.336066669887967073e-01
3.585632907019721261e-01
6.612279017766316269e-02
-2.152444521586100168e-01
-5.818297068277994422e-01
-4.691847165425618305e-01
nan
nan
nan
nan
2.364467514885796318e-01
3.634432421790229073e-01
6.099267005920410156e-01
3.656846417321099052e-01
6.945991516113281250e-01
1.523040029737684486e+00
2.359042167663574219e-01
-1.059608247545030357e+00
-1.016553031073676117e+00
-2.718680699666340961e-01
3.150352835655212402e-02
-1.803216404385036831e-01
4.370126459333631419e-02
3.395572238498263951e-01
8.569332758585611609e-01
-4.528560108608669643e-01
-4.615399042765299664e-01
-4.889352586534287948e-01
-3.113857375250922432e-01
4.066491458151075267e-02
-1.231340037451850028e-01
-2.435413466559516182e-01
-6.006438202328152204e-02
-4.283738666110568638e-01
6.620718373192681361e-02
-7.184321615431044084e-01
3.844604757097032088e-01
1.111389928393893833e-01
nan
nan
nan
nan
1.782730155520969029e-01
-7.425607045491536828e-01
2.596295409732394810e-01
3.552807370821634697e-02
4.603044191996256695e-01
-3.955902258555094586e-01
-3.274644083446926618e-02
-7.233275307549370536e-01
-3.481160269843207589e-01
6.281562911139594307e-01
3.101420137617323380e-01
-3.404561413658989677e-01
2.857703897688124162e-01
-2.654370731777614956e-01
-8.105172581142849886e-01
2.892788251241047992e-01
-4.204709264967176896e-01
-2.424461841583251953e-01
-5.912001397874619979e-01
-2.690410117308298862e-02
6.437341901991102677e-01
3.298827542199028739e-01
9.356091817220052453e-01
-4.672302471266852331e-02
5.534005694919161833e-01
2.973934809366862164e-01
nan
nan
nan
nan
nan
nan
6.422552532619900667e-01
8.684973186916775667e-01
1.049526426527235268e+00
2.414986822340223493e-01
-5.798603428734673548e-02
8.590728441874185828e-01
-4.040085474650065289e-01
-4.277934498257107143e-01
-1.059682846069335938e+00
-1.921991507212320871e-01
3.527691629197862166e-01
1.521986458036634626e-01
5.321448644002279016e-01
-4.561378161112467633e-01
7.180566257900661276e-02
3.571340243021647320e-01
6.109249326917860490e-01
4.329959021674262276e-01
-2.958570586310492745e-01
-6.891484260559082031e-01
3.351420561472575055e-01
7.997671763102213172e-01
7.216734886169433594e-01
-4.779825210571289062e-01
1.208928028742472377e-01
-3.925474219852023716e-01
-5.554217762417263948e-01
4.782716102070278669e-02
nan
nan
nan
nan
-1.142266697353786942e+00
-2.447686195373535156e-01
2.655768659379746932e-01
-1.309876706865098772e-01
-4.861929151746962052e-01
5.865242746141222097e-02
-1.020535164409213658e-01
-6.028581195407443083e-01
-1.854547129737006417e-01
-7.498517963621351146e-02
4.956163300408257533e-02
3.156800005171034318e-01
-1.025296847025553459e+00
2.960418860117594586e-01
-4.570826424492729911e-01
-9.155496954917907715e-03
-1.174250178866916183e+00
-6.059278216626908659e-03
3.315891159905327568e-01
-3.221611181894938336e-01
1.507058011160956612e-01
-6.829378869798448104e-01
nan
-2.878087096744113560e-01
-9.063713285658094865e-01
2.893980079227023716e-01
7.908831172519259489e-01
-1.620590554343329659e-01
nan
nan
nan
nan
-9.854622185230255127e-03
-2.302236821916368303e-01
3.916452659500969935e-02
1.024098396301269531e-01
3.576955000559489117e-01
2.368768056233724051e-01
-4.199113051096598492e-01
1.696767144733005162e-01
-2.130106091499328613e-02
2.128576172722710380e-01
6.295195685492621651e-01
-7.364483343230353654e-03
1.343811035156250000e+00
4.357579814063178292e-01
5.527681112289428711e-02
-1.166231367323133650e-01
-5.820896360609266740e-01
1.736214160919189453e-01
-4.197722342279222585e-02
4.490027957492404576e-01
-1.566898160510593052e-01
1.309403313530815849e-01
-1.653590944078233482e+00
5.954801241556803015e-01
5.729105737474229909e-02
4.756093025207519531e-01
-2.879012955559624443e-01
4.595548841688368302e-01
nan
nan
nan
nan
8.822743760214911413e-02
5.113230811225043526e-01
-5.110513170560201240e-02
5.380045043097602120e-01
1.734067731433444615e-01
3.471523125966389789e-01
-3.134762181176079521e-01
-7.924782964918348771e-01
-3.268049558003743305e-01
-2.375785509745279855e-01
1.904600726233588448e-01
4.960709147983127232e-01
-3.686203161875407086e-01
5.137052536010742188e-01
-7.314805852042303991e-02
7.207489543490939177e-01
8.808392286300659180e-02
6.202246745427449776e-02
nan
7.052858670552571985e-01
-1.771316660775078544e-01
3.014783892366621181e-03
-1.466835604773627511e-01
5.695811245176526927e-02
-2.405307822757297154e-01
6.885786188973321009e-02
-6.386546293894450332e-02
-4.773187637329101562e-01
nan
nan
nan
nan
-2.429096698760986328e-01
-6.855641471015082589e-01
2.889167467753092633e-01
2.025318410661485491e-01
-1.832498179541693917e-01
-3.453849686516655693e-01
3.838740454779731026e-01
-5.775161849127875557e-01
-1.863814459906684151e-01
1.033695432874891518e+00
1.408330334557427177e-01
4.737921290927463169e-01
3.306397795677185059e-02
6.314357651604546318e-01
1.395917601055569057e-01
-6.380831400553385047e-01
-1.022279394997490792e-01
2.056513230005899973e-01
-2.121698194079928990e-01
6.661405563354492188e-01
-7.078012890285916292e-01
-1.328914827770656948e-01
1.068246417575412277e+00
-3.804807530509100866e-02
-4.403131802876790180e-01
2.307127581702338448e-01
-2.113919920391506557e-01
-1.370350519816080637e-01
nan
nan
