nan
nan
-3.303321003913879395e-01
4.163971543312072754e-01
2.769758999347686768e-01
-2.636798322200775146e-01
4.364024698734283447e-01
-4.063435494899749756e-01
3.958226740360260010e-01
1.101553440093994141e+00
6.810332536697387695e-01
5.140721201896667480e-01
-3.914358615875244141e-01
3.374553620815277100e-01
-9.226387143135070801e-01
4.999115467071533203e-01
1.497574567794799805e+00
1.232767939567565918e+00
9.490070343017578125e-01
8.460127711296081543e-01
-5.921244025230407715e-01
4.390633702278137207e-01
9.339225888252258301e-01
1.298937320709228516e+00
2.345444709062576294e-01
2.618167698383331299e-01
2.114632129669189453e-01
3.803585469722747803e-01
-6.799609959125518799e-02
-3.463123440742492676e-01
nan
nan
nan
nan
-1.511605829000473022e-01
-1.932728141546249390e-01
-2.185879498720169067e-01
-1.076902151107788086e-01
1.301395297050476074e-01
3.416028320789337158e-01
9.908527135848999023e-01
2.225816845893859863e-01
6.230071783065795898e-01
5.144083499908447266e-01
2.563314735889434814e-01
5.917050838470458984e-01
-3.496064245700836182e-01
-1.736785918474197388e-01
-2.122791483998298645e-03
6.568244099617004395e-01
1.338421463966369629e+00
7.573785185813903809e-01
5.305443406105041504e-01
1.705689579248428345e-01
-1.595216989517211914e-01
2.611299753189086914e-01
1.035636305809020996e+00
9.724288582801818848e-01
-4.152467250823974609e-01
2.638341486454010010e-01
-5.445052981376647949e-01
4.863612353801727295e-01
nan
nan
nan
nan
5.343123674392700195e-01
-4.126385226845741272e-02
5.856521725654602051e-01
1.044557690620422363e-01
-1.252266049385070801e+00
7.974425703287124634e-02
8.311608433723449707e-01
-1.511428952217102051e-01
2.656402885913848877e-01
4.397116303443908691e-01
-7.045005559921264648e-01
1.343987286090850830e-01
7.156372070312500000e-02
6.887636780738830566e-01
1.562028288841247559e+00
-9.691799283027648926e-01
1.624280333518981934e+00
1.063776373863220215e+00
9.142190217971801758e-01
-3.042045533657073975e-01
4.818863868713378906e-01
4.333710670471191406e-02
4.490981698036193848e-01
1.949645727872848511e-01
-2.234665304422378540e-01
-4.136950075626373291e-01
1.924871921539306641e+00
5.345314741134643555e-01
nan
nan
nan
nan
7.721586227416992188e-01
5.567372441291809082e-01
3.371850848197937012e-01
-2.181971967220306396e-01
2.341053783893585205e-01
-9.018788337707519531e-01
2.058538347482681274e-01
1.493843346834182739e-01
-1.065602526068687439e-01
-1.802450120449066162e-01
9.072693437337875366e-02
-2.439151108264923096e-01
2.790160775184631348e-01
5.498445034027099609e-01
6.456061452627182007e-02
4.342969655990600586e-01
7.168771624565124512e-01
1.542971376329660416e-02
2.967391014099121094e-01
-4.371373951435089111e-01
2.659796774387359619e-01
-2.002762705087661743e-01
-6.611346602439880371e-01
5.023745894432067871e-01
-4.397923946380615234e-01
1.314001441001892090e+00
4.675968289375305176e-01
-3.969178795814514160e-01
nan
nan
nan
nan
7.017535567283630371e-01
9.086253494024276733e-02
3.662727177143096924e-01
-3.446234390139579773e-03
-1.619773358106613159e-01
4.580358415842056274e-02
4.358789920806884766e-01
7.216290235519409180e-01
7.772425413131713867e-01
8.694797754287719727e-02
9.080171585083007812e-01
-1.824470907449722290e-01
7.219877094030380249e-02
4.027779102325439453e-01
-6.189425587654113770e-01
9.360795617103576660e-01
2.780866324901580811e-01
-1.318054646253585815e-02
-5.420844256877899170e-02
3.840844333171844482e-01
6.771913170814514160e-01
5.176120996475219727e-01
1.290815830230712891e+00
-2.017177492380142212e-01
-3.381260633468627930e-01
-4.423961937427520752e-01
9.213557839393615723e-01
-3.857708871364593506e-01
nan
nan
nan
nan
-3.052906692028045654e-01
-6.596837639808654785e-01
1.025532245635986328e+00
1.291984081268310547e+00
8.481102585792541504e-01
-1.755695790052413940e-01
5.466271638870239258e-01
1.394347250461578369e-01
5.514303445816040039e-01
1.052612662315368652e+00
2.858331203460693359e-01
-4.153929352760314941e-01
5.581223964691162109e-01
-4.976195693016052246e-01
4.503331184387207031e-01
1.690201908349990845e-01
3.321144282817840576e-01
-3.109223246574401855e-01
1.580275446176528931e-01
2.450137138366699219e-01
-1.094774484634399414e+00
3.759761154651641846e-01
7.250441312789916992e-01
-2.037969380617141724e-01
-1.629879474639892578e-01
1.638305634260177612e-01
-2.043063007295131683e-02
-5.064949393272399902e-01
nan
nan
nan
nan
1.489817380905151367e+00
-3.054277598857879639e-01
1.863501071929931641e-01
-8.725304007530212402e-01
-7.787496447563171387e-01
9.432919621467590332e-01
-2.841114103794097900e-01
2.097182348370552063e-02
-5.520769357681274414e-01
6.106965541839599609e-01
4.220768809318542480e-01
-4.849971830844879150e-01
5.536665767431259155e-02
3.742339313030242920e-01
-5.489486455917358398e-01
-7.818913087248802185e-03
3.647567927837371826e-01
5.294361114501953125e-01
1.051886916160583496e+00
-2.909237444400787354e-01
4.405808150768280029e-01
-2.072691172361373901e-02
9.038960188627243042e-02
5.218883156776428223e-01
1.529170572757720947e-01
8.055872321128845215e-01
5.610871315002441406e-01
1.064003184437751770e-01
nan
nan
nan
nan
1.095235347747802734e+00
7.915483713150024414e-01
6.167555600404739380e-02
4.025865793228149414e-01
7.868088483810424805e-01
-6.529525518417358398e-01
3.930901587009429932e-01
5.606748461723327637e-01
5.074094533920288086e-01
-2.708692336454987526e-03
7.652060389518737793e-01
1.347107738256454468e-01
-3.371756672859191895e-01
1.814156584441661835e-02
1.297086030244827271e-01
8.808065652847290039e-01
2.502044476568698883e-02
-1.538156419992446899e-01
8.308522105216979980e-01
5.623486638069152832e-01
2.400546222925186157e-01
8.213830739259719849e-02
9.221605062484741211e-01
1.007458925247192383e+00
3.705995082855224609e-01
4.869510829448699951e-01
1.165268421173095703e+00
-8.665782213211059570e-01
nan
nan
nan
nan
3.998401463031768799e-01
6.916287541389465332e-01
3.862075507640838623e-01
1.604264378547668457e+00
1.009338617324829102e+00
2.144604921340942383e+00
4.311863481998443604e-01
7.976660132408142090e-01
1.153771877288818359e+00
9.378094077110290527e-01
7.631217241287231445e-01
1.057943463325500488e+00
5.782815217971801758e-01
9.877088069915771484e-01
9.901242256164550781e-01
9.130251407623291016e-01
1.436240553855895996e+00
-2.239542007446289062e-01
1.241737484931945801e+00
2.451304644346237183e-01
1.525559067726135254e+00
2.624928764998912811e-02
6.921484470367431641e-01
1.088413000106811523e+00
1.213873386383056641e+00
1.554713129997253418e+00
3.127695918083190918e-01
2.127528190612792969e+00
nan
nan
nan
nan
4.974394440650939941e-01
1.675011873245239258e+00
1.215708255767822266e+00
1.004025697708129883e+00
1.245207071304321289e+00
8.942592740058898926e-01
4.001809954643249512e-01
8.656234294176101685e-02
1.492474913597106934e+00
1.381758093833923340e+00
1.357209205627441406e+00
9.536918401718139648e-01
2.058959484100341797e+00
1.645516514778137207e+00
9.906795024871826172e-01
9.228764176368713379e-01
1.682329893112182617e+00
1.658921957015991211e+00
8.588024973869323730e-02
1.246553182601928711e+00
9.061825871467590332e-01
6.765738129615783691e-01
1.202744364738464355e+00
1.384158849716186523e+00
8.836643695831298828e-01
5.802146196365356445e-01
7.928209900856018066e-01
7.182488441467285156e-01
nan
nan
nan
nan
8.415639400482177734e-01
7.117390632629394531e-01
6.682820320129394531e-01
1.551758170127868652e+00
1.717633962631225586e+00
2.032780647277832031e+00
1.695783376693725586e+00
1.241970419883728027e+00
8.465046286582946777e-01
1.441902518272399902e+00
6.857319474220275879e-01
9.209309518337249756e-02
1.704805016517639160e+00
1.561689853668212891e+00
1.726498484611511230e+00
1.981503486633300781e+00
9.103852510452270508e-01
1.867514491081237793e+00
2.077821493148803711e+00
1.170616507530212402e+00
1.947372078895568848e+00
2.133570909500122070e+00
1.473168611526489258e+00
1.995411992073059082e+00
1.926524758338928223e+00
1.725298523902893066e+00
1.513464689254760742e+00
1.995049834251403809e+00
nan
nan
nan
nan
9.116554260253906250e-02
9.404208064079284668e-01
1.970853567123413086e+00
6.644766926765441895e-01
2.030208110809326172e+00
1.402598738670349121e+00
2.026275157928466797e+00
9.875063300132751465e-01
1.719754815101623535e+00
4.829213023185729980e-01
1.532871484756469727e+00
1.894497156143188477e+00
2.139761209487915039e+00
1.233374118804931641e+00
9.113137125968933105e-01
1.430530548095703125e+00
9.528888463973999023e-01
1.019638657569885254e+00
1.402469038963317871e+00
7.590010166168212891e-01
3.440920710563659668e-01
-1.642562896013259888e-01
2.249739319086074829e-01
1.023154973983764648e+00
1.247711539268493652e+00
9.018036127090454102e-01
4.484139382839202881e-01
-4.031873941421508789e-01
nan
nan
nan
nan
4.230310022830963135e-01
3.782744109630584717e-01
6.504305005073547363e-01
9.445981979370117188e-01
9.850211143493652344e-01
7.469681650400161743e-02
1.218769192695617676e+00
7.953854203224182129e-01
4.660150706768035889e-01
1.262405037879943848e+00
9.699262380599975586e-01
9.087250232696533203e-01
9.244590997695922852e-01
3.788809478282928467e-01
1.357726097106933594e+00
3.367976546287536621e-01
1.174760222434997559e+00
1.273837685585021973e+00
1.420652747154235840e+00
4.484058022499084473e-01
1.731441617012023926e+00
7.609512805938720703e-01
4.608337581157684326e-02
1.076160669326782227e+00
1.079009532928466797e+00
4.432756304740905762e-01
1.859072923660278320e+00
6.875860095024108887e-01
nan
nan
nan
nan
1.265829086303710938e+00
1.235424041748046875e+00
4.137336313724517822e-01
9.061846733093261719e-01
6.783028244972229004e-01
6.395904421806335449e-01
7.642910480499267578e-01
1.020435333251953125e+00
3.138830959796905518e-01
1.722775548696517944e-01
5.688631534576416016e-01
1.233997225761413574e+00
6.836168169975280762e-01
2.495352029800415039e+00
1.052176713943481445e+00
4.263843297958374023e-01
-9.615917503833770752e-02
2.089990489184856415e-02
7.786092162132263184e-01
8.703778982162475586e-01
8.430055379867553711e-01
2.693074345588684082e-01
1.288836896419525146e-01
5.165129303932189941e-01
2.691894471645355225e-01
9.484591484069824219e-01
3.790868818759918213e-01
1.495885848999023438e+00
nan
nan
nan
nan
-3.815371990203857422e-01
8.499773740768432617e-01
2.119181677699089050e-02
9.946185946464538574e-01
6.491514444351196289e-01
3.607819080352783203e-01
5.800828337669372559e-01
2.834806032478809357e-02
1.457699537277221680e+00
9.659990072250366211e-01
3.160579502582550049e-01
5.315578579902648926e-01
-3.881652951240539551e-01
-8.426401764154434204e-02
3.218381106853485107e-02
-4.142124962527304888e-04
6.756109595298767090e-01
1.079632937908172607e-01
-2.940537221729755402e-02
6.618053913116455078e-01
7.564792037010192871e-01
4.857327044010162354e-01
8.087974190711975098e-01
1.261380791664123535e+00
2.008185148239135742e+00
1.862233579158782959e-01
1.928478330373764038e-01
6.030298471450805664e-01
nan
nan
nan
nan
-3.869908750057220459e-01
1.128583550453186035e+00
1.525856018066406250e+00
1.249365329742431641e+00
2.934120297431945801e-01
1.277616977691650391e+00
5.461606979370117188e-01
6.749955415725708008e-01
1.132378935813903809e+00
1.303235054016113281e+00
1.131509780883789062e+00
4.038208127021789551e-01
6.675920486450195312e-01
5.033757686614990234e-01
1.533589124679565430e+00
8.879208564758300781e-01
-1.919859200716018677e-01
1.156070828437805176e+00
2.692854702472686768e-01
-7.192350178956985474e-02
7.301071882247924805e-01
2.387048155069351196e-01
8.731479644775390625e-01
3.307589292526245117e-01
7.528379559516906738e-01
1.511492371559143066e+00
6.058306097984313965e-01
2.786732614040374756e-01
nan
nan
nan
nan
6.696975231170654297e-01
4.650371372699737549e-01
9.900116324424743652e-01
8.219043016433715820e-01
9.131978750228881836e-01
8.999331593513488770e-01
1.321200489997863770e+00
7.137675285339355469e-01
1.479730367660522461e+00
1.136376142501831055e+00
6.712042093276977539e-01
9.527751207351684570e-01
1.003766536712646484e+00
1.660588383674621582e+00
6.803399920463562012e-01
7.660897970199584961e-01
1.539065480232238770e+00
7.654451131820678711e-01
1.648379802703857422e+00
-1.067539602518081665e-01
7.746776342391967773e-01
1.086833953857421875e+00
7.900967597961425781e-01
5.443959236145019531e-01
4.628852903842926025e-01
1.556131243705749512e-01
1.085376858711242676e+00
1.460790276527404785e+00
nan
nan
nan
nan
5.591169595718383789e-01
7.822431921958923340e-01
1.554575800895690918e+00
1.286116957664489746e+00
7.561078071594238281e-01
2.157542258501052856e-01
1.365052580833435059e+00
1.197261810302734375e+00
4.998677670955657959e-01
1.424812674522399902e+00
2.489541530609130859e+00
7.536801099777221680e-01
9.533830881118774414e-01
1.375093340873718262e+00
1.582164525985717773e+00
1.141498565673828125e+00
1.470106244087219238e+00
5.532400012016296387e-01
1.061349987983703613e+00
1.746968269348144531e+00
1.102402210235595703e+00
7.932689189910888672e-01
1.251153469085693359e+00
2.224598407745361328e+00
5.638628005981445312e-01
1.274157881736755371e+00
2.373719453811645508e+00
1.088220119476318359e+00
nan
nan
nan
nan
1.339784145355224609e+00
1.242595791816711426e+00
2.147866487503051758e+00
2.581559658050537109e+00
2.032292604446411133e+00
1.819813728332519531e+00
1.630595207214355469e+00
2.158993244171142578e+00
1.516416549682617188e+00
7.425653934478759766e-01
1.453676104545593262e+00
2.000855207443237305e+00
2.667034864425659180e+00
1.607220172882080078e+00
2.478131771087646484e+00
1.976889133453369141e+00
2.100064039230346680e+00
2.616019725799560547e+00
1.994551539421081543e+00
2.950261592864990234e+00
1.591604232788085938e+00
2.582164287567138672e+00
2.978104591369628906e+00
2.278376817703247070e+00
2.363944530487060547e+00
7.626229524612426758e-01
nan
nan
nan
nan
nan
nan
2.152545452117919922e+00
2.195349216461181641e+00
2.574592590332031250e+00
3.647064685821533203e+00
3.948061943054199219e+00
3.149499654769897461e+00
2.690709352493286133e+00
4.105284690856933594e+00
3.027234554290771484e+00
3.625806570053100586e+00
3.009205341339111328e+00
3.525764465332031250e+00
3.579066276550292969e+00
3.835306882858276367e+00
3.644512891769409180e+00
3.252416849136352539e+00
3.967142581939697266e+00
3.169534444808959961e+00
2.692996978759765625e+00
3.381595373153686523e+00
4.010693550109863281e+00
2.716701507568359375e+00
2.993501663208007812e+00
3.085678577423095703e+00
2.909914731979370117e+00
3.471071481704711914e+00
3.758796930313110352e+00
3.607460737228393555e+00
nan
nan
nan
nan
3.461437940597534180e+00
1.487759709358215332e+00
4.107854366302490234e-01
1.627636194229125977e+00
3.090304613113403320e+00
3.564172029495239258e+00
5.141750335693359375e+00
4.382588386535644531e+00
3.472589969635009766e+00
4.444457054138183594e+00
3.727975368499755859e+00
4.024787902832031250e+00
4.023074626922607422e+00
4.389980316162109375e+00
6.155802249908447266e+00
4.860549926757812500e+00
4.825566768646240234e+00
5.623315811157226562e+00
4.033083438873291016e+00
4.973297595977783203e+00
5.536072254180908203e+00
6.634877204895019531e+00
nan
5.893093109130859375e+00
6.612058639526367188e+00
6.590010166168212891e+00
6.405669212341308594e+00
7.029628753662109375e+00
nan
nan
nan
nan
6.872147560119628906e+00
7.204293727874755859e+00
7.085111141204833984e+00
6.768619537353515625e+00
7.384997844696044922e+00
8.241902351379394531e+00
6.166481018066406250e+00
6.218654632568359375e+00
7.673955917358398438e+00
6.428791046142578125e+00
2.379338026046752930e+00
6.787669181823730469e+00
6.587902069091796875e+00
5.534174442291259766e+00
5.266787528991699219e+00
5.426752090454101562e+00
5.613451957702636719e+00
4.593454360961914062e+00
4.930221557617187500e+00
5.872822284698486328e+00
5.489476203918457031e+00
4.516299247741699219e+00
4.277603149414062500e+00
4.721767902374267578e+00
4.482619762420654297e+00
4.255601406097412109e+00
5.144790172576904297e+00
5.396307468414306641e+00
nan
nan
nan
nan
2.871737480163574219e+00
3.277597188949584961e+00
4.091983795166015625e+00
3.837013244628906250e+00
3.981320619583129883e+00
3.923910379409790039e+00
2.877894163131713867e+00
3.227840423583984375e+00
4.459059238433837891e+00
3.685478687286376953e+00
3.458352327346801758e+00
4.492938518524169922e+00
4.208736419677734375e+00
3.364580154418945312e+00
4.470691680908203125e+00
3.765695095062255859e+00
3.234676599502563477e+00
3.265113830566406250e+00
nan
4.182253360748291016e+00
4.155849456787109375e+00
3.648615360260009766e+00
4.497357368469238281e+00
3.062588453292846680e+00
3.064255952835083008e+00
3.910411834716796875e+00
3.128009080886840820e+00
4.012539863586425781e+00
nan
nan
nan
nan
3.532864570617675781e+00
3.638993024826049805e+00
3.473769903182983398e+00
3.379954576492309570e+00
3.872953414916992188e+00
4.052916049957275391e+00
3.760805606842041016e+00
3.250986576080322266e+00
3.449552536010742188e+00
3.163275003433227539e+00
3.771067619323730469e+00
4.702404022216796875e+00
4.062246322631835938e+00
4.321254253387451172e+00
3.403629779815673828e+00
3.086714506149291992e+00
3.204730987548828125e+00
3.484877347946166992e+00
2.920906066894531250e+00
2.928040981292724609e+00
4.423520565032958984e+00
3.718170881271362305e+00
4.467882633209228516e+00
3.917102336883544922e+00
3.430390834808349609e+00
3.089211940765380859e+00
2.875586986541748047e+00
3.240186452865600586e+00
nan
nan
