nan
nan
6.913392639160156339e-01
-4.704108047485351385e-01
-1.067756557464599604e-01
-4.204490184783935686e-02
1.485814952850341708e-01
-6.804148101806640758e-01
-1.938049697875976474e-01
4.299646377563476340e-01
1.763107681274413974e-01
-2.779531860351562300e-01
-1.890147781372070179e-01
1.091266479492187580e+00
1.442963314056396606e-01
4.204012680053710871e-01
1.512126770019531330e+00
6.734340667724609819e-01
1.270466709136962857e-01
-9.930714416503906294e-01
-3.865692138671875111e-01
-6.937564086914062012e-01
5.624644851684570401e-01
7.349558353424072432e-02
8.252565002441406561e-01
2.903211593627929785e-02
5.889385223388671903e-02
-9.390419006347656694e-01
9.139396667480468306e-01
-2.802026176452636630e-01
nan
nan
nan
nan
9.260054588317871704e-02
9.949130249023437900e-01
3.800770568847656183e-01
2.010975837707519587e-02
8.642159271240233975e-01
-3.984931945800781472e-01
3.894780349731445379e-01
1.851219177246093694e-01
-4.258591842651366921e-01
-1.508744354248046982e+00
5.989184188842773260e-01
5.266298675537108842e-01
6.029416656494140936e-01
8.368439674377441129e-02
-2.277997398376464810e-01
7.378784942626953613e-01
9.994241333007812811e-01
1.177665710449218750e+00
-4.510023117065429799e-01
-9.573628997802734464e-01
-6.401282787322998269e-02
1.613414955139160223e-01
5.735215377807617587e-01
1.231624374389648446e+00
4.794859695434570135e-01
6.114833068847655984e-01
-7.291511297225951836e-03
-1.356683502197265634e+00
nan
nan
nan
nan
4.299860000610351562e-01
2.173104476928710838e-01
2.811270713806152122e-01
-4.179664611816406028e-01
9.186558532714843572e-01
5.188932037353515270e-01
3.700768661499023171e-01
1.156523361206054590e+00
8.727518463134765758e-01
1.156800651550292935e-01
1.018568754196167055e-02
9.470983886718750133e-01
1.692039489746093861e-01
1.699256324768066428e-01
1.747525787353515492e-01
7.074089050292968750e-01
6.350394439697265581e-01
1.167408218383789054e+00
-8.461643981933594238e-01
-2.443181991577148340e-02
2.623129272460937300e-01
3.334098815917968528e-01
5.008292388916015803e-01
1.828322792053222734e-01
-5.896189689636230358e-02
2.529244613647461115e-01
4.478335189819335760e-01
-9.706484985351562234e-01
nan
nan
nan
nan
7.189482450485229492e-03
-6.592743682861328391e-01
-2.479457473754882735e-01
-4.328575515747070113e-01
-1.182693862915039085e-01
-8.705227851867675115e-02
-4.233641433715820135e-01
2.942018508911132812e-01
1.281397056579589855e-01
7.532974243164062278e-01
9.555326843261718883e-01
8.972612762451172008e-01
4.233838081359863476e-02
-5.949857711791992076e-02
1.178189754486083998e-02
3.015833663940429843e-01
-8.478707313537597878e-02
-6.823268890380859153e-01
8.709072113037109875e-02
-5.556921958923340121e-02
7.652319335937499689e-01
2.105772018432617299e-01
1.183048439025878862e-01
3.133096885681152521e-01
9.866721343994140359e-01
8.929583740234374734e-01
1.356232833862304754e-01
2.077340888977050881e-01
nan
nan
nan
nan
8.133270263671874556e-01
6.200782012939453081e-01
3.030997848510741943e-01
4.668169021606445590e-02
-3.347448348999023660e-01
1.110626506805419966e-01
8.935755920410156650e-01
3.947748947143554510e-01
-9.522837829589844150e-01
6.132457351684570401e-01
9.812030792236328125e-01
4.688621902465820446e-01
1.187225532531738237e-01
1.248754196166992125e+00
3.556556320190429887e-01
-2.070994186401367287e-01
6.741127967834473211e-02
1.223969459533691406e-01
7.770508575439453169e-01
8.855603027343750266e-01
-2.334469604492187544e-01
1.658823847770691043e-02
6.197597885131835849e-01
9.146652984619140225e-01
-1.893084716796875067e-01
4.475165176391601718e-01
7.466390228271484464e-01
3.631912231445312278e-01
nan
nan
nan
nan
4.361078643798828036e-01
1.105358810424804661e+00
5.681810760498047230e-01
7.329164123535156783e-01
-1.985891532897949285e-01
1.570439720153808671e-01
2.748990821838379062e-01
4.435141754150390692e-01
-1.875820159912109375e-01
5.059543609619140403e-01
7.322422981262206865e-02
1.597564101219177413e-02
-6.648396301269531294e-01
3.527393341064453125e-01
5.032920837402343750e-01
7.772653961181640314e-01
8.596866607666014959e-02
8.887081909179687100e-01
-3.488222885131835871e-01
1.041705474853515723e+00
8.073212432861328613e-01
7.159342169761657819e-03
-1.655891227722167958e-01
2.911186218261718750e-01
5.968811035156249556e-01
-7.616492462158203081e-01
-1.029335117340087896e-01
3.755178833007812300e-01
nan
nan
nan
nan
7.625577545166015714e-01
9.700008392333984153e-01
2.017619895935058583e-01
7.963165283203124667e-02
-2.396238136291503895e-01
8.470498657226562811e-01
1.662289123535156232e+00
-6.302030563354492632e-01
2.020029783248901423e-02
-2.195947265625000089e-01
3.620482635498046831e-01
3.968903350830078058e-01
5.250162887573242010e-01
4.209568405151367099e-01
6.586341857910156250e-01
2.226065635681152288e-01
6.658739471435546342e-01
-2.609019088745117010e-01
1.906251335144042991e-01
-3.643648386001586970e-02
1.006469039916992214e+00
-1.158780670166015686e-01
2.763213348388671720e-01
6.963964843750000133e-01
-6.758702087402344016e-01
7.819556427001953525e-01
6.515201568603515847e-01
-3.685650253295898460e-01
nan
nan
nan
nan
1.180769653320312473e+00
4.699829101562499889e-01
7.598489379882812367e-01
6.374705123901367454e-01
1.410636138916015747e-01
7.626121520996094194e-01
-8.093940734863280806e-01
9.286248016357422363e-01
2.818207931518554865e-01
3.655077362060547008e-01
9.854319572448730358e-02
6.789747619628906383e-01
7.971202087402343706e-01
4.293790435791015603e-01
1.186012573242187562e+00
2.123284912109374978e-01
9.063783264160156783e-01
1.110141525268554696e+00
7.273312377929687100e-01
1.399816131591796742e-01
3.001872444152832164e-01
5.385728073120117365e-01
7.603633880615234819e-01
4.221975326538086049e-01
8.604954528808593794e-01
3.956605148315429643e-01
1.558524932861328205e+00
1.008480987548828089e+00
nan
nan
nan
nan
5.396850204467773526e-01
1.569614868164062482e+00
2.612412261962890891e-01
2.317004585266113359e-01
9.009143066406249956e-01
1.563027801513671822e+00
-2.421962547302246027e-01
1.394308624267578178e+00
1.537948150634765643e+00
1.154499511718749982e+00
6.921430206298828658e-01
7.508423614501953391e-01
1.132778396606445304e+00
1.590186462402343848e+00
1.479109802246093786e+00
8.175270843505859641e-01
9.651617431640624467e-01
1.602138214111328063e+00
1.163106231689453152e+00
8.397217559814452725e-01
1.009393005371093777e+00
1.494114227294921937e+00
1.854014434814453161e+00
2.123482818603515732e+00
7.452046203613281738e-01
8.697609710693359197e-01
-5.488678741455078613e-01
4.263665771484375089e-01
nan
nan
nan
nan
9.507772445678711049e-02
1.001665420532226625e+00
6.478398895263671742e-01
1.070487365722656348e+00
3.204121017456054710e-01
7.384701538085937100e-01
1.214546737670898491e+00
5.701397323608398127e-01
9.204676055908203036e-01
1.404727783203125080e+00
3.903585815429687633e-01
5.456130218505859109e-01
6.138048934936523038e-01
2.702493591308593679e+00
8.620412445068359464e-01
1.945054626464843839e+00
1.863736915588379006e-01
1.355840301513671964e+00
1.182431716918945330e+00
8.634625244140624600e-01
8.824920654296875000e-01
1.237282943725585893e+00
9.884031677246093439e-01
1.337910003662109437e+00
7.514091491699218528e-01
1.082111053466796813e+00
2.173019218444824097e-01
1.332442779541015643e+00
nan
nan
nan
nan
6.949537658691405939e-01
1.513051605224609464e+00
2.226777801513671662e+00
7.463994598388672408e-01
1.086178665161132706e+00
1.934566040039062518e+00
1.972495117187500036e+00
1.055979843139648544e+00
1.778917083740234384e+00
9.914459991455077947e-01
1.180365905761718848e+00
1.254442901611328098e+00
1.242699890136718777e+00
1.188435668945312607e+00
2.387268371582031090e+00
1.255933456420898375e+00
2.238584747314453338e+00
1.885182952880859464e+00
1.379957885742187473e+00
1.546092529296875018e+00
1.432173156738281161e+00
1.516899261474609295e+00
1.675000152587890589e+00
2.409860229492187589e+00
1.986562347412109464e+00
1.901853485107421804e+00
1.122909317016601571e+00
1.598748779296875089e+00
nan
nan
nan
nan
1.377669677734375098e+00
1.849458465576171884e+00
1.407781677246093821e+00
6.549225616455077725e-01
1.363444824218750018e+00
4.070039367675781228e-01
1.591851348876953232e+00
1.409062042236328027e+00
1.250710754394531277e+00
1.880174865722656241e+00
9.137699890136719016e-01
1.309736785888671928e+00
2.246320648193359304e+00
2.804518127441406161e+00
8.005738067626952947e-01
1.795674743652343697e+00
1.146131896972656161e+00
1.701255798339843750e+00
1.310822906494140572e+00
1.066864166259765545e+00
2.332269592285156179e+00
1.378202514648437571e+00
1.782073364257812598e+00
1.950865783691406286e+00
1.538209686279296884e+00
1.575887451171875009e+00
1.622562408447265625e+00
9.747496032714844105e-01
nan
nan
nan
nan
3.588179779052734220e-01
1.238796844482421777e+00
1.372781982421874991e+00
1.672458496093750080e+00
1.406003112792968857e+00
1.248527145385742276e+00
1.721429748535156179e+00
1.168098831176757724e+00
1.464770507812499956e+00
2.380412597656250018e+00
1.753987121582031294e+00
5.505523681640625000e-01
1.211239547729492161e+00
1.222695846557617205e+00
9.397544097900391025e-01
7.164864349365234197e-01
1.729773101806640678e+00
1.685977630615234313e+00
1.659993591308593697e+00
7.452127075195312811e-01
1.904952545166015643e+00
1.346895446777343741e+00
9.979087066650390581e-01
2.054861145019531321e+00
1.709388885498046795e+00
1.373546447753906330e+00
5.600719070434569957e-01
1.530886535644531143e+00
nan
nan
nan
nan
1.576206207275390625e+00
1.294078216552734473e+00
1.563380584716796973e+00
2.215719757080078178e+00
1.446163940429687544e+00
6.876059722900390581e-01
1.314175109863281232e+00
1.538190002441406357e+00
1.733181304931640687e+00
1.710859985351562473e+00
1.487442932128906214e+00
1.323860321044921795e+00
1.429192352294921919e+00
4.991331863403320468e-01
9.727924346923828569e-01
6.681558990478515536e-01
9.180983734130859775e-01
1.820263977050781357e+00
4.612716293334960804e-01
1.129051055908203205e+00
9.187317848205565907e-02
8.805845642089843439e-01
7.670378875732422053e-01
1.657251281738281179e+00
1.458220214843749973e+00
1.191398849487304679e+00
1.804407691955566273e-01
1.722130584716796919e+00
nan
nan
nan
nan
3.690663528442382768e-01
9.523223876953125222e-01
9.347768402099609908e-01
5.733525848388671964e-01
3.825113296508789174e-01
6.958260345458984197e-01
1.591223449707031223e+00
2.288885879516601440e-01
1.078792877197265687e+00
5.858603668212890581e-01
1.390949707031249982e+00
-2.842721366882324241e-01
2.783429527282714755e-01
8.133300781249999667e-02
1.384079895019531214e+00
9.438463592529297008e-01
7.304328155517577637e-01
1.292470855712890554e+00
9.516105651855468750e-01
1.461453857421874947e+00
1.067977905273437500e+00
-1.002829933166503873e-01
5.126103210449218794e-01
6.277476119995116788e-01
7.218157196044922008e-01
3.855042266845702947e-01
6.517691802978515803e-01
1.892671661376953196e+00
nan
nan
nan
nan
3.503622817993163885e-01
1.548663482666015723e+00
1.181876525878906348e+00
1.578455047607421946e+00
9.948464202880858975e-01
5.849938583374023615e-01
1.377679901123046946e+00
1.153590850830078063e+00
6.198471832275390669e-01
3.191123008728027344e-01
-4.905117034912109125e-02
1.606190185546874982e+00
9.704354858398437367e-01
7.765670013427734553e-01
5.009514617919922363e-01
1.185419311523437491e+00
1.659260406494140527e+00
1.105614700317382848e+00
2.577774353027343590e+00
4.944509124755859242e-01
7.300444793701171831e-01
1.460056152343750080e+00
1.177264099121093643e+00
2.077486267089843963e+00
2.029033660888671875e+00
8.826527404785156072e-01
1.267144927978515634e+00
1.391597137451171973e+00
nan
nan
nan
nan
1.608914337158203089e+00
1.224535217285156241e+00
1.815607604980468803e+00
1.423812561035156188e+00
1.706406707763671982e+00
4.647709274291992321e-01
1.391480712890625027e+00
1.629490814208984339e+00
1.709008026123046919e+00
1.041647262573242250e+00
1.743096160888671919e+00
2.152420959472656214e+00
1.288364257812500080e+00
1.730386352539062589e+00
1.383981933593749991e+00
7.664669036865234819e-01
2.548025360107422088e+00
2.207394714355468857e+00
1.106052398681640625e+00
2.278213195800781410e+00
1.163884735107421964e+00
1.938915710449218732e+00
1.347421874999999991e+00
1.143272247314453205e+00
9.918544769287109819e-01
1.513276367187500027e+00
1.329788513183593812e+00
1.677198486328125071e+00
nan
nan
nan
nan
2.430202484130859375e+00
1.791753540039062509e+00
1.990013580322265607e+00
7.810942840576171609e-01
1.977575988769531223e+00
1.301385192871093777e+00
1.883269042968749973e+00
1.136875305175781170e+00
1.859045867919921768e+00
9.520832824707031738e-01
1.237203369140625009e+00
4.520371246337890891e-01
1.745403900146484277e+00
1.681005706787109366e+00
1.667929229736328178e+00
1.134709548950195268e+00
1.463506927490234366e+00
1.541609802246093786e+00
1.464206848144531170e+00
3.378699111938476829e-01
7.284632110595703480e-01
9.080063629150391113e-01
1.445055541992187553e+00
1.907722778320312562e+00
7.176769256591797319e-01
1.359902954101562589e+00
1.471743469238281143e+00
1.795794830322265723e+00
nan
nan
nan
nan
1.924358367919921875e+00
1.014334869384765581e+00
1.028930358886718688e+00
2.322292327880859375e+00
1.047895126342773375e+00
7.054096221923827903e-01
1.061208114624023535e+00
1.783854064941406303e+00
6.534552001953124467e-01
9.776565551757812056e-01
5.542590332031249734e-01
1.575151519775390696e+00
1.354502105712890536e+00
8.672583770751952637e-01
5.497516632080078347e-01
1.704354248046874964e+00
1.578532867431640563e+00
1.254672813415527444e-01
1.452988281249999902e+00
1.269895019531249947e+00
1.415156860351562518e+00
1.454578247070312580e+00
1.056316146850585946e+00
7.560860443115234863e-01
5.409082794189452592e-01
3.181472587585449374e-01
nan
nan
nan
nan
nan
nan
1.165421447753906214e+00
1.280286712646484304e+00
1.374719543457031179e+00
6.243473434448242321e-01
1.211371383666992152e+00
1.284939270019531232e+00
9.779864501953124956e-01
1.534032592773437509e+00
8.566323089599608975e-01
1.294113922119140669e+00
7.092649841308593661e-01
1.153898162841796804e+00
1.633722229003906179e+00
1.998608245849609277e+00
1.742388000488281241e+00
1.377853088378906188e+00
1.035085067749023535e+00
1.311578826904296946e+00
1.463307647705078152e+00
1.218162002563476509e+00
1.615364990234374964e+00
6.560282897949218928e-01
1.220729141235351589e+00
1.142426071166992241e+00
1.063353500366210902e+00
1.574233551025390643e+00
1.813595733642578089e+00
1.483815307617187607e+00
nan
nan
nan
nan
1.363199157714843679e+00
1.018348007202148464e+00
1.879826354980468628e-01
8.285134887695312367e-01
1.323272094726562598e+00
2.316361389160156214e+00
1.405118713378906259e+00
2.395413513183593857e+00
1.751309509277343857e+00
2.016991424560546697e+00
1.930591125488281268e+00
1.266996002197265714e+00
1.867296600341796786e+00
2.375321655273437305e+00
1.878262786865234402e+00
1.206667404174804670e+00
2.155468444824218732e+00
1.680933532714843803e+00
1.894211273193359357e+00
1.719122161865234366e+00
2.169410858154297017e+00
2.027296142578125071e+00
nan
1.713580932617187580e+00
1.644093170166015527e+00
2.394889984130859517e+00
1.677587585449218821e+00
1.919050140380859304e+00
nan
nan
nan
nan
1.809698486328124911e+00
2.478939514160156232e+00
2.195664672851562305e+00
2.474023132324218555e+00
2.277836608886718572e+00
2.759569396972656463e+00
2.421466217041015501e+00
1.494917907714843786e+00
2.339832763671874982e+00
2.431475677490234411e+00
1.330330657958984419e+00
2.610803222656250089e+00
2.577698974609374805e+00
1.768381500244140536e+00
2.489599151611328054e+00
2.481261596679687376e+00
2.538543243408203143e+00
1.807743682861328027e+00
2.885934753417968679e+00
2.466449890136718892e+00
2.013322906494140696e+00
2.375261535644531463e+00
2.667917480468750213e+00
2.175969696044921964e+00
2.678323364257812589e+00
1.719623260498046813e+00
2.877605895996093732e+00
2.259010467529297017e+00
nan
nan
nan
nan
2.360919647216797035e+00
2.236342163085937695e+00
2.078673095703125195e+00
2.745770263671874822e+00
2.058933868408203249e+00
2.133167419433593892e+00
2.433135681152343910e+00
2.512890167236327965e+00
2.552467956542968874e+00
2.697335205078124964e+00
2.718579711914062447e+00
2.322592315673828178e+00
2.883864440917968786e+00
2.626445007324218928e+00
2.664672851562500000e+00
3.340036010742187589e+00
2.181067352294921768e+00
2.594541015624999947e+00
nan
2.067449951171874911e+00
1.853669128417968714e+00
2.676076660156249787e+00
2.449316558837890678e+00
2.438053741455078249e+00
2.461606597900390714e+00
1.609077758789062562e+00
2.601273803710937305e+00
2.639458312988281374e+00
nan
nan
nan
nan
2.349431152343750107e+00
1.967293243408203107e+00
2.617707214355468714e+00
2.842458801269531321e+00
2.520218963623046982e+00
2.229228210449218928e+00
2.797772216796874822e+00
3.282352600097656392e+00
3.084586486816406126e+00
3.837321777343750018e+00
2.085168457031250089e+00
2.654132690429687358e+00
2.365139160156250142e+00
2.412565765380859428e+00
3.090999755859375142e+00
2.721304931640625036e+00
3.481761474609375018e+00
2.959814453124999911e+00
3.166446228027343768e+00
3.840130004882812642e+00
2.917999267578125000e+00
3.618384094238281445e+00
3.452501525878906463e+00
3.425180358886718679e+00
2.778417663574218821e+00
3.040389709472656410e+00
2.660853576660156428e+00
2.502094116210937358e+00
nan
nan
