nan
nan
-5.600356525844998323e-01
7.070844968159993860e-01
2.408317724863688059e-01
-7.314181327819824219e-02
-1.034452517827351842e-01
1.574841207928127651e-01
5.065221256679959261e-01
1.591301361719767160e-01
1.298396852281358538e-01
6.966369681888157084e-02
-2.510032388899061662e-01
9.446173773871527901e-01
7.740928067101372767e-02
4.626954396565755023e-01
3.020336363050672990e-01
-4.168981446160210380e-01
2.786845631069607143e-01
-3.937647607591416854e-01
1.726112431950039411e-02
-2.853829065958659039e-01
-5.329143206278482703e-01
-5.372465451558431360e-01
-4.853221045600043526e-01
-2.786792649163140345e-02
1.874722043673197544e-02
-8.965714110268487025e-02
-1.125188801023695173e-01
7.392010423872205638e-02
nan
nan
nan
nan
-1.720413565635681152e-02
-6.894781854417588729e-01
4.493074417114257812e-01
-5.146993531121148158e-02
4.172150625122918177e-02
-9.952633115980360490e-01
-2.455293072594536552e-01
3.584081927935282245e-03
5.131021605597602120e-01
-1.426207092073228655e-01
-4.694517453511555805e-01
1.657003031836615792e-01
3.118576738569471818e-01
-1.622504790623982840e-01
-8.933441374037001115e-01
-4.502851168314616070e-01
4.743230077955458146e-01
1.138523525661892410e+00
8.729310565524630583e-01
-6.254994074503580359e-01
-2.300969494713677177e-01
1.487542125913831892e-01
7.375260459052191964e-01
-4.002903832329643974e-01
3.525537914699978376e-02
1.528732246822780971e-01
8.511811892191568640e-01
3.437866899702284318e-01
nan
nan
nan
nan
-4.156457318200005302e-01
1.494972229003906250e+00
-4.900444878472222376e-02
-9.985915289984809151e-01
2.733510600195990792e-01
-3.337990575366549945e-02
4.146121872795952568e-01
-2.976957427130805245e-01
4.058821466233994979e-01
9.966231452094184151e-01
6.853519015842013395e-01
5.102563434176974333e-01
-3.395228750175899833e-03
-1.614938312106662388e-01
-4.091382821400960101e-01
8.422556983100043526e-01
3.247878948847452568e-02
-6.435470581054687500e-01
-3.576050864325629464e-01
-6.140911314222547990e-01
5.183552039994133998e-02
2.403719425201416016e-01
5.117435455322265625e-01
3.873794343736436385e-01
1.550294028388129464e-01
6.108534071180555802e-01
-5.447441670629712962e-02
1.190838548872205915e-01
nan
nan
nan
nan
2.321349249945746651e-01
-2.093072997199164620e-01
-1.214684645334879604e-01
6.592498885260688057e-01
3.312364684210883370e-01
-1.508909198972913923e-01
3.157703611585829240e-01
-7.423991627163357698e-01
3.653483655717637557e-01
-3.233444425794813615e-01
5.429859691196017302e-01
-2.765703201293945312e-01
5.408674346076117745e-01
7.755258878072103235e-01
1.644145117865668526e-01
-5.438996685875786830e-02
4.946468141343858260e-01
-7.613905800713433036e-01
4.046112696329752789e-01
-2.835675080617268765e-02
-4.378510581122504464e-01
-3.186604976654052734e-01
9.068006939358181917e-01
-2.726683881547715682e-01
-9.547768698798285436e-02
9.322597715589735490e-01
4.568243556552463169e-01
5.042544669575161481e-02
nan
nan
nan
nan
-8.422221607632107698e-01
7.215359475877550222e-02
-4.524546199374728794e-01
-6.993918418884277344e-01
-4.557774331834580916e-01
1.194351116816202846e-01
-3.798801634046766740e-01
-1.413870520061916713e-01
-5.026138623555501672e-01
5.279365645514594307e-01
-1.531134711371527901e-01
-1.769058075216081369e-02
1.640410820643107004e-01
-9.166489707099066964e-01
-6.387677192687988281e-01
-3.699592219458686104e-01
4.978425304094950127e-02
3.281403382619221820e-01
-1.260294596354166741e+00
1.294051938586764927e-01
3.926570150587294084e-01
-3.087501790788438338e-01
-2.561635176340739117e-01
-1.564607355329725447e-01
-7.148228221469454802e-01
6.482757462395561943e-01
-2.402588104208310590e-03
1.594063970777723493e-01
nan
nan
nan
nan
-1.513404978646172294e-01
-1.427643881903754242e+00
-2.779764334360758649e-01
-8.060508966445922852e-02
3.715843359629313336e-01
2.315856615702311105e-01
1.201285786098904129e+00
4.896274871296352887e-02
7.319366667005751115e-01
-2.551718817816840401e-01
4.069749514261881695e-01
-2.656365235646565570e-01
-9.385822084214952010e-01
-8.776328961054484512e-02
-9.645810657077364958e-01
-5.415421724319458008e-02
7.804846233791775667e-01
1.038034545050726898e+00
1.261048105027940514e+00
3.629221651289198380e-01
-2.348676986164516950e-02
-3.181544674767388114e-01
-5.547437138027615511e-01
4.987034797668457031e-01
-1.806992689768473215e-01
-1.369358698527018137e-01
5.319507916768392297e-01
4.902761777242024555e-01
nan
nan
nan
nan
-9.389296637641059151e-01
-3.804687394036186943e-01
1.149825917349921317e-01
3.640243477291530971e-01
-2.844564914703369141e-01
-8.386301497618356762e-03
-1.496108108096652622e-01
9.571858512030707589e-01
8.881462415059407922e-01
-1.049648324648539272e-01
-9.960911009046766740e-01
-1.743760108947753906e-01
1.751190821329752512e-01
5.513335333930121651e-01
-3.703451951344807758e-01
-9.689494238959418526e-01
4.624140527513291854e-01
3.777005672454833984e-01
-5.155812369452582589e-01
6.323127216762967073e-01
9.055593278672960378e-02
4.754913118150498885e-01
4.251659711201985492e-01
-1.621436675389607840e-01
3.167034520043267021e-01
9.716156853569878349e-01
-4.594711197747124443e-01
6.893050405714247209e-01
nan
nan
nan
nan
3.566687636905246372e-01
-4.645966953701443081e-01
8.901445070902506973e-02
2.727077537112765904e-01
2.854760752783881417e-01
5.562232600318061174e-03
-5.827238294813368302e-01
-2.001321978039211635e-01
3.047631846533881417e-01
-4.915561676025390625e-01
-2.010760307312011719e-01
-1.029446707831488617e+00
-6.312410566541883927e-01
9.695773654513889506e-02
-2.048472563425699777e-01
3.629004690382215959e-01
9.185767703586154020e-01
2.271553940243191128e-01
1.030199329058329311e-01
7.359618080986870536e-01
2.130234407054053258e-02
3.051521711879306292e-02
-7.667862044440375557e-01
-6.693901618321736191e-02
-2.511809402041965122e-01
-1.172085973951551674e+00
6.022099388970268974e-01
-5.758530828687880021e-01
nan
nan
nan
nan
-7.108858426411946985e-01
4.688313802083333148e-01
5.112423366970486605e-01
4.224889543321397323e-01
1.061453421910603795e-01
-2.326367431216769810e-01
-1.538775099648369560e-01
-3.252493010626898717e-02
3.516699473063151227e-01
7.171834839714898158e-02
-5.482249127493964147e-02
-3.246351348029242745e-01
-5.734132660759819755e-01
5.057125091552734375e-01
-6.230498949686685828e-01
4.639804628160264510e-01
2.638058132595486049e-01
-2.174816396501329241e-01
-3.017635080549452287e-01
8.612755272123548411e-02
-9.081008699205186940e-02
-2.389246622721354074e-01
4.483296606275770646e-01
4.861567815144856586e-01
-1.259373426437377930e-01
7.819756401909722099e-01
3.642982906765407924e-01
-6.921623812781439733e-02
nan
nan
nan
nan
-1.503187947803073521e-01
5.240860515170626677e-01
3.073412047492133370e-01
-1.263133366902669197e+00
-4.467649459838867188e-01
2.886716789669460659e-01
3.029657204945881976e-01
-3.502385086483425503e-01
-2.567995124393039341e-01
1.013071060180664062e+00
-7.643461757236056364e-01
1.767590443293253488e-01
-2.296801143222385044e-01
1.711379157172309151e-01
2.012417978710598354e-01
-2.523609002431233539e-01
-4.355548818906148506e-02
2.716257837083604354e-01
7.997121810913085938e-01
2.786497010125054130e-01
-3.039864434136284599e-01
1.015831311543782478e+00
3.563177850511338729e-01
9.159239795472887136e-02
5.456761519114176201e-02
2.083437310324774971e-01
5.736886660257974890e-01
1.796756188074747629e-01
nan
nan
nan
nan
4.464937845865885602e-01
3.483145766788058872e-01
3.056791093614366073e-01
7.174114651150174105e-01
2.736790710025363560e-01
-5.194192992316352120e-01
-2.064616547690497628e-01
-1.045184453328450447e+00
3.812892172071669084e-01
4.566382831997341518e-01
-2.296312914954291573e-01
6.380293104383680802e-01
9.845289256837633229e-02
4.143155680762397042e-01
-1.350087059868706696e+00
2.744333214230007534e-01
7.364457448323568078e-01
-1.192222556306256212e-03
-6.127271122402615511e-01
2.476574050055609932e-01
5.295163260565863839e-01
-7.415581279330782927e-01
-3.441393375396728516e-01
2.352918518914116630e-01
-1.101832177903917076e+00
-8.083670404222276229e-01
-5.268407397800021208e-01
-1.063889198833041783e-01
nan
nan
nan
nan
-1.426185104582044783e-01
-7.046229309505885885e-02
-3.050608105129665737e-01
8.607580926683213729e-01
2.346618175506591797e-01
-6.437960598203870677e-02
1.120626793967352958e-01
3.114152219560410995e-01
3.300193945566813336e-01
1.818802224265204659e-01
-1.194788297017415291e+00
-3.789026472303602677e-01
3.831047481960720424e-01
2.528400950961642857e-01
2.192127969529893694e-01
-4.738288985358344307e-01
5.368481212192111052e-01
2.991683781147003174e-03
-4.081164797147115303e-02
1.958201726277669363e-01
-5.390406714545356026e-01
2.443313333723280134e-01
-1.979060702853732701e-01
3.789740668402777901e-01
-9.317933188544379464e-01
-2.615874873267279854e-01
1.001629829406738281e+00
-2.771768305036756974e-01
nan
nan
nan
nan
1.028990639580620758e+00
-6.929481294420030135e-01
-1.136312219831678572e-01
4.591443803575303573e-01
6.571124924553765068e-01
-6.699421670701768416e-01
-2.525803777906629813e-02
1.626480023066202707e-01
2.793623606363932477e-01
-8.553579780790540599e-02
1.553780767652723493e-01
-8.009342617458767855e-01
-5.497785144382052458e-01
-2.954627672831217633e-01
-9.714378913243611191e-02
1.227704260084364174e+00
-2.124698691897922154e-01
6.099047131008572542e-01
-2.676242722405327568e-01
3.653622468312581195e-01
4.979903962877061385e-01
-5.112111833360459823e-01
4.772578345404731026e-01
-3.856043020884196149e-01
-8.547789785597059709e-01
7.221847640143500557e-01
-1.707540353139241629e-01
-5.086859597100151786e-01
nan
nan
nan
nan
1.119296603732638840e+00
-6.655395030975341797e-02
6.748080253601074219e-01
-1.164119296603732590e+00
3.692456351386176339e-01
-3.263394832611083984e-01
-3.123287028736538434e-02
-7.450053426954481584e-01
2.018989622592926025e-02
-3.803296089172363281e-01
5.670549604627821427e-01
2.258855501810709543e-01
1.594138807720608120e-01
5.107056299845377234e-01
-1.747735010253058385e-02
-2.243453661600748605e-01
-4.149977631039089565e-01
-4.303284486134846820e-01
2.510681152343750000e-01
-4.952242639329698104e-01
-9.354427125718858260e-01
9.755535125732421875e-01
2.177847491370307198e-01
1.690825323263804233e-02
-2.021969026989406948e-01
-4.671015209621853237e-01
7.056190702650282365e-01
-3.140896691216362724e-01
nan
nan
nan
nan
-5.404951837327744979e-01
5.774232016669379464e-01
-9.871051046583387278e-02
-5.203918880886502230e-01
9.621713426378037948e-01
-5.523531701829698104e-01
6.644361813863118860e-01
-9.077733357747396203e-01
1.095740596453348842e-01
-7.466518614027235490e-01
1.166824367311265764e-01
6.428320374753739713e-03
-2.216742965910169783e-01
1.067031754387749581e-01
9.140584203932020091e-02
3.067010309961107004e-02
-3.472594420115153180e-01
7.710352473788790739e-01
-5.538991093635559082e-02
4.541826777988010044e-01
-1.060522079467773438e+00
-6.672828992207845422e-01
6.077019373575845984e-01
2.584290769365098495e-01
-1.486437188254462471e-01
-6.067620383368597936e-02
-4.724862310621473771e-01
-4.290147092607285995e-01
nan
nan
nan
nan
2.274758021036783762e-01
-1.877770158979627790e-01
2.870456377665202008e-01
6.276550822787814177e-01
-4.969382286071777344e-02
-3.822536203596327287e-01
6.410651074515448522e-02
-3.656667603386772880e-01
-1.122412416670057478e-01
-2.050864299138387137e-01
6.212419271469116211e-02
-2.361693647172715960e-01
1.762243906656900949e-01
1.181724336412217913e-01
2.840139336056179409e-01
-6.232349607679579240e-01
1.154803276062011719e+00
-6.586934195624457589e-01
6.166602770487467078e-01
4.333371586269802456e-01
2.438654899597167969e-01
4.910955958896213169e-01
5.250958866543240511e-01
9.881865183512369422e-01
4.018373290697733330e-02
6.161491076151529578e-01
-4.359181986914740792e-01
9.552679459253947403e-02
nan
nan
nan
nan
9.400622049967447547e-01
-6.800879372490776786e-01
-1.547780467404259556e-02
-1.389912366867065430e-01
4.760146141052246094e-01
1.305301719241672154e-01
6.786354382832845422e-01
1.919373671213785715e-01
5.833028157552083703e-01
1.571105056338840122e-01
6.678670247395833703e-01
-2.891709804534912109e-01
2.868741618262397042e-01
-1.036730806032816615e-01
3.582503795623779297e-01
-2.262127929263644810e-01
-5.866452852884928015e-01
6.635731061299642297e-01
-1.987237135569254465e-01
7.548611693912082865e-02
7.139081954956054688e-01
-4.334502749972873326e-01
1.270228889253404436e-01
-1.261573102739122210e-01
-4.280050595601399555e-01
-2.865212493472629185e-01
7.438665495978461495e-01
1.412273645401000977e-01
nan
nan
nan
nan
-2.009527550803290596e-01
-4.549530877007378349e-01
4.880615340338813057e-01
9.587835603290134623e-02
2.058069705963134766e-01
-2.857071028815375557e-01
-6.776425573560926341e-02
4.494474199083116073e-01
-3.547907670338948383e-01
4.754182497660319195e-01
-3.242453204260932198e-01
-6.168971591525607145e-01
-2.447708447774251395e-01
4.087666670481364117e-01
1.763318909539116630e-01
-3.007971710628933315e-01
4.239162604014078961e-01
-3.960859245724148159e-01
-7.266063160366482698e-01
1.043190214369032143e+00
4.902902179294162388e-01
1.776743862364027204e-01
7.250383694966634485e-01
-8.430814743041992188e-01
7.827583286497327708e-02
2.190241797102822005e-03
6.312384605407714844e-01
-2.495622369978162947e-01
nan
nan
nan
nan
-2.708801296022203195e-02
-2.471865018208821707e-01
-3.314256403181288224e-01
-5.383511649237738839e-01
-8.355940381685892163e-03
-1.355916923946804409e-01
3.439538213941786271e-01
-2.723177803887261161e-01
1.275214470095104718e-02
-1.416471136940850029e-01
-1.991346677144368582e-01
-4.343302249908447266e-01
3.797653516133626117e-01
-4.510627322726779576e-01
5.402000745137532922e-01
2.601576911078559151e-01
-4.157143433888753070e-01
-7.109693421257866630e-01
-1.235389709472656250e-01
-2.986402511596679688e-01
-1.285115347968207589e-01
9.208837085300021208e-01
-9.291734960344102956e-02
-1.076551331414116852e+00
-4.941282272338867188e-01
-5.407861603630913505e-01
nan
nan
nan
nan
nan
nan
1.135011249118381138e-01
4.132935471004909878e-01
-4.907125234603881836e-02
4.473405414157443638e-01
-5.317617522345648995e-01
4.878737661573622209e-01
4.611253407266405202e-02
-3.104117181566026229e-01
1.982014046774970284e-01
4.672679371303982143e-01
2.346399625142415457e-01
6.719739172193739396e-01
2.018373707930247105e-02
-3.270427915785047990e-01
5.740207036336263391e-01
1.554959515730539900e-02
-1.098028222719828334e-01
-4.475013415018717633e-01
9.025417433844672155e-02
-4.530220031738281250e-01
-9.392317798402574636e-02
8.541411823696560823e-01
-2.474707497490776786e-01
6.591884824964735490e-01
1.412179205152723493e-01
-1.376522382100423270e-01
-7.560711436801486052e-01
-4.087648044029871912e-03
nan
nan
nan
nan
-5.554910765753852120e-01
-8.171680238511827010e-01
-2.263044516245523996e-01
-3.260225984785292130e-01
-2.788074546390109654e-01
1.011148240831163170e+00
1.868659092320336390e-02
3.674341307746039620e-01
2.701188723246256695e-01
-5.578793419731988001e-02
-3.144822915395100726e-01
-2.877325216929118024e-01
-1.674132347106933594e-01
-1.675717168384128208e-01
2.311490376790364676e-01
-1.766322665744357590e+00
4.099613560570610771e-01
-1.328245136472913923e-01
4.758479860093858260e-01
-4.555243915981716518e-01
2.577804989284939174e-01
3.826624022589789620e-01
nan
9.822900427712334681e-02
-6.089450253380669642e-02
9.111751980251736605e-01
9.023418426513671875e-01
4.449037445916069755e-01
nan
nan
nan
nan
2.338273525238037109e-01
4.989845487806532365e-01
-5.620552168952094307e-01
-2.979810502794053573e-01
-3.028390407562255859e-01
3.513089021046956195e-01
3.177475134531657086e-01
-1.443552652994791741e+00
-5.266215006510416297e-01
4.351207945081922990e-01
2.858017285664876117e-01
1.250502930747138253e-01
8.629919422997368861e-02
5.088400310940213167e-01
-2.911115222507053013e-01
6.668011877271864396e-01
3.679257763756645927e-01
7.607275644938150672e-01
-7.940581109788682479e-01
6.518278519312541153e-02
3.798383076985676898e-01
4.171177281273735771e-01
4.237043592664930802e-01
5.680809550815157927e-01
-8.752401140001084823e-01
2.208025190565321150e-01
3.381670845879448661e-01
-6.507626639472113839e-01
nan
nan
nan
nan
7.286837365892198104e-01
1.824956046210394867e+00
-2.348930040995279855e-01
8.992536332872178573e-01
4.168921841515434989e-01
1.356192906697591072e+00
-4.266633987426757812e-01
-2.500334845648871651e-01
-5.345660116937425710e-02
-6.973990864223904573e-01
-6.138736936781141740e-01
3.920642005072699776e-01
-3.507890436384413224e-01
-5.051533910963270646e-01
5.984782758686277987e-03
-2.165889475080702009e-01
5.455511411031087610e-01
-3.777815500895182477e-01
nan
-8.420786327785916292e-01
-5.042901039123535156e-01
-2.867457866668701172e-01
-5.516886048846774554e-02
-4.311916033426920758e-01
1.179780827628241630e-01
4.133620527055528182e-01
-2.058166795306735630e-01
1.402535332573784821e+00
nan
nan
nan
nan
-1.969839864306979771e-01
4.767527580261230469e-01
3.281908035278320312e-01
3.784410821066962194e-02
3.356266286638047713e-01
-8.511811892191568640e-01
1.602709452311197991e+00
8.632032076517740515e-01
-1.213467253579033761e-01
-3.019576337602403182e-01
-3.442224131690131417e-01
-4.078542921278212052e-01
7.397081057230631140e-01
-5.943851470947265625e-01
-8.640529049767388392e-02
8.476369645860459823e-01
-1.286599636077880859e-01
5.667371220058865511e-01
-3.851240211062961216e-01
-1.818743149439493723e-01
-2.446569071875678292e-01
3.202751477559407367e-01
7.163415484958224333e-01
-4.402336014641655693e-01
5.391135215759277344e-01
1.114697138468424553e+00
8.385579453574286413e-02
-2.743679616186353934e-02
nan
nan
