nan
nan
-3.489573001861572266e-01
1.388213038444519043e-01
-1.636760830879211426e-01
-1.660384297370910645e+00
-4.081992208957672119e-01
-9.182055294513702393e-02
1.224132537841796875e+00
-6.671292185783386230e-01
-1.093587651848793030e-01
-7.883216738700866699e-01
-2.451003044843673706e-01
-1.047729849815368652e+00
-1.411005109548568726e-01
-6.989150643348693848e-01
-4.431426823139190674e-01
4.690294563770294189e-01
2.411434054374694824e-01
9.376764297485351562e-02
-2.523050010204315186e-01
-4.861172735691070557e-01
-3.010522127151489258e-01
-1.478892564773559570e-01
1.304718405008316040e-01
6.116244196891784668e-01
2.416504430584609509e-04
3.193254172801971436e-01
5.668453499674797058e-02
1.743150949478149414e-01
nan
nan
nan
nan
2.090108394622802734e-01
-2.042023241519927979e-01
3.803323954343795776e-02
-8.681527525186538696e-02
-2.789101600646972656e-01
9.814593791961669922e-01
2.614807784557342529e-01
3.479256033897399902e-01
2.402411401271820068e-01
2.984545230865478516e-01
-4.985681474208831787e-01
1.746556758880615234e-01
9.461073577404022217e-02
-1.655459962785243988e-02
6.147477626800537109e-01
-3.691359460353851318e-01
8.809738606214523315e-02
4.303125664591789246e-02
-4.811537861824035645e-01
-3.150247037410736084e-01
7.790690660476684570e-01
5.990524291992187500e-01
-1.156625375151634216e-01
1.389689147472381592e-01
8.555904030799865723e-01
2.498081475496292114e-01
2.698749490082263947e-02
-4.505500197410583496e-01
nan
nan
nan
nan
8.733931779861450195e-01
7.011714577674865723e-02
3.715375363826751709e-01
-3.786841034889221191e-01
-1.478343307971954346e-01
-3.475330173969268799e-01
1.211995631456375122e-02
-6.746276021003723145e-01
4.323674738407135010e-01
6.030926704406738281e-01
-4.393520653247833252e-01
-1.417407035827636719e+00
-1.828494220972061157e-01
5.379288792610168457e-01
4.056358635425567627e-01
2.343334853649139404e-01
-6.035273671150207520e-01
5.401950478553771973e-01
-1.747428327798843384e-01
3.687873780727386475e-01
4.533749073743820190e-03
1.835018843412399292e-01
8.391280770301818848e-01
4.557838141918182373e-01
-3.158798813819885254e-02
-4.971590638160705566e-01
1.774297803640365601e-01
-2.138275802135467529e-01
nan
nan
nan
nan
-1.032615065574645996e+00
3.013919293880462646e-01
-3.224704265594482422e-01
-1.203764557838439941e+00
3.993603885173797607e-01
7.206541895866394043e-01
-4.919953644275665283e-01
6.040063500404357910e-02
5.924339890480041504e-01
-4.309454262256622314e-01
5.929318070411682129e-01
1.755918115377426147e-01
4.420363605022430420e-01
-7.950082421302795410e-01
4.175025820732116699e-01
-4.483734071254730225e-01
-7.961018085479736328e-01
9.695714712142944336e-02
5.706697106361389160e-01
6.778849959373474121e-01
-1.508587747812271118e-01
-6.869776844978332520e-01
-3.776426017284393311e-01
1.198443919420242310e-01
5.274526476860046387e-01
1.526436209678649902e-01
8.051133751869201660e-01
4.937366843223571777e-01
nan
nan
nan
nan
5.528967380523681641e-01
-5.118758082389831543e-01
2.155288010835647583e-01
5.190967023372650146e-02
4.951757937669754028e-02
1.573818735778331757e-02
2.556324005126953125e-01
-1.373105198144912720e-01
2.016331553459167480e-01
-6.551246643066406250e-01
-8.866200447082519531e-01
2.851751446723937988e-01
-3.371085226535797119e-01
-6.174407005310058594e-01
2.002282440662384033e-01
4.281721711158752441e-01
-4.991184473037719727e-01
-3.523651063442230225e-01
-2.843498289585113525e-01
-1.933102905750274658e-01
1.036154150962829590e+00
-5.387786030769348145e-01
-7.600783705711364746e-01
-2.635377645492553711e-02
-4.879078865051269531e-01
-1.230909824371337891e-01
8.845317363739013672e-01
-3.559344410896301270e-01
nan
nan
nan
nan
1.630529910326004028e-01
1.028000473976135254e+00
2.677927315235137939e-01
-1.017386555671691895e+00
2.939715050160884857e-02
-1.815370619297027588e-01
6.089549660682678223e-01
6.984519213438034058e-02
-1.706937700510025024e-01
1.759404838085174561e-01
-5.039856433868408203e-01
3.839126229286193848e-01
9.808912873268127441e-02
-4.233567416667938232e-01
6.736369132995605469e-01
-1.569571197032928467e-01
-7.143142819404602051e-02
-1.246085166931152344e-01
4.507412910461425781e-01
5.324560403823852539e-01
-1.037511467933654785e+00
5.820660591125488281e-01
-1.037797331809997559e-01
9.797762632369995117e-01
7.588083744049072266e-01
-7.908723354339599609e-01
-6.917507648468017578e-01
-5.684993267059326172e-01
nan
nan
nan
nan
-3.157574236392974854e-01
4.300314784049987793e-01
1.011429786682128906e+00
7.119819521903991699e-02
9.435750544071197510e-02
1.133460044860839844e+00
3.140784800052642822e-01
-1.539226174354553223e-01
1.760773062705993652e-01
-1.174961924552917480e-01
-4.465225338935852051e-01
1.539278924465179443e-01
-2.489788979291915894e-01
1.825331337749958038e-02
-2.698726058006286621e-01
-8.652198910713195801e-01
-2.672439813613891602e-01
5.431685447692871094e-01
2.339252680540084839e-01
-2.459365576505661011e-01
2.843448817729949951e-01
1.350499510765075684e+00
-1.992862224578857422e-01
-1.398316770792007446e-01
4.795036464929580688e-02
-4.933728873729705811e-01
-5.356990694999694824e-01
2.477183341979980469e-01
nan
nan
nan
nan
-4.045686125755310059e-01
1.135899901390075684e+00
1.317312836647033691e+00
-3.286525011062622070e-01
6.108598113059997559e-01
-4.879317283630371094e-01
9.310726821422576904e-02
6.668128371238708496e-01
6.568014621734619141e-01
7.218104004859924316e-01
-8.247934579849243164e-01
3.069764673709869385e-01
2.361381426453590393e-02
8.541864752769470215e-01
-3.405205607414245605e-01
-6.509324312210083008e-01
4.479557573795318604e-01
8.027387857437133789e-01
2.420255094766616821e-01
-4.596694409847259521e-01
-9.716803431510925293e-01
-4.997752308845520020e-01
2.129067480564117432e-01
6.164686679840087891e-01
-1.314282268285751343e-01
5.517218112945556641e-01
2.413753271102905273e-01
7.180691510438919067e-02
nan
nan
nan
nan
4.159509763121604919e-02
5.303613841533660889e-03
8.453757762908935547e-01
-3.701309263706207275e-01
-6.661666184663772583e-02
-3.919823467731475830e-01
-2.912684977054595947e-01
7.345497608184814453e-01
-4.148689508438110352e-01
-1.560778468847274780e-01
1.172884330153465271e-01
8.971540331840515137e-01
-2.118507325649261475e-01
-3.349539041519165039e-01
-3.577388823032379150e-01
3.451668620109558105e-01
2.561036050319671631e-01
6.784386038780212402e-01
1.033156394958496094e+00
1.907413601875305176e-01
9.191942811012268066e-01
-3.594509065151214600e-01
4.563080370426177979e-01
2.083914279937744141e-01
-2.486144453287124634e-01
1.366384983062744141e+00
2.619959115982055664e-01
-6.183354258537292480e-01
nan
nan
nan
nan
-2.188771367073059082e-01
2.894044518470764160e-01
-8.177148103713989258e-01
-6.267811357975006104e-02
1.765609532594680786e-01
-2.905653715133666992e-01
-2.113261669874191284e-01
-1.361057609319686890e-01
2.793294787406921387e-01
2.928040623664855957e-01
8.824097365140914917e-02
1.884842514991760254e-01
4.178937673568725586e-01
8.376722931861877441e-01
7.502229809761047363e-01
-6.263768076896667480e-01
7.955216765403747559e-01
4.300906658172607422e-01
7.805497050285339355e-01
-2.670346796512603760e-01
6.873196959495544434e-01
4.883090406656265259e-02
-8.977262973785400391e-01
1.051595091819763184e+00
2.941112518310546875e-01
5.904541611671447754e-01
6.627681851387023926e-01
4.771409148816019297e-04
nan
nan
nan
nan
-7.378579378128051758e-01
1.510501950979232788e-01
-7.684085965156555176e-01
-3.562629595398902893e-02
-5.854712128639221191e-01
4.059195145964622498e-02
6.030036211013793945e-01
-7.432541251182556152e-01
3.070416748523712158e-01
3.557858755812048912e-03
-8.379664421081542969e-01
7.472486495971679688e-01
-7.029619812965393066e-01
8.978933095932006836e-02
2.573820352554321289e-01
3.445414006710052490e-01
-4.823485016822814941e-01
-1.299010157585144043e+00
-9.650768339633941650e-02
9.037612676620483398e-01
4.659523069858551025e-01
2.413297295570373535e-01
3.033131957054138184e-01
-4.239043593406677246e-01
7.225877046585083008e-01
2.226550132036209106e-01
2.320903837680816650e-01
-1.861319541931152344e-01
nan
nan
nan
nan
-1.932220607995986938e-01
-9.905431270599365234e-01
-5.868477225303649902e-01
8.245693445205688477e-01
-2.147299498319625854e-01
9.512901306152343750e-02
-2.584282159805297852e-01
-2.451009303331375122e-01
-7.812333106994628906e-01
-3.569174408912658691e-01
-4.600741863250732422e-01
1.228549703955650330e-01
-8.801977336406707764e-02
4.973194599151611328e-01
1.380534470081329346e-01
4.565763175487518311e-01
5.899552106857299805e-01
7.283689081668853760e-02
-6.995391845703125000e-01
-9.187514185905456543e-01
-2.106067957356572151e-03
9.043901562690734863e-01
1.225007891654968262e+00
8.426509797573089600e-02
7.588883638381958008e-01
6.212365031242370605e-01
3.223091363906860352e-01
7.037510275840759277e-01
nan
nan
nan
nan
3.599976897239685059e-01
-1.741360276937484741e-01
-9.394475817680358887e-02
-2.395440787076950073e-01
4.731360077857971191e-01
-4.219475984573364258e-01
-9.147810339927673340e-01
-8.516646623611450195e-01
7.287962436676025391e-01
5.059643387794494629e-01
-2.018456310033798218e-01
-5.862984657287597656e-01
8.684563636779785156e-02
-4.213425517082214355e-02
-2.044307440519332886e-01
-5.499351620674133301e-01
2.443605214357376099e-01
6.589812040328979492e-01
-1.111038804054260254e+00
7.772041857242584229e-02
-2.138976156711578369e-01
3.177248537540435791e-01
8.018316626548767090e-01
1.010063588619232178e-01
-1.030378460884094238e+00
-6.468005776405334473e-01
7.950450181961059570e-01
2.470924407243728638e-01
nan
nan
nan
nan
3.786124587059020996e-01
7.688155770301818848e-01
3.898536553606390953e-03
1.698369719088077545e-02
-1.040301993489265442e-01
-2.816084921360015869e-01
6.241886019706726074e-01
3.832899332046508789e-01
2.988838255405426025e-01
6.124234199523925781e-01
-3.770205080509185791e-01
1.037695527076721191e+00
7.811235785484313965e-01
-1.940657943487167358e-01
6.483528017997741699e-01
2.141173034906387329e-01
4.707189649343490601e-02
7.605713605880737305e-01
6.925522685050964355e-01
-1.201192885637283325e-01
-1.309315562248229980e-01
-1.428437530994415283e-01
-4.126007854938507080e-01
4.109271764755249023e-01
-9.827326983213424683e-02
-2.637538611888885498e-01
3.735833168029785156e-01
9.473096728324890137e-01
nan
nan
nan
nan
-1.990873515605926514e-01
5.303968191146850586e-01
-2.466266006231307983e-01
-4.959611222147941589e-02
3.185934573411941528e-02
-4.801942706108093262e-01
-8.813621103763580322e-02
4.745900034904479980e-01
-6.822177022695541382e-02
-2.717434167861938477e-01
6.101740002632141113e-01
-4.053649604320526123e-01
-2.648117952048778534e-02
1.078460887074470520e-01
2.365323305130004883e-01
1.454360783100128174e-02
-6.058455109596252441e-01
-2.652262449264526367e-01
-9.388632178306579590e-01
-4.028361439704895020e-01
-2.997744828462600708e-02
4.830356240272521973e-01
6.617910861968994141e-01
4.786717891693115234e-01
-6.337712705135345459e-02
-7.821726799011230469e-01
-5.722455978393554688e-01
-3.169744834303855896e-02
nan
nan
nan
nan
-3.999837115406990051e-02
-9.390734136104583740e-02
-4.164797961711883545e-01
-1.461712419986724854e-01
2.493758685886859894e-02
-7.795663475990295410e-01
6.104200482368469238e-01
-4.128437042236328125e-01
-5.893582701683044434e-01
2.778840661048889160e-01
4.821947813034057617e-01
-4.283462166786193848e-01
7.021223753690719604e-02
3.925965726375579834e-01
-8.202680349349975586e-01
-5.119712650775909424e-02
-7.084436416625976562e-01
2.407215088605880737e-01
-1.823042780160903931e-01
-3.324304223060607910e-01
5.985671281814575195e-01
5.719416961073875427e-02
7.558346390724182129e-01
5.342122912406921387e-01
-1.704429239034652710e-01
-1.284391283988952637e-01
-6.158703938126564026e-02
3.487835228443145752e-01
nan
nan
nan
nan
-6.118562817573547363e-01
-3.139052093029022217e-01
5.821213126182556152e-01
2.367250472307205200e-01
-1.368238478899002075e-01
-4.470872282981872559e-01
3.303961455821990967e-01
2.441608309745788574e-01
2.597140669822692871e-01
2.910128533840179443e-01
2.250731363892555237e-02
5.777722001075744629e-01
7.261289954185485840e-01
-3.751396834850311279e-01
-6.088444590568542480e-01
-1.062965616583824158e-01
7.291526198387145996e-01
3.412689566612243652e-01
-6.186133623123168945e-01
-1.291826069355010986e-01
4.513601362705230713e-01
-9.611070901155471802e-02
-2.301371842622756958e-02
1.186568439006805420e-01
-5.491430163383483887e-01
-8.373569846153259277e-01
4.001989662647247314e-01
1.342202901840209961e+00
nan
nan
nan
nan
1.862708777189254761e-01
4.304102063179016113e-01
-2.206438332796096802e-01
7.516501098871231079e-02
6.784109026193618774e-02
-1.120535612106323242e+00
1.869122684001922607e-01
1.063148677349090576e-01
5.883088111877441406e-01
5.357059463858604431e-02
-3.373398482799530029e-01
-1.055319905281066895e+00
8.567355871200561523e-01
-2.529715001583099365e-01
6.341367959976196289e-01
1.607993990182876587e-01
-6.548996269702911377e-02
1.738281399011611938e-01
1.404904574155807495e-01
3.442119359970092773e-01
3.834446370601654053e-01
-2.761735022068023682e-01
4.730051755905151367e-01
-6.714999675750732422e-02
-1.997888535261154175e-01
-8.034660220146179199e-01
8.145312219858169556e-02
6.527215242385864258e-01
nan
nan
nan
nan
9.785652160644531250e-02
3.087199032306671143e-01
-3.404912650585174561e-01
-7.047734688967466354e-03
-6.772975325584411621e-01
-2.858516275882720947e-01
-6.247143447399139404e-02
1.427038162946701050e-01
-2.001990675926208496e-01
3.098255991935729980e-01
9.114011526107788086e-01
3.668981790542602539e-01
1.568485945463180542e-01
8.743255138397216797e-01
-1.284385323524475098e+00
6.647463887929916382e-02
1.614873409271240234e+00
-1.053517580032348633e+00
-3.818999826908111572e-01
-3.452593386173248291e-01
8.253017067909240723e-01
9.852798581123352051e-01
2.852181792259216309e-01
9.853336960077285767e-02
2.253796607255935669e-01
-7.729172706604003906e-01
nan
nan
nan
nan
nan
nan
2.608022689819335938e-01
-5.208067893981933594e-01
1.875205636024475098e-01
-1.442735791206359863e+00
1.179940223693847656e+00
-3.127668201923370361e-01
1.909206211566925049e-01
8.673994988203048706e-02
8.632922917604446411e-02
4.021776616573333740e-01
2.356431931257247925e-01
8.062303066253662109e-01
3.533115610480308533e-02
-3.973834812641143799e-01
5.682886838912963867e-01
9.552828967571258545e-02
-2.402677237987518311e-01
-7.399060726165771484e-01
-3.559685945510864258e-01
3.327260017395019531e-01
3.657550513744354248e-01
-2.839459776878356934e-01
-3.323785066604614258e-01
-1.338641643524169922e-01
-2.060156762599945068e-01
-6.166247278451919556e-02
6.015106439590454102e-01
4.201429486274719238e-01
nan
nan
nan
nan
4.450410604476928711e-01
-5.900122597813606262e-02
6.961436867713928223e-01
5.795510485768318176e-02
-7.227131128311157227e-01
7.291309833526611328e-01
-4.652717113494873047e-01
2.726542949676513672e-01
-5.444169044494628906e-01
8.400961756706237793e-02
-2.470031678676605225e-01
-9.117382168769836426e-01
1.191316246986389160e-01
-1.573634892702102661e-01
7.998104691505432129e-01
-3.579222783446311951e-02
9.147546291351318359e-01
1.746690720319747925e-01
-4.596662223339080811e-01
7.141022086143493652e-01
6.694515943527221680e-01
5.063047260046005249e-02
nan
4.892280399799346924e-01
-2.587828636169433594e-01
-7.415387034416198730e-01
3.900941014289855957e-01
-7.796388864517211914e-02
nan
nan
nan
nan
-7.800552845001220703e-01
6.650713086128234863e-01
-9.338837862014770508e-02
4.612905383110046387e-01
-6.936454176902770996e-01
2.199182510375976562e-01
-2.369941920042037964e-01
-1.039872646331787109e+00
-4.373404681682586670e-01
1.019710116088390350e-02
1.730657368898391724e-02
-6.009592413902282715e-01
2.057403326034545898e-01
-3.992778956890106201e-01
1.021445631980895996e+00
4.309405982494354248e-01
1.535468101501464844e-01
2.678799033164978027e-01
8.381535112857818604e-02
-2.978405952453613281e-01
-2.938043773174285889e-01
-1.025722250342369080e-01
-4.160637259483337402e-01
-3.329695165157318115e-01
-2.662676274776458740e-01
5.145004019141197205e-02
2.384976744651794434e-01
-3.740830421447753906e-01
nan
nan
nan
nan
4.676091074943542480e-01
3.297874927520751953e-01
-7.001752853393554688e-01
7.577521800994873047e-01
-4.806039929389953613e-01
-4.601972997188568115e-01
3.809774816036224365e-01
-5.723572969436645508e-01
-1.701662242412567139e-01
-1.873246878385543823e-01
-4.254372119903564453e-01
7.481973171234130859e-01
7.402708530426025391e-01
-2.143012881278991699e-01
3.563323915004730225e-01
-6.485089659690856934e-01
-6.462150216102600098e-01
-6.795029342174530029e-02
nan
8.700451999902725220e-02
-4.980748891830444336e-02
8.892803192138671875e-01
4.401167929172515869e-01
8.224927186965942383e-01
5.944887176156044006e-02
-4.500238895416259766e-01
-6.722530722618103027e-01
3.139826655387878418e-01
nan
nan
nan
nan
6.346506476402282715e-01
3.858976662158966064e-01
-1.072457075119018555e+00
-2.550551891326904297e-01
-8.096671700477600098e-01
-8.518961817026138306e-02
4.746062755584716797e-01
1.265636801719665527e+00
-2.902039587497711182e-01
6.284214258193969727e-01
3.038527667522430420e-01
-1.366101503372192383e-01
6.424307823181152344e-01
-6.026513874530792236e-02
-8.176857829093933105e-01
7.956612110137939453e-01
-3.151056170463562012e-02
-2.626236379146575928e-01
-5.382852554321289062e-01
3.349167108535766602e-01
-6.792910695075988770e-01
-2.639909982681274414e-01
9.119563736021518707e-03
5.387963652610778809e-01
-4.177619218826293945e-01
-5.733906030654907227e-01
1.306262373924255371e+00
-1.218442320823669434e+00
nan
nan
