nan
nan
7.122493982315063477e-01
-4.747848510742187500e-01
-5.403904914855957031e-01
-7.973193526268005371e-01
2.244442850351333618e-01
3.540261983871459961e-01
1.827484071254730225e-01
-4.231670498847961426e-01
-1.939518153667449951e-01
-1.423029452562332153e-01
9.509428143501281738e-01
7.335555553436279297e-01
-4.024224355816841125e-02
3.323976695537567139e-01
-2.768782079219818115e-01
1.201516315340995789e-01
-6.112001538276672363e-01
4.652087092399597168e-01
1.054101511836051941e-01
2.030670642852783203e-01
6.977209448814392090e-01
-3.266115486621856689e-01
3.326646238565444946e-02
1.613128334283828735e-01
1.082993030548095703e+00
-7.694410681724548340e-01
2.116587013006210327e-01
-1.929183304309844971e-01
nan
nan
nan
nan
-6.478179097175598145e-01
3.295933306217193604e-01
3.715384006500244141e-01
7.915930151939392090e-01
-9.619158506393432617e-01
-3.150084912776947021e-01
-1.479901522397994995e-01
1.276078939437866211e+00
9.005097746849060059e-01
4.682575166225433350e-01
-5.096783041954040527e-01
-5.830320715904235840e-02
-7.113151252269744873e-02
-8.816125392913818359e-01
3.066422231495380402e-02
-1.737981140613555908e-01
-1.250538229942321777e-01
5.350409746170043945e-01
-3.010166585445404053e-01
7.767199277877807617e-01
4.377261996269226074e-01
1.467242538928985596e-01
-1.044175148010253906e+00
5.256127715110778809e-01
2.482646554708480835e-01
6.077054738998413086e-01
-1.401571482419967651e-01
-4.534854888916015625e-01
nan
nan
nan
nan
4.072502255439758301e-01
-5.205864310264587402e-01
4.244669973850250244e-01
1.098649621009826660e+00
-1.314976904541254044e-02
-3.382502794265747070e-01
2.599826157093048096e-01
8.550210595130920410e-01
8.602680563926696777e-01
-1.776665635406970978e-02
1.467913627624511719e+00
-9.027349352836608887e-01
7.660765647888183594e-01
3.015450760722160339e-02
7.218371611088514328e-03
-1.138012260198593140e-01
3.957664072513580322e-01
-4.389664903283119202e-02
-4.072257280349731445e-01
1.106586694717407227e+00
-3.142965734004974365e-01
5.279147028923034668e-01
2.445055097341537476e-01
-4.195451736450195312e-01
2.252607196569442749e-01
3.763659596443176270e-01
-1.683518439531326294e-01
1.405669897794723511e-01
nan
nan
nan
nan
4.204245507717132568e-01
-5.673765540122985840e-01
1.972839049994945526e-02
-7.895325310528278351e-03
2.155327349901199341e-01
2.044261693954467773e-01
5.296126604080200195e-01
-2.926445305347442627e-01
-2.634593248367309570e-01
-2.721675634384155273e-01
-3.459881618618965149e-02
1.519259363412857056e-01
9.069486856460571289e-01
-1.622281521558761597e-01
7.426585555076599121e-01
4.775072038173675537e-01
1.193079471588134766e+00
-9.319719672203063965e-02
1.930090337991714478e-01
8.045533895492553711e-01
1.070014595985412598e+00
6.072177290916442871e-01
-1.324270069599151611e-01
7.119061946868896484e-01
-7.279588282108306885e-02
-3.952243328094482422e-01
7.799381613731384277e-01
6.587181985378265381e-02
nan
nan
nan
nan
1.311798542737960815e-01
-2.539737522602081299e-01
1.445696949958801270e+00
-2.633823752403259277e-01
2.304369062185287476e-01
-5.009583234786987305e-01
-3.441535234451293945e-01
8.721188902854919434e-01
-1.153864264488220215e+00
-9.036814421415328979e-02
-3.430472612380981445e-01
4.276335835456848145e-01
-1.386946201324462891e+00
-2.678978145122528076e-01
4.086234793066978455e-02
-1.604700982570648193e-01
-4.191600084304809570e-01
-5.240251123905181885e-02
-9.603704214096069336e-01
9.083018451929092407e-02
-4.199302196502685547e-01
4.283189773559570312e-01
-4.172112047672271729e-01
1.769587993621826172e-01
-7.996262907981872559e-01
6.232590675354003906e-01
5.278310775756835938e-01
-7.782162725925445557e-02
nan
nan
nan
nan
-1.963602602481842041e-01
3.679472804069519043e-01
9.663089364767074585e-02
-3.438209295272827148e-01
2.984867691993713379e-01
-2.147854864597320557e-01
1.010034441947937012e+00
6.345417499542236328e-01
-6.993943452835083008e-01
-4.933436512947082520e-01
-5.511891245841979980e-01
7.096300125122070312e-01
-2.684633135795593262e-01
3.508142530918121338e-01
-3.418338894844055176e-01
3.234531581401824951e-01
2.279802411794662476e-01
4.151234626770019531e-01
1.314525753259658813e-01
-1.252254992723464966e-01
7.591345310211181641e-01
6.361770033836364746e-01
6.898341178894042969e-01
5.905280113220214844e-01
-1.115430612117052078e-02
-8.462225198745727539e-01
-8.791623115539550781e-01
2.397759556770324707e-01
nan
nan
nan
nan
-1.309039592742919922e+00
-4.494069516658782959e-01
-2.054101526737213135e-01
-2.698898017406463623e-01
6.712802052497863770e-01
1.752935647964477539e-01
-3.334056138992309570e-01
5.549407005310058594e-01
4.545746743679046631e-01
6.176887452602386475e-02
1.944670230150222778e-01
6.760171055793762207e-01
-8.778457045555114746e-01
-2.824244797229766846e-01
-3.258490264415740967e-01
-7.813409566879272461e-01
4.987629055976867676e-01
-6.870886087417602539e-01
3.183093965053558350e-01
-1.456108987331390381e-01
1.884389221668243408e-01
3.353646993637084961e-01
-7.814065814018249512e-01
1.099138021469116211e+00
-9.182066321372985840e-01
-1.086949706077575684e+00
6.878886222839355469e-01
4.171594232320785522e-02
nan
nan
nan
nan
2.441782504320144653e-01
-1.061312332749366760e-01
6.239169239997863770e-01
-2.648436725139617920e-01
-1.545701175928115845e-02
7.318162918090820312e-01
4.754299819469451904e-01
4.527274072170257568e-01
-9.191865473985671997e-02
1.753072254359722137e-03
-1.317817270755767822e-01
-4.455013275146484375e-01
2.787349224090576172e-01
2.286850959062576294e-01
-1.410039812326431274e-01
1.907536685466766357e-01
-2.495881617069244385e-01
1.345316022634506226e-01
-3.993085920810699463e-01
8.185932785272598267e-02
-6.814431548118591309e-01
-5.733198523521423340e-01
-1.282660961151123047e-01
-4.759173393249511719e-01
-1.894644200801849365e-01
-3.770546317100524902e-01
7.788095474243164062e-01
-2.829146981239318848e-01
nan
nan
nan
nan
-1.279334902763366699e+00
-8.188191056251525879e-02
7.405260205268859863e-02
1.663782000541687012e-01
-3.436683416366577148e-01
-1.045989897102117538e-02
2.128150165081024170e-01
5.010283589363098145e-01
2.962709367275238037e-01
1.323442757129669189e-01
7.330803871154785156e-01
6.749972105026245117e-01
-3.392752707004547119e-01
1.892852485179901123e-01
4.420829117298126221e-01
1.883982121944427490e-01
-7.078983783721923828e-01
4.705105423927307129e-01
4.639631807804107666e-01
4.607112407684326172e-01
8.370580077171325684e-01
8.228829503059387207e-01
-7.726722955703735352e-02
5.268760323524475098e-01
4.020869135856628418e-01
-1.729815155267715454e-01
-8.114033192396163940e-02
-6.448509097099304199e-01
nan
nan
nan
nan
3.340160250663757324e-01
-4.312997758388519287e-01
9.290183186531066895e-01
-4.327949583530426025e-01
1.101941168308258057e-01
5.249428749084472656e-01
1.397258788347244263e-01
-1.251784443855285645e+00
2.903191745281219482e-01
4.702223092317581177e-02
-4.040401801466941833e-02
1.143548607826232910e+00
3.272029757499694824e-01
-5.306172966957092285e-01
2.882220149040222168e-01
-1.767369955778121948e-01
6.244181394577026367e-01
-5.292663574218750000e-01
3.677536845207214355e-01
-8.093824386596679688e-01
6.696055531501770020e-01
-4.977976381778717041e-01
4.713284075260162354e-01
1.158387511968612671e-01
3.663873672485351562e-01
-2.622367143630981445e-01
6.606243848800659180e-01
-5.976793169975280762e-01
nan
nan
nan
nan
1.231416240334510803e-01
-2.251526806503534317e-03
9.064848721027374268e-02
1.945088990032672882e-02
-5.562120079994201660e-01
-4.173944517970085144e-02
1.459793150424957275e-01
-6.620260477066040039e-01
1.291086971759796143e-01
-5.275051593780517578e-01
9.545488357543945312e-01
1.216346383094787598e+00
7.807294726371765137e-01
-5.667942762374877930e-01
7.133802175521850586e-01
3.089544177055358887e-01
8.416421413421630859e-01
-2.413482069969177246e-01
2.670052945613861084e-01
-1.571921706199645996e-01
-3.481437563896179199e-01
-2.525269091129302979e-01
2.612158358097076416e-01
3.926822245121002197e-01
-1.172771215438842773e+00
-6.113721728324890137e-01
2.831381559371948242e-01
-3.942620158195495605e-01
nan
nan
nan
nan
-7.681642770767211914e-01
-3.176889121532440186e-01
-9.518078714609146118e-02
7.064630389213562012e-01
4.541873037815093994e-01
5.531699061393737793e-01
2.738186120986938477e-01
-5.903860926628112793e-01
9.108023345470428467e-02
-4.319844543933868408e-01
8.919854760169982910e-01
-5.817880034446716309e-01
-5.612562298774719238e-01
6.342072039842605591e-02
-5.834424123167991638e-02
1.461132168769836426e-01
-1.328519284725189209e-01
-4.331692308187484741e-02
-1.575573980808258057e-01
5.724653601646423340e-01
-4.378315508365631104e-01
3.385770320892333984e-01
3.286333382129669189e-01
1.232977658510208130e-01
-3.711203336715698242e-01
-6.288583278656005859e-01
-8.143780827522277832e-01
3.674242794513702393e-01
nan
nan
nan
nan
2.188263386487960815e-01
-5.680528283119201660e-01
-7.298256754875183105e-01
8.446307778358459473e-01
-2.718100249767303467e-01
-1.517352163791656494e-01
2.964920103549957275e-01
1.049349904060363770e-01
1.414940476417541504e+00
6.801725029945373535e-01
-8.529426157474517822e-02
1.435895562171936035e-01
9.285007715225219727e-01
6.098965927958488464e-02
7.275473475456237793e-01
2.608817815780639648e-01
-2.209400981664657593e-01
6.105438470840454102e-01
9.973140954971313477e-01
7.171622663736343384e-02
-1.951746344566345215e-01
9.648551791906356812e-02
-1.269815862178802490e-01
-8.685196191072463989e-02
-1.619258522987365723e-01
-3.413574397563934326e-02
8.889602124691009521e-02
1.089775487780570984e-01
nan
nan
nan
nan
1.503478437662124634e-01
4.718942344188690186e-01
9.500834941864013672e-01
6.287713050842285156e-01
-9.383941888809204102e-01
-8.688216805458068848e-01
5.760077834129333496e-01
9.953619837760925293e-01
1.831735223531723022e-01
-3.235374018549919128e-02
-6.468570977449417114e-02
4.805275499820709229e-01
2.893814742565155029e-01
-5.636200904846191406e-01
-4.740671217441558838e-01
3.899100422859191895e-01
1.448757648468017578e-01
8.149759471416473389e-02
-5.289077758789062500e-01
6.713526248931884766e-01
-3.028231561183929443e-01
-3.783389553427696228e-02
-5.995726957917213440e-02
-5.186189413070678711e-01
9.968400597572326660e-01
3.435021266341209412e-02
4.581570327281951904e-01
1.213665246963500977e+00
nan
nan
nan
nan
-6.095013022422790527e-01
8.215138316154479980e-02
7.121688127517700195e-02
1.125434041023254395e-01
1.170003563165664673e-01
1.906269341707229614e-01
3.342011570930480957e-01
4.454600065946578979e-02
-4.459549486637115479e-01
2.000899016857147217e-01
-2.248601019382476807e-01
3.492470383644104004e-01
3.940050899982452393e-01
-8.508449196815490723e-01
-7.473769187927246094e-01
-1.495285239070653915e-02
-8.565621972084045410e-01
5.079107880592346191e-01
3.812215477228164673e-02
1.081688255071640015e-01
2.741935849189758301e-01
-4.665282741189002991e-02
-3.185278475284576416e-01
3.366131782531738281e-01
2.659440934658050537e-01
6.046055555343627930e-01
6.271825432777404785e-01
-1.672750264406204224e-01
nan
nan
nan
nan
-3.184874951839447021e-01
-1.439070701599121094e-01
1.607641875743865967e-01
2.950941920280456543e-01
6.030918359756469727e-01
-9.587981551885604858e-02
2.983869612216949463e-02
7.261857986450195312e-01
-5.508099198341369629e-01
6.683053970336914062e-01
-5.052567720413208008e-01
-2.361913770437240601e-01
-5.129875540733337402e-01
-1.021924734115600586e+00
3.818981349468231201e-02
-9.984076768159866333e-02
-6.028688549995422363e-01
9.419016838073730469e-01
-1.213765218853950500e-01
-3.471230342984199524e-02
-2.979806624352931976e-02
-2.836159765720367432e-01
8.772198557853698730e-01
-6.317445635795593262e-02
3.281413912773132324e-01
-4.261038899421691895e-01
-1.364121735095977783e-01
7.445564866065979004e-01
nan
nan
nan
nan
1.123145818710327148e+00
1.175863891839981079e-01
4.484427869319915771e-01
-6.815707683563232422e-01
1.392991840839385986e-01
-2.984606027603149414e-01
5.810115486383438110e-02
-5.249353125691413879e-02
7.068472504615783691e-01
6.450531482696533203e-01
-2.094956785440444946e-01
5.669485330581665039e-01
1.052942633628845215e+00
-7.260622382164001465e-01
8.038368821144104004e-02
1.421863734722137451e-01
-4.778757691383361816e-02
5.939208865165710449e-01
4.238024055957794189e-01
5.477419495582580566e-01
-1.080989614129066467e-01
-8.812242001295089722e-02
7.702033519744873047e-01
2.242882996797561646e-01
-5.944841355085372925e-02
-8.045320510864257812e-01
-1.794523149728775024e-01
1.716265678405761719e-01
nan
nan
nan
nan
2.430024147033691406e-01
7.612017393112182617e-01
-1.032073749229311943e-03
-7.063370943069458008e-01
-1.871518343687057495e-01
-6.438267827033996582e-01
3.328609168529510498e-01
-8.545877337455749512e-01
-3.653289005160331726e-02
-1.613864749670028687e-01
1.203891783952713013e-01
3.115654885768890381e-01
1.335984319448471069e-01
8.170282095670700073e-02
-5.730495452880859375e-01
-8.460436463356018066e-01
-3.329910337924957275e-02
-4.171442091464996338e-01
1.661002784967422485e-01
6.967077851295471191e-01
-5.551925301551818848e-01
-5.159339308738708496e-02
6.580137610435485840e-01
1.324057221412658691e+00
8.542422056198120117e-01
-6.680485010147094727e-01
2.335348725318908691e-01
-5.569501519203186035e-01
nan
nan
nan
nan
1.090649485588073730e+00
-5.976142287254333496e-01
4.856121838092803955e-01
-9.946417212486267090e-01
1.134268403053283691e+00
3.932841718196868896e-01
-4.793030619621276855e-01
-1.637691259384155273e+00
-5.875173583626747131e-02
-2.557052671909332275e-02
-5.733435153961181641e-01
2.504624724388122559e-01
1.061615228652954102e+00
-4.847435057163238525e-01
3.334877192974090576e-01
-3.313876688480377197e-01
-7.111158967018127441e-02
-4.910846054553985596e-01
1.542013585567474365e-01
2.214813046157360077e-02
-3.699585795402526855e-02
1.185997486114501953e+00
-7.105494141578674316e-01
2.844853699207305908e-01
-5.987412333488464355e-01
-4.199841916561126709e-01
nan
nan
nan
nan
nan
nan
-4.537494480609893799e-01
-8.027057051658630371e-01
5.893290974199771881e-03
-6.184546947479248047e-01
3.169236183166503906e-01
-2.919175624847412109e-01
4.157620668411254883e-02
-2.649225294589996338e-01
-2.847615182399749756e-01
1.798433810472488403e-01
-3.155203163623809814e-01
5.711963772773742676e-01
7.295499444007873535e-01
-2.411350011825561523e-01
2.352161109447479248e-01
-2.635166943073272705e-01
2.418388128280639648e-01
2.724008560180664062e-01
2.844288051128387451e-01
-3.775354623794555664e-01
2.930471301078796387e-01
7.298131585121154785e-01
-1.075778678059577942e-01
7.127031087875366211e-01
-3.101067990064620972e-02
2.881456017494201660e-01
2.344682216644287109e-01
5.648620128631591797e-01
nan
nan
nan
nan
-2.486024200916290283e-01
6.111519336700439453e-01
2.869990468025207520e-02
3.411164879798889160e-02
6.790348291397094727e-01
9.571734070777893066e-02
3.378210663795471191e-01
3.490179181098937988e-01
-4.049670398235321045e-01
-1.026108339428901672e-01
4.020873904228210449e-01
2.498447895050048828e-01
-6.772938370704650879e-01
-3.772705793380737305e-01
9.297816753387451172e-01
1.010457754135131836e+00
-1.070739105343818665e-01
7.255468368530273438e-01
-3.064660429954528809e-01
9.799832701683044434e-01
9.517510533332824707e-01
-7.187855243682861328e-01
nan
-3.521111607551574707e-01
2.006791979074478149e-01
5.691248178482055664e-01
7.061992287635803223e-01
9.825158864259719849e-02
nan
nan
nan
nan
1.231833457946777344e+00
7.958821654319763184e-01
5.021312832832336426e-01
1.345151662826538086e+00
-7.343725860118865967e-02
7.831636816263198853e-02
5.208392143249511719e-01
2.364245057106018066e-01
-1.282040625810623169e-01
-6.165661811828613281e-01
8.899745345115661621e-02
-5.634335279464721680e-01
9.378428459167480469e-01
-2.261206358671188354e-01
-8.746805191040039062e-01
-2.002302408218383789e-01
-1.066149920225143433e-01
2.363442927598953247e-01
-7.537947297096252441e-01
-3.110432326793670654e-01
-1.219736114144325256e-01
2.991205453872680664e-01
7.090093493461608887e-01
1.242368742823600769e-01
-1.138334721326828003e-01
-4.872234463691711426e-01
2.562744617462158203e-01
2.740083932876586914e-01
nan
nan
nan
nan
-1.124545708298683167e-01
4.892803728580474854e-01
8.088049888610839844e-01
8.400520086288452148e-01
7.348341941833496094e-01
-1.045790091156959534e-01
-1.608527749776840210e-01
6.558852195739746094e-01
-1.114300414919853210e-01
-7.478614449501037598e-01
9.263890981674194336e-01
-2.153410203754901886e-02
-3.162581101059913635e-02
4.791413247585296631e-01
-4.725916385650634766e-01
1.065943166613578796e-01
-9.812731295824050903e-02
-6.058213710784912109e-01
nan
9.663832783699035645e-01
-2.486605793237686157e-01
-1.111635416746139526e-01
1.853186935186386108e-01
5.152229666709899902e-01
-1.202781349420547485e-01
2.727403938770294189e-01
4.018249362707138062e-02
-6.832438707351684570e-01
nan
nan
nan
nan
-2.714574635028839111e-01
3.853530287742614746e-01
3.345185816287994385e-01
-7.458418011665344238e-01
3.030144572257995605e-01
-2.983539104461669922e-01
2.398349642753601074e-01
3.317050337791442871e-01
8.023976683616638184e-01
1.098141431808471680e+00
-6.469798088073730469e-01
5.668919086456298828e-01
9.239565134048461914e-01
7.568211555480957031e-01
-1.326529979705810547e-01
-1.034822687506675720e-01
-5.973966717720031738e-01
-3.581107556819915771e-01
-1.264721006155014038e-01
-2.217307500541210175e-02
-4.129302501678466797e-01
3.287665545940399170e-01
1.660041064023971558e-01
3.561886250972747803e-01
-4.679103493690490723e-01
3.131706118583679199e-01
-5.555723309516906738e-01
-4.932400882244110107e-01
nan
nan
