nan
nan
1.901972889900207520e-01
-9.135138988494873047e-02
2.233340591192245483e-02
-1.449848264455795288e-01
-3.975988328456878662e-01
-2.287590205669403076e-01
3.918874263763427734e-01
-2.591306269168853760e-01
1.842692345380783081e-01
-4.855447262525558472e-02
-3.611216843128204346e-01
-5.046699941158294678e-02
3.919321298599243164e-01
-2.815890610218048096e-01
nan
-1.175832524895668030e-01
-2.672729492187500000e-01
1.966394633054733276e-01
7.973682284355163574e-01
-6.258815526962280273e-02
4.504806399345397949e-01
2.748191952705383301e-01
-9.055126309394836426e-01
-1.249065876007080078e+00
6.567798852920532227e-01
-4.149989783763885498e-01
-4.141144454479217529e-01
5.180677771568298340e-01
nan
nan
nan
nan
6.336698532104492188e-01
-2.822403423488140106e-02
5.696838349103927612e-02
7.021275758743286133e-01
2.916137576103210449e-01
6.995235383510589600e-02
2.333045750856399536e-01
2.694022357463836670e-01
-7.678253054618835449e-01
3.394400179386138916e-01
-4.488070011138916016e-01
3.832942247390747070e-02
3.217999264597892761e-02
2.388368397951126099e-01
nan
-5.235695466399192810e-02
-2.073845267295837402e-01
-5.235673859715461731e-02
1.987626701593399048e-01
-3.526000678539276123e-01
9.112264513969421387e-01
4.807736873626708984e-01
-7.246502041816711426e-01
-9.095709025859832764e-02
-8.376129865646362305e-01
-1.389789104461669922e+00
2.906396090984344482e-01
-7.052750587463378906e-01
nan
nan
nan
nan
2.001430839300155640e-01
7.383542060852050781e-01
-6.056245565414428711e-01
4.935046732425689697e-01
3.996671736240386963e-01
9.930073022842407227e-01
1.530274655669927597e-02
4.886637926101684570e-01
1.986804157495498657e-01
-8.687188625335693359e-01
-1.650304496288299561e-01
-4.842233359813690186e-01
2.872451543807983398e-01
-6.310276985168457031e-01
nan
-2.893311679363250732e-01
-1.583508402109146118e-01
-3.194680809974670410e-01
-2.601352035999298096e-01
2.986734509468078613e-01
1.912704855203628540e-02
-7.746325135231018066e-01
2.517338395118713379e-01
2.161541879177093506e-01
6.355962902307510376e-02
-3.700771927833557129e-01
5.002378821372985840e-01
2.992034554481506348e-01
nan
nan
nan
nan
1.497915685176849365e-01
-4.500938057899475098e-01
5.929753780364990234e-01
-3.258647024631500244e-02
9.868056327104568481e-02
-1.061088442802429199e+00
1.643372885882854462e-02
-6.439302563667297363e-01
-3.907383382320404053e-01
1.162029877305030823e-01
3.268335163593292236e-01
-2.311009019613265991e-01
-3.621796667575836182e-01
-1.430916190147399902e-01
nan
-4.101848006248474121e-01
-1.412880867719650269e-01
-3.756457865238189697e-01
4.470859095454216003e-02
4.480195045471191406e-01
3.862366676330566406e-01
-6.994223594665527344e-01
-1.401916029863059521e-03
9.400791525840759277e-01
1.854162663221359253e-01
3.065868914127349854e-01
6.598808765411376953e-01
-4.290984012186527252e-03
nan
nan
nan
nan
-5.410536527633666992e-01
-4.481426626443862915e-02
1.583223603665828705e-02
3.212105333805084229e-01
-3.062821030616760254e-01
-3.191908448934555054e-02
1.469398289918899536e-02
-8.391736149787902832e-01
3.202247619628906250e-01
-4.268596172332763672e-01
-1.702188601484522223e-04
1.274753957986831665e-01
3.208115994930267334e-01
2.253081090748310089e-02
nan
7.435930371284484863e-01
-3.536047935485839844e-01
1.932168565690517426e-02
-2.755137979984283447e-01
1.802176982164382935e-01
9.366676807403564453e-01
-1.293779313564300537e-01
-6.065605282783508301e-01
1.040288209915161133e+00
-1.771553754806518555e-01
-1.366559267044067383e-01
-1.040802523493766785e-02
-2.570883035659790039e-01
nan
nan
nan
nan
-5.333943367004394531e-01
1.286114454269409180e+00
1.116196274757385254e+00
-3.479306995868682861e-01
-9.922014921903610229e-02
-1.191768407821655273e+00
-1.645261496305465698e-01
-2.345316857099533081e-01
3.428354263305664062e-01
-4.921855032444000244e-01
3.336017578840255737e-02
-5.450513362884521484e-01
7.130933552980422974e-02
6.410874724388122559e-01
nan
3.461560234427452087e-02
-4.186604321002960205e-01
4.218471348285675049e-01
8.421781063079833984e-01
-6.779807806015014648e-02
3.203635513782501221e-01
3.009437322616577148e-01
-3.034408092498779297e-01
1.847925186157226562e-01
7.423406839370727539e-01
2.696049772202968597e-02
2.977853119373321533e-01
-2.331053316593170166e-01
nan
nan
nan
nan
3.331589996814727783e-01
3.954430818557739258e-01
-5.775632262229919434e-01
-1.271508693695068359e+00
3.799877166748046875e-01
3.302278220653533936e-01
-2.411258220672607422e-01
5.395273566246032715e-01
-2.231463491916656494e-01
-3.135447204113006592e-01
6.514889597892761230e-01
7.927782535552978516e-01
4.093045592308044434e-01
4.569467306137084961e-01
nan
-4.668306410312652588e-01
-1.249660179018974304e-01
-1.269101351499557495e-01
4.475906491279602051e-02
1.169233173131942749e-01
-5.940715670585632324e-01
-8.715469837188720703e-01
-7.036147266626358032e-02
4.364230111241340637e-02
-2.327372580766677856e-01
1.095404922962188721e-01
-3.001665174961090088e-01
-1.617695838212966919e-01
nan
nan
nan
nan
2.530010640621185303e-01
4.050363898277282715e-01
4.903904199600219727e-01
3.058994114398956299e-01
-7.679992169141769409e-02
8.711668252944946289e-01
-7.163497209548950195e-01
6.543896198272705078e-01
1.400356143712997437e-01
-2.195615321397781372e-01
5.722993612289428711e-01
9.721404910087585449e-01
-3.107238113880157471e-01
6.428052783012390137e-01
nan
-2.121842950582504272e-01
1.278708875179290771e-01
-7.159493565559387207e-01
1.105964779853820801e+00
2.641668319702148438e-01
-5.073735117912292480e-01
1.589969694614410400e-01
1.693763881921768188e-01
-5.483304262161254883e-01
1.031073689460754395e+00
7.985709309577941895e-01
4.487887322902679443e-01
-4.206618368625640869e-01
nan
nan
nan
nan
-1.644918322563171387e-01
5.788371711969375610e-02
1.964065432548522949e-01
6.724352836608886719e-01
-7.792829722166061401e-02
4.328629076480865479e-01
7.680063843727111816e-01
1.666986048221588135e-01
6.269151344895362854e-03
7.918932288885116577e-02
-3.563867807388305664e-01
-3.306071460247039795e-02
-1.256933063268661499e-01
-1.520079821348190308e-01
nan
-6.694043874740600586e-01
6.751317977905273438e-01
3.729690909385681152e-01
-1.369273066520690918e-01
-3.808734714984893799e-01
1.158344224095344543e-01
4.007785320281982422e-01
-2.754306793212890625e-01
3.354240953922271729e-02
-2.116474509239196777e-01
-7.154936790466308594e-01
3.431043922901153564e-01
7.285062670707702637e-01
nan
nan
nan
nan
-2.193412184715270996e-01
4.331707954406738281e-01
2.455981016159057617e+00
-1.312279999256134033e-01
1.388369500637054443e-01
-2.937546372413635254e-01
-1.225791096687316895e+00
-1.308858543634414673e-01
-2.730185687541961670e-01
1.373913884162902832e-01
-6.251478791236877441e-01
-2.661303281784057617e-01
3.508567810058593750e-02
5.002226233482360840e-01
nan
2.092105746269226074e-01
-9.480868577957153320e-01
4.377997815608978271e-01
-2.277289927005767822e-01
3.903653323650360107e-01
-7.129279971122741699e-01
-3.898257315158843994e-01
4.472953826189041138e-02
6.680429726839065552e-02
6.752918958663940430e-01
-1.016414538025856018e-01
4.614592529833316803e-03
-2.610215172171592712e-02
nan
nan
nan
nan
4.435414671897888184e-01
-4.625281095504760742e-01
2.098124325275421143e-01
-1.481873244047164917e-01
2.953960597515106201e-01
-9.250483512878417969e-01
2.859251797199249268e-01
-7.795876264572143555e-02
6.983299553394317627e-02
4.659183621406555176e-01
5.706645548343658447e-03
8.647221326828002930e-01
7.255378961563110352e-01
-5.189352482557296753e-02
nan
-3.365322351455688477e-01
2.028820337727665901e-03
3.571105599403381348e-01
-7.140381634235382080e-02
-5.416068434715270996e-01
1.771336048841476440e-01
2.765512764453887939e-01
4.769938066601753235e-02
5.668679475784301758e-01
-1.906245350837707520e-01
7.147176861763000488e-01
-3.242290318012237549e-01
-9.028340578079223633e-01
nan
nan
nan
nan
-4.256005883216857910e-01
-4.017438590526580811e-01
3.808302879333496094e-01
1.210655942559242249e-01
1.865890473127365112e-01
1.672144532203674316e-01
-7.676830887794494629e-01
-6.613609790802001953e-01
5.637414455413818359e-01
-7.025313377380371094e-01
-3.022090196609497070e-01
-3.656249046325683594e-01
-1.491607539355754852e-02
8.141479492187500000e-01
nan
1.344232708215713501e-01
-3.575145602226257324e-01
8.552961796522140503e-02
9.040251970291137695e-01
8.698763698339462280e-02
-7.752740383148193359e-01
8.807168602943420410e-01
6.822573542594909668e-01
3.986023664474487305e-01
-3.635674342513084412e-02
5.113574266433715820e-01
6.338999271392822266e-01
1.464031100273132324e+00
nan
nan
nan
nan
-3.791672289371490479e-01
-1.347151100635528564e-01
4.310234487056732178e-01
1.027346968650817871e+00
2.566295266151428223e-01
8.321033716201782227e-01
-2.036595940589904785e-01
4.801961183547973633e-01
7.086744308471679688e-01
6.920996308326721191e-01
8.558471798896789551e-01
7.952904105186462402e-01
2.049403935670852661e-01
1.032030358910560608e-01
nan
5.527030229568481445e-01
3.917567729949951172e-01
1.029449224472045898e+00
1.855523467063903809e+00
1.896894164383411407e-02
3.821308016777038574e-01
6.016302108764648438e-01
-6.989257037639617920e-02
6.200675368309020996e-01
3.985168933868408203e-01
3.235350847244262695e-01
7.119128704071044922e-01
-1.202661693096160889e-01
nan
nan
nan
nan
1.376610398292541504e+00
2.997272312641143799e-01
3.088397979736328125e-01
3.711888566613197327e-02
4.063296914100646973e-01
4.443727731704711914e-01
8.503962159156799316e-01
1.201194643974304199e+00
5.809304714202880859e-01
7.241109013557434082e-01
2.934180021286010742e+00
6.126274108886718750e+00
4.400256633758544922e+00
1.024137496948242188e+00
nan
6.412429213523864746e-01
3.734552860260009766e-01
1.599404096603393555e+00
1.168624043464660645e+00
2.172523736953735352e+00
3.026356101036071777e-01
1.342526674270629883e+00
-5.365514159202575684e-01
1.339091956615447998e-01
-2.619521319866180420e-01
-2.271689772605895996e-01
2.851331830024719238e-01
6.705132871866226196e-02
nan
nan
nan
nan
1.538091063499450684e+00
9.629858136177062988e-01
-2.280189543962478638e-01
1.685166731476783752e-02
9.595866203308105469e-01
-4.113491475582122803e-01
-9.453153610229492188e-01
-1.889608502388000488e-01
-3.604584038257598877e-01
2.123371362686157227e+00
-1.054129153490066528e-01
3.408724963665008545e-01
2.068438768386840820e+00
1.959054589271545410e+00
nan
8.343904018402099609e-01
-4.457171559333801270e-01
1.384441494941711426e+00
2.261408090591430664e+00
1.733688235282897949e+00
1.782817840576171875e+00
1.514133334159851074e+00
2.709039747714996338e-01
5.161017179489135742e-01
9.144669771194458008e-01
9.912723898887634277e-01
3.746849000453948975e-01
1.122357606887817383e+00
nan
nan
nan
nan
1.834612011909484863e+00
-8.789092898368835449e-01
-1.716370731592178345e-01
8.157681226730346680e-01
6.504704356193542480e-01
4.145661592483520508e-01
1.324825882911682129e+00
4.524862289428710938e+00
2.239778757095336914e+00
-2.505449354648590088e-01
8.761889934539794922e-01
1.250749588012695312e+00
3.413012742996215820e+00
6.471926569938659668e-01
nan
3.085757195949554443e-01
2.848963141441345215e-01
3.874323964118957520e-01
-1.005097985267639160e+00
9.487831033766269684e-03
-9.054835885763168335e-03
-2.832656204700469971e-01
-4.710547253489494324e-02
-4.872287809848785400e-01
8.192852735519409180e-01
2.236815214157104492e+00
3.947277367115020752e-01
1.278876423835754395e+00
nan
nan
nan
nan
8.154402732849121094e+00
4.569900512695312500e+00
4.923960566520690918e-01
1.296445131301879883e+00
1.083528399467468262e+00
3.622995018959045410e-01
-1.482033263891935349e-02
-1.523512750864028931e-01
7.128353714942932129e-01
-2.615355551242828369e-01
2.789455652236938477e+00
1.474306821823120117e+00
7.559326291084289551e-01
-5.031353831291198730e-01
nan
1.086559891700744629e+00
3.469576537609100342e-01
6.790899038314819336e-01
9.045013189315795898e-01
2.927779436111450195e+00
7.472823143005371094e+00
3.498328447341918945e+00
-4.876576364040374756e-02
-1.279845476150512695e+00
4.989614486694335938e-01
1.573281526565551758e+00
4.887863099575042725e-01
2.690497552976012230e-03
nan
nan
nan
nan
-4.714505374431610107e-01
-5.411766171455383301e-01
-3.498650789260864258e-01
8.958374261856079102e-01
7.197309136390686035e-01
-6.542233377695083618e-02
8.424194455146789551e-01
1.606690764427185059e+00
7.854394912719726562e+00
3.550942897796630859e+00
2.230354994535446167e-01
6.728986501693725586e-01
9.537299275398254395e-01
-5.884942784905433655e-02
nan
3.798832893371582031e-01
9.252451062202453613e-01
8.227341771125793457e-01
2.297493696212768555e+00
7.082166075706481934e-01
8.622082471847534180e-01
4.039721190929412842e-02
8.465366363525390625e-01
5.807656049728393555e-01
-1.915748119354248047e-01
4.019924402236938477e-01
-8.110239505767822266e-01
7.285999655723571777e-01
nan
nan
nan
nan
-3.226413130760192871e-01
1.319926023483276367e+00
4.519314039498567581e-03
1.069013595581054688e+00
1.830210685729980469e+00
-3.116593360900878906e-01
7.142238616943359375e-01
1.262488245964050293e+00
9.741814136505126953e-01
-2.817716300487518311e-01
5.618755817413330078e-01
-4.586920440196990967e-01
-3.528530895709991455e-01
8.017999529838562012e-01
nan
6.240382790565490723e-01
7.230642318725585938e+00
3.333166122436523438e+00
1.755006551742553711e+00
2.265980482101440430e+00
1.831499636173248291e-01
5.006669163703918457e-01
-1.048414707183837891e+00
7.020746469497680664e-01
1.192790985107421875e+00
4.488871574401855469e+00
3.543636083602905273e+00
5.787641525268554688e+00
nan
nan
nan
nan
3.499798476696014404e-01
7.480823993682861328e-01
-4.221916496753692627e-01
1.019935607910156250e+00
7.889216423034667969e+00
1.831452250480651855e+00
8.954561948776245117e-01
-1.069355607032775879e-01
4.007947444915771484e-01
2.129463851451873779e-01
-2.636708915233612061e-01
2.336534500122070312e+00
5.508921623229980469e+00
6.807761788368225098e-01
nan
1.098839282989501953e+00
4.636896252632141113e-01
-5.171772241592407227e-01
2.487330734729766846e-01
4.704438149929046631e-01
-4.504420757293701172e-01
1.050149917602539062e+00
-2.918711304664611816e-01
8.646407723426818848e-01
5.947816371917724609e+00
1.865080475807189941e+00
1.069176912307739258e+00
-3.835424184799194336e-01
nan
nan
nan
nan
-1.866300553083419800e-01
2.341574668884277344e+00
2.145101785659790039e+00
2.933468341827392578e+00
9.591500759124755859e-01
6.826058626174926758e-01
4.855275452136993408e-01
-9.023796021938323975e-02
4.318875372409820557e-01
-1.004146933555603027e-01
-2.022411078214645386e-01
4.660439193248748779e-01
2.530024528503417969e+00
1.716385036706924438e-01
nan
4.041088819503784180e-01
1.700219698250293732e-02
3.930488526821136475e-01
5.489437580108642578e-01
1.591695696115493774e-01
-4.887661337852478027e-01
1.571439355611801147e-01
-8.118401169776916504e-01
3.239527940750122070e+00
6.346116662025451660e-01
5.231696963310241699e-01
1.768628358840942383e-01
-6.233219504356384277e-01
nan
nan
nan
nan
1.794958949089050293e+00
1.172092676162719727e+00
-4.144869446754455566e-01
-2.735676169395446777e-01
2.083760499954223633e-01
-4.911456108093261719e-01
5.287865996360778809e-01
6.470249891281127930e-01
4.600947350263595581e-02
7.325211167335510254e-02
7.723456382751464844e+00
5.215606093406677246e-01
2.459234297275543213e-01
-1.554906517267227173e-01
nan
9.579060971736907959e-02
1.450280189514160156e+00
7.450019359588623047e+00
8.050125122070312500e+00
2.116291046142578125e+00
2.355811119079589844e+00
5.539022684097290039e-01
-5.812917277216911316e-02
-8.361890912055969238e-02
3.877442181110382080e-01
-7.710148394107818604e-02
-2.826722711324691772e-02
-5.690178275108337402e-01
nan
nan
nan
nan
-4.434787482023239136e-02
-7.312585115432739258e-01
1.439371347427368164e+00
7.181701660156250000e-01
4.589350223541259766e-01
2.082982063293457031e-01
2.276817262172698975e-01
-1.520063728094100952e-01
1.747155904769897461e+00
4.182216227054595947e-01
6.762050986289978027e-01
8.238909840583801270e-01
1.383933573961257935e-01
5.921307802200317383e-01
nan
5.978098511695861816e-01
8.000365644693374634e-02
2.895614504814147949e-01
3.851124048233032227e+00
1.115192532539367676e+00
-4.421708583831787109e-01
1.197290197014808655e-01
5.312252640724182129e-01
1.381003022193908691e+00
4.766113162040710449e-01
-3.294844925403594971e-01
-3.861056566238403320e-01
1.038488149642944336e-01
nan
nan
nan
nan
7.403835654258728027e-01
2.227920055389404297e+00
8.893918395042419434e-01
-6.619193553924560547e-01
-6.120144203305244446e-02
4.270851016044616699e-01
1.335870146751403809e+00
-2.041126787662506104e-01
8.554788827896118164e-01
4.290304780006408691e-01
1.501900196075439453e+00
4.449236869812011719e+00
1.412419319152832031e+00
-2.660434842109680176e-01
nan
4.013745188713073730e-01
1.249964356422424316e+00
3.258955180644989014e-01
-2.270613759756088257e-01
1.005867123603820801e+00
1.656842529773712158e-01
6.505899429321289062e+00
2.302788019180297852e+00
1.007648348808288574e+00
4.387556076049804688e+00
-9.048201143741607666e-03
1.083323001861572266e+00
1.037469744682312012e+00
nan
nan
