nan
nan
-1.470736217498779252e-01
2.174204444885253773e-01
1.749557876586914085e-01
6.192884445190429688e-01
1.932235145568847734e-01
9.969573974609374778e-02
-7.803240203857422230e-01
-1.811110115051269565e-01
-5.161911964416503878e-02
7.606914520263672319e-01
1.941503143310546742e-01
-1.209903049468994130e-01
-3.309654444456100486e-04
7.485418319702148715e-02
nan
1.215563354492187553e+00
-2.607422637939453280e-01
-3.373409271240234153e-01
2.920668029785156161e-01
-6.256248950958251398e-02
-2.860978507995605713e-01
1.458618354797363292e-01
-3.364352035522460982e-01
-1.076366233825683527e-01
3.447833251953125178e-01
6.117681503295898660e-01
-3.351045989990234508e-01
-3.021694183349609153e-01
nan
nan
nan
nan
-9.532095789909362724e-03
1.080257797241210987e-01
-3.505172729492187500e-01
2.008218955993652244e-01
1.122565388679504401e-02
4.041039276123046808e-01
-3.608094787597656006e-01
1.042467594146728564e-02
-4.449301528930664218e-01
-1.099931488037109384e+00
-2.542215919494628662e-01
-4.720836162567138700e-02
-3.450319290161132924e-01
-4.228547286987304754e-01
nan
8.044210433959961271e-02
6.045014572143554421e-01
-3.234750747680664174e-01
9.973422241210937456e-01
7.602021789550781339e-01
4.121248626708984286e-01
-9.856710433959961493e-02
6.643025970458984464e-01
8.180184936523438033e-01
1.564414024353027455e-01
4.266854476928710893e-01
-7.709188842773437855e-01
9.314766883850097989e-02
nan
nan
nan
nan
1.350555419921875000e-01
-1.217133617401123108e-01
6.571142578124999911e-01
-4.633520507812500244e-01
3.100486183166503706e-01
1.254228782653808716e-01
-3.787377548217773504e-01
-2.302266836166382002e-02
-8.407350540161133423e-02
5.951187515258788974e-01
-6.007936096191406339e-01
5.704318237304687456e-01
-4.045485305786132857e-01
-1.491791439056396606e-01
nan
4.181983566284179776e-01
1.489480018615722649e-02
9.135431289672851785e-02
-2.926383399963378706e-01
-2.028549957275390669e-01
-6.568260955810546475e-01
-3.381243515014648593e-01
7.686831665039062234e-01
-2.090426635742187456e-01
-7.038981628417968484e-01
-7.161621093750000222e-01
4.504762268066406228e-01
4.940345382690429776e-01
nan
nan
nan
nan
-6.206650543212890447e-01
7.278395080566406605e-01
-2.149237442016601607e-01
2.247539520263671861e-02
3.471215438842773504e-01
-7.594781875610351340e-02
2.956342935562133664e-02
4.552727508544922030e-01
-2.746134376525878884e-01
4.263417434692382546e-01
1.094614944458007777e+00
1.621518135070800781e-01
-1.445427513122558572e-01
1.128359508514404363e-01
nan
6.653924560546875533e-01
3.315010070800781250e-01
-3.345606994628906317e-01
1.425005722045898371e-01
4.771533584594726540e-01
-1.066739959716796804e+00
-3.338886260986327903e-01
3.708092498779296808e-01
1.432491397857665882e-01
7.903869628906250167e-02
4.990124511718749822e-01
-5.828935146331787331e-02
-9.332926177978515536e-01
nan
nan
nan
nan
-2.952979660034179554e-01
-7.664201354980468839e-01
-6.828130245208739735e-02
-2.644174337387085114e-02
-8.784026336669922275e-01
-1.005364879965782226e-03
9.826691436767578391e-01
-3.987577819824218994e-01
4.827008056640624822e-01
9.540282440185546831e-01
-7.986380004882812633e-01
-1.150897741317749058e-02
6.236912918090820046e-01
4.419771575927734508e-01
nan
-5.346616363525390492e-01
8.455857038497924250e-03
8.428491210937499867e-01
1.922152900695800748e-01
-1.387569808959960849e-01
-5.176792144775390625e-01
-2.389180755615234464e-01
1.691867065429687456e-01
-8.623458099365234331e-01
3.079223251342773637e-01
1.054834365844726562e+00
9.770260620117187100e-01
-4.610927963256836182e-01
nan
nan
nan
nan
-3.772055816650390359e-01
-4.956323623657226674e-01
3.476574707031250266e-01
7.416937255859374911e-01
1.146410083770751931e-01
1.516028308868408170e-01
4.052341461181640514e-01
-5.419230270385742010e-01
5.576811599731444913e-01
3.768518066406250089e-01
-1.405394649505615212e-01
4.134054565429687300e-01
-6.084369277954101429e-01
1.235065364837646534e-01
nan
-7.980107879638671520e-01
-3.621962356567383079e-01
5.196860885620117054e-01
5.393589019775390375e-02
4.630868911743163951e-01
8.393968200683593617e-01
-6.027935409545898127e-01
2.497476816177368261e-02
5.066252136230469105e-01
1.335533905029296919e+00
-7.519456481933594061e-01
4.105237960815429910e-01
1.107130889892578018e+00
nan
nan
nan
nan
7.081675720214843928e-01
-6.055571365356445801e-01
-4.690991210937500155e-01
2.636805152893066384e-01
1.941675758361816329e-01
4.467988967895507590e-01
-6.071413516998291210e-02
-4.840666580200195246e-01
-9.807021141052246760e-02
-5.960622787475585715e-01
2.328295898437499900e-01
5.586339187622070268e-01
4.623916244506836026e-01
-2.035464096069335982e-01
nan
7.875373840332031694e-01
2.633562660217285134e-01
4.987997055053711160e-01
-7.579122924804687633e-01
2.556527519226074463e-01
-5.457004928588866655e-01
1.229279251098632786e+00
-2.056751251220703125e-01
3.922694396972656317e-01
-2.730233001708984308e-01
4.850333786010742054e-01
2.142831039428710893e-01
-4.384332275390624978e-01
nan
nan
nan
nan
-1.346473789215087979e-01
-1.595164871215820346e-01
5.900819396972656339e-01
-3.118420600891113059e-01
-4.324580383300781206e-01
1.421183586120605413e-01
1.537023830413818404e-01
-1.918660640716552887e-02
8.617397308349609986e-02
-3.693193435668945535e-01
-2.109271240234374956e-01
-3.985921096801757768e-01
1.560903453826904264e-01
3.213135147094726696e-01
nan
-2.060941314697265492e-01
-2.320219612121582065e-01
-2.363285827636718850e-01
4.002176666259765758e-01
1.215748691558837941e-01
-2.359656715393066428e-01
-2.658423805236816428e-01
-2.356113815307617210e-01
9.952645111083984197e-01
-4.934211349487304665e-01
1.333581066131591664e-01
-4.623362731933593484e-01
8.207878875732421697e-01
nan
nan
nan
nan
1.234847545623779345e-02
1.800773811340332098e-01
-7.860527801513671475e-01
-2.792814064025879173e-01
4.807347774505615207e-02
7.491239929199218217e-01
4.106809616088867299e-01
-9.541205406188964233e-02
2.310112953186035101e-01
-5.247300148010253934e-02
-2.843972778320312256e-01
3.098778152465820335e-01
7.794747924804688033e-01
1.194421291351318304e-01
nan
-1.073433399200439398e-01
2.265655517578125111e-01
-3.074803733825683394e-01
2.393599510192871149e-01
1.219798564910888616e-01
1.403741741180419833e-01
-1.786575012207031188e+00
-5.405533218383788974e-01
-1.159399871826171768e+00
3.301529693603515447e-01
2.501623153686523549e-01
-5.359438896179199302e-02
-4.591598129272461137e-01
nan
nan
nan
nan
4.461258697509765669e-01
-4.100447463989257968e-01
2.720838737487792924e-01
-1.147687530517578075e-01
2.213501358032226585e-01
-5.409858703613281694e-01
-3.495172500610351785e-01
1.629054069519043080e-01
2.269980239868163996e-01
5.204234600067138977e-02
6.021758651733398748e-01
-2.340114021301269442e-01
-7.771064281463622991e-02
-3.183899497985839822e-01
nan
2.228904533386230347e-01
9.275936126708984597e-01
-1.629679870605468817e-01
-1.375822257995605591e-01
8.751853179931640137e-01
1.602198982238769442e-01
5.178423690795898038e-01
4.075139999389648660e-01
-1.554954147338867276e-01
-6.007969284057617099e-01
3.956788253784179754e-01
-1.051536712646484295e+00
2.412822914123535223e-01
nan
nan
nan
nan
-5.145418548583984286e-01
-7.897442626953125044e-01
-3.246134185791015869e-01
-2.250864219665527355e-01
-1.796242523193359308e-01
-2.758320617675781294e-01
-1.377785778045654275e-01
5.196112442016601607e-01
-2.623368644714355602e-01
3.167297744750976474e-01
4.490949630737304799e-01
4.254693222045898282e-01
-1.204889678955078092e-01
-5.932602691650390447e-01
nan
1.156962738037109473e+00
2.230922126770019664e-01
4.073271560668945135e-01
-3.141484260559082031e-01
-6.530844879150390359e-01
-5.381201171874999689e-01
-8.977851104736328525e-01
-7.880934143066405939e-01
-7.992591857910156250e-01
1.196278839111328152e+00
4.736276626586913840e-01
-3.119405746459961160e-01
1.395402908325195368e-01
nan
nan
nan
nan
-3.554489135742187611e-01
3.603370285034179776e-01
-6.211446285247802790e-02
2.628609275817870850e-01
2.335410499572753984e-01
1.702383613586425648e-01
5.739451646804809813e-03
-1.198897743225097595e-01
4.105591964721679865e-01
6.560690307617187411e-01
-2.617220878601074219e-01
-5.165008544921875222e-01
-8.329096221923828480e-01
5.893239974975585938e-01
nan
-6.298014068603515758e-01
-4.709606933593750155e-01
5.319961166381835804e-01
-2.147340202331542991e-01
1.009073257446289062e+00
8.347505569458008035e-02
4.162411499023437322e-01
8.299493789672851562e-02
-4.505626296997070068e-01
-5.017911529541015936e-01
-5.965687561035156738e-01
4.826383113861083818e-02
-3.909141921997070224e-01
nan
nan
nan
nan
5.442913436889648127e-01
3.567539596557617321e-01
2.082818603515624867e-01
6.241901779174804377e-01
5.210380554199218750e-01
6.616118907928467130e-02
7.145945739746093484e-01
-5.648206233978271540e-02
2.258402442932128940e-01
7.535189056396484064e-01
-1.235966644287109339e+00
-5.252107620239257479e-02
-5.224419784545898393e-01
8.670779418945312456e-01
nan
-1.750534248352050848e-01
4.970322418212890780e-01
-8.526195526123047097e-01
-1.458017730712890536e+00
-2.671052551269531006e-01
-2.913597679138183461e-01
6.640705871582031072e-01
4.512301635742187456e-01
4.765069580078125089e-01
2.090849637985229409e-02
-5.533690929412841963e-02
3.941029739379882657e-01
-4.112770080566406361e-01
nan
nan
nan
nan
2.701214790344238503e-01
-3.554429626464843950e-01
4.878722763061523193e-01
-4.142586898803710671e-01
6.929586029052734464e-01
-3.423935699462890558e-01
5.145087718963622936e-02
-4.009981155395507812e-01
9.211599731445312411e-01
8.505728149414062411e-01
2.229902648925781161e-01
-1.758250999450683694e-01
7.125949096679687900e-01
-4.749826431274414285e-01
nan
-1.788339614868164062e-01
6.353979110717773438e-01
4.915398788452148282e-01
6.525471496582031516e-01
4.161806106567382535e-02
4.810740661621093484e-01
-3.830490493774413863e-01
1.256394863128662033e-02
-8.431312561035155806e-01
3.964109420776367188e-01
-6.864792633056641113e-01
3.046780776977539018e-01
-6.812042999267577947e-01
nan
nan
nan
nan
-9.195014953613280806e-01
2.370819473266601585e-01
-1.200731468200683660e-01
9.517786407470703036e-01
1.598109531402587824e-01
3.377899169921875222e-01
-3.833253479003906339e-01
1.205013046264648446e+00
5.615653228759766025e-01
1.033925857543945392e+00
1.110370712280273509e+00
9.732234954833984819e-01
-3.118118286132812722e-01
9.045147705078124822e-01
nan
1.905505943298339833e-01
2.266786575317382701e-01
3.793783187866210938e-01
3.709516143798828325e-01
-5.159202098846435436e-02
1.031697998046875009e+00
6.461482238769531428e-01
3.965159225463867343e-01
4.634593963623047097e-01
1.524797973632812553e+00
4.529663848876953058e-01
-9.551919555664062367e-01
6.817179203033446599e-02
nan
nan
nan
nan
-5.594749832153320668e-01
7.134457397460937100e-01
1.795248413085937522e-01
-5.234950637817382679e-01
6.243073272705078613e-01
2.528766441345214888e-01
-6.674830436706542802e-02
-2.098721313476562544e-01
3.182883501052856390e-02
2.030171966552734297e-01
-1.043839931488037137e-01
6.012191772460937639e-02
-9.392141342163086437e-02
-5.268767929077148304e-01
nan
-7.150511169433593217e-01
-2.791965675354003973e-01
1.068358535766601669e+00
4.968918991088867032e-01
2.374025154113769409e-01
1.165334930419921866e+00
-6.436055755615234242e-01
-1.894207572937011697e-01
-4.738545227050781072e-01
-2.430191612243652322e-01
-7.041333913803100343e-03
1.566818332672119118e-01
4.617165374755859419e-01
nan
nan
nan
nan
9.732207489013672275e-01
3.177996635437011497e-01
2.360544013977050881e-01
5.250223159790039507e-01
9.191632843017578658e-01
9.617995262145996593e-02
5.364644241333007546e-01
3.431076812744140447e-01
-8.113864898681640847e-01
-9.572701454162597934e-02
5.480090713500976873e-01
1.171811752319335875e+00
5.798588562011718350e-01
1.893542289733886608e-01
nan
-3.561914443969726451e-01
2.632096481323242254e-01
6.643375873565673939e-02
-5.228355884552002286e-02
-4.618503952026367099e-01
1.576444530487060569e-01
-1.133249568939209001e-01
1.293552112579345603e-01
-8.082621002197265536e-01
-9.555676269531250266e-01
2.531289100646972878e-01
-6.362720489501952903e-01
-4.527357864379882857e-01
nan
nan
nan
nan
-1.402964496612548739e-01
-1.377450370788574352e-01
7.474809265136719283e-01
8.826428222656249600e-01
4.025304031372070046e-01
-3.529643630981445512e-01
5.312684631347656117e-01
4.938800430297851651e-01
1.235668182373046875e+00
7.927732849121094105e-01
1.105788421630859442e-01
-1.325875854492187533e-01
4.215969467163085960e-01
3.243019866943359641e-01
nan
6.373059463500976296e-01
-2.701027488708496183e-01
-5.211687850952148038e-01
3.972552108764648704e-01
1.137211608886718794e+00
5.788145065307617188e-01
2.804524612426757546e-01
3.207465744018554443e-01
4.385100936889648193e-01
2.391014289855956931e-01
1.895074653625488381e-01
5.940053558349609464e-01
6.260094070434569780e-01
nan
nan
nan
nan
-5.761016082763671387e-01
4.555708312988281383e-01
1.313475728034973165e-02
5.978003311157226163e-01
-2.927039861679077079e-02
6.836453247070312100e-01
1.380761566162109322e+00
-8.415144348144530939e-01
7.021272277832031339e-01
5.655342102050781028e-01
-3.691198348999023549e-01
4.744148635864257613e-01
-1.812427902221679654e-01
1.940436935424804665e-01
nan
-2.731462478637695229e-02
-9.848646545410155717e-01
2.610842895507812234e-01
-6.537126159667968617e-01
5.480601501464843484e-01
1.137391281127929643e-01
5.475128555297851252e-01
-8.329167175292968572e-01
-1.162990665435791049e-01
-9.418816566467284879e-02
1.913084411621093772e-01
8.789537048339843839e-01
-2.948161506652832164e-01
nan
nan
nan
nan
2.041647338867187411e-01
-1.010951232910156206e+00
4.529496383666992143e-01
-1.753917121887207109e-01
6.623842239379883201e-02
5.448995113372803040e-02
-3.884755706787109131e-01
1.308993988037109313e+00
-8.580365753173828658e-01
-5.738309097290038574e-01
-5.964437103271484908e-01
3.484259033203124800e-01
-2.618869972229003751e-01
-7.321796417236328125e-01
nan
1.293107604980468839e+00
9.144301605224609553e-01
-5.234085845947266113e-01
-6.534771728515624822e-01
-7.057997894287109109e-01
-3.898268127441406050e-01
-2.860936355590820157e-01
9.544503021240234863e-01
2.838039970397949197e-01
1.183311843872070224e+00
5.879391479492187544e-01
-8.895524597167968617e-01
2.195428609848022392e-02
nan
nan
nan
nan
2.128913307189941317e-01
4.709124374389648260e-01
-1.164731502532958957e-01
-3.679812240600586204e-01
-2.730875968933105247e-01
6.902281951904296609e-01
3.527621459960937345e-01
3.407313232421874893e+00
1.976913452148437444e-01
6.281399917602539240e-01
-7.707270050048827814e-01
8.012083172798157432e-03
6.471376800537109730e-01
2.736989402770996227e-01
nan
7.574893951416015181e-01
5.586062240600585538e-01
5.706450653076171609e-01
-1.630330657958984353e-01
-6.237575912475585849e-01
-3.579280471801757901e-01
4.628677749633788863e-01
-1.083926925659179696e+00
4.141548156738281139e-01
3.828523635864257701e-01
1.354573669433593697e+00
6.101828575134277122e-02
-3.010647773742675670e-01
nan
nan
nan
nan
-1.990929603576660212e-01
1.479986667633056696e-01
-6.310006141662598267e-02
-4.689907836914062322e-01
5.514308547973633123e-01
-1.121519851684570357e-01
-7.080590057373047363e-01
-1.266867752075195419e+00
-3.746059036254882901e-01
9.222103881835937988e-01
-9.960406303405761053e-02
1.520437836647033775e-02
-1.139026832580566362e-01
-5.691418075561522905e-01
nan
8.116709899902343484e-01
-6.662501525878906650e-01
5.257376098632812189e-01
1.265338897705078125e+00
-5.522777175903320623e-01
-4.833452224731445146e-02
3.518781900405883872e-02
-4.436518096923828258e-01
-2.478374099731445179e-01
6.586118316650391158e-01
2.862437057495117454e-01
9.032301902770996371e-02
-3.897800064086914262e-01
nan
nan
nan
nan
-8.690760803222655762e-01
3.311747741699218595e-01
-1.316324949264526326e-02
4.992293167114257857e-01
-1.222580642700195286e+00
-2.411877822875976574e-01
2.528728866577148460e-01
3.443597030639648504e-01
-9.216248512268065962e-02
1.440287971496582164e-01
9.274145507812500133e-01
2.306859207153320324e-01
2.326129722595214888e-01
1.422385722398757969e-03
nan
1.756080436706543013e-01
-5.036396026611328347e-01
3.910296678543091070e-02
-5.297150421142577947e-01
6.971268463134765447e-01
2.377925682067870972e-01
-7.992749023437499822e-01
-5.221422195434570757e-01
7.455662536621093794e-01
-3.711671233177185180e-03
-2.598532485961914107e-01
6.149851226806640758e-01
1.121690216064453072e+00
nan
nan
nan
nan
-5.760297393798827770e-01
1.351273727416992254e-01
-3.890846633911133057e-01
7.320893096923828391e-01
1.751834297180175914e-01
-1.067548274993896512e-01
-9.163327789306641158e-01
3.173296356201171786e-01
4.778186035156249956e-01
-1.931111907958984464e-01
-2.092905807495117065e-01
6.661975860595703569e-01
2.530053901672363326e-01
6.295703124999999512e-01
nan
-6.271112823486327814e-01
3.288468551635742032e-01
-6.495719432830809881e-02
1.662310600280761663e-01
1.597980594635009799e-01
-4.062734222412109353e-01
-3.356543731689453081e-01
-2.275293159484863270e-01
3.343778610229491965e-01
8.114167785644531561e-01
8.328807950019835940e-03
3.179249763488769531e-01
-9.548682212829590066e-02
nan
nan
