nan
nan
-5.849651526659727097e-03
4.916268885135650635e-01
5.217495560646057129e-01
-1.722976118326187134e-01
-1.094802856445312500e+00
6.295782327651977539e-01
6.159478425979614258e-01
-4.249543547630310059e-01
-5.415017604827880859e-01
9.371636509895324707e-01
1.550169736146926880e-01
-1.188330769538879395e+00
-7.481638789176940918e-01
3.418800532817840576e-01
nan
1.586326003074645996e+00
2.781163156032562256e-01
-4.500808715820312500e-01
3.741036057472229004e-01
-4.366911053657531738e-01
-9.961890429258346558e-02
2.561477422714233398e-01
-1.601583510637283325e-01
-2.127030938863754272e-01
7.009724527597427368e-02
-5.566287040710449219e-01
5.252740979194641113e-01
4.157904535531997681e-02
nan
nan
nan
nan
5.133727788925170898e-01
6.968954801559448242e-01
-2.344615757465362549e-01
-7.356861233711242676e-01
-1.240961104631423950e-01
6.108705401420593262e-01
-5.848917365074157715e-01
3.304421603679656982e-01
-8.542166352272033691e-01
-4.724344313144683838e-01
7.965208292007446289e-01
-3.297266066074371338e-01
7.453536987304687500e-01
4.794214665889739990e-01
nan
4.513629674911499023e-01
-3.270359933376312256e-01
4.028658270835876465e-01
-3.188843131065368652e-01
2.562349438667297363e-01
2.969004511833190918e-01
-8.001059889793395996e-01
-5.284420847892761230e-01
-3.332257866859436035e-01
-1.734947711229324341e-01
-1.842460781335830688e-01
-8.531814217567443848e-01
2.188088595867156982e-01
nan
nan
nan
nan
4.512627124786376953e-01
9.899960756301879883e-01
9.511100053787231445e-01
-7.071540355682373047e-01
-7.554039955139160156e-01
9.279555082321166992e-02
1.667343378067016602e-01
-9.641104936599731445e-01
9.186784625053405762e-01
-3.689683675765991211e-01
8.773377537727355957e-01
6.323866248130798340e-01
-2.766386866569519043e-01
4.341706037521362305e-01
nan
1.326122641563415527e+00
-2.159028500318527222e-01
9.227936267852783203e-01
8.621415495872497559e-01
5.251812338829040527e-01
-6.204850673675537109e-01
-6.916689872741699219e-01
-1.008790582418441772e-01
2.226124517619609833e-02
3.763915300369262695e-01
-3.879252076148986816e-01
1.678718477487564087e-01
1.201569795608520508e+00
nan
nan
nan
nan
7.865696549415588379e-01
-6.124572753906250000e-01
2.359819412231445312e-01
6.591550707817077637e-01
-1.380166858434677124e-01
-2.428308129310607910e-01
7.036505937576293945e-01
-4.077566266059875488e-01
-2.893411219120025635e-01
1.061041951179504395e+00
2.590105235576629639e-01
4.444675445556640625e-01
-2.655843198299407959e-01
1.152190566062927246e+00
nan
1.308260709047317505e-01
-6.680036187171936035e-01
4.941854774951934814e-01
-2.381352186203002930e-01
-4.385630190372467041e-01
2.012312598526477814e-02
-7.576264739036560059e-01
-1.882741451263427734e-01
-2.652286887168884277e-01
1.010752934962511063e-02
4.861331731081008911e-02
1.053732261061668396e-01
-2.846866846084594727e-01
nan
nan
nan
nan
2.099368907511234283e-02
-6.842280030250549316e-01
-8.680790662765502930e-02
-2.096081897616386414e-02
-2.818050682544708252e-01
6.965578198432922363e-01
4.862347841262817383e-01
-7.302198410034179688e-01
1.673715710639953613e-01
9.214211255311965942e-02
4.144566357135772705e-01
2.377681732177734375e-01
-5.051510781049728394e-02
5.508689284324645996e-01
nan
-7.928376197814941406e-01
3.507531881332397461e-01
-1.370057463645935059e-01
6.291477084159851074e-01
1.816427558660507202e-01
9.009163826704025269e-02
6.988823413848876953e-02
1.132744457572698593e-02
-9.627997875213623047e-01
-1.237889289855957031e+00
5.116795301437377930e-01
-3.512917160987854004e-01
-5.931514501571655273e-01
nan
nan
nan
nan
-6.314828991889953613e-01
-9.015327095985412598e-01
1.443917751312255859e-01
-6.215543746948242188e-01
2.418438494205474854e-01
-6.615536212921142578e-01
2.159363478422164917e-01
-2.918165326118469238e-01
4.570613503456115723e-01
-7.353883385658264160e-01
1.817760467529296875e-01
-7.667152881622314453e-01
2.248153649270534515e-02
-1.240092992782592773e+00
nan
9.092016816139221191e-01
-4.748318493366241455e-01
-6.497418284416198730e-01
1.643116474151611328e-01
6.828058511018753052e-02
-8.359803557395935059e-01
6.814559698104858398e-01
2.316059023141860962e-01
1.436853501945734024e-02
-1.004634141921997070e+00
1.320654898881912231e-01
5.792176723480224609e-01
3.058383464813232422e-01
nan
nan
nan
nan
5.465857386589050293e-01
-4.609315097332000732e-01
-1.386992692947387695e+00
1.955479085445404053e-01
-1.958766132593154907e-01
8.538593053817749023e-01
-6.707136332988739014e-02
7.454258799552917480e-01
3.407363891601562500e-01
2.305875867605209351e-01
3.991115465760231018e-02
2.300725877285003662e-01
3.055765628814697266e-01
-5.346842408180236816e-01
nan
-5.716440081596374512e-01
-2.096613310277462006e-02
-2.088771015405654907e-01
5.236943364143371582e-01
-3.036004304885864258e-01
-7.675119638442993164e-01
3.507081270217895508e-01
4.521656632423400879e-01
3.109735548496246338e-01
-3.923275470733642578e-01
2.597367763519287109e-01
-4.574881866574287415e-02
7.327551245689392090e-01
nan
nan
nan
nan
-4.286618232727050781e-01
3.431124091148376465e-01
2.271997928619384766e-01
9.282857924699783325e-02
1.058738589286804199e+00
1.416553854942321777e-01
-4.823168218135833740e-01
-3.292451798915863037e-01
-1.510258764028549194e-01
-9.789308905601501465e-01
-4.559023082256317139e-01
3.083740770816802979e-01
-4.150460660457611084e-01
-8.911343216896057129e-01
nan
1.345193862915039062e+00
-1.015743017196655273e+00
-2.578755319118499756e-01
7.404955029487609863e-01
2.914786338806152344e-01
-5.781465768814086914e-01
-2.202152013778686523e-01
-1.884026378393173218e-01
2.245602309703826904e-01
2.943127453327178955e-01
7.603607773780822754e-01
2.050581872463226318e-01
-1.496226429939270020e+00
nan
nan
nan
nan
7.545578479766845703e-02
-6.266075372695922852e-01
5.111261270940303802e-03
-1.694948226213455200e-01
4.439761042594909668e-01
5.411777496337890625e-01
8.847890049219131470e-02
-5.149338394403457642e-02
-1.915445327758789062e-01
7.851659059524536133e-01
-4.982486739754676819e-02
8.899452686309814453e-01
7.082557678222656250e-01
-7.932868003845214844e-01
nan
9.948468208312988281e-02
-2.160035520792007446e-01
2.589117586612701416e-01
1.553141474723815918e-01
6.772848963737487793e-01
4.139285385608673096e-01
4.319077134132385254e-01
-3.808285892009735107e-01
2.148576825857162476e-02
-6.049675345420837402e-01
1.020546317100524902e+00
-1.341528445482254028e-01
-1.432988047599792480e-01
nan
nan
nan
nan
1.604126691818237305e-01
-3.692742288112640381e-01
2.760539054870605469e-01
-5.133928060531616211e-01
3.619689941406250000e-01
-9.563096165657043457e-01
7.463660556823015213e-03
5.657309889793395996e-01
1.050660014152526855e-01
-1.067090258002281189e-01
2.531533241271972656e-01
3.798114955425262451e-01
6.149497032165527344e-01
-5.635011792182922363e-01
nan
-5.946049466729164124e-02
3.551864027976989746e-01
1.377713918685913086e+00
3.822223544120788574e-01
4.644524753093719482e-01
9.721351861953735352e-01
-8.774612098932266235e-02
-1.012989640235900879e+00
1.181724667549133301e-01
1.273315548896789551e+00
-1.971356198191642761e-02
6.146053671836853027e-01
6.850774288177490234e-01
nan
nan
nan
nan
-1.767317205667495728e-01
-4.709074497222900391e-01
3.511341214179992676e-01
-7.228379249572753906e-01
9.841851592063903809e-01
-2.844273447990417480e-01
6.115386486053466797e-01
6.427633762359619141e-01
7.496794313192367554e-02
-2.680242992937564850e-02
-3.236285448074340820e-01
-1.375198483467102051e+00
-1.752692461013793945e-01
-2.688930928707122803e-01
nan
-1.062292903661727905e-01
5.026781558990478516e-01
4.004127681255340576e-01
-4.576362073421478271e-01
-4.188269674777984619e-01
-4.507322311401367188e-01
1.317381501197814941e+00
1.782335788011550903e-01
8.542362451553344727e-01
-2.189631760120391846e-01
-8.089515566825866699e-01
6.742208003997802734e-01
7.588612437248229980e-01
nan
nan
nan
nan
-3.599978685379028320e-01
-8.632313609123229980e-01
-4.826076030731201172e-01
-7.828508317470550537e-02
4.704106152057647705e-01
-4.234702587127685547e-01
-4.750535786151885986e-01
1.014565229415893555e+00
-6.929316520690917969e-01
-1.100313425064086914e+00
-4.521677196025848389e-01
5.628019571304321289e-02
2.508835792541503906e-01
-4.518178105354309082e-01
nan
-7.947098016738891602e-01
-2.320214919745922089e-02
8.308656215667724609e-01
4.348858296871185303e-01
-3.380554020404815674e-01
-8.517671823501586914e-01
-1.422603894025087357e-02
-4.796061813831329346e-01
8.744192868471145630e-02
-1.765590906143188477e-01
-3.495689332485198975e-01
3.416314721107482910e-01
1.176488280296325684e+00
nan
nan
nan
nan
-3.594981133937835693e-01
-8.468245714902877808e-02
1.120326966047286987e-01
-2.727047502994537354e-01
-2.776171863079071045e-01
-1.212778389453887939e-01
5.612830519676208496e-01
-6.507152318954467773e-02
2.724325656890869141e-01
-2.580558359622955322e-01
-8.896920830011367798e-02
-3.898689448833465576e-01
5.037872791290283203e-01
9.373290538787841797e-01
nan
-2.411321401596069336e-01
-3.664806783199310303e-01
-2.184988111257553101e-01
-3.267756700515747070e-01
-6.469081640243530273e-01
-5.232169628143310547e-01
-2.766144871711730957e-01
2.379815280437469482e-01
-5.708990097045898438e-01
-7.248583436012268066e-01
-2.469768375158309937e-01
5.182397961616516113e-01
-2.011030167341232300e-01
nan
nan
nan
nan
-2.783666364848613739e-02
-7.560290098190307617e-01
3.594613671302795410e-01
6.337332129478454590e-01
4.120343923568725586e-01
2.793079018592834473e-01
-6.142011284828186035e-01
-4.082893431186676025e-01
-5.056217908859252930e-01
-5.838128924369812012e-01
2.020769715309143066e-01
-5.546929240226745605e-01
1.038186311721801758e+00
-2.573048174381256104e-01
nan
4.763146042823791504e-01
1.633685380220413208e-01
6.286563873291015625e-01
-7.413910031318664551e-01
6.423737406730651855e-01
-5.770993828773498535e-01
1.423905491828918457e-01
7.832565903663635254e-02
4.610946178436279297e-01
3.590722680091857910e-01
-6.380646228790283203e-01
8.177806735038757324e-01
5.441647171974182129e-01
nan
nan
nan
nan
-7.361939549446105957e-02
-1.382435709238052368e-01
-4.590730667114257812e-01
5.777551531791687012e-01
-6.179694533348083496e-01
-6.635791063308715820e-01
5.341225266456604004e-01
4.992403686046600342e-01
5.763400197029113770e-01
9.401247501373291016e-01
-3.798828721046447754e-01
4.120270013809204102e-01
4.735620617866516113e-01
1.017413496971130371e+00
nan
2.991934716701507568e-01
7.176141440868377686e-02
4.544516205787658691e-01
-2.075738459825515747e-01
-5.349168553948402405e-02
1.528276950120925903e-01
5.686311721801757812e-01
3.782796561717987061e-01
-2.308235913515090942e-01
6.756412982940673828e-02
1.056257486343383789e+00
-8.523772954940795898e-01
3.709986507892608643e-01
nan
nan
nan
nan
-1.916149556636810303e-01
-3.117218986153602600e-02
3.160904049873352051e-01
-5.549818277359008789e-01
8.026494383811950684e-01
-3.284833133220672607e-01
1.085888266563415527e+00
2.021570056676864624e-01
9.323523938655853271e-02
1.464705109596252441e+00
-5.811181664466857910e-01
1.132502555847167969e-01
2.886930108070373535e-01
-2.793213129043579102e-01
nan
-9.614874720573425293e-01
-1.409819871187210083e-01
1.071047782897949219e+00
9.936617314815521240e-02
-3.486922979354858398e-01
-7.259191274642944336e-01
2.870969474315643311e-01
1.867967247962951660e-01
-2.334772795438766479e-01
-3.353709280490875244e-01
-3.559874594211578369e-01
-2.500061392784118652e-01
7.355688214302062988e-01
nan
nan
nan
nan
6.063881516456604004e-01
1.907006353139877319e-01
4.517736434936523438e-01
5.311158895492553711e-01
5.097513794898986816e-01
2.571097910404205322e-01
-5.617357492446899414e-01
-4.341963231563568115e-01
7.316172122955322266e-01
1.329004317522048950e-01
-1.955924034118652344e-01
-5.390282347798347473e-02
7.645067758858203888e-03
4.038272798061370850e-01
nan
-2.888229489326477051e-01
4.855402410030364990e-01
-5.391098260879516602e-01
3.014165163040161133e-01
4.616465568542480469e-01
7.396881580352783203e-01
-1.209992051124572754e+00
6.750871241092681885e-02
3.252923190593719482e-01
2.655093073844909668e-01
-3.473046123981475830e-01
-1.047285318374633789e+00
1.643927209079265594e-02
nan
nan
nan
nan
6.953950524330139160e-01
5.455094203352928162e-02
-9.835361242294311523e-01
-3.845506906509399414e-01
1.812710911035537720e-01
8.902432322502136230e-01
3.553110361099243164e-01
-8.155871182680130005e-02
4.399254918098449707e-01
1.619595438241958618e-01
-5.010298490524291992e-01
-4.284315407276153564e-01
-1.936590522527694702e-01
1.080231294035911560e-01
nan
-6.504052877426147461e-01
7.151082158088684082e-02
1.168113708496093750e+00
2.601122856140136719e-01
4.553790986537933350e-01
-7.675167322158813477e-01
6.991996169090270996e-01
5.684250593185424805e-01
1.032026767730712891e+00
-3.714503049850463867e-01
3.605573177337646484e-01
-6.241895258426666260e-02
-3.166586905717849731e-02
nan
nan
nan
nan
4.117058813571929932e-01
-6.042893528938293457e-01
-5.225093290209770203e-02
2.515524812042713165e-02
-3.971234858036041260e-01
-1.788280457258224487e-01
3.751438558101654053e-01
1.189084276556968689e-01
-4.187839105725288391e-02
-5.618960857391357422e-01
-6.648433208465576172e-02
-3.869901299476623535e-01
3.867781460285186768e-01
4.571452736854553223e-01
nan
-1.512809842824935913e-01
1.778251081705093384e-01
-4.522147476673126221e-01
-4.706735610961914062e-01
5.845641493797302246e-01
4.596105515956878662e-01
3.981745839118957520e-01
-4.852029085159301758e-01
5.790997743606567383e-01
-5.732808113098144531e-01
6.496531516313552856e-02
-8.635293245315551758e-01
9.724264591932296753e-02
nan
nan
nan
nan
-7.104106247425079346e-03
3.417999744415283203e-01
2.143008708953857422e-01
3.825799822807312012e-01
2.697443664073944092e-01
-1.035967376083135605e-02
-3.111158609390258789e-01
5.131011605262756348e-01
7.042707204818725586e-01
3.914648592472076416e-01
6.357998847961425781e-01
2.259483039379119873e-01
1.997871696949005127e-01
3.748334050178527832e-01
nan
4.235094189643859863e-01
-9.838347136974334717e-02
6.343177556991577148e-01
2.365522533655166626e-01
-6.393815279006958008e-01
1.147161364555358887e+00
-6.187358498573303223e-01
-3.662850856781005859e-01
-5.513488650321960449e-01
7.690920829772949219e-01
-1.222061291337013245e-01
3.843895196914672852e-01
-1.188083142042160034e-01
nan
nan
nan
nan
2.590082287788391113e-01
1.955455988645553589e-01
-2.053382694721221924e-01
1.273164302110671997e-01
-2.921247482299804688e-02
5.190897583961486816e-01
6.750493049621582031e-01
3.508511781692504883e+00
4.883077442646026611e-01
-6.217834353446960449e-01
7.992852330207824707e-01
3.085236810147762299e-02
-2.383264005184173584e-01
5.154252052307128906e-01
nan
9.389376640319824219e-01
5.318105220794677734e-01
7.984638959169387817e-02
-2.900789082050323486e-01
1.804198324680328369e-02
-5.247768163681030273e-01
4.555711150169372559e-01
-3.094129562377929688e-01
2.848271131515502930e-01
7.748112678527832031e-01
-4.220220744609832764e-01
-1.682735532522201538e-01
-3.759734332561492920e-01
nan
nan
nan
nan
7.405866980552673340e-01
-7.255306839942932129e-01
3.624091148376464844e-01
3.713532909750938416e-02
8.650851845741271973e-01
3.175965547561645508e-01
1.007638216018676758e+00
-6.581405550241470337e-02
-5.034565329551696777e-01
-6.245725750923156738e-01
-4.452982842922210693e-01
-6.997407078742980957e-01
-3.070573806762695312e-01
1.189740449190139771e-01
nan
3.893791437149047852e-01
-8.882702589035034180e-01
8.620301634073257446e-02
8.626937270164489746e-01
-2.567074298858642578e-01
1.223776787519454956e-01
1.786942481994628906e-01
2.453443706035614014e-01
3.383766412734985352e-01
3.029772639274597168e-01
3.742704093456268311e-01
5.073809027671813965e-01
-4.847370386123657227e-01
nan
nan
nan
nan
-7.081763744354248047e-01
2.975946664810180664e-01
-2.918733060359954834e-01
-4.522876406554132700e-04
-3.415485024452209473e-01
-2.073180973529815674e-01
-8.640437573194503784e-02
-5.656932592391967773e-01
8.818799853324890137e-01
6.047094464302062988e-01
9.289011955261230469e-01
7.502962946891784668e-01
4.627729356288909912e-01
4.470685124397277832e-01
nan
2.751200497150421143e-01
-2.780498564243316650e-01
3.781580924987792969e-01
-9.004780650138854980e-01
-1.776722073554992676e-01
-1.467330008745193481e-02
-3.167131841182708740e-01
-1.573050916194915771e-01
-3.436655551195144653e-02
-5.720601677894592285e-01
1.624592900276184082e+00
-6.224646568298339844e-01
-6.516277045011520386e-02
nan
nan
nan
nan
1.079522132873535156e+00
2.965498864650726318e-01
1.157746315002441406e+00
4.515016824007034302e-02
-1.003287911415100098e+00
1.375316977500915527e-01
-1.044327735900878906e+00
-9.152320027351379395e-01
2.951437234878540039e-01
-1.705418713390827179e-02
-5.404039621353149414e-01
3.029804825782775879e-01
-1.374635815620422363e+00
-4.531583189964294434e-01
nan
5.483645200729370117e-01
1.403957605361938477e-01
3.559167683124542236e-01
7.237634658813476562e-01
7.135790586471557617e-01
-8.794077038764953613e-01
6.759769320487976074e-01
3.981968164443969727e-01
6.764674186706542969e-01
-2.885913848876953125e-01
-5.171518325805664062e-01
-4.849429726600646973e-01
1.468562334775924683e-01
nan
nan
