nan
nan
7.538993656635284424e-02
4.986978471279144287e-01
4.783612787723541260e-01
1.359179466962814331e-01
3.076722323894500732e-01
4.322920367121696472e-02
-5.313607454299926758e-01
-1.070878028869628906e+00
-8.262811303138732910e-01
-1.012535095214843750e+00
4.544038176536560059e-01
1.546003073453903198e-01
-4.372847974300384521e-01
-2.619001865386962891e-01
-3.062610924243927002e-01
4.623586237430572510e-01
-1.055434346199035645e+00
-3.604177236557006836e-01
9.151449054479598999e-02
1.504360586404800415e-01
-1.155228614807128906e-01
4.073951542377471924e-01
-4.136261641979217529e-01
1.057790890336036682e-01
1.267046332359313965e+00
-2.178237140178680420e-01
1.360860347747802734e+00
1.381164491176605225e-01
nan
nan
nan
nan
-1.271709352731704712e-01
7.370278239250183105e-01
-6.262351274490356445e-01
-8.925967663526535034e-02
-4.198516011238098145e-01
-5.738895535469055176e-01
-3.402032852172851562e-01
-3.805759921669960022e-02
4.955293238162994385e-02
-1.941700279712677002e-01
5.496442914009094238e-01
-3.806863427162170410e-01
-4.054023921489715576e-01
7.986618280410766602e-01
-6.616059541702270508e-01
4.737131297588348389e-01
8.568384647369384766e-01
-1.190247982740402222e-01
4.389454126358032227e-01
5.360278487205505371e-01
9.201951026916503906e-01
4.443630874156951904e-01
-3.189875185489654541e-01
4.762823283672332764e-01
8.037600666284561157e-02
2.468655854463577271e-01
-7.582587189972400665e-03
1.078443408012390137e+00
nan
nan
nan
nan
-2.901217043399810791e-01
-5.628823041915893555e-01
3.108213245868682861e-01
9.003484845161437988e-01
7.470318675041198730e-01
-7.456827163696289062e-02
2.891591191291809082e-01
6.397487968206405640e-02
-1.067114710807800293e+00
-5.958524942398071289e-01
-2.364948093891143799e-01
-9.148665517568588257e-02
-9.483776688575744629e-01
-8.629851937294006348e-01
8.201036602258682251e-02
4.144532382488250732e-01
-4.270762205123901367e-01
-1.275683403015136719e+00
-6.138944625854492188e-01
-4.769791066646575928e-01
-5.505332723259925842e-02
-6.862658858299255371e-01
-1.807544566690921783e-02
1.163442805409431458e-01
6.290130019187927246e-01
1.273489236831665039e+00
1.060486197471618652e+00
4.257889986038208008e-01
nan
nan
nan
nan
-1.173835694789886475e-01
9.533297419548034668e-01
-4.639629721641540527e-01
8.130097389221191406e-01
-4.245808422565460205e-01
-2.922810018062591553e-01
2.774116396903991699e-01
2.421903014183044434e-01
7.328556478023529053e-02
7.626653909683227539e-01
7.549946010112762451e-02
-3.961523175239562988e-01
-4.943924248218536377e-01
2.518315017223358154e-01
-8.596444725990295410e-01
-1.393843889236450195e+00
3.849580287933349609e-01
-2.021104097366333008e-01
-4.922119975090026855e-01
-1.929604709148406982e-01
8.242970705032348633e-01
-1.014675140380859375e+00
5.504462718963623047e-01
-2.817696630954742432e-01
1.938140243291854858e-01
2.327897399663925171e-01
2.633104920387268066e-01
-5.159023404121398926e-01
nan
nan
nan
nan
4.329130351543426514e-01
5.898143649101257324e-01
-2.461329996585845947e-01
-1.335905492305755615e-01
-7.085509896278381348e-01
-3.350111544132232666e-01
-8.677910268306732178e-02
-1.280661076307296753e-01
-5.221440270543098450e-02
-1.308097839355468750e-01
5.103067159652709961e-01
-2.799435257911682129e-01
-4.257592856884002686e-01
-3.132489621639251709e-01
4.586218893527984619e-01
-4.864029213786125183e-02
-9.916760027408599854e-03
6.659095287322998047e-01
-5.012770891189575195e-01
2.196308821439743042e-01
-1.129292964935302734e+00
3.099782764911651611e-01
-6.310169100761413574e-01
2.726940512657165527e-01
3.705243766307830811e-01
-9.265936613082885742e-01
1.412617508322000504e-02
8.160251379013061523e-01
nan
nan
nan
nan
3.756598532199859619e-01
-8.497787714004516602e-01
-5.783648788928985596e-02
-3.702659904956817627e-01
-1.708991453051567078e-02
-7.091866135597229004e-01
7.340418696403503418e-01
-1.110416531562805176e+00
8.689516782760620117e-01
-5.101737976074218750e-01
-1.260948628187179565e-01
1.341014862060546875e+00
2.881919443607330322e-01
-6.335805654525756836e-01
3.706396520137786865e-01
-6.806064844131469727e-01
-7.022121548652648926e-02
-1.008757874369621277e-01
-8.466779589653015137e-01
1.526007533073425293e+00
-5.874427556991577148e-01
-6.312461495399475098e-01
5.416467785835266113e-01
1.806153804063796997e-01
-3.601683676242828369e-01
-1.853152811527252197e-01
9.679657965898513794e-02
-2.534049153327941895e-01
nan
nan
nan
nan
5.127999186515808105e-01
1.253526687622070312e+00
-5.859118103981018066e-01
8.906543999910354614e-02
9.154356122016906738e-01
3.286404013633728027e-01
-3.097975850105285645e-01
8.500467985868453979e-02
-4.664455950260162354e-01
6.349992156028747559e-01
-1.028164863586425781e+00
-2.002000063657760620e-01
-3.084743916988372803e-01
-1.250931143760681152e+00
-9.329614043235778809e-01
3.037859201431274414e-01
2.197274267673492432e-01
-9.011719226837158203e-01
-3.036263585090637207e-01
4.611936211585998535e-01
-1.737942546606063843e-01
-4.120404422283172607e-01
2.796672843396663666e-02
8.916209936141967773e-01
-7.480874657630920410e-01
6.744776368141174316e-01
-3.471579253673553467e-01
1.154427453875541687e-01
nan
nan
nan
nan
-3.014265596866607666e-01
-1.118675589561462402e+00
2.401344478130340576e-01
-1.315833162516355515e-02
-4.297932386398315430e-01
-2.771538197994232178e-01
2.544641792774200439e-01
-3.698216378688812256e-01
4.301922321319580078e-01
-5.212585330009460449e-01
-6.835597157478332520e-01
3.686684668064117432e-01
4.593003988265991211e-01
6.938498020172119141e-01
-1.598042249679565430e-01
-2.359955012798309326e-01
3.415498137474060059e-01
5.163379311561584473e-01
-4.237872958183288574e-01
6.870790123939514160e-01
2.855383157730102539e-01
-1.079823542386293411e-02
1.651909947395324707e-01
-5.333273410797119141e-01
-4.199392497539520264e-01
-1.103651285171508789e+00
-2.860690653324127197e-02
7.935624718666076660e-01
nan
nan
nan
nan
-3.686981499195098877e-01
2.608466744422912598e-01
-1.615372002124786377e-01
-3.336269408464431763e-02
3.418101668357849121e-01
-8.226514458656311035e-01
8.367205411195755005e-02
1.526721380650997162e-02
-9.058891981840133667e-02
5.843147635459899902e-03
-2.934738397598266602e-01
-2.332495450973510742e-01
-1.816855743527412415e-02
4.040311276912689209e-02
3.781414330005645752e-01
8.649128079414367676e-01
2.625346183776855469e-01
-2.218818962574005127e-01
4.257508218288421631e-01
4.762157201766967773e-01
-4.036194980144500732e-01
9.221565723419189453e-02
-5.704696774482727051e-01
-1.190856814384460449e+00
8.785164356231689453e-02
-3.951833248138427734e-01
-2.584242522716522217e-01
-3.502022922039031982e-01
nan
nan
nan
nan
-2.552432119846343994e-01
-1.019252777099609375e+00
5.161980986595153809e-01
6.024315357208251953e-01
-4.066420495510101318e-01
-1.397829771041870117e+00
3.716623783111572266e-01
3.117241561412811279e-01
-4.869640171527862549e-01
-4.525525867938995361e-01
6.619992852210998535e-01
-2.584196329116821289e-01
8.475341796875000000e-01
-2.985480129718780518e-01
-6.996797770261764526e-02
-8.353815674781799316e-01
2.144100517034530640e-01
-5.379214286804199219e-01
-1.005714774131774902e+00
-2.215166836977005005e-01
-7.011487483978271484e-01
2.061579972505569458e-01
-2.906196713447570801e-01
3.439605534076690674e-01
2.033103108406066895e-01
6.502872109413146973e-01
-1.106124296784400940e-01
-1.089813232421875000e+00
nan
nan
nan
nan
4.519158005714416504e-01
-2.851554453372955322e-01
-3.903579115867614746e-01
6.634313464164733887e-01
6.040401011705398560e-02
3.047227263450622559e-01
-2.692840695381164551e-01
-6.513853371143341064e-02
-4.365033507347106934e-01
-2.815094590187072754e-01
4.198703467845916748e-01
7.409766316413879395e-01
5.445082187652587891e-01
3.855442702770233154e-01
-1.466641068458557129e+00
-3.766997484490275383e-03
1.199227720499038696e-01
2.978069484233856201e-01
9.816036224365234375e-01
5.407359600067138672e-01
-7.262446880340576172e-01
5.959693789482116699e-01
4.583835601806640625e-01
-1.027902007102966309e+00
-5.027589201927185059e-01
-6.191137060523033142e-02
-3.377684578299522400e-02
-7.315442711114883423e-02
nan
nan
nan
nan
-1.072444558143615723e+00
-6.836470365524291992e-01
-8.792668581008911133e-01
-2.171598076820373535e-01
7.371229678392410278e-02
2.585156857967376709e-01
-2.925592660903930664e-01
2.034123092889785767e-01
2.655827105045318604e-01
1.153750158846378326e-02
1.472240209579467773e+00
-4.223181009292602539e-01
-6.952317953109741211e-01
-6.960402131080627441e-01
1.041031837463378906e+00
-6.602072119712829590e-01
-1.713147908449172974e-01
-4.663627445697784424e-01
3.299868106842041016e-01
-6.143184304237365723e-01
1.854949593544006348e-01
-8.859902024269104004e-01
3.257046639919281006e-01
7.840069942176342010e-03
4.162906706333160400e-01
-4.591376185417175293e-01
8.659619688987731934e-01
5.943685397505760193e-02
nan
nan
nan
nan
-1.452387422323226929e-01
-5.426993966102600098e-01
2.496683150529861450e-01
1.011868789792060852e-01
-1.690181940793991089e-01
-3.386082947254180908e-01
1.272903323173522949e+00
4.992811083793640137e-01
5.639028549194335938e-01
1.852444410324096680e-01
-3.190919291228055954e-03
4.593382775783538818e-01
-3.814701437950134277e-01
-1.056958660483360291e-01
4.843823239207267761e-02
1.018110886216163635e-01
-3.867784142494201660e-01
5.131914615631103516e-01
1.559152901172637939e-01
4.685283601284027100e-01
-4.695809781551361084e-01
-1.740322560071945190e-01
-1.099097952246665955e-01
3.827599287033081055e-01
-8.225623965263366699e-01
4.366684257984161377e-01
2.205474823713302612e-01
-2.395555824041366577e-01
nan
nan
nan
nan
-6.103687882423400879e-01
3.208554163575172424e-02
-2.675781548023223877e-01
9.456304311752319336e-01
2.489480078220367432e-01
2.183931767940521240e-01
3.142885267734527588e-01
-2.711388468742370605e-01
1.815736740827560425e-01
3.718214333057403564e-01
-1.678986549377441406e-01
5.331994891166687012e-01
7.249753475189208984e-01
6.250237822532653809e-01
-5.212411284446716309e-01
-5.052042007446289062e-01
4.721679091453552246e-01
1.366059631109237671e-01
-3.228553533554077148e-01
4.880587756633758545e-01
3.807893693447113037e-01
7.246775627136230469e-01
-2.847545444965362549e-01
7.434422373771667480e-01
-9.360321164131164551e-01
-1.147843599319458008e+00
2.637561857700347900e-01
-9.499798715114593506e-02
nan
nan
nan
nan
3.270965814590454102e-01
-9.304978847503662109e-01
-5.392518267035484314e-02
3.174606338143348694e-02
-9.221416711807250977e-01
5.922061800956726074e-01
-1.440513283014297485e-01
-9.463130235671997070e-01
-3.312045335769653320e-02
-5.554404258728027344e-01
-2.004678398370742798e-01
1.074237704277038574e+00
-1.008769273757934570e+00
-6.386463642120361328e-01
8.924162387847900391e-01
8.855550885200500488e-01
-4.206213355064392090e-01
1.675284266471862793e+00
6.152142882347106934e-01
7.848125696182250977e-02
-1.636268645524978638e-01
1.832467019557952881e-01
-1.708633750677108765e-01
2.617998421192169189e-01
1.072585862129926682e-02
-1.116792321205139160e+00
2.109630405902862549e-01
-6.653212755918502808e-02
nan
nan
nan
nan
1.585020869970321655e-02
1.049304604530334473e-01
-4.693439006805419922e-01
-2.898044884204864502e-01
-5.293755531311035156e-01
3.310299515724182129e-01
3.099584579467773438e-01
3.449210226535797119e-01
-5.497709512710571289e-01
3.758711218833923340e-01
6.002466082572937012e-01
7.175410985946655273e-01
2.007669955492019653e-01
6.646279990673065186e-02
5.726066231727600098e-01
-1.406627148389816284e-01
8.267188072204589844e-01
-5.814386010169982910e-01
3.871433138847351074e-01
-8.937420248985290527e-01
-5.410454273223876953e-01
2.682587504386901855e-01
8.979590982198715210e-02
-7.212390303611755371e-01
-2.702096998691558838e-01
6.378280520439147949e-01
3.634026348590850830e-01
4.259574413299560547e-01
nan
nan
nan
nan
-6.850587725639343262e-01
-1.435910582542419434e+00
-8.038498461246490479e-02
-3.553369045257568359e-01
1.058773696422576904e-01
-1.847684532403945923e-01
-5.699992924928665161e-02
-2.295438498258590698e-01
-1.012471914291381836e-01
-1.272601366043090820e+00
2.743206322193145752e-01
1.055384278297424316e-01
2.371185570955276489e-01
1.939294785261154175e-01
9.876997470855712891e-01
6.389725953340530396e-02
-4.468766152858734131e-01
6.151141524314880371e-01
-7.249074578285217285e-01
-5.064731463789939880e-02
-2.126243561506271362e-01
5.666385293006896973e-01
2.941142618656158447e-01
-2.969805896282196045e-01
-3.865315020084381104e-01
-6.323477625846862793e-01
9.245013594627380371e-01
-5.950838923454284668e-01
nan
nan
nan
nan
2.836555242538452148e-01
-8.643188476562500000e-01
-5.114231705665588379e-01
-2.163875848054885864e-01
2.346879057586193085e-02
1.036830991506576538e-01
-5.278063416481018066e-01
2.564556896686553955e-01
4.952610433101654053e-01
7.315009236335754395e-01
1.532304286956787109e-01
-1.147037863731384277e+00
-4.736491739749908447e-01
1.005261018872261047e-01
5.187292117625474930e-03
-9.451827965676784515e-03
-1.315876543521881104e-01
-7.292469739913940430e-01
1.493751853704452515e-01
-1.651821285486221313e-01
8.262157440185546875e-01
-1.755994260311126709e-01
4.979521632194519043e-01
-2.945004701614379883e-01
-4.515258073806762695e-01
1.898461282253265381e-01
-5.655162930488586426e-01
-7.462515234947204590e-01
nan
nan
nan
nan
1.865883469581604004e+00
1.380295872688293457e+00
-9.126748889684677124e-02
-8.060341477394104004e-01
1.364546179771423340e+00
9.239225089550018311e-02
4.815999418497085571e-02
1.275708824396133423e-01
7.871849089860916138e-02
2.199793606996536255e-01
-7.326619029045104980e-01
-6.186415553092956543e-01
-1.458333525806665421e-02
4.553545415401458740e-01
4.359978437423706055e-01
4.763472676277160645e-01
-1.118857562541961670e-01
1.163939535617828369e-01
4.665281772613525391e-01
1.365765184164047241e-01
-2.723315358161926270e-01
2.984109222888946533e-01
-1.229132115840911865e-01
6.322908997535705566e-01
-2.844877541065216064e-01
-2.798476219177246094e-01
nan
-4.241517484188079834e-01
nan
nan
nan
nan
-1.679483950138092041e-01
-2.354969382286071777e-01
-4.929743111133575439e-01
-5.299891829490661621e-01
-2.240243926644325256e-02
1.028397321701049805e+00
-2.188873440027236938e-01
4.047815799713134766e-01
1.259509921073913574e-01
7.176678776741027832e-01
8.080710172653198242e-01
2.944802939891815186e-01
5.844404101371765137e-01
2.073941081762313843e-01
2.179578542709350586e-01
1.413579225540161133e+00
2.014123648405075073e-01
-7.063143253326416016e-01
1.933414041996002197e-01
6.093280911445617676e-01
-7.023190259933471680e-01
9.399806857109069824e-01
6.988192796707153320e-01
-7.547852993011474609e-01
5.045416355133056641e-01
9.494770765304565430e-01
7.970895767211914062e-01
6.440629065036773682e-02
nan
nan
nan
nan
-5.008905529975891113e-01
-5.950143337249755859e-01
nan
-2.783049643039703369e-01
-3.686183691024780273e-02
-5.344952940940856934e-01
6.615599989891052246e-01
-7.608132958412170410e-01
5.856592655181884766e-01
6.094871759414672852e-01
8.566666394472122192e-02
-5.223792195320129395e-01
-5.310229659080505371e-01
-3.765579164028167725e-01
-7.997001707553863525e-02
-1.148392677307128906e+00
-9.022540450096130371e-01
2.329255193471908569e-01
-4.387392997741699219e-01
-5.428833365440368652e-01
-4.550420865416526794e-02
1.936485767364501953e-01
1.235754340887069702e-01
-2.760373950004577637e-01
-3.920304179191589355e-01
1.356165707111358643e-01
1.623835414648056030e-01
6.490424275398254395e-01
nan
nan
nan
nan
6.686936318874359131e-02
3.852209746837615967e-01
9.266787767410278320e-01
-4.403006136417388916e-01
-4.559452235698699951e-01
1.044318675994873047e-01
-2.638702094554901123e-01
5.650794878602027893e-02
-8.689412474632263184e-01
-2.695743925869464874e-02
-3.388011455535888672e-01
-8.247170448303222656e-01
-5.493723154067993164e-01
-2.948555350303649902e-01
1.017581447958946228e-01
-5.913602113723754883e-01
-7.857964634895324707e-01
-1.472819447517395020e-01
1.015124917030334473e+00
-8.342887163162231445e-01
-4.693837091326713562e-02
-2.866245210170745850e-01
-1.579208076000213623e-01
-2.835114300251007080e-01
-6.138486862182617188e-01
-8.312313556671142578e-01
-6.980765461921691895e-01
-7.330579161643981934e-01
nan
nan
nan
nan
-1.262520067393779755e-02
-9.787784218788146973e-01
-2.823139131069183350e-01
-8.481407165527343750e-01
-4.415607154369354248e-01
3.591856062412261963e-01
9.792013764381408691e-01
2.536971867084503174e-01
-6.535076498985290527e-01
3.445060849189758301e-01
-9.537946432828903198e-02
4.987883865833282471e-01
-1.136823654174804688e+00
-1.152912974357604980e+00
-8.761448860168457031e-01
-2.867189608514308929e-02
-1.162673354148864746e+00
4.928787052631378174e-01
7.960600256919860840e-01
-5.415195226669311523e-02
1.657591462135314941e-01
1.728541553020477295e-01
-5.483704209327697754e-01
1.919605433940887451e-01
-1.386106908321380615e-01
-9.017794728279113770e-01
7.353377938270568848e-01
-3.710424900054931641e-02
nan
nan
nan
nan
-7.301823496818542480e-01
-7.009558081626892090e-01
-4.734342992305755615e-01
1.063130617141723633e+00
-1.183252558112144470e-01
1.893599480390548706e-01
2.317579984664916992e-01
6.668814420700073242e-01
1.078170537948608398e+00
8.201382756233215332e-01
-4.817167669534683228e-02
3.956360518932342529e-01
-2.442240566015243530e-01
-1.052984818816184998e-01
-3.781844079494476318e-01
2.410566657781600952e-01
-3.717189133167266846e-01
-2.368156462907791138e-01
2.652764320373535156e-01
2.520937323570251465e-01
-1.013539433479309082e+00
-7.284961342811584473e-01
3.023909926414489746e-01
1.098013520240783691e+00
-4.285021126270294189e-01
4.493368864059448242e-01
-2.532920241355895996e-01
-1.741798073053359985e-01
nan
nan
