nan
nan
-1.828807592391967773e-01
-3.287894129753112793e-01
-4.700944721698760986e-01
1.194548606872558594e-01
2.180650085210800171e-02
-1.837621480226516724e-01
-7.219909429550170898e-01
3.499586880207061768e-01
3.937113881111145020e-01
7.159696817398071289e-01
-1.910152584314346313e-01
1.621572375297546387e-01
-1.472770869731903076e-01
2.025832831859588623e-01
3.594750165939331055e-01
5.252192169427871704e-02
3.141350746154785156e-01
-4.405818283557891846e-01
-1.779668033123016357e-01
1.443109363317489624e-01
-2.830448448657989502e-01
7.431169599294662476e-02
4.418009817600250244e-01
-1.476963460445404053e-01
-3.374868258833885193e-02
2.907906174659729004e-01
5.600807666778564453e-01
1.495437771081924438e-01
nan
nan
nan
nan
6.367571651935577393e-02
9.529405236244201660e-01
-3.948394581675529480e-02
5.705500394105911255e-02
5.203030109405517578e-01
-2.847757190465927124e-02
-5.599372982978820801e-01
1.651842743158340454e-01
5.485631152987480164e-02
-2.502360567450523376e-02
-9.380787611007690430e-02
6.071411967277526855e-01
5.998676419258117676e-01
-4.459511861205101013e-02
-6.146703287959098816e-02
-1.068717688322067261e-01
-5.401675105094909668e-01
4.392490983009338379e-01
5.336802005767822266e-01
1.699204444885253906e-01
-6.248925998806953430e-02
-2.130157798528671265e-01
5.245253816246986389e-02
-2.771779596805572510e-01
-3.673965632915496826e-01
-8.188408017158508301e-01
5.941177010536193848e-01
-6.489182114601135254e-01
nan
nan
nan
nan
-3.999664261937141418e-02
6.104332804679870605e-01
-2.857111580669879913e-02
2.087395042181015015e-01
8.278283476829528809e-01
-1.352866142988204956e-01
2.236702144145965576e-01
1.673973947763442993e-01
-1.019776239991188049e-01
-5.807000994682312012e-01
8.404763340950012207e-01
2.468657307326793671e-02
-4.222071170806884766e-01
-8.448471128940582275e-02
5.014918446540832520e-01
-5.075483322143554688e-01
8.662003278732299805e-01
-9.315986931324005127e-02
3.881123363971710205e-01
-7.820606231689453125e-01
-1.082549571990966797e+00
3.034920394420623779e-01
4.970439672470092773e-01
2.467546910047531128e-01
6.625999212265014648e-01
1.462851017713546753e-01
7.460180521011352539e-01
1.379095315933227539e-01
nan
nan
nan
nan
2.847048044204711914e-01
3.642234802246093750e-01
3.557071983814239502e-01
-1.236142992973327637e+00
3.901199996471405029e-01
-5.999251008033752441e-01
-4.072706997394561768e-01
2.457276433706283569e-01
-9.250063449144363403e-02
6.130078807473182678e-03
4.825789332389831543e-01
-5.185781046748161316e-02
1.081255435943603516e+00
2.905463799834251404e-02
-1.857946626842021942e-02
-3.297785818576812744e-01
3.461758196353912354e-01
-6.811290979385375977e-01
-4.254839420318603516e-01
5.107334852218627930e-01
1.113834008574485779e-01
-8.095607906579971313e-02
-3.123308345675468445e-02
3.352278470993041992e-01
-1.609955281019210815e-01
-2.201883792877197266e-01
-5.281839966773986816e-01
-8.419560194015502930e-01
nan
nan
nan
nan
6.095621585845947266e-01
-8.837131410837173462e-02
-2.309620380401611328e-02
3.786264359951019287e-01
-1.095999106764793396e-01
-1.381347775459289551e+00
3.160975277423858643e-01
-2.203441709280014038e-01
2.978590130805969238e-01
-6.354134082794189453e-01
1.121361926198005676e-01
1.196227446198463440e-01
-4.182785376906394958e-02
-1.755323112010955811e-01
-6.249515414237976074e-01
-3.999587595462799072e-01
-8.829279541969299316e-01
1.951240934431552887e-02
2.662432789802551270e-01
-6.673220992088317871e-01
5.804314613342285156e-01
4.730134606361389160e-01
1.138990640640258789e+00
-1.748358160257339478e-01
1.262428518384695053e-02
3.437111973762512207e-01
-8.271526694297790527e-01
4.243601560592651367e-01
nan
nan
nan
nan
1.509125996381044388e-02
-4.088389575481414795e-01
5.664169788360595703e-01
-4.872781932353973389e-01
-5.116720199584960938e-01
8.406734466552734375e-01
1.296736299991607666e-01
1.048609465360641479e-01
-1.372975826263427734e+00
-8.314193487167358398e-01
-7.845659255981445312e-01
8.642852306365966797e-02
-4.995858371257781982e-01
-4.868377149105072021e-01
6.756746768951416016e-01
-5.768551230430603027e-01
-1.937008351087570190e-01
-1.552284955978393555e-01
3.715833723545074463e-01
5.705793499946594238e-01
-8.603105321526527405e-03
8.938935399055480957e-01
-5.196858644485473633e-01
4.004186987876892090e-01
3.275419473648071289e-01
7.973998039960861206e-02
-7.910261750221252441e-01
-4.615150857716798782e-03
nan
nan
nan
nan
-7.132513523101806641e-01
-2.265775352716445923e-01
5.342063903808593750e-01
3.005889654159545898e-01
4.101384580135345459e-01
4.366078972816467285e-01
-4.427518248558044434e-01
5.357983708381652832e-01
3.961819112300872803e-01
-5.045745894312858582e-02
-1.089782834053039551e+00
-8.885242976248264313e-03
4.027263447642326355e-02
-4.716584086418151855e-02
2.279699742794036865e-01
5.095049142837524414e-01
1.304353326559066772e-01
-1.441678106784820557e-01
3.014294505119323730e-01
7.874743342399597168e-01
5.938763022422790527e-01
-3.371400833129882812e-01
-1.490595698356628418e+00
-6.984749436378479004e-01
-6.622973084449768066e-01
5.540769696235656738e-01
-7.399504184722900391e-01
-2.430694550275802612e-01
nan
nan
nan
nan
-3.146150410175323486e-01
-3.402185440063476562e-01
-3.099234998226165771e-01
6.833479404449462891e-01
-1.149071455001831055e-01
-7.214064151048660278e-02
7.212973833084106445e-01
4.949428737163543701e-01
8.655749261379241943e-02
-4.211072027683258057e-01
-2.876002192497253418e-01
-9.266985654830932617e-01
-1.368905752897262573e-01
-5.915683507919311523e-01
-9.907459467649459839e-02
-9.392105787992477417e-02
-4.052138328552246094e-01
2.094994485378265381e-01
-7.184395790100097656e-01
9.217290207743644714e-03
-1.956369429826736450e-01
-3.287067711353302002e-01
-5.455347895622253418e-01
4.623732715845108032e-02
-2.114518731832504272e-01
-4.710957407951354980e-01
-4.335915148258209229e-01
1.871640793979167938e-02
nan
nan
nan
nan
6.877326965332031250e-01
-1.673473596572875977e+00
1.664161384105682373e-01
1.856292784214019775e-01
-3.922298923134803772e-02
-1.232111081480979919e-01
1.004737734794616699e+00
7.149896621704101562e-01
4.423594772815704346e-01
8.402107656002044678e-02
2.025653719902038574e-01
1.990993916988372803e-01
-4.148135483264923096e-01
4.060112833976745605e-01
-3.956829309463500977e-01
-7.681027054786682129e-01
-2.786785066127777100e-01
1.125593902543187141e-03
-4.860259592533111572e-01
-1.666988134384155273e-01
9.140235930681228638e-02
-1.043034672737121582e+00
3.794636726379394531e-01
4.707985818386077881e-01
8.240970969200134277e-02
-5.063001513481140137e-01
-1.454860568046569824e-01
-1.419651955366134644e-01
nan
nan
nan
nan
-5.714082121849060059e-01
1.685438007116317749e-01
-2.152143716812133789e-01
2.873547077178955078e-01
7.891862094402313232e-02
-2.204991728067398071e-01
-3.820616900920867920e-01
4.314299225807189941e-01
-8.463475108146667480e-01
-6.138584017753601074e-01
6.488320231437683105e-01
1.356963068246841431e-02
-4.163258671760559082e-01
-6.051956415176391602e-01
-2.880644202232360840e-01
4.473466575145721436e-01
-4.147318303585052490e-01
9.915970563888549805e-01
7.581400871276855469e-02
5.595346689224243164e-01
3.745970129966735840e-01
-1.246957182884216309e+00
3.469243645668029785e-01
2.014175802469253540e-01
8.486474752426147461e-01
-2.437716349959373474e-02
-4.863152801990509033e-01
-6.088296771049499512e-01
nan
nan
nan
nan
-1.478080451488494873e-01
3.869862556457519531e-01
9.097097516059875488e-01
-1.027323365211486816e+00
9.239486455917358398e-01
9.923778176307678223e-01
8.587380051612854004e-01
6.851969361305236816e-01
-2.772139906883239746e-01
-3.164012134075164795e-01
1.231333836913108826e-01
1.627266258001327515e-01
7.695490121841430664e-01
-2.893117070198059082e-01
-4.494280815124511719e-01
-3.464910387992858887e-01
5.616315007209777832e-01
1.174804661422967911e-02
4.824655652046203613e-01
-6.646900773048400879e-01
-4.180056750774383545e-01
-9.199076890945434570e-01
-5.243588089942932129e-01
4.408122897148132324e-01
8.370979428291320801e-01
-1.627995260059833527e-02
-1.497787088155746460e-01
-9.753001481294631958e-02
nan
nan
nan
nan
1.297953844070434570e+00
-8.968056440353393555e-01
3.491133749485015869e-01
-6.534336805343627930e-01
-3.567443192005157471e-01
3.816293179988861084e-02
-4.644883573055267334e-01
-9.205824732780456543e-01
1.590433567762374878e-01
-1.704127192497253418e-01
-5.910542011260986328e-01
9.036827683448791504e-01
-1.854412108659744263e-01
1.417236477136611938e-01
3.838645815849304199e-01
1.000413894653320312e+00
2.426500059664249420e-02
2.884958982467651367e-01
4.667730331420898438e-01
2.494910359382629395e-01
-4.056510925292968750e-01
3.656609654426574707e-01
-2.373349815607070923e-01
1.084248661994934082e+00
2.838329970836639404e-01
-7.963053882122039795e-02
-7.448318004608154297e-01
2.692257799208164215e-02
nan
nan
nan
nan
-4.454586505889892578e-01
6.066374853253364563e-02
-9.235951304435729980e-02
3.459488749504089355e-01
-9.740945100784301758e-01
6.796458363533020020e-01
-1.106642365455627441e+00
-7.595513463020324707e-01
-5.082480907440185547e-01
-1.057571992278099060e-01
-3.920359015464782715e-01
-6.194307804107666016e-01
3.183795213699340820e-01
5.563270449638366699e-01
-3.223343789577484131e-01
7.387079000473022461e-01
-1.705222576856613159e-02
-5.798808336257934570e-01
-2.190342992544174194e-01
2.630591392517089844e-01
2.088556438684463501e-01
1.146676540374755859e+00
3.406187891960144043e-01
2.238727957010269165e-01
4.752691984176635742e-01
-5.685257315635681152e-01
-4.771690070629119873e-02
7.395143806934356689e-02
nan
nan
nan
nan
-3.717659711837768555e-01
1.692999270744621754e-03
7.955660670995712280e-02
-6.912329047918319702e-02
7.360102534294128418e-01
-3.598328530788421631e-01
3.046535551548004150e-01
-2.970123887062072754e-01
3.062353134155273438e-01
7.332357168197631836e-01
-3.335035964846611023e-02
6.020627617835998535e-01
-4.464111849665641785e-02
-9.249348640441894531e-01
-2.541299164295196533e-01
-1.040864586830139160e+00
-3.987747132778167725e-01
-5.888138413429260254e-01
-2.931747138500213623e-01
5.046194791793823242e-01
5.233229994773864746e-01
-1.836686134338378906e-01
1.968128979206085205e-01
1.814191974699497223e-02
3.634723424911499023e-01
3.110787086188793182e-02
5.301558375358581543e-01
-7.707242667675018311e-02
nan
nan
nan
nan
2.445339262485504150e-01
4.222892224788665771e-01
-7.688649892807006836e-01
2.551073953509330750e-02
7.254292964935302734e-01
3.497959077358245850e-01
2.932918071746826172e-01
2.213499844074249268e-01
3.267723321914672852e-01
-1.962239295244216919e-01
-4.386613667011260986e-01
9.593869000673294067e-02
2.040318995714187622e-01
6.152744293212890625e-01
1.606204211711883545e-01
4.195293039083480835e-02
-4.411521553993225098e-01
3.903991878032684326e-01
7.272938638925552368e-02
3.982575237751007080e-01
-4.070992469787597656e-01
7.779974341392517090e-01
-1.504509001970291138e-01
-9.697603583335876465e-01
8.905102610588073730e-01
8.761444687843322754e-01
5.295590162277221680e-01
3.532798290252685547e-01
nan
nan
nan
nan
-4.266182333230972290e-02
-2.634024918079376221e-01
9.629659056663513184e-01
9.693753123283386230e-01
7.091056108474731445e-01
-1.995210647583007812e-01
7.437470555305480957e-01
-5.709912180900573730e-01
-8.752027899026870728e-02
1.497254371643066406e-01
-2.666315436363220215e-01
4.919799044728279114e-02
5.139206051826477051e-01
4.373732507228851318e-01
1.370785683393478394e-01
1.922073215246200562e-01
3.092501163482666016e-01
-3.848271071910858154e-01
8.765218257904052734e-01
-7.100846171379089355e-01
7.800028324127197266e-01
9.125063568353652954e-02
-3.499906659126281738e-01
-6.418534517288208008e-01
-4.788324832916259766e-01
6.278246045112609863e-01
-1.900940239429473877e-01
-5.155807137489318848e-01
nan
nan
nan
nan
6.184874176979064941e-01
1.145828962326049805e-01
-1.809524744749069214e-01
-5.952624138444662094e-03
6.470485329627990723e-01
2.070098817348480225e-01
-4.876602888107299805e-01
-3.328431844711303711e-01
1.546049565076828003e-01
4.663417041301727295e-01
1.262175142765045166e-01
-3.732831478118896484e-01
1.394521892070770264e-01
-2.954306006431579590e-01
-2.118301093578338623e-01
-9.531220048666000366e-02
-7.266200333833694458e-02
3.119468092918395996e-01
4.922847151756286621e-01
-7.296817898750305176e-01
-5.904126763343811035e-01
-6.475862860679626465e-01
-5.386479496955871582e-01
-2.919534742832183838e-01
3.640535175800323486e-01
-3.360189199447631836e-01
-1.337708719074726105e-02
1.156220138072967529e-01
nan
nan
nan
nan
-3.664348721504211426e-01
3.827016949653625488e-01
2.057829052209854126e-01
1.297429323196411133e+00
-6.076194345951080322e-02
-2.634925544261932373e-01
7.015811204910278320e-01
-2.379495203495025635e-01
2.211388051509857178e-01
-4.927330650389194489e-03
3.282556831836700439e-01
-1.523185074329376221e-01
-5.965267419815063477e-01
3.844912946224212646e-01
-3.363592922687530518e-01
1.721282243728637695e+00
-1.152753710746765137e+00
-7.135860323905944824e-01
5.476783514022827148e-01
-6.644762754440307617e-01
4.565146863460540771e-01
-5.282437801361083984e-01
7.046045064926147461e-01
-1.290196832269430161e-02
-1.679165661334991455e-02
-3.721120581030845642e-02
1.189624238759279251e-02
-3.669874072074890137e-01
nan
nan
nan
nan
6.386832594871520996e-01
3.642315864562988281e-01
-9.826780110597610474e-02
-2.192184627056121826e-01
6.497121602296829224e-02
2.091588973999023438e-01
-6.786666810512542725e-03
-5.461936593055725098e-01
-6.233227252960205078e-01
5.364142060279846191e-01
3.027755916118621826e-01
2.675324380397796631e-01
-1.659166663885116577e-01
9.469854831695556641e-01
7.217776179313659668e-01
2.353520840406417847e-01
-2.707993686199188232e-01
1.212415546178817749e-01
3.115594573318958282e-02
-7.199944853782653809e-01
-7.615136355161666870e-02
-4.149209856986999512e-01
1.968725770711898804e-01
-3.885702788829803467e-01
-1.782319396734237671e-01
-6.295278668403625488e-01
nan
5.553863048553466797e-01
nan
nan
nan
nan
2.845147252082824707e-01
3.586222827434539795e-01
2.101628929376602173e-01
-4.902274012565612793e-01
3.151060044765472412e-01
-3.213775157928466797e-01
6.996832787990570068e-02
-2.934737503528594971e-01
4.030232131481170654e-01
4.460682272911071777e-01
-6.344284415245056152e-01
1.075901746749877930e+00
-8.855370432138442993e-02
1.732246726751327515e-01
-3.164744377136230469e-01
-1.345598995685577393e-01
-5.518265366554260254e-01
1.061078011989593506e-01
-5.087295770645141602e-01
-1.752958260476589203e-02
-2.490670531988143921e-01
1.424722224473953247e-01
1.560153812170028687e-02
2.299035191535949707e-01
4.603643417358398438e-01
-1.859000623226165771e-01
7.340545058250427246e-01
-6.517468136735260487e-04
nan
nan
nan
nan
1.051105499267578125e+00
-3.399027287960052490e-01
nan
-4.973836243152618408e-01
-8.555731177330017090e-02
6.950982809066772461e-01
6.751580238342285156e-01
4.377086162567138672e-01
1.079397872090339661e-01
1.205639317631721497e-01
5.220501422882080078e-01
-2.832750380039215088e-01
3.385980427265167236e-01
5.917184948921203613e-01
-1.521059721708297729e-01
4.001516997814178467e-01
-2.290596663951873779e-01
1.391320824623107910e-01
-3.956899344921112061e-01
-4.800929129123687744e-01
-3.690179884433746338e-01
6.672896146774291992e-01
-6.726253628730773926e-01
-1.951516270637512207e-01
2.916768491268157959e-01
-2.087798118591308594e-01
3.813751339912414551e-01
8.556213378906250000e-01
nan
nan
nan
nan
-1.675880551338195801e-01
-1.161407470703125000e+00
-3.493383824825286865e-01
-4.615997374057769775e-01
1.043266415596008301e+00
-1.345746994018554688e+00
-2.460466772317886353e-01
-2.359675019979476929e-01
-9.919936209917068481e-02
5.784664750099182129e-01
7.037881761789321899e-02
4.493434131145477295e-01
9.847835302352905273e-01
4.024370312690734863e-01
7.908988595008850098e-01
1.750845015048980713e-01
-3.007402718067169189e-01
8.549662828445434570e-01
3.422734141349792480e-01
-4.553455114364624023e-01
-4.351326525211334229e-01
4.241452217102050781e-01
-3.834350267425179482e-03
3.670316934585571289e-01
-1.072183609008789062e+00
-2.211768180131912231e-02
7.828723639249801636e-02
2.405194789171218872e-01
nan
nan
nan
nan
-6.938315927982330322e-02
4.236709773540496826e-01
3.592121899127960205e-01
1.602603495121002197e-02
-6.096979379653930664e-01
2.729500234127044678e-01
-4.413708150386810303e-01
4.554699957370758057e-01
4.964624643325805664e-01
1.413881219923496246e-02
-7.341780662536621094e-01
5.673307180404663086e-01
2.698867619037628174e-01
1.731764972209930420e-01
-2.452123016119003296e-01
1.084540411829948425e-02
1.803184486925601959e-02
5.748594999313354492e-01
-5.891733765602111816e-01
-1.595328599214553833e-01
-2.214016579091548920e-02
8.383909463882446289e-01
5.382549762725830078e-01
1.797582954168319702e-01
-2.820170819759368896e-01
-1.103597953915596008e-01
-4.323116838932037354e-01
5.060009956359863281e-01
nan
nan
nan
nan
1.581104099750518799e-02
-9.397848844528198242e-01
7.037176191806793213e-02
-6.018515825271606445e-01
4.195231497287750244e-01
-3.182611167430877686e-01
-3.362697958946228027e-01
2.187090367078781128e-01
-1.663835346698760986e-02
3.898301124572753906e-01
-2.393787652254104614e-01
-4.680385291576385498e-01
2.921273112297058105e-01
-2.808973491191864014e-01
-8.897380828857421875e-01
-2.400894463062286377e-02
-2.551511824131011963e-01
4.986872076988220215e-01
3.491178452968597412e-01
-2.005816251039505005e-01
-4.491124153137207031e-01
3.148711919784545898e-01
-1.125610023736953735e-01
5.647879242897033691e-01
-7.427085041999816895e-01
-4.076477587223052979e-01
-1.538913249969482422e-01
-6.980106830596923828e-01
nan
nan
