nan
nan
-2.626063923041025913e-02
3.862934377458360213e-01
1.383706410725911384e+00
-4.215176370408799666e-01
1.105084551705254464e-01
4.548613760206434709e-01
-6.240049468146430245e-01
-6.217525800069173547e-01
3.114071687062581195e-01
-4.543639818827311383e-01
-2.451461421118842354e-01
-5.049474702941046667e-02
-1.444728109571668861e+00
-8.583013216654460098e-02
1.240487363603380022e-01
-6.063664224412705916e-01
-3.095160921414693081e-02
2.231238153245714007e-01
4.051005310482448940e-01
-4.443329440222846261e-01
3.634539975060356864e-01
-1.002961052788628571e+00
-2.663125462002224331e-01
2.295281622144910993e-01
1.137146684858534040e-01
7.613374392191568640e-01
3.717394934760199776e-01
-1.154225985209147209e+00
nan
nan
nan
nan
-3.383866416083441964e-01
-7.401384247673882533e-02
-6.199321746826171875e-01
2.675915824042426339e-01
2.443519168429904576e-01
9.175515174865722656e-02
6.831848621368408203e-02
1.405181156264411054e-03
-9.769806332058377230e-01
1.059397591484917633e+00
5.833342340257432479e-01
-5.709382163153754464e-01
-6.425928009880913505e-01
2.105353143480089007e-01
7.320162985059950334e-01
2.226818667517768136e-01
5.551148520575629464e-01
4.804235696792602539e-02
-2.824643452962239398e-01
-4.541852739122178573e-01
8.132912317911783484e-01
-5.039978557162814177e-01
-6.898730066087510604e-01
2.511252032385932198e-01
-1.715074247784084682e-01
3.723194069332546596e-01
-3.279536300235324497e-01
2.305557462904188337e-01
nan
nan
nan
nan
8.677811092800564730e-01
5.231884320576986047e-01
-1.112134509616427902e+00
4.124270810021294364e-01
7.415440347459580916e-01
8.632246653238931922e-01
-8.391545216242472793e-02
4.272462262047661552e-01
4.817916552225748883e-01
5.102628072102864953e-01
-2.362491521570417655e-02
-1.757982042100694475e-01
-4.551828172471787948e-01
-5.543613963656954802e-01
2.174568441179063616e-01
-9.835735956827799109e-01
-1.381850666469997879e+00
-1.297886768976847238e-01
-3.587007787492539901e-01
-1.385851171281602678e-01
-8.420957989162869417e-01
2.080240117179023018e-01
-2.210363414552476702e-01
3.322889804840087891e-01
2.567937639024522323e-01
2.334720823499891462e-01
-5.094927151997884485e-01
-1.081825468275282143e+00
nan
nan
nan
nan
-5.941812197367349890e-01
2.160958581500583287e-01
-1.411973502900865374e-01
-8.566961023542615794e-02
2.991865078608195103e-02
-4.585214191012912388e-01
-5.849233733283148995e-01
5.788021617465548552e-01
-1.566108200285169783e-01
2.776128186119927177e-01
1.105481147766113281e+00
-4.066305160522460938e-01
-5.065911081102159041e-01
2.353259192572699776e-01
3.838781515757243024e-01
-3.232025230924288287e-03
-6.624757448832193640e-01
5.603435834248861047e-01
-1.111053013139300799e-02
-1.670132875442504883e-01
-1.996265914705064592e-01
9.553751415676541292e-01
1.490697013007269867e+00
-8.001730706956651229e-01
-2.192389302783542271e-01
-2.279408242967393694e-01
7.433860037061903459e-01
-1.524405479431152344e-01
nan
nan
nan
nan
-5.695490704642401647e-02
9.011903338962130583e-01
-5.305057631598578682e-01
1.664320627848307199e-01
6.738910675048828125e-01
-1.933443215158250558e-02
-4.208454026116265068e-01
-9.641012615627713167e-01
6.319333447350396205e-02
1.241465674506293304e+00
8.120522499084472656e-01
3.694460656907823104e-01
-6.399204995897080916e-01
-1.287812259462144671e-01
2.660115030076768416e-01
6.515333917405869979e-01
-6.075126859876844865e-01
-6.868799527486165735e-01
1.409082147810194197e-01
2.996203369564480190e-01
-5.372315512763129464e-01
-1.577240890926784878e-01
1.038900693257649666e+00
3.226375050014919643e-01
-7.495535744561089286e-01
-5.499094327290853235e-01
2.383008533053928013e-01
-3.125203649202982353e-02
nan
nan
nan
nan
1.257690985997517996e-01
-4.266030523512098771e-01
1.987402174207899275e-01
-6.755750974019368860e-01
1.312854342990451340e+00
-4.230661127302381974e-01
-2.977284855312771206e-01
-9.291863971286349333e-01
-5.829016367594400672e-01
3.919671972592671944e-02
-6.648318502638075334e-01
8.375398317972818640e-01
-6.157805654737684709e-01
-8.947963714599609375e-01
-1.472376055187649135e-01
-4.496667782465616631e-02
5.457842614915635604e-01
-4.941602812872992745e-01
2.265351083543565569e-01
8.488214015960693359e-02
-6.424555778503417969e-01
-5.852794647216796875e-01
7.239431275261772880e-01
4.170002672407362443e-01
8.302923308478461495e-01
-1.254726515875922432e-01
8.898541132609049109e-01
-4.402003288269042969e-01
nan
nan
nan
nan
3.275884787241618024e-01
-6.307658089531792411e-01
1.924979951646592913e-01
-3.098906940884060268e-01
-5.086852179633246651e-01
4.110483328501383649e-01
4.572911262512207031e-01
3.306222226884629745e-01
-2.829439375135633927e-01
-5.007415877448188057e-01
2.397046883900960379e-01
-1.624690824084811663e-02
-3.959057860904269810e-01
-3.405188189612494420e-02
6.030272377861870536e-01
-5.481212933858236047e-01
1.780387295616997489e-01
-1.250434133741590736e+00
1.256870830224619947e-03
6.169416639539930802e-01
6.184748808542887138e-02
-2.041267818874782924e-01
8.243591520521376115e-01
-4.681386417812771206e-01
2.373492982652452288e-01
-5.430154502391815186e-03
-5.218756530019971751e-02
1.002410146925184486e+00
nan
nan
nan
nan
-6.954214307996962052e-01
4.801475207010905133e-01
7.258275349934896203e-01
4.381191995408799666e-01
-4.719052314758300781e-01
-1.742206017176310129e-01
4.287413756052653180e-01
1.808258427513970146e-01
-2.641120221879746932e-01
-9.922023349338107145e-01
-5.208969116210937500e-01
-9.197523196538288925e-02
-4.893129136827256698e-01
-6.827663315667046318e-01
-6.456275516086154020e-01
-6.393055121103922989e-02
-9.966009192996555521e-02
-6.241246064503987862e-02
8.698551919725205916e-01
-1.956469350390964146e-01
-3.954404724968804130e-01
-8.085499869452582589e-01
3.516792919900682546e-02
-2.948614756266276227e-01
6.762158605787489396e-01
2.105312877231174107e-01
-3.534714380900065289e-01
-3.086046833131048366e-03
nan
nan
nan
nan
-3.380670017666286831e-01
-1.300989919238620396e-01
-1.646540853712293861e+00
-3.498189647992452217e-02
7.429718971252441406e-01
1.071191575792100670e+00
1.706120040681627092e-01
2.025656567679511300e-01
6.259678734673393974e-01
1.031935281223720913e-01
-6.595358848571777344e-01
-2.026285065544976005e-01
-8.125207689073350448e-01
2.397116687562730539e-02
2.209199269612630301e-01
-2.807965278625488281e-01
2.557579411400688896e-01
-1.019460572136773102e+00
-2.163033167521158706e+00
-1.626885732014974051e-01
-3.373720645904541016e-01
-4.142170217302110213e-01
1.802262994978162947e-01
-2.600438329908583146e-01
-1.331173843807644253e-01
1.252782212363349190e-01
8.860346476236978797e-01
-2.865876621670193081e-01
nan
nan
nan
nan
5.685722827911376953e-02
-5.625004768371582031e-01
-5.260807938045925641e-02
4.269251293606228237e-01
-7.570734553866915739e-01
2.171042627758449917e-01
-4.296290874481201172e-01
4.915608300103081474e-01
-6.357176568773057479e-01
1.015251543786790667e-01
8.247175216674804688e-01
1.118304146660698883e+00
9.851516087849935266e-01
-6.242259343465169641e-01
-2.271187802155812466e-02
7.439563539293077010e-01
7.323946423000760042e-01
5.065967771742079240e-01
2.445225980546739397e-01
-4.277027712927924386e-01
-1.880193286471896763e-01
6.677339341905381698e-01
1.368624263339572433e+00
7.305127382278442383e-02
-1.648313601811726981e-01
3.341999318864610213e-01
3.391068511539035435e-01
1.352864238950941267e-01
nan
nan
nan
nan
-5.730480617947049105e-01
1.216313656833436715e-02
-1.180920468436347098e-01
1.122689495484034163e-02
-5.236442883809407783e-02
5.405202971564398995e-01
1.074577013651530022e+00
-8.132215340932209824e-02
3.078369829389784318e-01
-4.416287210252549666e-01
1.119824912812974749e-01
-5.840586556328667411e-01
5.556312137179904020e-01
2.616148193677266323e-02
-3.831937577989366073e-01
-3.279000388251410714e-01
2.552417119344075336e-01
3.299331135219997768e-01
-5.085875723097059709e-01
-1.792234447267320452e-01
4.361681938171386719e-01
-4.256342781914604911e-01
6.246024237738715401e-01
8.715689447191026229e-01
1.521947860717773438e+00
8.889497121175130578e-01
-3.099641535017225724e-01
-3.494080172644721261e-01
nan
nan
nan
nan
-1.005090395609537834e+00
3.026284906599256974e-01
-8.344531059265136719e-01
-1.733671400282118080e+00
-8.532630072699652901e-01
-7.330706384446885604e-01
-1.878933939668867362e-02
-7.358336978488497770e-01
2.654166685210333776e-02
7.552157508002386999e-02
-4.406927161746554966e-01
2.735510932074652901e-01
1.632127496931287947e-01
6.198877758449978792e-01
1.107459068298339844e+00
-1.382271660698784821e+00
4.265967210133870258e-01
1.054986053042941685e-01
2.313475873735215960e-01
5.992901325225830078e-02
5.747024748060438615e-01
9.981534878412882950e-02
1.520171297921074638e-01
-9.712756342358058737e-02
-4.974626964992946987e-01
-2.173409329520331612e-01
-1.057565583123101227e+00
2.545614242553710938e-01
nan
nan
nan
nan
3.234024312761094588e-01
3.984592755635579242e-01
-7.231446372138129464e-01
-4.601189295450846539e-01
-3.523751099904378487e-02
-7.615577909681532365e-01
-6.759350564744737166e-01
-1.303680340449015207e-01
-1.932064899139934212e-03
-6.413246525658501673e-02
8.244412475162082865e-02
1.744509935379028320e-01
-5.499193933275010604e-01
6.130109363132052458e-01
6.499917772081162948e-01
8.209933174981011161e-01
1.314632760153876534e-01
2.923182911343044643e-01
-9.474274847242566966e-02
8.279177347819010047e-01
-6.187375386555989815e-02
1.166875759760538783e-01
-1.410607000192006487e-02
-3.245937029520670758e-01
-2.425811555650499163e-01
-5.721286667717827568e-01
-5.453968577914767302e-01
2.020239432652791434e-01
nan
nan
nan
nan
-3.512287471029493235e-02
2.469731370608011997e-02
-5.955759154425727120e-01
5.124592251247830355e-01
-3.150258329179551620e-01
-3.743523491753472099e-01
7.969974941677517855e-01
-1.308609538608127121e+00
-5.037387212117513391e-01
1.843199465009901228e-01
1.418552133772108259e-01
5.002456241183810270e-01
2.087780237197875977e-01
-2.080184883541530971e-01
1.015380356046888602e-02
-2.828225824568006974e-01
-7.532209157943725586e-02
-1.495041052500406809e-01
4.007944464683532715e-02
-3.612882296244303570e-01
3.776577048831515904e-01
4.925804005728827428e-02
-6.514620780944824219e-01
-1.748741335339016323e-01
3.673411740197075614e-01
-5.465887917412651786e-01
-3.007644547356499443e-01
-3.001036114162868862e-01
nan
nan
nan
nan
-8.191837867101033066e-02
-1.594834327697753906e-01
-4.888769785563151227e-01
-3.008731736077202568e-01
4.923812879456414271e-02
2.040355602900187082e-01
9.413243399726020089e-01
2.842781808641221541e-01
4.734301037258571987e-01
3.950416247049967633e-01
8.761779467264810828e-01
9.441402885648939036e-02
-7.280213038126627234e-01
-6.435317463344998323e-01
3.360440995958116073e-01
1.752393113242255440e-01
2.088541719648573103e-01
-3.409273359510633927e-01
1.012049145168728348e+00
-9.944637086656358260e-01
-1.423818932639228096e-01
1.077267222934298996e+00
-1.651692787806192941e-01
9.505663977728949776e-01
-6.825913853115506136e-01
-3.703927662637498952e-02
-9.054941435654958667e-03
1.871047947141859236e-01
nan
nan
nan
nan
1.856292353736029854e-01
4.649501906500922432e-01
3.773439725240071430e-01
1.003525627983941071e+00
-3.652259508768717633e-01
-4.559227095709906807e-01
6.426939434475369417e-01
8.898476097318860911e-02
7.465553780396779089e-03
-3.469571802351209544e-02
-5.579839812384711217e-02
2.363129986657036552e-01
-4.052263630761040458e-01
-3.605194621615939732e-01
-1.100416067573759329e-02
-8.361632956398858119e-02
5.810480647616916156e-02
-5.638449456956651229e-01
-1.315429157680935379e+00
2.321476671430799665e-01
-1.144570986429850334e+00
7.055822345945569896e-02
9.755884938769870951e-02
-9.236017862955728797e-01
-2.339403099483913784e-01
-5.943630006578233260e-01
6.303672260708279573e-01
-1.449955304463704520e-01
nan
nan
nan
nan
-6.576000319586859932e-01
-1.209114922417534738e-01
4.258268939124213448e-01
3.210812939537895927e-01
-3.068227238125271206e-01
5.969764126671685267e-02
5.582720968458387834e-01
-1.831888092888726005e-01
-2.280691199832492466e-01
-2.572641107771131974e-01
4.045882225036621094e-01
-3.165000014834933872e-01
-6.313237084282768974e-01
1.232662068472968192e-01
-3.103528817494710101e-01
5.369921260409884489e-01
-1.261422369215223549e+00
-3.669837050967746372e-01
1.392571237352159264e+00
3.180272579193115234e-01
-4.692099359300401229e-01
4.558746549818251115e-01
-5.425251324971517297e-01
3.466099368201361886e-01
2.659441100226508370e-01
-2.125963370005289621e-01
-2.392887274424234934e-01
1.355498366885715122e-01
nan
nan
nan
nan
8.381967412100897741e-02
-4.158885214063856584e-01
-7.512066099378797990e-01
-1.767950587802463169e-01
-1.147695435418023102e+00
5.953155093722872770e-01
-2.771054638756645927e-01
-8.146157794528536833e-01
6.895766788058810270e-01
-2.791765795813666573e-01
-3.946500089433457870e-01
6.946039862102931783e-02
-3.949108653598361607e-01
-8.545022540622286833e-01
2.195403973261515207e-01
2.532524267832438336e-01
4.109072420332167130e-01
6.982869042290581474e-01
-1.417231824662950335e-01
1.544289787610371965e-02
-3.436066839430067521e-01
6.278240945604112166e-01
1.063684622446696010e-01
5.918455123901367188e-02
-5.808687210083007812e-01
9.293298721313476562e-01
-6.490878529018826448e-01
3.890065881941053849e-01
nan
nan
nan
nan
-2.122674758235613360e-03
2.313871913486056919e-01
-6.684092945522732698e-01
1.763316657808091936e-01
-1.542507807413736887e-01
3.834789329104953404e-01
6.220858891805013391e-01
-1.199306805928548103e+00
-1.130771372053358259e-01
-5.550760163201226005e-01
-1.238303052054511161e-01
3.023452493879530412e-01
-6.704375478956434709e-01
1.349384122424655552e-01
5.681130621168348771e-01
7.313445409138997766e-01
-7.947967847188314172e-01
-2.370396422015296281e-03
-6.182622909545898438e-01
2.876212067074245815e-01
2.579665448930528182e-01
3.247021039326985492e-01
-3.795313305324978237e-01
-9.274997711181640625e-01
-2.169106403986612863e-01
2.047776116265190849e-01
nan
-3.509181605445014229e-01
nan
nan
nan
nan
-1.340432273017035492e+00
9.553556442260742188e-01
6.501904063754611052e-01
-5.790310435824923552e-01
4.445417722066243305e-01
3.341062863667805805e-01
2.877230114407009487e-01
3.021326859792073383e-01
-1.200116581386990067e+00
-1.590873135460747489e-01
-9.250119527180989953e-01
-6.737524933285182760e-02
4.291570451524522323e-01
4.136430157555474052e-01
-1.054346031612820034e-01
6.770424842834472656e-01
3.352626164754232002e-02
-1.839989821116129465e-01
-5.494222044944763184e-02
-4.929153455628288924e-03
2.991782824198405133e-01
-1.065560022989908928e+00
-1.798531214396158762e-01
5.224690967135958708e-01
6.246052318149142302e-01
-5.975139935811361047e-01
-4.088682598537868862e-01
-4.856520228915744281e-02
nan
nan
nan
nan
8.758154975043402901e-01
1.572997536924150216e-02
nan
-3.965745502048068638e-01
2.445285850101047154e-01
-2.451545397440592355e-01
-1.218047671847873326e-01
6.910097334120008927e-01
1.097012207739883095e-03
1.565601428349812710e-02
-7.456391652425130578e-01
-2.394483619266086216e-01
-3.203660647074381695e-01
7.981418901019626810e-02
6.411699189080132255e-01
-4.181977907816569195e-01
1.639768017662895927e-01
5.800947878095838450e-02
1.013696564568413727e+00
-1.708843575583564034e-01
3.260637389289008370e-01
-1.221595552232530357e+00
8.436499171786837614e-01
1.378078725602891741e-01
1.628419823116726284e-01
4.049616389804416294e-01
4.464711613125271206e-01
1.854276259740193777e-01
nan
nan
nan
nan
-8.024523523118760604e-01
-4.817596541510688057e-01
-2.735544310675727120e-01
-9.141384760538736609e-01
-1.063979572719997879e+00
-1.243369579315185547e-01
6.432188881768120536e-01
6.283691194322373885e-01
-5.954950120713975448e-01
3.662859863705105190e-01
-5.667498906453450891e-01
-8.948533799913194198e-01
-2.659251689910888672e-01
4.526866277058919086e-01
8.996389177110459823e-01
-2.674718697865803851e-01
-4.028643502129448939e-02
4.463036855061848773e-01
1.316459549797905915e+00
-3.796542220645480747e-01
6.190123558044433594e-01
8.561512629191080359e-01
-9.378044141663445174e-03
1.051549275716145759e+00
7.144671016269259489e-01
-5.063220858573913574e-02
6.046062575446234932e-01
2.280456225077311105e-01
nan
nan
nan
nan
3.275875515407986049e-01
3.602137830522325057e-01
-2.758606010013156529e-01
5.141909387376573104e-01
3.285786840650770646e-01
8.303673002454969865e-01
3.930084572898016881e-02
7.940729988945854911e-01
-6.875054571363661271e-01
-9.222808414035372770e-01
1.669669283760918388e-01
4.009122053782145367e-01
4.168377452426486607e-01
-3.489293522304958706e-01
4.959727327028910088e-02
-5.330938763088650667e-01
-1.603504419326782227e-01
-8.885387579600016739e-02
3.287298679351806641e-01
7.148927582634819755e-01
1.642819907930162249e-01
1.198650730980767160e-01
-2.394618756241268659e-02
-4.068335956997341518e-01
-5.161910586886935270e-01
1.599792374504936943e-01
-2.593995730082194195e-01
9.451397789849175224e-01
nan
nan
nan
nan
-4.262802600860595703e-01
9.537902143266466237e-02
1.158488379584418304e+00
-3.033982714017232143e-02
-5.643765661451551896e-01
-4.385039806365966797e-01
1.988914675182766323e-01
-4.530634350246853237e-01
-5.134748352898491630e-01
3.966925210422939801e-02
3.484289381239149552e-01
-1.404672463734944754e-01
2.790139251285129185e-01
-3.196376164754231586e-01
4.982729487948947544e-01
-3.881357245975070591e-01
-7.017757627699110490e-01
-5.189832581414116630e-01
-3.775231308407253628e-01
-3.060728973812527065e-01
-4.324244923061794643e-01
2.838989893595377789e-01
-1.115884886847601898e+00
-5.076862441168891182e-01
2.939140001932780133e-01
-8.697203132841321849e-02
-5.799311002095540735e-01
-7.457538180881075895e-01
nan
nan
