nan
nan
-1.432682275772094727e-01
2.779790461063385010e-01
5.878165364265441895e-01
-1.095113396644592285e+00
-3.022094070911407471e-01
-3.480060100555419922e-01
5.621226429939270020e-01
9.772673994302749634e-02
-8.646756410598754883e-02
4.868686199188232422e-01
-6.529532074928283691e-01
-9.863002225756645203e-03
1.490578502416610718e-01
1.038345456123352051e+00
6.246696710586547852e-01
-5.016600340604782104e-02
-5.574763417243957520e-01
2.060716003179550171e-01
-2.758762836456298828e-01
-1.315125226974487305e-01
9.089862555265426636e-02
-5.087541341781616211e-01
4.154050350189208984e-01
-6.621803045272827148e-01
1.881269067525863647e-01
-6.759754419326782227e-01
-1.618692129850387573e-01
2.324544787406921387e-01
nan
nan
nan
nan
-2.442121356725692749e-01
-1.209296464920043945e+00
-3.690620362758636475e-01
-4.312305152416229248e-01
-2.042488008737564087e-01
-7.300618886947631836e-01
-7.036442160606384277e-01
9.971881657838821411e-02
-6.953461170196533203e-01
2.331024706363677979e-01
-1.793523728847503662e-01
-8.375937938690185547e-01
1.398935914039611816e+00
-1.638537794351577759e-01
2.690359055995941162e-01
3.226643502712249756e-01
-1.153005123138427734e+00
9.880191832780838013e-02
-4.076369572430849075e-03
7.690068483352661133e-01
-1.868047118186950684e-01
1.056081652641296387e+00
5.065490603446960449e-01
1.197125464677810669e-01
-1.176124289631843567e-01
8.141069412231445312e-01
-6.229264736175537109e-01
6.355154514312744141e-01
nan
nan
nan
nan
4.329871386289596558e-02
-6.685230135917663574e-01
1.793255805969238281e-01
-5.095773339271545410e-01
-3.180765509605407715e-01
1.487323939800262451e-01
-5.252185463905334473e-01
-2.571700885891914368e-02
4.071663618087768555e-01
-3.549454510211944580e-01
5.486124753952026367e-02
1.132965460419654846e-01
1.149277761578559875e-01
-1.637528687715530396e-01
-4.148367643356323242e-01
-1.046394228935241699e+00
3.575845360755920410e-01
4.738728702068328857e-01
1.008357048034667969e+00
-7.716276645660400391e-01
6.233303546905517578e-01
7.056333422660827637e-01
-5.187510848045349121e-01
7.474445104598999023e-01
3.902792930603027344e-01
-3.935111761093139648e-01
8.170055747032165527e-01
4.139590859413146973e-01
nan
nan
nan
nan
6.618528962135314941e-01
-2.501602768898010254e-01
1.102275848388671875e+00
-1.160650610923767090e+00
7.057898640632629395e-01
-1.765347719192504883e-01
-3.525254726409912109e-01
6.227958202362060547e-01
-2.217265367507934570e-01
-8.453943133354187012e-01
3.289298415184020996e-01
-2.288738191127777100e-01
1.341235399246215820e+00
1.929765194654464722e-01
5.484398603439331055e-01
-9.925984740257263184e-01
3.396444618701934814e-01
-4.475849568843841553e-01
-6.649938225746154785e-02
-6.611176729202270508e-01
-4.804393053054809570e-01
2.479676455259323120e-01
-9.604877829551696777e-01
3.693288564682006836e-01
2.038390338420867920e-01
-9.417410194873809814e-02
2.038951218128204346e-01
4.856075048446655273e-01
nan
nan
nan
nan
1.774672567844390869e-01
-1.760962903499603271e-01
-6.989980936050415039e-01
-5.433013439178466797e-01
6.933622062206268311e-02
-1.587885618209838867e-01
-1.861315816640853882e-01
-1.924723982810974121e-01
-1.427114307880401611e-01
7.387704849243164062e-01
1.277869194746017456e-01
3.300635218620300293e-01
1.117191240191459656e-01
1.296247959136962891e+00
-1.489169001579284668e-01
-3.771772980690002441e-01
1.382310092449188232e-01
-2.409358322620391846e-01
1.425471454858779907e-01
1.268644213676452637e+00
3.059477508068084717e-01
-5.037621259689331055e-01
-1.116858869791030884e-01
1.110810786485671997e-01
3.717113137245178223e-01
-4.521118402481079102e-01
-5.529130697250366211e-01
8.065112829208374023e-01
nan
nan
nan
nan
1.086942330002784729e-01
8.941621184349060059e-01
-4.683855772018432617e-01
9.977082014083862305e-01
2.632640302181243896e-01
1.572532653808593750e-01
-1.421704143285751343e-01
6.329259872436523438e-01
-8.214147686958312988e-01
-6.807494163513183594e-01
-5.002768635749816895e-01
-3.882092833518981934e-01
7.093874812126159668e-01
7.954412698745727539e-02
-6.358928680419921875e-01
-1.696675419807434082e-01
-4.538162648677825928e-01
-1.164161443710327148e+00
7.570232152938842773e-01
-4.111642837524414062e-01
-7.299422621726989746e-01
-2.934105098247528076e-01
2.279020547866821289e-01
-3.250748217105865479e-01
-6.407958269119262695e-01
6.364136934280395508e-02
-6.956841945648193359e-01
8.599832653999328613e-01
nan
nan
nan
nan
5.200797915458679199e-01
6.807867884635925293e-01
3.322717249393463135e-01
-4.760522246360778809e-01
1.925996243953704834e-01
-4.792579412460327148e-01
2.610500752925872803e-01
4.650260806083679199e-01
-1.173833727836608887e+00
4.534519836306571960e-02
7.447324991226196289e-01
-4.112022221088409424e-01
1.499203890562057495e-01
4.453936591744422913e-02
-8.019151091575622559e-01
5.717512965202331543e-01
6.498402357101440430e-02
-4.646091163158416748e-01
1.475863337516784668e+00
2.192220836877822876e-01
-1.230369567871093750e+00
3.848915547132492065e-02
2.713020741939544678e-01
2.752891182899475098e-01
1.200204014778137207e+00
-4.261159300804138184e-01
-9.110713005065917969e-02
2.709939181804656982e-01
nan
nan
nan
nan
-1.796112507581710815e-01
1.036796048283576965e-01
6.264899969100952148e-01
-1.209839805960655212e-01
4.413035213947296143e-01
1.004330888390541077e-01
6.560615301132202148e-01
4.238644987344741821e-02
4.681121110916137695e-01
4.639218747615814209e-01
1.151639670133590698e-01
-2.899384498596191406e-01
-4.713052213191986084e-01
-1.724118471145629883e+00
-3.689625859260559082e-01
-2.528488636016845703e-01
-9.415327906608581543e-01
5.279539823532104492e-01
2.942154929041862488e-02
-7.662397623062133789e-01
4.610265791416168213e-01
-2.136535942554473877e-01
4.304655790328979492e-01
-6.895973682403564453e-01
-4.515925943851470947e-01
-9.625013172626495361e-02
-3.251331448554992676e-01
3.375223577022552490e-01
nan
nan
nan
nan
-3.913810253143310547e-01
7.889926433563232422e-02
-1.573182940483093262e-01
5.201667547225952148e-01
8.064535856246948242e-01
7.330515980720520020e-02
9.096165299415588379e-01
-3.444191515445709229e-01
-9.567624330520629883e-02
-1.312764048576354980e+00
7.250217199325561523e-01
-2.043968439102172852e-01
8.212975859642028809e-01
8.698369860649108887e-01
6.636981666088104248e-02
-6.320468187332153320e-01
3.084343373775482178e-01
-4.054612517356872559e-01
-2.409061491489410400e-01
-2.475941777229309082e-01
8.825550079345703125e-01
8.753580451011657715e-01
1.940034031867980957e-01
3.472193777561187744e-01
-1.676006317138671875e-01
4.060742557048797607e-01
-1.014008164405822754e+00
4.983659088611602783e-02
nan
nan
nan
nan
4.581673145294189453e-01
1.622248888015747070e-01
-1.043810397386550903e-01
2.038587778806686401e-01
-5.181879401206970215e-01
1.205818891525268555e+00
1.639212816953659058e-01
-2.515673041343688965e-01
6.319904327392578125e-01
-6.047096848487854004e-01
5.726230740547180176e-01
6.296345591545104980e-01
-1.673742830753326416e-01
3.602909445762634277e-01
1.980336606502532959e-01
-5.892208311706781387e-03
3.928636312484741211e-01
5.758792757987976074e-01
6.235295534133911133e-01
6.035564094781875610e-02
6.517495512962341309e-01
1.749820560216903687e-01
1.484472453594207764e-01
-7.136952280998229980e-01
4.261613190174102783e-01
2.149841636419296265e-01
2.867071032524108887e-01
-2.183594478992745280e-04
nan
nan
nan
nan
8.337806910276412964e-02
5.478057265281677246e-01
-7.980372905731201172e-01
-3.800956308841705322e-01
-1.412651836872100830e-01
1.930544972419738770e-01
-5.520453304052352905e-02
-5.998236536979675293e-01
-4.797462224960327148e-01
-1.596965342760086060e-01
3.436284065246582031e-01
-3.867951929569244385e-01
4.274402856826782227e-01
6.228187680244445801e-01
-1.776359379291534424e-01
7.977963089942932129e-01
-6.834352612495422363e-01
-4.358189105987548828e-01
2.884957790374755859e-01
-6.752284243702888489e-03
4.538984000682830811e-01
-5.603505969047546387e-01
-1.032701134681701660e+00
-3.929750919342041016e-01
-7.008200883865356445e-01
-1.568833142518997192e-01
-2.144621759653091431e-01
-3.951218426227569580e-01
nan
nan
nan
nan
9.747758507728576660e-02
-7.335047125816345215e-01
-9.595794975757598877e-02
-7.638192772865295410e-01
-4.745505452156066895e-01
-4.690393805503845215e-01
2.224521338939666748e-01
2.723185904324054718e-02
-1.354751586914062500e+00
-1.026344522833824158e-01
2.612640857696533203e-01
-5.610157251358032227e-01
-7.462837696075439453e-01
-2.218377292156219482e-01
8.087734580039978027e-01
8.763440847396850586e-01
3.341291844844818115e-01
-4.133429527282714844e-01
-6.630311012268066406e-01
6.758287549018859863e-01
1.266737222671508789e+00
3.827311396598815918e-01
1.752008795738220215e-01
-4.209420979022979736e-01
9.746331572532653809e-01
2.152083367109298706e-01
-2.610276043415069580e-01
4.316542148590087891e-01
nan
nan
nan
nan
-7.342942953109741211e-01
-3.831116482615470886e-02
6.407936215400695801e-01
1.582040786743164062e-01
-4.054833054542541504e-01
1.333287507295608521e-01
5.721812248229980469e-01
4.698365032672882080e-01
-7.100539207458496094e-01
-6.646395325660705566e-01
-5.363773703575134277e-01
2.612467408180236816e-01
3.968491256237030029e-01
-7.798110246658325195e-01
1.044241905212402344e+00
-5.794268846511840820e-01
4.127659499645233154e-01
1.978347599506378174e-01
6.548359394073486328e-01
1.413965672254562378e-01
-5.759968757629394531e-01
2.134137749671936035e-01
2.726673781871795654e-01
-4.070148766040802002e-01
-4.802086651325225830e-01
-2.929610572755336761e-02
5.107725262641906738e-01
-7.520161569118499756e-02
nan
nan
nan
nan
-2.923996150493621826e-01
1.433805465698242188e+00
2.016944289207458496e-01
8.037032485008239746e-01
-4.943780004978179932e-01
-6.903741508722305298e-02
8.505504727363586426e-01
1.279587149620056152e-01
-2.846498787403106689e-01
-3.690924867987632751e-02
2.618081867694854736e-01
-3.387627899646759033e-01
1.435123085975646973e+00
1.132487297058105469e+00
6.269329786300659180e-01
5.235632658004760742e-01
-2.704190015792846680e-01
5.826708078384399414e-01
1.679291129112243652e-01
-2.381639182567596436e-01
-1.089317679405212402e+00
5.055663585662841797e-01
3.949624896049499512e-01
-4.578211531043052673e-02
-4.286035895347595215e-01
7.418408393859863281e-01
1.307090222835540771e-01
-4.853333905339241028e-02
nan
nan
nan
nan
3.030938804149627686e-01
-6.350736021995544434e-01
-2.340802252292633057e-01
-3.002925813198089600e-01
-1.094645500183105469e+00
-4.615668952465057373e-01
4.753163456916809082e-01
-7.276849150657653809e-01
-1.300426006317138672e+00
-7.158717513084411621e-01
2.923031449317932129e-01
-6.316989660263061523e-02
-7.345672845840454102e-01
-8.457248806953430176e-01
-3.380015864968299866e-02
-4.653083682060241699e-01
-6.253633499145507812e-01
-6.814320683479309082e-01
-1.781013160943984985e-01
7.876381278038024902e-01
-2.369639426469802856e-01
7.052152752876281738e-01
-6.992015242576599121e-01
-8.158032298088073730e-01
4.027447663247585297e-03
-2.146758288145065308e-01
4.197004735469818115e-01
-1.479115337133407593e-01
nan
nan
nan
nan
4.298527240753173828e-01
2.820188403129577637e-01
-1.009688735008239746e+00
-7.305938005447387695e-01
3.724718987941741943e-01
-1.115871779620647430e-02
-5.338525772094726562e-01
-3.432847261428833008e-01
1.128985211253166199e-01
1.467790454626083374e-01
2.321465015411376953e-01
2.460543066263198853e-01
-3.423174843192100525e-03
4.051262736320495605e-01
-1.028349161148071289e+00
-9.810565412044525146e-02
-9.137290716171264648e-01
-5.961385741829872131e-02
-5.438485741615295410e-01
2.585638463497161865e-01
2.019134163856506348e-01
-3.195314407348632812e-01
2.175229974091053009e-02
-5.507115721702575684e-01
1.076861977577209473e+00
6.337555646896362305e-01
7.605898380279541016e-02
1.531575247645378113e-02
nan
nan
nan
nan
-3.248227834701538086e-01
6.191455125808715820e-01
-2.077807039022445679e-01
-2.399573028087615967e-01
1.967126727104187012e-01
7.014049589633941650e-02
-1.309352040290832520e+00
2.730720043182373047e-01
1.442648172378540039e-01
7.871412485837936401e-02
-1.313526630401611328e+00
1.538742423057556152e+00
-1.401684582233428955e-01
-4.707585573196411133e-01
-8.362483233213424683e-02
6.990257501602172852e-01
-3.059470057487487793e-01
-1.151777863502502441e+00
2.696312069892883301e-01
-1.005948428064584732e-02
1.666674464941024780e-01
-2.558785080909729004e-01
4.969345331192016602e-01
3.473877906799316406e-01
-1.079303249716758728e-01
3.032256066799163818e-01
-4.437775611877441406e-01
5.167403444647789001e-02
nan
nan
nan
nan
-2.873327434062957764e-01
1.053535103797912598e+00
-2.220434099435806274e-01
-1.730452924966812134e-01
6.448373198509216309e-01
-1.539375334978103638e-01
-6.850929260253906250e-01
-3.433693945407867432e-02
2.737441658973693848e-01
2.071889191865921021e-01
-4.400273561477661133e-01
-6.827520132064819336e-01
2.743569612503051758e-01
2.400630414485931396e-01
1.794345825910568237e-01
5.141445398330688477e-01
-7.886236906051635742e-01
5.621030330657958984e-01
6.212323904037475586e-01
-5.198728442192077637e-01
3.761813938617706299e-01
-1.080650538206100464e-01
1.767603904008865356e-01
-3.829447329044342041e-01
1.313204169273376465e+00
9.709069132804870605e-01
-6.613367050886154175e-02
2.519761323928833008e-01
nan
nan
nan
nan
4.917789399623870850e-01
-2.711108624935150146e-01
4.647932648658752441e-01
-2.687372863292694092e-01
-5.612789466977119446e-02
-1.575054526329040527e-01
-1.230123400688171387e+00
-3.318974673748016357e-01
3.244277536869049072e-01
-7.430346608161926270e-01
3.277607262134552002e-01
-2.693015336990356445e-01
1.379986554384231567e-01
6.666828691959381104e-02
2.938398718833923340e-01
-2.273152582347393036e-02
3.789141774177551270e-01
1.969087310135364532e-02
-9.211395382881164551e-01
6.884219646453857422e-01
-3.579010367393493652e-01
2.439242899417877197e-01
5.655241608619689941e-01
-9.535706639289855957e-01
9.737031161785125732e-02
-2.582691907882690430e-01
nan
-1.248373508453369141e+00
nan
nan
nan
nan
-1.203763559460639954e-01
-2.441307753324508667e-01
7.327415943145751953e-01
-7.663600146770477295e-02
1.646802723407745361e-01
-1.990512758493423462e-01
-4.061569571495056152e-01
-4.389156997203826904e-01
-4.591234624385833740e-01
7.637824416160583496e-01
3.875145912170410156e-01
-1.531609743833541870e-01
-5.003527402877807617e-01
-6.591362357139587402e-01
9.957915544509887695e-02
1.003441452980041504e+00
-5.266412347555160522e-02
6.079158782958984375e-01
-1.807882934808731079e-01
-6.569296121597290039e-02
-1.054522871971130371e+00
-5.326399803161621094e-01
1.763658970594406128e-01
3.388779759407043457e-01
-7.068657130002975464e-02
-1.939471960067749023e-01
-3.045713603496551514e-01
-1.885683834552764893e-01
nan
nan
nan
nan
-5.168620347976684570e-01
1.105533003807067871e+00
nan
-8.187713027000427246e-01
-1.235991120338439941e+00
-7.253752946853637695e-01
9.493639469146728516e-01
-4.869549870491027832e-01
5.696074962615966797e-01
1.669916361570358276e-01
3.765978291630744934e-02
-4.119884371757507324e-01
7.965626716613769531e-01
-3.268159925937652588e-02
7.345333695411682129e-01
-2.512868940830230713e-01
7.227278351783752441e-01
3.565779328346252441e-01
-1.926444172859191895e-01
4.826706945896148682e-01
-3.190419971942901611e-01
-2.718936204910278320e-01
-2.119417488574981689e-01
2.838982343673706055e-01
-3.932892978191375732e-01
4.230741858482360840e-01
6.507781799882650375e-03
2.764397859573364258e-01
nan
nan
nan
nan
4.993591830134391785e-02
7.401945590972900391e-01
3.355553150177001953e-01
-4.072718024253845215e-01
1.241937652230262756e-01
-6.006070971488952637e-01
5.785061419010162354e-02
-2.939387857913970947e-01
1.081724464893341064e-01
-7.870213389396667480e-01
-2.340370267629623413e-01
1.944029480218887329e-01
2.818201780319213867e-01
1.999252140522003174e-01
3.990539312362670898e-01
8.324601501226425171e-02
4.415887594223022461e-01
2.836428284645080566e-01
3.057574853301048279e-02
6.406609416007995605e-01
4.585079550743103027e-01
-4.430468752980232239e-02
2.360678166151046753e-01
8.804257214069366455e-02
-1.110419154167175293e+00
-8.547458052635192871e-01
6.479227542877197266e-01
1.056272387504577637e+00
nan
nan
nan
nan
1.874096989631652832e-01
-3.841359913349151611e-01
-1.905409991741180420e-01
4.145570099353790283e-01
-8.440380692481994629e-01
1.190926313400268555e+00
-9.845369309186935425e-02
-3.557382151484489441e-02
-2.833314612507820129e-02
5.755398869514465332e-01
1.052010133862495422e-01
-5.533311963081359863e-01
-2.494412362575531006e-01
-1.256594061851501465e-01
-6.485027074813842773e-01
-8.075646758079528809e-01
-1.918061524629592896e-01
-7.515643537044525146e-02
7.580560445785522461e-01
8.747972846031188965e-01
-5.548310279846191406e-01
4.580587446689605713e-01
-6.656682491302490234e-01
-8.040104061365127563e-03
-8.858591318130493164e-01
-1.583001613616943359e-01
4.955410957336425781e-01
2.025803327560424805e-01
nan
nan
nan
nan
-5.896978974342346191e-01
-4.712934195995330811e-01
3.873052895069122314e-01
4.838870763778686523e-01
-1.272327154874801636e-01
2.589306533336639404e-01
-2.728785276412963867e-01
-1.537822633981704712e-01
-7.780494689941406250e-01
-1.025491878390312195e-01
5.567997097969055176e-01
-5.213150978088378906e-01
2.680966258049011230e-01
-1.060361266136169434e+00
-7.848429679870605469e-01
6.302543282508850098e-01
-4.353597462177276611e-01
4.467799887061119080e-02
-5.516948699951171875e-01
4.301739931106567383e-01
2.964695394039154053e-01
-1.465610116720199585e-01
-5.674681439995765686e-02
-1.108992815017700195e+00
6.413893103599548340e-01
-1.665413975715637207e-01
-1.356029361486434937e-01
9.492713212966918945e-01
nan
nan
