nan
nan
-1.282446914248996372e-01
7.880526118808321989e-01
1.639238728417290458e-01
-8.129239612155489958e-01
-3.558010194036695384e-02
-9.349976645575629186e-02
2.957616117265489120e-01
-7.749314837985568083e-01
8.732932408650716516e-01
1.167624049716525558e+00
-3.650639057159423828e-01
-9.249777264065213167e-01
1.112615664800008092e-01
9.339082241058349609e-02
-5.234641498989529157e-02
-1.534291479322645424e+00
2.500929302639431362e-01
1.360820558336045982e+00
-2.824223041534423828e-01
1.903674470053778878e-01
1.096447838677300446e+00
-4.650031725565592633e-01
-2.306821611192491350e-01
-9.969888263278536833e-01
3.088676929473876953e-01
8.098967870076497766e-01
2.174151341120401926e-01
-1.975216203265720005e-01
nan
nan
nan
nan
-2.907539208730061664e-01
-5.169230567084418526e-01
2.362636195288764229e-01
8.002448081970214844e-01
2.615926530626084823e-01
5.779588487413194198e-01
-7.464103168911404573e-01
-5.942739910549588167e-01
6.161957316928439177e-01
-4.921246104770236607e-01
-1.708715756734212332e-01
-6.933839586046006698e-01
-2.145085897710588291e-03
8.381844096713595427e-01
-1.966446373197767439e-01
-2.615485456254746932e-01
1.353602674272325335e-01
-4.830232726203070870e-01
-5.206068356831868860e-01
1.126928726832071986e-01
-7.903367280960083008e-02
-5.368434588114420203e-01
-1.918641991085476284e-01
3.205969267421298480e-02
4.841234948900010604e-01
-1.642175780402289620e-01
5.712684657838609792e-02
6.175667444864908484e-01
nan
nan
nan
nan
5.456602308485243302e-01
2.684533596038818359e-01
-4.626935323079426898e-01
-5.716388490464952010e-01
-5.650745497809516182e-01
-7.358411682976616630e-01
5.169191890292696989e-01
-1.228845649295383091e-01
-1.397629181543985910e-01
-1.112973822487725167e-01
7.464887301127115515e-01
-3.403552638159857979e-01
-8.085397084554036828e-01
9.794877370198568078e-01
5.352104504903157922e-01
-3.653708299001057758e-01
5.083681477440728236e-02
-3.415558867984347935e-01
-1.220561928219265346e-01
4.330311881171332589e-01
1.099052005343966965e+00
1.290111276838514509e-01
-6.178581979539659041e-01
-6.839129659864637834e-01
-1.816723909642961338e-03
-4.181336296929253349e-01
-2.034550532698631287e-03
8.221000565422905693e-01
nan
nan
nan
nan
-6.404601732889810828e-01
-1.688735021485222865e-02
5.706421534220377234e-01
4.831816885206434709e-01
-2.325532833735148228e-02
6.595900853474935266e-01
1.307588285870022182e-01
9.018976820839776087e-02
1.205268965827094169e-01
3.090839915805392857e-01
-3.440003130171034318e-01
4.723199738396538505e-01
7.014130486382378349e-01
8.622716797722710380e-01
-3.205019897884792690e-01
5.317302280002169645e-01
-3.249222371313306712e-02
2.289351887173122768e-01
-2.314609951443142299e-01
7.221482859717474889e-02
-2.194798787434895926e-01
1.146995756361219587e-01
-3.416082594129774552e-01
1.822663942972818918e-01
2.355718082851833706e-01
3.446849187215169086e-01
-1.897872818840874443e-01
-5.542380279964870954e-02
nan
nan
nan
nan
-3.015705214606391182e-01
-4.782648086547851562e-01
-1.995848152372572126e-01
2.394594086541069755e-01
-2.840302785237630023e-01
6.595926814609103239e-01
-9.428590138753255578e-01
-5.130019717746310270e-01
6.230514844258626672e-01
-5.226176049974229354e-01
2.174900803301069510e-02
2.814372115665011997e-01
3.076892693837483539e-01
7.501127984788683034e-02
-1.153722339206271763e-01
-6.810567643907334823e-01
-4.384423361884223214e-01
6.692634158664279020e-01
-2.217613591088188896e-01
-6.162367396884493864e-01
-1.391145918104383650e-01
-5.351082483927408484e-01
-4.662202199300130023e-01
-5.764287312825521203e-01
-1.616619196203019845e-02
-3.602858384450276508e-01
2.234104474385579520e-01
4.943501684400770646e-01
nan
nan
nan
nan
5.103688769870333708e-01
2.680589887830946427e-01
-6.939125590854220427e-01
-7.443898916244506836e-02
6.965803040398491630e-01
-7.730918460422092631e-02
-1.733811431460910435e-01
-1.479393641153971262e-01
8.462952242957220983e-02
2.440995905134412947e-01
-2.516643736097547990e-01
-2.605764071146647320e-01
3.633622063530815849e-01
1.165981716579861160e+00
-7.317164209153917409e-02
2.720726066165500279e-01
7.770886686113145925e-02
5.928777588738335380e-01
2.085864676369560966e-01
8.775879525476031713e-04
1.259525828891330246e+00
-6.214643584357367745e-01
2.672012646993001117e-01
4.934391975402832031e-01
1.759831508000691824e-01
-3.102950519985622768e-01
-1.603014734056260882e-01
1.520406040880415213e-02
nan
nan
nan
nan
1.460849841435750418e-01
1.362364663018120758e+00
8.372581799825032922e-01
-4.039262135823567523e-01
-5.081477165222167969e-01
-5.589042769538031807e-01
-4.374350706736246930e-01
7.203116946750216520e-01
-4.824919170803494001e-02
5.729897287156846541e-01
-4.856262207031250000e-01
7.305234803093804130e-01
-3.610969914330376396e-01
4.858988126118977680e-01
1.828578048282199497e-01
-1.197289625803629604e-01
-8.948934343126084823e-01
2.114334106445312500e-01
9.764499664306640625e-01
-1.328052017423841658e-01
5.078439712524414062e-01
8.742398685879178011e-01
-5.222695138719346541e-01
5.377963383992513391e-01
3.288289705912272320e-01
-6.684533754984537390e-01
-8.276764551798503067e-02
-1.833565698729620885e-02
nan
nan
nan
nan
-9.042372968461778737e-02
6.191943486531575891e-01
2.411030133565267020e-01
2.021821207470363979e-01
-9.602437549167208708e-01
2.278391255272759208e-01
6.353649033440483818e-01
6.811564233567979354e-01
-2.341589497195349645e-02
-1.416061083475748772e+00
5.744748645358615374e-02
1.727692286173502512e-01
-2.359389464060465402e-01
6.120451291402181221e-02
-5.664310455322265625e-01
6.084188355339897880e-01
-1.103097995122273717e-01
-3.350473774804009208e-01
5.223027335272895089e-01
7.337096002366807479e-01
7.705443435245090678e-02
9.119602706697252370e-02
1.279313564300537109e-01
4.438338014814588450e-02
1.930205292171902065e-01
4.549126625061035156e-01
-1.805190245310465610e-02
5.699815750122070312e-01
nan
nan
nan
nan
-1.469224823845757255e-01
-9.257145987616645089e-01
6.466606987847222099e-01
5.055569542778862724e-01
1.873491472668117885e-01
1.425619125366210938e+00
-2.911331918504502791e-01
5.165113343132866630e-01
6.369856198628743860e-01
-8.557140827178955078e-02
-8.223445150587294084e-01
4.956798553466796875e-01
-3.751979668935139789e-01
1.008246103922526116e+00
-8.710937367545233678e-02
7.294699880811902903e-02
-2.734350628323025112e-01
5.022891892327202568e-01
9.016958872477213172e-01
-4.832276238335503349e-01
-8.223538398742675781e-01
-2.305994298723008928e-01
-8.711822165383233119e-02
-3.739186127980549945e-01
5.286334355672200891e-01
-3.705381022559271764e-02
3.181754748026530133e-01
-4.724468655056423549e-01
nan
nan
nan
nan
5.582979520161946985e-01
-4.141709539625380021e-01
-9.888602362738715401e-01
1.907347175810072126e-01
-3.867741425832112445e-01
-7.169857025146484375e-01
-8.526046011182997209e-01
6.125821007622612724e-01
-3.229215410020616073e-01
9.013249476750691269e-02
-1.730380588107638951e-01
2.071872817145453682e-01
6.464697519938150672e-01
3.288823763529459820e-01
-6.112544801500108260e-01
-1.924347347683376674e-01
9.720282024807400667e-01
2.061128616333007812e-01
2.435924477047390346e-01
-8.794138828913371231e-02
-1.339307149251302009e+00
-1.089830716451009041e+00
2.971331543392605190e-01
-1.187803056504991295e+00
1.049904425938924107e-01
-1.957664489746093750e-01
-1.164562039905124302e-01
7.309168179829915735e-01
nan
nan
nan
nan
1.203536060121324358e-01
4.704170227050781250e-01
5.914406776428222656e-01
-9.712145725886027481e-02
6.394871605767143974e-01
8.294774161444770089e-01
5.090605417887369422e-01
-9.887262980143228797e-01
2.653887801700168247e-01
-5.920730166965060270e-01
-1.379250569476021641e-02
2.351420985327826729e-01
1.658054855134752092e-01
6.380077468024359932e-01
-2.352964878082275391e-01
-4.804296493530273438e-01
-5.895713700188530693e-01
-6.664509243435329244e-02
4.066855112711588727e-01
-2.742512755923801060e-01
2.779989507463243026e-01
-9.578924046622382116e-02
1.862384213341606864e-01
1.712323580351140812e-03
2.069625059763590402e-01
-7.127979596455892297e-01
2.051903406778971262e-01
-3.763081232706705914e-01
nan
nan
nan
nan
4.402114020453559151e-01
3.805974324544270648e-01
-4.157405164506700057e-01
7.406557930840386161e-01
1.259350511762830915e-01
3.283684518602159041e-01
3.369669914245605469e-01
-7.390118969811333705e-02
1.074242909749348884e+00
3.079149987962510604e-01
-2.124188211229112444e-01
-1.189261923233667952e-02
2.315058708190917969e-01
-1.873376634385850725e-01
-9.986896514892578125e-01
-2.191942797766791573e-01
-1.745063596301608677e-01
4.563514921400282365e-01
-4.428144627147250628e-02
-1.437062289979722796e-01
2.584861384497748604e-01
-3.531339433458116073e-01
-8.876131375630696985e-01
1.167168087429470424e-01
1.040242407057020424e+00
1.369188643164104789e-03
-7.076146337721083146e-01
-1.663420200347900391e-01
nan
nan
nan
nan
7.733119328816732141e-01
6.186019579569498328e-01
-1.963500049379136858e-01
9.065310160319010879e-02
-1.167225705252753348e-01
9.594102435641818083e-01
5.581662389967176896e-01
3.292984167734782086e-01
1.911725468105739956e-01
-4.882893032497829799e-01
-1.371692683961656389e-01
-1.407798131306966238e-01
6.067830191718207589e-01
2.034863895840114956e-01
-4.655554029676649552e-01
-2.214580641852484932e-01
-5.371706220838758927e-01
-6.065180036756727677e-01
-5.994413693745931360e-01
-7.532162136501735494e-02
2.725740008884006138e-01
-2.888814873165554409e-01
9.075343873765733260e-01
4.787564807467990513e-01
-1.574323243565029645e-02
6.345034175448946989e-01
-1.898580789566040039e-01
-4.251195324791802177e-01
nan
nan
nan
nan
-7.249225510491265068e-01
-3.025226791699727261e-02
2.378751966688368025e-01
-1.537306043836805525e-01
-9.839638604058159599e-01
9.991445806291368581e-02
1.614739762412177315e-01
2.771287229326035995e-01
5.048267576429579240e-01
-1.446858379575941267e-01
-4.213848643832736607e-01
-5.724590619405111047e-01
1.362192259894476898e+00
4.327832327948676339e-01
5.055706236097547990e-01
-1.097718556722005134e+00
-4.924420780605739956e-01
4.955518510606553573e-01
1.139023303985595703e-01
-8.694325023227267302e-01
1.055628882514105804e+00
-4.301483896043565291e-01
-3.699108494652642021e-01
1.917363272772895089e-01
-2.583918041653103237e-01
-7.138527234395345422e-01
-8.789336416456434709e-01
-5.270398457845052453e-01
nan
nan
nan
nan
-1.734531720479329520e-01
5.689799520704481584e-01
8.237898349761962891e-02
-1.220589849683973549e+00
3.001656532287597656e-01
-9.034660127427843190e-02
1.068942480617099400e-01
2.733133633931477680e-01
2.384327517615424386e-01
-1.488315264383951730e-01
6.263256072998046875e-01
5.241594844394259489e-01
4.909477233886718750e-01
-1.384766101837158203e-01
-3.232078287336561662e-01
8.717995882034301758e-02
-4.221305582258436662e-01
1.424231794145372210e-01
-1.252914799584282750e-02
2.280999819437662668e-01
-1.532845629586113700e-01
3.471879429287380581e-01
-8.883831236097547435e-02
5.002194510565863839e-01
-2.037629153993394671e-01
-6.609351370069715959e-01
1.220193174150255022e-01
5.366761816872490931e-02
nan
nan
nan
nan
-2.978742122650146484e-01
-8.302072419060601005e-01
4.336908923255072823e-01
1.059409247504340179e+00
-3.821233643425835380e-01
4.671325683593750000e-01
-6.988416247897677458e-01
-1.072340011596679688e+00
-1.015948520766364188e-01
-2.531415058506859481e-03
-6.041344536675347099e-01
-3.762442800733778459e-01
2.858713269233703613e-02
-9.925299750434027901e-01
-7.714844809638129464e-01
-5.553853776719834823e-01
1.334245469835069420e+00
-2.213818232218424387e-01
4.931423929002549666e-01
2.556314468383789062e-01
-5.212756660249498464e-02
2.939349545372856864e-01
7.547658019595676615e-02
-7.386559910244412386e-01
8.567286067538790739e-01
-2.281640900505913505e-01
1.868624819649590263e-01
-1.460128890143500557e-01
nan
nan
nan
nan
1.040184232923719643e+00
-7.302179601457384206e-02
-4.005213048723008651e-01
3.060451613532172432e-01
-4.851422839694553013e-01
-9.041526582505968190e-02
5.084791183471679688e-01
-3.715938991970486188e-02
-3.057016266716851283e-02
9.741917716132270089e-01
9.100719028049044645e-01
-1.133156617482503209e-01
-1.137339803907606306e-01
-1.829511721928914481e-01
7.028107643127441406e-01
5.162790086534287948e-01
3.399496343400743026e-01
7.017385959625244141e-02
2.273034784528944197e-01
-3.691289159986707591e-02
1.734163496229383650e-01
2.314810752868652344e-01
-3.845534854465060826e-01
-5.345102416144477120e-01
2.174067762162950335e-01
-4.745967123243544084e-01
-9.017567104763455355e-01
1.953791777292887277e-01
nan
nan
nan
nan
7.134634653727213172e-01
-3.505347834693061104e-01
1.435011227925618582e-01
8.237201637691921041e-02
-4.977873696221245536e-01
-4.069402217864990234e-01
-6.713127427630954935e-02
2.956834634145100726e-01
-3.933290110694037667e-01
-1.840686400731404715e-01
5.709586143493652344e-01
1.329215202066633475e-02
-8.011064595646329167e-03
-4.106356832716200334e-01
3.207031091054280414e-01
1.240230003992716518e-01
-5.491780903604295827e-02
8.633168538411458703e-01
-6.750335163540310823e-01
-1.118189493815104213e-01
-1.984091069963243303e-01
-1.463538938098483677e-01
-1.703295177883571987e-01
1.236815876430935379e+00
1.845392915937635603e-01
-2.302595509423149833e-01
-4.018590185377332591e-02
-4.845763312445746651e-01
nan
nan
nan
nan
-6.151027811898125697e-02
6.830049620734320870e-01
9.197054968939887276e-01
3.315207958221435547e-01
3.118947347005208148e-01
-4.763303332858615513e-01
-8.715090221828885042e-01
4.825748867458767299e-01
-3.376778496636284599e-01
-8.116636276245117188e-01
-4.587315983242458706e-01
7.462379137674967078e-01
1.553569263882107254e+00
4.850020408630371094e-01
3.646014796362982979e-01
3.030546771155463448e-01
2.769799497392442245e-01
9.386717478434244422e-01
-8.750427563985189172e-01
-1.106940163506402008e+00
1.158022748099433036e-01
7.630715370178222656e-01
1.264111333423190708e-01
1.025531027052137556e-01
5.617293251885308036e-01
5.851335525512695312e-01
nan
3.381134668986002789e-01
nan
nan
nan
nan
2.156425846947563896e-01
4.697291586134169084e-01
1.097352239820692299e+00
1.051210562388102260e-01
-1.808296309577094307e-01
7.617744339836968193e-01
-4.393963813781738281e-01
7.042190266980065047e-03
1.413123210271199637e-01
3.490687476264106026e-01
2.762619389428032646e-01
-1.001495122909545898e-01
-5.289307700263129464e-01
5.339673492643567942e-02
1.576273838678995676e-01
-7.800358666314018974e-01
-1.905400355656941824e-01
-5.798815091451009485e-01
-4.238551722632514229e-01
-7.837589581807453964e-02
1.107049094306097992e+00
1.653175221549140206e-01
1.281443569395277204e-01
-1.068566242853800398e-02
-6.125368012322319755e-01
1.863837904400295759e-02
6.948251724243164062e-01
-7.054526938332451869e-02
nan
nan
nan
nan
-6.888396475050184709e-01
-4.986538887023925781e-01
nan
1.078754398557874861e-01
-4.469658931096395088e-02
5.436368518405489958e-01
6.544762717352973214e-01
-6.597116920683118724e-02
1.492224964830610526e-02
-6.913581954108344307e-01
7.263648245069715959e-01
-5.399656825595431364e-01
-4.550482961866590959e-01
5.548480881585015068e-01
1.552599800957573883e+00
5.299073855082193640e-01
3.025861581166585101e-01
-4.494290351867675781e-01
-1.765522294574313755e-01
5.665851301617092634e-02
-5.654310120476616630e-01
-1.550333897272745676e-01
1.207831253608067888e-02
2.854518360561794643e-01
-1.239544418123033342e-01
7.720716794331868860e-01
6.534692313936021901e-02
-2.487417227692074323e-02
nan
nan
nan
nan
-3.580801751878526229e-01
3.222015168931748885e-01
4.500007099575466518e-01
2.172648774252997628e-01
-3.774421215057373047e-01
2.179538144005669364e-01
-1.664051082399156389e-01
-2.411128415001763114e-01
1.740338934792412529e-01
-1.391843027538723354e-01
-2.951753139495849609e-01
8.811204698350694198e-01
2.283467186821831474e-01
-2.927774853176540876e-02
-4.698053465949164620e-01
7.770672771665784739e-02
-2.072658141454060965e-01
5.381522576014200615e-02
1.693409946229722796e-01
-3.873787191179063338e-01
5.985687573750814172e-01
-2.311263084411621094e-01
-3.031165864732530135e-01
-3.546370930141872768e-01
5.416037638982137276e-02
3.680020570755004883e-02
6.695862346225314177e-01
6.986973550584580916e-01
nan
nan
nan
nan
-1.301792462666829520e-01
7.410492897033691406e-01
-8.348729875352647878e-02
-1.111327277289496429e+00
-5.521521568298339844e-01
1.551021072599622908e-01
-9.889143705368041992e-02
-5.960314538743760604e-01
1.716755231221517020e-01
-2.694507439931233539e-01
-2.740718523661295758e-01
5.890406502617729911e-01
2.488612333933512277e-01
-5.320069524976942521e-01
3.308319515652126674e-01
-4.064914915296766185e-02
-5.084177123175727120e-01
-1.145678891075982003e-01
4.344191286298964005e-01
-6.494321293301053011e-01
-2.451291349199083147e-01
5.586581230163574219e-01
-6.227963500552707171e-02
-1.261100901497734794e-01
-4.264795515272352677e-01
-3.670389122433132534e-01
-5.599456893073188057e-01
3.563723829057481307e-01
nan
nan
nan
nan
1.277790996763441267e-01
6.726428137885199776e-01
-3.109011650085449219e-01
-1.610913806491428013e-01
-8.421247800191243860e-01
2.981048160129123326e-01
1.549737453460693359e-01
-6.638431549072265625e-01
-7.210754288567436943e-01
-4.115006393856472378e-01
2.657885286543104630e-01
-4.917709562513563615e-01
6.398712926440769388e-02
-1.394118865331014090e-01
1.991338332494100027e-01
-9.870554606119791297e-01
4.169991016387939453e-01
1.273221227857801674e+00
-2.876180807749430524e-01
4.497234026590983258e-01
2.328231864505344029e-01
7.269253200954861605e-01
-4.049721558888753070e-01
-7.386133935716416854e-01
9.196178118387858536e-02
-1.693266100353664760e-01
1.113257143232557478e-01
5.582666397094726562e-01
nan
nan
