nan
nan
-2.495096259646945591e-01
-3.529603216383192521e-01
-6.749895413716634485e-01
-6.463502777947319755e-01
1.729414463043212891e-01
-7.909448411729600448e-01
1.483737627665201730e-01
5.269647704230414620e-01
1.821248531341552734e-01
-2.500382264455159320e-01
-7.242582639058431360e-01
-2.040788465076022740e-01
-4.386036396026611328e-01
-1.335121472676594978e+00
9.862947463989257812e-01
2.514598634507920760e-01
-2.522702846262190116e-02
-5.494769944085015068e-01
4.901925722757975445e-01
1.756919887330797014e-01
-1.153290642632378571e+00
-5.040152337816026229e-01
-3.644583490159776229e-01
3.465216159820556641e-01
-6.447436014811197547e-01
4.063819779290093193e-01
1.161566972732543945e-01
-9.930556350284153178e-02
nan
nan
nan
nan
-4.293442302280002232e-01
3.547946876949734096e-01
6.758333312140570870e-01
-5.111428366767035714e-01
-3.233276473151313057e-01
-1.190081808302137611e+00
1.736460129419962473e-01
-6.729836596382988978e-02
4.621723492940266742e-01
1.203834348254733677e-01
-3.971998426649305802e-01
-1.188862986034817104e-01
-4.032453431023491630e-01
-1.503487295574612026e-01
-1.049772686428493973e+00
6.307405895657010042e-01
-4.709703127543131695e-01
-5.992681715223524552e-01
-1.176696565416124107e+00
5.732410748799642297e-01
9.016273286607530135e-01
1.757263342539469309e-01
-5.001322262816959054e-03
-6.272738244798448104e-01
6.878342231114704941e-02
3.994522359636094588e-01
-4.146839512719048271e-01
4.421125517951117745e-01
nan
nan
nan
nan
6.643769476148817521e-01
1.734880076514350167e-01
1.061917758650249982e-02
-6.042349073621962052e-01
1.034914122687445648e+00
-5.052506658766005021e-01
2.766655551062690011e-01
-6.178300115797255021e-01
-3.123837576972113839e-01
3.824782901340060826e-01
5.003609127468533480e-01
-2.622075345781114120e-01
-8.246601952446831474e-01
7.120472060309516182e-01
-3.461078537835015068e-01
-5.803592469957139510e-01
1.476850509643554688e-01
9.624144236246744422e-01
-1.654934485753377371e-01
7.975014580620659599e-01
2.856833669874403459e-01
-2.432082759009467077e-02
-3.935889667934841518e-01
1.069461901982625279e-01
6.006477276484171318e-02
-8.186616367763943636e-01
-3.133025964101155414e-01
-8.169213930765788223e-02
nan
nan
nan
nan
2.412321302625868025e-01
6.484501891665989115e-02
5.821327633327908480e-01
9.527516894870333708e-01
-3.684022426605224609e-01
7.758997811211479911e-01
1.325022114647759208e-01
1.528886291715833845e-01
4.609289699130588169e-01
6.560442712571885604e-01
1.211480696996053014e-01
3.269511328803168526e-01
-5.527376068962944755e-01
3.026195632086859932e-01
-9.223797056410047990e-01
-2.731689876980251674e-01
-1.993890934520297503e-02
5.938489702012803573e-01
-7.854580349392361605e-01
7.124240663316514510e-01
6.174910333421494979e-01
-1.647879679997762137e-01
-5.708325174119737166e-01
-3.688828680250380021e-01
-6.006189452277289620e-01
-1.172153684828016518e+00
1.221050156487358956e-01
3.289870686001247768e-01
nan
nan
nan
nan
3.520881070031059989e-01
-1.166318787468804352e+00
-3.576727377043829870e-02
-1.184677018059624581e-01
-6.445771323310004464e-01
-5.845405260721842078e-01
-5.499756071302626115e-01
8.570894665188260042e-01
-2.269826465182834263e-01
3.518460591634114398e-01
-4.261818461947970982e-01
-8.899337980482313615e-01
-1.766732666227552595e-01
-1.784158150355021066e-01
3.590059810214572544e-01
-3.460449642605251674e-01
4.179020192888047713e-01
-5.367859734429253349e-01
4.287393358018662948e-01
2.632436752319335938e-01
4.539276758829752789e-01
1.283998595343695648e+00
3.413398795657687779e-01
6.402465502421060828e-01
1.766356362236870536e-01
-1.715808775689866769e-02
-5.838776164584689177e-01
-2.760279708438449497e-01
nan
nan
nan
nan
3.934151596493191128e-01
-7.219645712110731584e-01
2.520120806164211774e-02
-6.927478048536512834e-01
-7.443732155693901786e-01
6.795677608913845980e-01
1.239706244733598459e-02
2.648530801137288226e-01
-2.079152266184488840e-01
9.300372997919718887e-02
-6.248923937479654578e-01
-3.038607703314887276e-01
-9.935812817679511022e-02
-5.251755714416503906e-01
-2.822239134046766740e-01
-2.113493548499213448e-01
-7.820918295118544084e-01
2.311760584513346262e-01
-3.584312862820095424e-01
-1.764853464232550573e-02
-6.302028761969672432e-01
-5.834467146131727677e-01
-6.122862630420260882e-02
-1.869551605648464565e-01
5.146208339267306364e-01
-1.474957995944552902e+00
4.243758784400092354e-01
-2.971238560146755581e-01
nan
nan
nan
nan
1.026510794957478795e-01
6.817890273200141182e-01
1.130423439873589508e+00
8.910030788845486605e-01
-8.217786682976616630e-01
-2.255796591440836496e-01
-7.168303595648871651e-01
2.247347036997477121e-01
-2.622097068362765765e-02
-4.403089417351616630e-01
4.707508616977267857e-01
9.348038170072767855e-03
-7.802222039964463729e-01
9.818045298258463172e-01
2.993479834662543526e-01
-7.202938927544487724e-01
6.777204937405056917e-01
3.235561052958170758e-01
-9.109831518597072408e-02
-3.960343533092074847e-02
1.996189355850219727e-01
-1.204189062118530273e-01
-6.379577848646376115e-01
-2.542004055447048549e-01
1.030190189679463658e-01
-1.362855169508192243e-01
-4.511981540256076451e-01
-1.604874001608954659e-01
nan
nan
nan
nan
-4.403153724140591169e-02
-8.042110866970486605e-01
4.990441534254286271e-01
-4.735000928243001117e-01
6.161511606640285993e-02
3.732577959696452008e-01
5.546133253309462052e-01
-3.201335337426927663e-02
-1.849940194023980133e+00
-1.076068066888385272e-02
3.653480476803249721e-01
-4.849822256300184709e-01
-2.950530846913655414e-01
-2.670838269922468436e-02
-9.418179591496785019e-02
-5.885903040568033484e-01
1.068337546454535492e+00
-6.756784518559773300e-02
-8.158745368321736191e-02
-1.962666511535644531e-01
-1.972097290886772880e-01
1.821616888046264648e-01
1.400338278876410714e-01
-3.147980372111002789e-01
1.681844658321804409e-01
-2.340628041161431083e-01
-1.440258979797363281e+00
1.261293411254882812e+00
nan
nan
nan
nan
-1.079772313435872322e+00
1.033859146965874665e+00
-4.030018382602267857e-01
-1.095516615443759556e-01
2.895903322431776505e-01
1.006097475687662834e+00
1.329048077265421457e-01
2.785539627075195312e-02
6.084433529112073802e-02
-2.867361704508463727e-01
-5.448805954721239186e-02
-5.656984117296006698e-01
1.203379419114854576e+00
-1.371390157275729771e-01
6.433836089240180245e-01
1.053730116950140960e+00
1.016522712177700405e-01
-6.689904795752631139e-02
3.190619150797526227e-01
2.823169231414794922e-01
3.486950132581922990e-01
3.092873626285129185e-01
-8.251114421420626677e-01
-4.292178948720296039e-01
-1.355192396375868025e-01
1.169419685999552455e-01
-2.494667900933159599e-01
1.064079735014173689e-01
nan
nan
nan
nan
-3.386946757220559530e-04
5.141268173853556604e-03
-6.776126888063219167e-02
-4.540882640414767857e-01
3.123106956481933594e-01
6.424882147047255021e-01
-4.481822119818793526e-01
6.698779927359686803e-02
-2.758598592546250838e-01
-5.969483057657877234e-01
-6.285994317796494979e-01
6.503088209364149552e-01
4.856122334798176898e-01
-5.502106348673502234e-01
7.198249499003092078e-01
-2.933417956034342633e-01
1.172603289286295647e+00
3.587018118964301339e-01
5.637220276726616630e-01
-6.965964370303684428e-02
2.761633396148681641e-01
-1.202912648518880134e+00
4.591162006060282678e-03
9.344414207670423411e-02
5.976730982462564734e-01
6.721046235826280135e-01
1.359915898905860072e-02
8.009007241990830916e-01
nan
nan
nan
nan
2.703600625197092808e-02
-2.670688894059922713e-01
-5.221330854627821427e-01
3.154866695404052734e-01
4.350817998250325336e-01
2.872493002149794084e-01
1.516246133380466099e-01
-6.379529105292426339e-01
-9.669837024476793386e-02
5.415774451361762276e-01
-6.714524163140190849e-01
2.175862789154052734e-01
-7.749274041917589284e-02
3.181935946146647320e-01
-8.888189527723524552e-01
-1.811941862106323242e-01
8.999773661295572547e-01
-3.052124182383219586e-01
5.138368076748318636e-01
-5.622189839680989953e-01
-1.175002919303046317e-01
6.309547424316406250e-01
3.571954568227131976e-01
8.846754497951930807e-02
-1.644702355066935129e-01
-2.131582895914713449e-01
3.968513541751437779e-01
4.227276908026801339e-01
nan
nan
nan
nan
-2.349351247151692801e-01
1.001530117458767410e+00
3.447328342331780482e-02
-7.753001319037543526e-01
-4.315666887495253068e-01
2.215234273009829974e-02
-2.198197179370456333e-01
3.045787281460232143e-01
-2.346830897861056919e-01
-1.807439823945363247e-02
-1.903761360380384626e-01
3.321767383151584263e-01
-6.526810328165689734e-01
-4.512195587158203125e-01
-1.493117411931355887e-01
7.986490991380479354e-01
5.807874467637803573e-01
1.707173718346489677e-01
5.376321474711099890e-01
9.240427778826819719e-03
1.578385300106472378e-01
-4.555975066290961495e-01
8.510168393452962610e-01
-6.093132495880126953e-02
8.693879180484348490e-02
-7.565365235010783340e-02
3.656744162241618024e-01
5.580056508382161828e-01
nan
nan
nan
nan
4.740552902221679688e-01
-8.531326187981499443e-01
-2.072255346510145368e-01
3.767709599600897741e-02
-5.031065477265252162e-02
2.367889351314968471e-01
-2.187590334150526228e-01
-7.874421775341033936e-03
6.733109686109755021e-01
5.477279027303060266e-01
-1.159175104565090542e-01
5.434153874715169641e-01
2.032829125722249441e-01
-3.505538304646809711e-01
-9.384737014770507812e-01
-2.287690639495849609e-01
-1.028208626641167633e+00
2.138002978430854073e-01
1.048595216539170982e+00
6.919311417473686943e-01
1.689593659506903878e-01
-4.933378431532118302e-01
7.666507297092013395e-01
-3.791091177198622209e-01
8.514531453450521203e-01
-7.184850904676649552e-01
3.328843381669785995e-01
5.297011799282498323e-01
nan
nan
nan
nan
-1.045446528328789620e-01
1.965789794921875000e-01
7.368961440192328682e-01
-1.246499352984958287e-01
4.625486797756618862e-01
6.241561571756998328e-01
6.872924168904622766e-01
-5.004510349697537386e-01
-5.141676266988118860e-01
-5.386013984680175781e-01
2.915107674068874721e-01
-5.916328959994845427e-01
-3.403182559543185826e-01
-3.700496620602077846e-01
-3.224084907107883091e-01
-2.127874427371554966e-01
-4.227343665228949776e-01
1.450796789593166713e-01
8.079769213994343613e-02
-2.268797026740180245e-01
7.361374431186251677e-01
6.531469027201335098e-02
2.449460559421115513e-01
8.435746828715006140e-01
-3.051573700375027065e-01
1.794053581025865374e-01
4.329797426859537945e-01
5.307063791486951732e-02
nan
nan
nan
nan
-2.677155070834689732e-01
3.055198722415500279e-01
-2.508835792541503906e-01
7.048671775394016459e-02
9.425441953870985490e-01
2.268091307746039620e-01
-9.250485102335611609e-01
-9.858481089274088172e-01
8.604029549492729911e-01
4.570474227269490271e-03
-4.342469109429253349e-01
-6.371182865566678011e-01
-6.091895103454589844e-01
-2.433240413665771484e-01
1.005273130204942522e-01
-9.538485209147135047e-01
-2.706524001227484932e-01
6.064466900295681917e-01
-3.545121086968315849e-01
-1.634839375813802176e-01
-3.683951960669623604e-01
2.239123450385199776e-01
-1.454548968209160575e-01
-2.086277272966172991e-01
2.711556487613254185e-01
-2.770207722981770648e-01
-4.688220024108886719e-01
1.691551870769924526e-01
nan
nan
nan
nan
-4.909181065029568081e-01
9.185288747151693078e-01
1.233847406175401507e-01
-7.282199462254841660e-02
4.678770701090494977e-01
-2.998993661668565291e-01
2.228998872968885603e-01
-1.023658646477593415e+00
-3.685619301266140346e-01
-1.713176700803968611e-01
-1.936683389875623884e-01
-1.828622817993164062e-01
-3.114238795306947544e-03
-5.321411291758219170e-02
-6.203478177388509485e-01
-6.238155364990234375e-01
-9.580294291178385047e-01
4.319099916352166224e-02
6.923615667555067521e-01
-5.684487554762098771e-01
9.717583656311035156e-02
-1.206009785334269252e-01
-1.525596645143297014e-01
5.086593627929687500e-01
8.804603682623969307e-01
4.649203088548448104e-01
9.626692665947808036e-01
7.836649682786729354e-01
nan
nan
nan
nan
3.387296994527180805e-01
1.227261649237738617e+00
4.798588752746582031e-01
-5.429435521364212036e-03
-1.556567298041449554e+00
-2.921456760830349331e-01
1.983964708116319475e-01
-2.272560066646999721e-01
5.038912428749932337e-02
-9.265333811442056922e-01
6.654986275566948661e-01
-3.589181635114881974e-01
-1.008481979370117188e-01
-2.956628004709879742e-01
-1.024006870057847796e-01
6.481638881895276927e-02
-9.617971844143338167e-01
5.582243601481119422e-01
4.142733746104770159e-02
3.439431985219319476e-01
3.670250044928656807e-01
2.388552029927571707e-01
-3.238673210144042969e-01
3.077118926578097935e-01
2.333546214633517857e-01
5.627467400497860282e-03
3.718553119235568638e-01
-4.728304545084635602e-01
nan
nan
nan
nan
8.350771798027886161e-01
-4.770706494649251117e-01
3.177514341142442245e-01
-3.696174422899881767e-02
1.726416879230075474e-01
-6.008228196038140068e-01
5.231354501512315291e-01
3.493249151441786271e-01
-9.834321339925129746e-02
1.416554715898301897e-01
2.154397434658474331e-01
1.720739205678304129e-01
5.286944177415635604e-01
-2.841755284203423271e-01
3.041260441144307339e-02
5.178906122843424109e-01
5.912231074439154577e-02
-2.832144101460774555e-01
-2.455407248602973214e-01
5.296174155341254464e-01
-5.317402945624457589e-01
-9.016266928778754464e-01
-3.309261798858642578e-01
-6.579325993855794641e-01
3.180609014299180526e-01
-3.037736150953505021e-01
1.223440302742852120e-01
4.110754595862494698e-01
nan
nan
nan
nan
-4.495574633280436383e-01
-4.561944007873535156e-01
-4.411664538913303013e-01
-6.750835312737358818e-01
-8.443234231736924666e-01
5.066415468851724890e-01
2.119276523590087891e-01
3.020724190606011161e-01
6.564651595221625557e-01
2.253860632578531809e-01
-2.875555356343587055e-01
-1.368422375784980050e-01
-6.587062941657172432e-01
1.802621417575412388e-01
1.408365865548451799e-02
-5.442116657892862724e-02
-3.774587843153212052e-01
-7.845298449198404578e-01
1.049526850382487053e+00
-5.885179307725694198e-01
-8.295335769653320312e-01
-4.319711526234944893e-02
-3.358871142069498883e-01
-8.063352108001708984e-02
-1.103994713889227958e-01
3.425408204396565570e-01
nan
-3.356118996938069476e-01
nan
nan
nan
nan
-3.131853209601508092e-02
-5.153423415289984932e-01
2.945232126447889787e-01
-6.083357599046494979e-01
8.554904725816514510e-01
-7.004871368408203125e-01
-5.170691808064779016e-01
7.467774815029568636e-01
5.930105845133463172e-01
-1.089158323076036272e-01
-8.413994312286376953e-02
-7.378606266445584261e-01
-3.702907297346327287e-01
2.491669654846191406e-01
-4.739131927490234375e-01
-6.807393497890896761e-01
1.441665358013576870e-01
-5.791194174024794084e-01
-3.987752596537272320e-01
8.175714280870225448e-01
-1.772517495685153599e-01
1.064106888241238003e-01
2.548971705966525669e-01
-8.312914106580946427e-01
6.643711196051703682e-01
2.978661060333251953e-01
1.083898461527294660e-02
-4.674704869588215961e-01
nan
nan
nan
nan
-4.840404126379224681e-02
-7.113449838426377791e-01
nan
-4.844852288564046455e-02
4.004654619428846818e-01
2.455680635240342913e-01
8.998960918850368307e-02
-3.835727373758952008e-01
-5.469868977864583703e-01
3.991590340932210101e-01
8.153334193759493864e-01
1.030051973130967913e-01
7.658339209026759908e-02
-3.480761845906575336e-01
-1.049589474995930916e+00
4.578098191155327568e-01
2.239189942677815848e-01
-7.012779182857936666e-02
1.229586203893025670e-01
4.058081573910183315e-01
-1.445999940236409598e-01
-3.725831243726942521e-01
6.214292314317491073e-01
3.908111320601569127e-02
3.490479787190755023e-01
5.118976169162325895e-01
-9.599994023640950891e-01
-1.265198389689127512e-01
nan
nan
nan
nan
3.734602663252089005e-01
6.660066180759005583e-01
-1.127693600124783035e+00
1.439175340864393415e-01
4.448501798841688615e-01
4.967951774597167969e-01
-3.489963743421766740e-01
2.121102015177408762e-01
-4.162227312723795758e-01
-2.793347835540771484e-01
3.360662816299332320e-03
3.824202219645182477e-01
1.104346593221028572e+00
-4.754675428072611260e-02
-4.350859589046902065e-01
-3.238248295254177456e-01
-2.173865901099311104e-01
2.424867153167724609e-01
-9.338560104370117188e-01
-8.997322718302408484e-01
-3.361075454288058872e-01
2.050760057237413225e-01
-6.278193791707357141e-01
-3.027185863918728237e-01
-1.637438270780775321e-02
5.382484859890408063e-02
-2.562728457980685826e-01
-7.608290778266059151e-01
nan
nan
nan
nan
3.123059868812561035e-02
-7.403077019585503349e-01
-1.738432513342963448e-01
-1.037893361515468960e-01
5.023632778061760951e-02
7.558569378323025667e-01
-1.601105266147189732e-01
1.711572938495212193e-01
-8.572722011142306364e-01
1.001829703648885045e-01
-4.870425860087077008e-01
5.996333758036295203e-01
5.867107709248861047e-01
-3.261468675401475448e-01
-6.780550744798448104e-01
1.179114447699652679e+00
2.241501543256971610e-02
6.315749486287435266e-01
-3.349726729922824359e-02
-2.737013763851589565e-01
-4.993429713779025669e-01
-2.954384220971001396e-01
-7.416383955213758927e-01
-6.948326428731282922e-01
-2.806327342987060547e-01
5.478338665432400667e-01
-2.106939421759711495e-01
6.411471366882324219e-01
nan
nan
nan
nan
2.782770527733696708e-01
4.296245310041639787e-01
9.045536253187391740e-01
3.482351038191053294e-02
3.688141240013970146e-01
-6.159333123101128349e-01
4.052921401129828682e-01
7.106157143910725449e-02
-8.408484988742404020e-01
1.195396052466498465e-01
-1.218186484442816742e+00
-6.837272114223904573e-01
1.702404022216796875e-01
2.559557888242933524e-02
8.242006831698946989e-01
8.775012758043077010e-01
1.254656712214151926e-01
4.972438348664177943e-02
4.785836007859971541e-01
2.496186892191569126e-02
1.893839173846774693e-01
-2.707662317487928849e-01
-9.482696321275498885e-01
4.872827529907226562e-01
-6.602551672193739396e-01
7.502163251241048547e-01
-1.501294771830240793e-01
-1.516986025704277763e-01
nan
nan
