nan
nan
6.613226318359375355e-01
-7.941373586654663919e-03
-3.707423019409179510e-01
8.507933616638183039e-02
-6.054855346679687278e-01
-1.602159500122070368e-01
-1.175125732421874902e+00
-2.704365921020507879e-01
1.738523292541503951e-01
2.133022689819336071e-01
2.862966537475585826e-01
-8.215441107749939589e-03
-8.456201171874999645e-01
-6.319298171997069780e-01
nan
4.583963394165039285e-01
-1.265484924316406357e+00
-8.726188659667968861e-02
6.337909317016601207e-01
1.294948005676269664e-01
2.628378868103027344e-01
6.925530242919921697e-01
5.985473632812500222e-01
-2.770982742309570090e-01
1.905556335449218652e+00
-1.019417724609374964e+00
4.961176300048827925e-01
-1.922668075561523304e-01
nan
nan
nan
nan
2.490929412841796919e-01
-2.856973648071289146e-02
-7.126689147949218928e-01
-7.418843078613280850e-01
5.534219360351562145e-01
-7.137210083007812234e-01
-2.619222879409789997e-02
3.455984115600586049e-01
-6.848946380615233975e-01
4.006691741943359530e-01
-2.851641845703125067e-01
-3.175334334373473930e-03
-4.844594192504882990e-01
3.578191757202148215e-01
nan
-3.881950378417968750e-01
1.942859458923339722e-01
-3.427817153930663996e-01
-1.156130065917968741e+00
4.245656967163086160e-01
-9.813088417053222878e-02
8.660414123535156161e-01
2.111879920959472690e-01
4.699200820922851407e-01
7.579344177246093439e-01
-2.463993072509765569e-01
3.331153106689452859e-01
-1.796701354980468679e+00
nan
nan
nan
nan
2.980512619018554910e-01
3.998559188842773504e-01
8.333820343017578347e-01
1.842565727233886619e-01
-3.972365188598632746e-01
9.436822509765625533e-01
7.704185485839843972e-01
8.290679931640625444e-01
-1.814599633216857928e-03
-5.567273712158202770e-01
2.435903358459472756e-01
-3.569951248168945490e-01
1.437463641166687039e-02
-5.267765522003173967e-02
nan
6.953609466552734819e-01
-3.714661836624145314e-02
-8.177311897277832198e-02
7.771071624755859775e-01
1.108321914672851571e+00
-4.562590599060058899e-02
4.018312931060791238e-02
-2.438536453247070190e-01
1.102136917114257875e+00
-1.184472961425781179e+00
-3.076919746398925626e-01
7.664649963378906694e-01
8.029546737670898576e-03
nan
nan
nan
nan
5.909779739379882324e-01
-3.872481536865234331e-01
-8.807424163818359242e-01
4.840169906616210715e-01
6.615698242187499911e-01
7.108069610595703081e-01
4.744882965087890425e-01
-1.379137268066406241e+00
-1.408737182617187500e+00
-3.335568237304687433e-01
5.602527999877929821e-01
-2.719999074935913058e-02
8.143861389160156339e-01
6.642671203613281783e-01
nan
4.484223937988281450e-01
5.665372848510741993e-02
-3.222533416748046831e-01
-2.284896612167358274e-02
1.006006546020507875e+00
-2.334787750244140536e-01
-6.870098114013671875e-01
-6.969689941406249645e-01
1.918450927734375033e-01
-5.347753143310547408e-01
2.182556343078613237e-01
7.306598186492919977e-02
-2.797283744812011919e-01
nan
nan
nan
nan
1.252718257904052723e-01
3.825365829467773371e-01
-7.047534942626952903e-01
1.614173431396484393e+00
4.914134216308593817e-01
7.449592590332031472e-01
-1.152441558837890678e+00
3.597311019897461160e-01
1.911767005920410323e-02
-6.834791564941405939e-01
1.471951141357421777e+00
5.726929092407226918e-01
7.547402191162109197e-01
-1.527611999511718777e+00
nan
-1.053889617919921973e+00
4.494437789916992387e-01
9.767102813720702770e-01
2.754711723327636919e-01
-4.885553359985351785e-01
-5.112894058227539507e-01
6.476902008056640847e-01
1.454553318023681652e-01
3.673222351074219016e-01
8.072236633300781117e-01
4.024947357177734442e-01
1.644346427917480480e-01
8.283190917968750178e-01
nan
nan
nan
nan
5.366471099853515891e-01
1.467275619506835938e-01
-4.352016448974609375e-01
-6.190266036987304155e-01
9.577390670776367299e-02
-1.049419879913330023e-01
-6.276486515998840401e-03
3.170049667358398326e-01
9.655599212646484020e-01
2.425754165649414151e-01
2.535319137573242010e-01
-2.986145973205566184e-01
-6.814777374267577681e-01
-6.068708801269531161e-01
nan
1.032907485961914062e+00
5.010806274414062456e-01
-4.640568923950195157e-01
6.374588775634765225e-01
2.135021209716796986e-01
-8.282438278198242521e-02
8.283839416503906428e-01
-3.068139076232910267e-01
1.272894210815429750e+00
-1.066780757904052801e-01
-3.773666381835937278e-01
1.158952617645263722e-01
9.590834808349609775e-01
nan
nan
nan
nan
5.757662582397461426e-01
3.900972366333007590e-01
9.625562286376952992e-01
6.277859497070312766e-01
2.478766250610351662e-01
-3.730403518676757568e-01
-2.790579414367675981e-01
-5.616185665130615096e-02
-9.676268768310546387e-01
3.579738616943359264e-01
3.650748062133788996e-01
-3.386711502075195335e-01
-3.331635665893554754e-01
6.694947814941406561e-01
nan
4.305466461181640669e-01
6.373393249511718484e-01
4.827707672119140869e-01
-8.911869812011719016e-01
8.006710052490234597e-01
1.599768257141113148e-01
4.275419712066650529e-02
2.293371772766113204e-01
4.576448440551758035e-01
-1.979691123962402377e-01
-6.206211853027343572e-01
4.503402709960937500e-01
-3.881447982788086004e-01
nan
nan
nan
nan
-1.183857192993164054e+00
1.482504081726074285e-01
-2.726864242553710960e-01
-8.936237335205078347e-01
1.387132263183593617e-01
-3.907292604446411383e-02
-1.849622917175292869e-01
-6.558394622802734553e-01
-3.294374084472656006e-01
-2.637012481689453014e-01
1.416670608520507746e-01
-4.209537887573241988e-01
-4.056324958801269670e-02
-1.240142059326171831e+00
nan
-2.949482727050781183e-01
2.309368371963500810e-02
-2.530487632751464711e-01
-4.363595199584960893e-01
-1.216655349731445401e+00
-2.431820297241210904e-01
3.408878326416015514e-01
4.821416854858398549e-01
6.275992202758788885e-01
2.458901786804199296e-01
2.455290603637695357e-01
-2.499729537963867321e-01
6.501499938964844238e-01
nan
nan
nan
nan
-8.922719573974609020e-01
-1.243467407226562571e+00
-1.042195587158203152e+00
-2.458901166915893402e-02
2.342972373962402266e-01
5.523895263671875222e-01
-3.240229415893554621e-01
6.637072753906250178e-01
6.395351791381835849e-01
-7.021617126464844150e-01
5.855823135375977095e-01
-1.331898307800293002e-01
-1.851732063293456965e-01
-3.650749588012695557e-01
nan
1.315940856933593750e+00
1.034874534606933655e-01
4.195330047607421786e-01
-6.158900833129883345e-01
4.024841690063476474e-01
9.087145233154296786e-01
2.290154838562011852e-01
-3.667136001586914218e-01
-1.120046806335449202e-01
7.982820987701416682e-02
-6.589006042480468617e-01
-4.499852752685546964e-01
7.143866729736327859e-01
nan
nan
nan
nan
-6.753362274169921742e-01
7.032791900634766113e-01
8.865460968017577770e-01
1.240265960693359482e+00
6.916227722167969105e-01
-2.695926129817962768e-03
-8.776007652282714899e-02
6.307214736938476785e-01
6.207676315307617543e-01
-1.023401451110839827e-01
-1.061433792114257757e-01
1.831382751464843694e-01
-1.436856231689453089e+00
3.769959640502929532e-01
nan
-9.371993255615234109e-01
7.506957244873047053e-01
5.638969898223877147e-02
7.706823348999022882e-02
3.342994308471679554e-01
8.501076698303222656e-02
1.592617225646972556e-01
1.209228324890136708e-01
4.449756240844726651e-01
1.584472370147705089e-01
-5.237284851074218706e-01
9.219307899475097379e-02
-2.152355384826660223e-01
nan
nan
nan
nan
-1.520398330688476629e-01
-5.291530227661133123e-01
-2.500623703002929910e-01
2.472811126708984453e-01
4.769945144653320312e-02
-4.480243682861327903e-01
-6.141322255134582138e-03
1.148470382690429670e+00
1.071724319458007724e+00
5.085347366333007324e-01
-1.543633270263671808e-01
-4.994081878662109397e-01
-5.836519241333007479e-02
8.737523651123046964e-01
nan
-2.995010757446289196e-01
-2.606351661682129173e-01
-3.994844055175781339e-01
7.528929901123047053e-01
-1.850281524658203169e+00
-8.776893615722656250e-01
2.586321830749511719e-01
-4.166609191894531383e-01
-5.161142730712890980e-01
3.076751708984374889e-01
-1.044694366455078072e+00
6.995265960693359819e-01
2.636916542053222567e-01
nan
nan
nan
nan
1.127741470336913965e+00
-6.559262847900391158e-01
1.084489250183105491e-01
8.944122314453124556e-01
3.571696853637695290e-01
-1.456321258544921893e+00
-3.517281723022460671e-01
-1.770831680297851596e-01
-4.767707443237304554e-01
-1.137395019531250107e+00
4.131763839721679932e-01
5.999055099487304865e-01
-1.043239974975585849e+00
-4.132967758178711093e-01
nan
-3.011726760864257835e-01
-3.646969223022460960e-01
-1.484443664550781250e+00
6.486575317382812234e-01
9.274647521972656516e-01
6.051392745971679865e-01
2.960930824279784934e-01
-7.044427490234375089e-01
7.525791931152343572e-01
4.009122085571288907e-01
-3.501454162597656405e-01
-4.354137420654297097e-01
-1.542302894592285090e-01
nan
nan
nan
nan
9.781075477600097157e-02
-1.972195816040039074e-01
1.789362716674804676e-01
1.126971130371093643e+00
6.057254028320312456e-01
4.749496459960937389e-01
-1.205528450012207098e-01
7.706270599365234730e-01
1.194342327117919877e-01
-6.033509063720703391e-01
7.298247528076171609e-01
-3.365341567993164196e-01
4.042102432250976318e-01
-2.797974777221679532e-01
nan
7.481325531005859064e-01
1.904978752136230469e-01
-5.038344573974609109e-01
3.988463592529296609e-01
3.137575912475585871e-01
-1.563409709930420055e-01
-8.215821075439453391e-01
-3.849277114868164262e-01
1.171998291015625027e+00
-1.457823181152343717e-01
-7.028003692626952903e-01
9.646074295043945146e-02
-8.594170570373535489e-02
nan
nan
nan
nan
2.202675247192382724e-01
-2.571271667480468537e+00
-8.666928863525390492e-01
-8.703316497802734419e-01
8.237126922607421742e-01
-1.181769027709960840e+00
5.926709365844726740e-01
-9.476795196533202570e-02
-2.276073694229125907e-02
5.500814437866210493e-01
-1.160993041992187447e+00
4.534053421020508012e-01
-7.656487274169921919e-01
-8.131641387939453347e-02
nan
7.250395202636719105e-01
5.969945526123047186e-01
1.312550659179687607e+00
6.667941284179687012e-01
-9.641184234619140092e-01
2.862259864807129017e-01
-1.300057315826416149e-01
6.713630676269530806e-01
-3.790213394165038996e-01
9.107260894775390803e-01
-2.236430358886718761e-01
6.773639678955077903e-01
-6.781489849090575894e-02
nan
nan
nan
nan
3.601264715194701926e-02
-9.920090484619140669e-01
-6.960553741455077770e-01
-1.490146789550781170e+00
-2.485899543762206954e-01
7.128211212158203081e-01
2.657412528991699441e-01
-1.420808868408203196e+00
4.205633544921875133e-01
1.131464767456054732e+00
-1.194052734375000036e+00
-9.004700469970703391e-01
-5.297626113891601429e-01
2.496579933166503951e-01
nan
-3.700782012939453081e-01
-2.603949546813965066e-01
2.022026443481445279e-01
4.287799453735351429e-01
1.790662574768066284e-01
-5.819244003295898082e-01
-6.757238006591796964e-01
7.637179565429687012e-01
7.365224456787109464e-01
9.379298400878905984e-01
1.140592193603515714e+00
-9.632581329345702992e-01
1.216243057250976589e+00
nan
nan
nan
nan
-1.682298889160156241e+00
7.955764007568358887e-01
2.029502868652343639e-01
1.462689056396484277e+00
9.233938598632812633e-01
1.608832359313964733e-01
-8.868813323974609197e-01
-7.630730152130127397e-02
2.066280555725097667e-01
-1.931498146057128995e-01
1.045600662231445321e+00
4.430793380737304554e-01
3.134424972534179954e-01
5.661968612670897905e-01
nan
4.875159454345703303e-01
-3.414166259765625266e-01
2.993543052673339755e-01
3.109670448303222812e-01
-5.400957107543945535e-01
-1.001285247802734313e+00
-7.746387004852295366e-02
1.971676063537597667e-01
2.641165924072265692e-01
-7.667759704589843794e-01
-7.592144012451171875e-01
1.728721809387206987e-01
6.756710052490234597e-01
nan
nan
nan
nan
1.264280033111572221e-01
2.341757392883300759e-01
-3.572798156738281050e-01
-8.372377014160156117e-01
-3.058071136474609375e-01
-1.724585723876953247e-01
-1.134147720336914134e+00
-6.798418426513671564e-01
-1.754571723937988215e-01
3.553470230102538929e-01
1.720760726928710904e-01
-5.728122711181640181e-01
4.262210464477538818e-01
-4.917690277099609486e-01
nan
-5.795749187469482339e-02
-1.202005195617675826e-01
-1.572427749633788924e-02
-2.536971092224121205e-01
-1.500661010742187607e+00
-2.945958900451660090e-01
-1.242735385894775356e-02
4.069452285766601562e-01
-1.150785255432128923e-01
1.236568069458007901e+00
1.862585639953613370e-01
7.479985809326171742e-01
2.196778488159179810e-01
nan
nan
nan
nan
7.084565734863281783e-01
-5.937879180908203214e-01
1.380569915771484357e+00
5.576406121253967701e-03
1.112541503906250062e+00
-5.116073608398437056e-01
-8.008050918579101562e-02
2.095599555969238359e-01
5.037115097045898882e-01
-8.803461074829101174e-02
-7.194975280761718439e-01
-1.125529327392578161e+00
-4.191177368164062389e-01
-7.717717742919921742e-01
nan
4.310184478759765403e-01
-2.419321632385253995e-01
1.347345352172851507e-01
-1.215363769531250027e+00
1.437733306884765527e+00
-6.504402160644531250e-01
4.442352294921875222e-01
-1.041759338378906330e+00
3.738565826416015425e-01
6.884695434570312633e-01
-8.702211761474609730e-01
-1.930672760009765732e+00
5.874047088623046697e-01
nan
nan
nan
nan
2.848134040832519531e-01
1.218476104736328169e+00
9.471915435791015137e-01
-1.936637496948242221e-01
1.133287658691406241e+00
1.696672248840332131e-01
6.258431625366210893e-01
-4.639544296264648260e-01
6.637493610382079468e-02
-4.009389495849609575e-01
-8.179729461669922319e-01
8.096842193603515092e-01
-2.818102836608886719e-01
-5.024747848510742465e-02
nan
-6.849368286132812012e-01
5.728396987915038707e-01
-3.708094358444213867e-02
-8.521569061279297141e-01
5.688431549072265891e-01
3.757369232177734109e-01
1.557416687011718759e+00
6.854094696044922275e-01
6.106731796264648349e-01
1.272015914916992285e+00
-3.941097259521484375e-01
-5.682512283325195090e-01
-2.561739158630371160e-01
nan
nan
nan
nan
5.187277221679686967e-01
-6.609627532958984863e-01
5.931267738342285017e-02
8.425171661376953391e-01
4.027001571655273171e-01
1.041024475097656277e+00
-6.206391143798828391e-01
1.448167037963867254e-01
6.917041015624999512e-01
8.881106376647948664e-02
-4.349861526489257613e-01
6.383234405517578258e-01
1.046707992553710831e+00
1.308415679931640652e+00
nan
6.216075897216797319e-01
-9.866701507568359508e-01
-7.309053039550781339e-01
1.031302356719970698e-01
-1.029327011108398526e+00
9.018884658813476618e-02
-6.171421527862548662e-02
-3.471869277954101607e-01
-2.738240051269531516e-01
-1.630961227416992121e-01
-5.416619491577148171e-01
-7.255409240722656694e-01
-2.677685928344726296e-01
nan
nan
nan
nan
6.335991287231445002e-01
-3.782687759399414040e-01
-5.230499267578124778e-01
-3.551240921020507590e-01
-5.494664382934569824e-01
1.737812995910644476e-01
-5.838131332397460405e-01
1.244478940963745194e-02
-2.871001815795898304e-01
-4.232420921325683733e-02
8.922289276123046564e-01
-9.268288421630859197e-01
6.716742706298828303e-01
3.711643981933593905e-01
nan
-2.410730361938476507e-01
-1.085609078407287660e-02
8.974694252014160656e-02
-6.043376922607421875e-01
1.546607360839843848e+00
-1.434825992584228549e-01
2.249442863464355402e-01
6.706956481933593617e-01
-4.227220916748046786e-01
3.378316497802734131e-01
-2.961069297790527299e-01
-3.364101409912109153e-01
-3.967742156982421720e-01
nan
nan
nan
nan
-3.759596633911133079e-01
3.949289703369140425e-01
3.605591201782226696e-01
1.606304168701171986e-01
2.542341423034668035e-01
-6.737773132324218484e-01
-2.750558471679687700e-01
2.438421630859375078e-01
5.429434204101561967e-01
5.147269058227539329e-01
3.221330642700195312e-01
-1.180687866210937464e+00
4.627297973632812367e-01
9.606697082519531639e-02
nan
2.047497749328613392e-01
8.075337982177734908e-01
1.978865242004394509e-01
-1.784470939636230435e-01
7.740670204162597434e-02
1.325213470458984411e+00
1.385934448242187589e+00
8.452965545654297363e-01
1.507035350799560414e-01
-5.806452560424805176e-01
-1.081763229370117152e+00
7.133495330810546431e-01
1.448855209350586037e-01
nan
nan
nan
nan
1.140594482421875000e-01
4.596660995483398682e-01
-4.190844726562499845e-01
1.136859741210937580e+00
-1.490975761413574352e-01
5.244625568389892772e-02
-5.869681167602539551e-01
-1.688096771240234384e+00
3.360086441040038840e-01
-3.221037292480468661e-01
-4.422329330444336182e-01
-8.055097198486328436e-01
-7.343571472167969016e-01
-7.865195465087890803e-01
nan
-1.131557846069335960e-01
-4.329201889038085671e-01
-3.509838104248046986e-01
1.217300415039062500e+00
4.348287200927734575e-01
2.545460700988769753e-01
-8.021530914306640447e-01
3.974828338623047075e-01
6.144242477416992365e-01
7.135121154785156738e-01
-6.514479827880859109e-01
5.335227203369140581e-01
-2.967761802673339888e-01
nan
nan
nan
nan
-4.088181853294372420e-03
1.133017253875732433e-01
-5.984328842163085804e-01
1.642808914184570312e-01
5.474162292480468928e-01
-5.813663864135741877e-01
6.019575119018554660e-02
6.318230056762694780e-01
2.659946250915527499e-01
-1.545330657958984277e+00
1.194187088012695241e+00
8.565737152099609508e-01
6.689758896827697685e-03
7.379759216308593439e-01
nan
3.079630279541015758e-01
-1.695588493347167935e-01
-4.412673187255859442e-01
1.407713928222656286e+00
-3.336464309692382946e-01
-4.890164566040038907e-01
1.476101074218749920e+00
-5.163276672363281694e-01
-4.076020812988281339e-01
-7.949600219726562500e-01
-1.650309562683105469e-01
-4.585493087768554438e-02
4.091458892822265603e-01
nan
nan
