nan
nan
1.021089324951171884e+00
-1.903325080871582087e-01
-7.966154479980468439e-01
3.631008529663086182e-01
-1.062830581665038965e+00
-2.330099487304687633e-01
-2.817497634887695113e-01
-5.409551620483398215e-01
5.353900909423827681e-01
-5.428557968139648970e-01
1.122889175415038965e+00
-1.007936553955078196e+00
-3.887689971923828369e-01
3.762594610452652151e-04
nan
1.029219360351562473e+00
-8.630737304687500222e-01
6.316096878051757901e-01
1.149547100067138672e-01
-1.368902587890624967e-01
-9.407681274414062544e-01
-9.325067901611328036e-01
8.700885009765625400e-01
4.075559234619140492e-01
-5.665376281738281339e-01
-2.230519409179687607e+00
-3.162234878540038929e-01
4.338927841186523415e-01
nan
nan
nan
nan
2.246962738037109331e-01
3.860046005249023193e-01
-1.311038360595703223e+00
-1.116486816406250027e+00
2.902827262878417969e-01
-9.004916191101074163e-02
-8.303556060791015270e-01
7.598558807373047008e-01
-5.374633407592773748e-01
-6.665702819824218528e-01
9.971016693115234419e-01
5.524870681762695801e-01
4.429470825195312433e-01
-1.944557495117187562e+00
nan
9.751065826416015492e-01
-5.037483215332031472e-01
-1.823053550720214744e-01
-3.772934341430664307e-01
6.183393478393555132e-01
9.321417236328124467e-01
-1.415704250335693415e-01
4.046849060058593794e-01
5.001016998291015758e-01
-5.002736663818359020e-01
1.074224624633788983e+00
-2.337705612182617299e-01
8.881224060058593439e-01
nan
nan
nan
nan
2.365474700927734375e-01
1.726373138427734322e+00
4.914298629760742165e-01
5.129240798950195357e-01
-4.085608673095703081e-01
3.584569549560546742e-01
-7.546135711669922363e-01
4.588140106201171742e-01
3.401206207275390692e-01
4.491001605987549050e-02
4.581892013549804799e-01
-6.386093521118163530e-01
-3.410510635375976762e-01
5.252423858642578658e-01
nan
-1.334641218185424888e-02
2.640984153747558683e-01
-3.906304168701171808e-01
3.262042522430420172e-02
3.952943325042724415e-02
-6.090728759765624556e-01
8.474909210205078258e-01
-5.254636383056641158e-01
1.663306045532226551e-01
-2.899171447753906006e-01
4.402101135253906339e-01
1.395099639892578125e+00
1.566800975799560458e-01
nan
nan
nan
nan
-1.062844543457031277e+00
-3.787759399414062367e-01
-1.319957122802734473e+00
2.244400787353515725e-01
1.863508148193359304e+00
7.144967651367187811e-01
-4.173632049560546675e-01
3.152377700805664151e-01
-3.528498458862304732e-01
5.923551177978515492e-01
3.270819854736328192e-01
1.499338340759277244e-01
8.426126098632812367e-01
1.932893180847168046e-01
nan
-2.241882514953613403e-01
-1.898085403442382746e-01
-1.075347290039062598e+00
-6.531220245361327725e-01
-7.181031799316406339e-01
3.167656898498535378e-01
-8.525936889648437766e-01
-1.130733108520507901e+00
-5.072129821777343617e-01
-7.083077239990234197e-01
3.605595397949218905e-01
-3.245153903961181530e-02
-1.409984436035156330e+00
nan
nan
nan
nan
-1.156794548034667941e-01
-4.711741638183593595e-01
7.143331146240234908e-01
4.079969024658203214e-01
7.688467407226562411e-01
1.279730834960937536e+00
5.576653671264648615e-01
2.879924011230468595e-01
-8.404613137245178778e-03
-8.328952789306640625e-01
8.870655822753906738e-01
4.850990295410156361e-01
-4.147864151000976718e-01
5.641217708587646651e-02
nan
1.015340728759765554e+00
5.656476593017578658e-01
3.657979965209960938e-01
1.386555480957031294e+00
7.305158996582030717e-01
2.712001609802245916e-01
-1.912243080139160167e-01
2.811606025695800870e-01
-4.535342407226562456e-01
1.190821533203124893e+00
-7.764350891113280806e-01
8.663182067871093572e-01
-9.881882476806640447e-01
nan
nan
nan
nan
7.534352874755859686e-01
-7.550354957580567017e-02
3.655920791625976718e-01
8.323186492919921742e-01
1.206191635131835943e-01
1.601161575317382735e-01
-8.830385208129883090e-02
8.601911163330078214e-01
1.069775924682617285e+00
-4.451269531250000022e-01
3.302970123291015803e-01
-2.652710342407226807e-01
5.366339492797851385e-01
3.082929801940917924e-01
nan
3.337064361572265603e-01
9.680281829833984331e-01
-2.129193878173828158e-01
6.839067840576171786e-01
-3.596811676025390425e-01
-6.871646118164062012e-01
1.006019668579101634e+00
2.154295349121093661e-01
-5.104972457885742498e-01
8.807912445068359908e-01
-2.048692703247070312e-01
-5.230877304077148349e-01
6.096126174926758123e-01
nan
nan
nan
nan
-1.033956336975097590e-01
-1.238503952026367205e+00
-1.219339447021484446e+00
2.858871650695800626e-01
6.851753997802734197e-01
8.312279701232910822e-02
-1.996857070922851696e-01
3.927690887451171786e-01
-5.490281677246093839e-01
5.445545196533203569e-01
-1.929221534729003984e-01
3.198097610473633057e-01
3.082065773010254084e-01
4.087050247192383079e-01
nan
-2.456159591674804688e-01
8.770217132568359775e-01
-3.726060628890991155e-02
7.195568084716796875e-01
9.083489990234374645e-01
1.333978939056396362e-01
6.671642303466797097e-01
-1.988897514343261619e-01
9.440068244934081421e-02
-3.116497802734374822e-01
6.145470046997070224e-01
-4.505540084838867143e-01
-1.042603836059570410e+00
nan
nan
nan
nan
-4.718552398681640780e-01
-6.701133728027344194e-01
5.830952453613281738e-01
-2.890964126586914040e-01
6.740520477294922319e-01
-1.107549896240234366e+00
1.015658569335937456e+00
2.585360145568847412e-01
-2.062561340332031090e+00
-2.772634506225585965e-02
3.648534774780273215e-01
7.596976470947265359e-01
4.969511413574218550e-01
-5.061221122741699219e-02
nan
7.456214141845702859e-01
1.274241352081298961e-01
-6.756873321533203303e-01
1.417994308471679787e-01
1.143761901855468777e+00
1.045275344848632715e+00
3.965533828735351429e-01
-1.095124435424804643e+00
-9.460190582275390669e-01
-6.711483001708984375e-01
1.017099990844726465e+00
1.154768466949462891e-01
2.621507263183593950e-01
nan
nan
nan
nan
1.184447021484374973e+00
1.107037162780761669e-01
-8.473908901214599956e-03
7.388897705078124600e-01
5.958082580566406161e-01
-7.196368694305420310e-02
1.557723045349121149e-01
1.156147918701171839e+00
-3.957482528686523393e-01
3.508429288864135798e-02
-1.364245605468749900e-01
3.013838958740234220e-01
-3.143925666809082031e-01
-3.976647949218750089e-01
nan
2.322247123718261808e-01
-1.800025939941406194e-01
4.201659393310546720e-01
-9.098656773567199985e-03
1.009303283691406206e+00
7.625249481201171742e-01
4.963414001464843683e-01
4.035079956054687389e-01
7.896656036376953347e-01
2.092899131774902388e-01
-8.315087890625000311e-01
1.336313438415527299e-01
3.964693832397461204e-01
nan
nan
nan
nan
-6.408957672119141025e-01
-2.012966346740722723e-01
-5.665036010742187100e-01
-4.831035995483398682e-01
-6.377069473266601118e-01
8.052698516845703258e-01
4.721094131469726340e-01
1.054348754882812461e-01
6.378486633300781694e-01
-8.695188140869141158e-01
-3.349878692626953036e-01
-1.232182312011718794e+00
3.563665771484375022e-01
5.296570205688476696e-01
nan
9.692226409912109153e-01
1.669266510009765669e+00
-1.057976455688476536e+00
8.162750244140625222e-01
-1.307207794189453098e+00
1.238115081787109384e+00
3.642108535766601651e-01
1.017222290039062393e+00
-6.192365169525146373e-02
-9.195913696289061967e-01
6.406433105468749556e-01
3.849080657958984242e-01
1.562141113281249938e+00
nan
nan
nan
nan
8.272908020019531516e-01
4.741106033325195312e-01
-3.447173309326171942e-01
1.266142044067382733e+00
1.063615036010742143e+00
-1.076698970794677801e-01
3.640312576293945335e-01
1.962277603149414074e-01
8.379441070556640225e-01
3.496295166015624956e-01
-4.901962661743163863e-01
-7.829810333251953081e-01
1.493536949157714955e-01
3.059024429321289262e-01
nan
3.929593658447265714e-01
-3.129542541503906317e-01
1.618128585815429565e-01
7.478141021728516025e-01
2.512723541259765381e-01
-1.845450592041015525e-01
4.707845687866211160e-01
-5.264240646362304821e-01
8.041459655761719061e-01
-7.503275871276855746e-02
-1.691621971130371216e-01
1.014160614013671857e+00
2.572746467590332209e-01
nan
nan
nan
nan
-1.290072822570800803e-01
6.430626678466796475e-01
-1.282603263854980580e-01
-9.677999114990234464e-01
-1.426559906005859357e+00
2.986264228820800781e-01
5.594559097290039418e-01
-1.313924980163574119e-01
-9.981320190429687766e-01
9.966023254394531516e-01
5.289301300048827592e-01
1.680506324768066273e-01
-5.565575790405273837e-01
2.296996355056762570e-02
nan
-5.186693572998046786e-01
-7.511317729949951172e-02
5.079891967773437766e-01
-6.198570632934570224e-01
-6.867821502685547141e-01
-4.104991531372070290e-01
-4.944363784790039018e-01
2.663013839721679599e-01
1.426308155059814453e-01
-9.531939506530762163e-02
-9.964788818359374689e-01
2.762840652465820557e-01
-4.290270996093750178e-01
nan
nan
nan
nan
-1.578479156494140723e+00
-1.045295257568359393e+00
5.038237762451172053e-01
-7.357228851318359242e-01
-1.064529113769531188e+00
-9.090933990478515803e-01
-3.152570152282714866e-01
6.782862854003905984e-01
-4.252986526489258012e-01
-8.188423156738281472e-01
-1.616947555541992099e-01
-5.105875015258789507e-01
-2.955523109436035134e-01
-3.704799652099609597e-01
nan
-1.029697513580322271e-01
9.992829132080077725e-01
-4.242000961303710738e-01
1.171492004394531161e+00
4.570853805541992276e-01
-1.642629051208496227e-01
-2.451974153518676758e-02
8.395246124267577992e-01
-1.478719329833984297e-01
-9.835671997070312145e-01
-1.555440673828125009e+00
5.539361000061035489e-02
-4.231579971313476629e-01
nan
nan
nan
nan
-1.422578277587890572e+00
9.662158203124999734e-01
2.590944671630859286e-01
2.576609230041503884e-01
-2.551675736904144252e-03
6.363344192504882812e-01
-1.092892456054687517e-01
6.458087158203125178e-01
4.742988967895507835e-01
1.275467300415039085e-01
5.313856124877929243e-01
4.550689315795898304e-01
-4.592536544799804554e-01
3.730116653442382968e-01
nan
-1.116930618286132715e+00
7.626788139343261552e-02
9.732889175415039562e-02
1.364572906494140536e+00
-1.855514717102050848e-01
-3.291020202636718572e-01
3.603138732910156072e-01
-1.985663299560546768e+00
1.086614894866943376e-01
-9.845794677734374944e-02
-2.350667762756347701e-01
1.545733184814453098e+00
2.578586196899413929e-01
nan
nan
nan
nan
4.044310379028320246e-01
-2.117833709716796797e-01
-2.191969490051269565e-01
-4.264432907104492299e-01
4.385326004028320401e-01
-2.202147674560546997e-01
3.627295303344726385e-01
5.976825332641602095e-01
1.334481811523437589e+00
-3.309542465209960871e-01
4.781209182739257768e-01
1.708620300292968741e+00
2.680176496505737305e-02
1.570712566375732366e-01
nan
1.690926361083984419e+00
-5.849381923675536776e-02
-1.494764518737793091e-01
-5.626422882080077681e-01
-4.931841278076171675e-01
-8.315676689147949441e-02
-3.975157928466797053e-01
-7.935356140136718972e-01
-1.347626800537109482e+00
-6.450061035156250400e-01
3.621842956542968839e-01
8.482346343994140447e-01
-1.800629425048828058e-01
nan
nan
nan
nan
-7.089131927490234242e-01
6.343647384643554821e-01
-2.838895606994629173e-01
9.801189422607421431e-01
-4.788983535766601629e-01
-7.815763854980468661e-01
-4.790314865112304532e-01
-3.133828353881835671e-01
-3.770387268066406339e-01
-2.075615119934081931e-01
-1.257111434936523331e+00
1.026107101440429714e+00
2.377721214294433727e-01
3.424935531616211115e-01
nan
1.961097526550293069e-01
7.744836425781249645e-01
2.080754089355468794e-01
-5.303565216064453081e-01
9.625527191162109863e-01
8.624589538574218839e-01
-1.995394897460937567e-01
4.651138305664062611e-01
-5.081745910644531738e-01
-7.584606170654296653e-01
7.480010223388672275e-01
-4.690344333648681363e-02
-3.765303421020507746e-01
nan
nan
nan
nan
8.822077178955077814e-01
3.658364868164062367e-01
3.361201858520507790e-01
6.217544937133788752e-01
-5.244347763061523171e-01
-2.228491544723510895e-02
3.565348815917968595e-01
-2.749118232727050803e-01
1.239952373504638605e-01
-5.348740005493164418e-01
-4.977577972412109419e-01
2.054216563701629847e-03
6.449237823486327903e-01
1.265966949462890678e+00
nan
-2.646816253662109264e-01
1.268594970703124991e+00
1.031043548583984393e+00
1.129910049438476616e+00
-3.188880348205566650e-01
1.649568634033203196e+00
3.002726745605468484e-01
1.165094833374023420e+00
1.481135253906249893e+00
8.045061492919921564e-01
-2.776917266845703169e-01
-4.085633087158203058e-01
6.959894561767577814e-01
nan
nan
nan
nan
-4.002959442138671609e-01
-3.965236282348632568e-01
8.067854309082030939e-01
1.230099258422851616e+00
1.215258407592773454e-01
-3.673011779785156361e-01
-3.330733871459961026e-01
9.887863159179687278e-01
6.289967346191406294e-01
-3.636756896972656028e-01
5.852291870117187766e-01
1.371818256378173895e-01
5.909621429443359109e-01
8.415022277832031605e-01
nan
-1.675368499755859331e-01
-2.159962272644042891e-01
4.685956192016601518e-01
-1.996335792541504006e-01
1.174066314697265634e+00
-1.439400005340576161e-01
-1.969225311279296786e+00
-1.282817268371582164e-01
1.340663452148437518e+00
1.521256256103515614e-01
-1.870497894287109497e-01
-8.540570068359375488e-01
4.959848523139953440e-03
nan
nan
nan
nan
-1.831712722778320312e-01
1.132369003295898402e+00
1.331397342681884810e-01
9.930913543701171964e-01
-9.579537963867187367e-01
1.373589477539062464e+00
-9.979263305664062278e-01
1.335121154785156250e+00
8.718043518066406206e-01
1.180999298095703143e+00
1.251564254760742179e+00
1.840060043334960926e-01
-1.266355972290039045e+00
3.124781036376952925e-01
nan
7.487194061279296431e-01
2.543069076538085893e-01
8.308283233642578258e-01
-7.316101837158203169e-01
6.463107299804687900e-01
2.210262298583984375e+00
-7.314511871337890936e-01
-4.940212249755859125e-02
1.610384216308593741e+00
6.293056106567382901e-01
1.131213302612304794e+00
1.540243225097656321e+00
-5.890846633911133168e-01
nan
nan
nan
nan
6.530741882324219150e-01
4.797504806518554932e-01
1.252408218383788963e-01
8.097291564941406783e-01
-5.876237869262694868e-01
-2.199657249450683583e-01
6.120137786865234020e-01
1.323158740997314453e-01
6.745633697509765270e-01
8.159340858459472601e-02
-9.305265426635742076e-02
-5.194561481475830356e-02
1.713265609741211060e-01
1.056466217041015732e+00
nan
1.458681640625000053e+00
3.047075271606445312e-01
1.444791412353515714e+00
1.252726898193359473e+00
-7.962231445312499822e-01
-3.585227966308593972e-01
8.191239929199218839e-01
4.144669342041015780e-01
7.295113372802733975e-01
1.200321197509765625e+00
7.006290435791016069e-01
2.995223236083984220e-01
-7.850443267822265758e-01
nan
nan
nan
nan
-1.291369781494140723e+00
4.215793228149414262e-01
1.169166412353515705e+00
-7.308197021484375000e-01
-1.643202018737792980e-01
-4.401673126220703169e-01
4.138629531860351651e-01
2.254913711547851529e-01
2.112750053405761802e-02
6.125857543945312234e-01
-1.667095184326171722e-02
-2.804029655456543035e-01
-1.547577190399170022e-01
1.046934585571289045e+00
nan
1.023921737670898446e+00
-2.072900390624999867e-01
1.876820755004882935e-01
5.244422531127930220e-01
-8.021614074707030806e-01
7.531333160400390803e-01
-2.339090538024902466e-01
-6.097406387329101785e-01
5.492475509643555132e-01
2.973294067382812322e-01
-3.334737014770507990e-01
-1.577699756622314431e-01
4.228611373901366988e-01
nan
nan
nan
nan
-8.460461425781250488e-01
6.337484359741211160e-01
-1.043999862670898393e+00
-8.413538360595702592e-01
5.241786193847656206e-01
3.892741775512695290e-01
-6.174782943725586337e-01
4.208441543579101718e-01
-4.524530792236328147e-01
-2.512798500061035334e-01
1.393919830322265518e+00
-2.454626274108886730e-01
-1.439915466308593794e+00
-3.424937963485717718e-02
nan
-2.953946113586425892e-01
8.210066986083984775e-01
6.749989318847656738e-01
7.843714904785156206e-01
-6.029925155639648260e-01
2.333904027938842746e-02
4.643218612670898526e-01
-1.045175552368164118e-01
1.445146656036376820e-01
-2.038559913635253906e-01
9.634091949462890714e-01
7.769646453857421697e-01
-2.019606208801269509e-01
nan
nan
nan
nan
4.835924148559569979e-02
-4.735005569458007879e-01
3.653323745727539151e-01
2.419852828979492110e-01
1.710805206298828152e+00
6.267490386962890625e-01
-9.882262420654296387e-01
-2.416917419433593783e-01
2.039861106872558616e-01
1.124333038330078027e+00
4.249859619140625155e-01
4.865238189697265736e-01
-1.280456542968750000e+00
1.000860137939453054e+00
nan
8.480894470214843661e-01
1.017367782592773384e+00
-5.892410278320312500e-01
6.714974975585937811e-01
3.316569519042968928e-01
-5.203295516967773038e-01
1.241296005249023393e+00
1.239272842407226571e+00
-1.059329605102539013e-01
2.042172050476074308e-01
9.817628479003905895e-01
-8.300099372863770086e-02
-4.337099838256835982e-01
nan
nan
nan
nan
1.462115287780761663e-01
2.235742187499999978e-01
1.050161819458007795e+00
5.684439539909363209e-03
-3.961410140991211137e-01
-4.557062530517578258e-01
-9.405522155761718572e-01
-4.052591323852538889e-03
7.713259124755859064e-01
2.828431510925292769e-01
1.114111042022705028e-01
-1.264942169189453125e+00
1.004423370361328116e+00
4.223551559448242010e-01
nan
-5.199023818969726873e-01
8.223416900634765714e-01
-5.951153945922851296e-01
-1.946979999542236203e-02
-6.690039825439453303e-01
-6.262369918823241788e-01
-3.488787460327148482e-01
6.821189117431640803e-01
5.743972396850586248e-01
-2.580907106399536050e-02
-1.412517547607421986e-01
7.565130615234374467e-01
-1.057039833068847690e-01
nan
nan
