nan
nan
-1.191059494018554599e+00
-6.298933792114257413e-01
9.029655456542968750e-01
5.997137069702148521e-02
4.238447952270507635e-01
-1.128977050781249991e+00
6.274626159667968661e-01
2.018774223327636785e-01
-1.290616416931152366e-01
-5.034796142578125133e-01
5.544436645507812012e-01
-3.419886779785156206e-01
-9.714211273193359419e-01
1.429312591552734268e+00
nan
2.012259864807128817e-01
-2.486011314392089777e-01
3.459221267700195446e-01
-1.485463256835937607e+00
3.609970474243164307e-01
3.461553192138671631e-01
6.886486053466796264e-02
1.406765594482421777e+00
-8.810557556152344150e-01
-5.434101486206054377e-01
6.266968917846679199e-01
6.823349761962890225e-01
-6.365988159179687411e-01
nan
nan
nan
nan
5.721382522583007280e-01
8.043373870849609419e-01
1.246734542846679616e+00
-1.633544616699218688e+00
1.634711837768554610e-01
-5.398762512207031516e-01
-6.003010559082031516e-01
-2.124137496948242110e-01
4.465644073486327859e-01
9.652713775634765847e-01
-7.483681678771972323e-02
-6.982883453369140847e-01
-1.074619388580322216e-01
6.053820037841797230e-01
nan
-1.309317708015441881e-02
-1.505484161376953178e+00
-5.135054016113280717e-01
7.158640384674072599e-02
-1.527627086639404275e-01
1.567258071899414185e-01
-7.301753997802734597e-01
-3.461914825439453280e-01
9.130323791503905939e-01
6.765397644042968617e-01
9.365156555175780939e-01
-4.962565994262695401e-01
1.156168975830078161e+00
nan
nan
nan
nan
-7.536121368408202903e-01
-2.406965637207031383e-01
2.475873565673828158e-01
6.505061149597167469e-02
-6.768341827392577725e-01
-6.544338226318359153e-01
-2.838638305664062389e-01
-1.339750213623046804e+00
1.472223052978515634e+00
-1.078212814331054759e+00
-3.715097427368164174e-01
1.846208801269531241e+00
-1.410861358642578223e+00
2.485903739929199163e-01
nan
6.013705825805664151e-01
1.130209960937500036e+00
8.926614761352538729e-02
-8.797480773925780984e-01
-4.630605697631836049e-01
3.841593503952026034e-02
-7.014256954193115456e-02
8.734973144531249512e-01
-2.858493614196777610e-01
-7.039946556091308816e-02
-8.854280090332031783e-01
-7.023643493652343972e-01
2.441773033142089766e-01
nan
nan
nan
nan
1.257939071655273411e+00
4.653470993041992076e-01
-7.470249938964843572e-01
-3.307199096679687700e-01
-3.640098953247070113e-01
7.298922729492187678e-01
-5.982307434082031472e-01
3.376122665405273393e-01
9.659089660644530895e-01
-1.899793243408203214e-01
9.570431518554687322e-01
-1.457090454101562571e+00
-9.109101104736327947e-01
-5.475908660888672008e-01
nan
9.253093719482421986e-02
4.268661117553710915e-01
-1.171638565063476634e+00
8.046585083007812278e-01
-1.055802917480468839e+00
-7.582449340820311967e-01
-8.412902832031249334e-02
1.006679229736328063e+00
-3.655094528198242210e-01
-8.113598632812499822e-01
9.712632179260254073e-02
1.017772521972656330e+00
7.783742523193359908e-01
nan
nan
nan
nan
4.020220565795898371e-01
7.831027984619141069e-01
1.103260345458984437e+00
4.889373779296875000e-01
-1.848826408386230469e-01
-5.504944229125976474e-01
-9.674656677246094016e-01
2.363322639465331998e-01
5.631149291992187944e-01
2.465376853942870955e-02
1.883195953369140696e+00
-3.384914398193359375e-01
-5.717874145507813033e-01
-4.012182235717773326e-01
nan
1.354840240478515589e+00
7.438176727294921742e-01
-3.888207626342773393e-01
2.781391334533691584e-01
9.631048583984375133e-01
-7.776184082031250000e-01
-1.007763385772705023e-01
-1.328514766693115190e-01
-1.076380615234374893e+00
2.912100028991699285e-01
4.456678771972656383e-01
-1.035267715454101456e+00
-3.566194772720336637e-02
nan
nan
nan
nan
1.139028396606445392e+00
7.632733917236328436e-01
-6.297229003906249512e-01
8.220399475097656117e-01
6.430020141601562322e-01
4.783803558349609131e-01
-7.040921783447265936e-01
-5.365261840820312322e-01
-5.389277648925780984e-01
8.623744201660156206e-01
-7.310515594482421831e-01
6.404668331146240456e-02
1.506817779541015589e+00
6.259011840820312145e-01
nan
-1.560869884490966863e-01
-2.583045959472656250e-01
3.463456344604491921e-01
-1.482711887359619007e-01
1.347243804931640643e+00
-6.120504379272461160e-01
1.222261657714843741e+00
-5.356358718872070712e-01
5.049593353271484286e-01
1.140800323486328205e+00
7.774278259277344061e-01
-5.851885223388672008e-01
-4.772758483886718750e-01
nan
nan
nan
nan
1.065137405395507830e+00
8.993800354003905762e-01
-2.325112342834472767e-01
4.613056564331054488e-01
-6.618167877197265181e-01
5.750185775756836426e-01
4.034177780151367299e-01
1.354715824127197266e-01
-2.111903572082519664e-01
-7.696446228027343794e-01
-3.678499984741210871e-01
-1.270779323577880815e-01
1.541170501708984397e-01
1.589615478515624902e+00
nan
1.231146430969238259e-01
3.345388031005859242e-01
1.258128814697265563e+00
3.777949142456054621e-01
3.970166015625000155e-01
-4.410214614868164240e-01
1.812103080749511708e-01
-1.034093761444091764e-01
-2.668647003173827970e-01
-1.951601791381835926e-01
-2.436252212524414040e-01
7.427797794342040627e-02
-1.496623039245605358e-01
nan
nan
nan
nan
-2.016868209838867110e-01
-1.420053482055664007e-01
1.911478805541992065e-01
-7.093434143066406072e-01
4.899385833740234619e-01
7.187728118896484775e-01
-5.435293579101562189e-01
-9.666634559631347157e-02
7.908510589599608842e-01
-9.019630432128906694e-01
-1.883120727539062400e-01
-7.580312347412109242e-01
-1.456088256835937622e-01
5.540657806396483975e-01
nan
-4.505397033691406206e-01
-8.896540069580077814e-01
6.489725494384765980e-01
-3.637838745117187300e-01
7.778623199462890714e-01
-1.067289199829101642e+00
3.044862937927246271e-01
-6.137640953063965010e-02
-5.597111892700195046e-01
4.227104187011718750e-01
9.666606903076171431e-01
-1.746523132324218741e+00
1.792850494384765625e-01
nan
nan
nan
nan
2.404533576965331987e-01
-6.849467468261718484e-01
-4.730102920532226474e-01
2.114267921447753884e-01
-8.323783874511718750e-01
-6.256721115112304776e-01
-5.017326354980469194e-01
2.503953361511230269e-01
-1.429418087005615290e-01
4.282191848754882679e-01
6.595523071289062234e-01
2.510260963439941428e-01
6.049340057373047141e-01
1.134605712890625062e+00
nan
4.037145233154296742e-01
-7.146189117431640536e-01
3.983265304565429821e-01
9.311888122558593661e-01
-6.823501110076904408e-02
-2.590557479858398571e-01
9.451895904541015581e-01
3.063451194763183727e-01
9.761648559570312855e-01
7.314244079589843350e-01
5.063185501098632635e-01
-6.111772537231445757e-01
1.137195053100585884e+00
nan
nan
nan
nan
-4.706890869140625266e-01
8.798991394042968706e-01
-5.521274948120117321e-01
2.279902076721191384e-01
3.630765151977539129e-01
-1.076318130493164160e+00
-2.244108676910400516e-02
-5.209864139556884960e-02
1.145416107177734455e+00
-6.498749542236328391e-01
4.354580307006836182e-01
1.557926940917968794e+00
-5.586789131164551087e-02
5.316255569458008118e-02
nan
8.391034698486328214e-01
-1.382046356201171777e+00
-9.977208709716797186e-01
9.654313659667969061e-01
1.174467727541923627e-03
-3.284317016601562278e-01
6.437924861907959317e-02
-8.585507202148437988e-01
-2.827844429016113104e-01
5.071260452270507368e-01
-9.327791213989257424e-02
-3.309144592285156450e-01
-1.629337882995605391e-01
nan
nan
nan
nan
-7.105251312255859153e-01
-5.007711410522460715e-01
1.366699409484863348e-01
7.881848144531250488e-01
7.562686920166015181e-01
4.447777175903320224e-01
-3.299280929565429621e-01
4.559934616088867076e-01
-3.881506347656250022e-01
-4.110115051269531139e-01
-1.685330772399902255e-01
1.137872238159179705e+00
-9.946831703186034823e-02
1.014791259765625009e+00
nan
-2.277317792177200196e-03
8.114491271972655850e-01
-4.538600540161132901e-01
1.145351505279540993e-01
1.405318069458007801e-01
1.869718551635742299e-01
3.736436080932616921e-01
-9.038622283935546786e-01
-6.789726257324218972e-01
-1.093928985595703063e+00
1.117880401611328178e+00
6.565795898437500056e-02
2.839688301086426003e-01
nan
nan
nan
nan
3.555406570434570535e-01
-4.920237731933593817e-01
-1.078658752441406188e+00
-8.271876525878906206e-01
5.119698333740234641e-01
-4.321900177001953280e-01
-8.321588134765625089e-01
3.799964904785156361e-01
1.199409561157226634e+00
-8.075851440429687722e-01
7.198353576660155850e-01
3.926297378540039018e-01
-1.215549392700195241e+00
4.891292953491210849e-01
nan
1.066357326507568343e-01
1.298652496337890705e+00
2.764898109436035312e-01
-5.829078292846679998e-01
-6.112129211425780806e-01
9.108602142333984686e-01
9.550210571289062811e-01
-4.792686843872070446e-01
-1.703770637512206920e-01
8.335523986816406605e-01
-7.100144195556640225e-01
6.930192565917968617e-01
1.104952316284179670e+00
nan
nan
nan
nan
-4.068831634521484220e-01
-5.484387207031250488e-01
6.183091735839844061e-01
5.289946746826171831e-01
-3.167128753662109553e-01
-3.105833053588867299e-01
-4.287462997436523593e-01
-3.441670227050781516e-01
-1.544891815185546857e+00
5.141053390502929865e-01
-1.064553756713867205e+00
1.079537734985351660e+00
-8.423811340332031383e-01
-6.415981292724609597e-01
nan
-2.967397499084472590e-01
-5.767044448852538530e-01
-3.302248001098632701e-01
-4.886418533325195268e-01
-2.957568359375000178e-01
-1.244059143066406303e+00
6.687162780761718439e-01
7.317684173583984819e-01
-1.682761955261230513e-01
-3.915682315826415905e-02
-8.877222442626953036e-01
-1.473209667205810647e-01
-3.219440221786498690e-02
nan
nan
nan
nan
-3.608486938476562766e-01
7.706748199462890581e-01
-7.739939880371093928e-01
-4.327525615692138367e-02
9.549187469482421919e-01
1.202361965179443298e-01
8.500653076171874600e-01
1.739898490905761597e-01
1.151487922668456981e-01
-1.241042098999023402e+00
1.185640454292297315e-02
1.453202629089355435e-01
-4.848757934570312456e-01
1.481334567070007394e-02
nan
-7.862541961669922141e-01
-7.515294075012207697e-02
-8.186849212646484242e-01
9.334860229492187855e-01
-8.658385467529297053e-01
-1.133939266204833929e-01
1.122319412231445268e+00
-5.179744720458984153e-02
2.423649215698242265e-01
-8.380310058593749556e-01
-6.155208587646484597e-01
3.017942428588867299e-01
8.042124176025390314e-01
nan
nan
nan
nan
1.283163146972656321e+00
-5.153123474121094061e-01
-4.988768386840820579e-01
2.203695678710937411e-01
-5.570294952392578214e-01
-5.264073610305786133e-03
-3.598227310180663885e-01
1.089363555908203107e+00
2.606283378601074174e-01
1.013696823120117108e+00
1.699416351318359331e+00
-1.143028488159179679e+00
4.799620819091796609e-01
9.014472961425781250e-01
nan
5.481980133056640891e-01
-3.188664245605468683e-01
1.330873489379882924e-01
2.452342224121093761e-01
2.409688568115234408e-01
7.371237945556640137e-01
2.463657569885253917e-01
1.210599136352539018e+00
1.881801986694335849e-01
-1.068287849426269587e-01
8.697982025146484553e-01
8.741979217529296520e-01
2.228484725952148415e-01
nan
nan
nan
nan
-2.281740427017212025e-02
1.065420379638671866e+00
-4.856292343139648193e-01
-3.513761281967162781e-02
-2.123378906250000142e+00
6.741754150390625311e-01
6.147819900512695446e-01
2.722745895385741965e-01
6.531485748291016025e-01
-3.597584962844848494e-02
-8.902427673339843306e-01
4.138082122802734242e-01
-1.238755321502685580e-01
-9.920241546630859109e-01
nan
-3.459809112548828391e-01
9.151989966630935149e-04
6.807156562805176392e-02
-1.197158050537109331e+00
1.477008223533630288e-02
9.101165771484375222e-01
-5.431969833374022949e-01
1.208387565612792924e-01
-2.644015312194823997e-01
1.149497909545898366e+00
-2.710060691833496294e-01
-5.132373809814453347e-01
-2.501087379455566584e-01
nan
nan
nan
nan
1.277581882476806763e-01
-8.192744445800781428e-01
3.242406082153320157e-01
2.195520210266113381e-01
-9.990869140625000533e-01
-1.002663879394531277e+00
1.594436883926391574e-02
3.119950485229492365e-01
5.044910430908202681e-01
6.227762222290038618e-01
9.809360504150390625e-01
9.561578369140625311e-01
-3.063230752944946442e-02
-3.123485565185546986e-01
nan
6.389714813232422186e-01
3.016543388366699219e-01
1.058467941284179759e+00
4.025891494750976629e-01
5.049121093749999734e-01
-3.366914367675781228e-01
-2.092968292236327965e+00
-7.771821618080139091e-03
-5.454278564453125533e-01
1.185483856201171804e+00
-6.088109207153320490e-01
-1.385251312255859402e+00
7.572726440429687900e-01
nan
nan
nan
nan
6.306706619262695268e-01
-2.633101463317871205e-01
-7.503278255462646207e-02
-6.134120559692383123e-01
3.415973663330078014e-01
-2.574764442443847612e-01
3.129031181335449330e-01
2.805671310424804887e-01
-1.203867645263671848e+00
1.228383445739746060e-01
2.138833045959472601e-01
3.091706657409667991e-01
6.010643959045409990e-02
-1.940568351745605435e-01
nan
1.407888031005859464e+00
5.148432922363280762e-01
9.019844055175780806e-01
8.475428009033203480e-01
-2.043968391418456987e-01
2.495096778869628773e-01
2.403914451599121205e-01
-4.715131759643554910e-01
-8.317673492431640891e-01
3.855511474609374933e-01
1.235740852355957098e-01
4.505536651611328214e-01
4.928572463989258079e-01
nan
nan
nan
nan
8.667177581787108842e-01
1.368486785888671786e+00
3.931495666503906361e-01
-1.005778026580810558e-01
4.732205581665038796e-01
7.381622791290283481e-02
1.143008804321289096e-01
7.160022258758544367e-02
9.068252563476562889e-02
-3.127187728881836160e-01
-7.487528228759765536e-01
-5.447319412231445002e-01
6.728881835937500222e-01
1.518061981201171973e+00
nan
-8.256513214111328436e-01
-8.427970886230468084e-02
-2.490138626098632735e-01
6.498123931884766113e-01
-1.164801406860351551e-01
-4.868570327758788840e-01
-7.275531005859374734e-01
4.384497642517089927e-02
4.463044738769531006e-01
1.265399169921875011e-01
5.658705902099608887e-01
-9.397432708740234286e-01
-1.055283126831054741e+00
nan
nan
nan
nan
4.010161972045898637e-01
7.348094177246093928e-01
-1.252907657623291149e-01
-9.397065734863281339e-01
5.057467269897460982e-01
4.037499237060546697e-01
7.302101135253906694e-01
-2.949352073669433416e-01
-2.435949516296386785e-01
8.222098350524902066e-02
6.062215423583984242e-01
-9.885219573974609597e-01
6.858682250976562145e-01
-5.467790985107421342e-01
nan
1.699682464599609366e+00
-2.040331840515136747e-02
-4.850395619869231865e-03
3.887667465209960760e-01
1.508103275299072232e-01
-1.481548976898193481e-01
6.789072513580322876e-02
-2.453498649597168069e-01
-8.848818206787109064e-01
4.855609512329101540e-01
3.899112319946289040e-01
-1.203566646575927740e-01
-1.113213157653808599e-01
nan
nan
nan
nan
-3.635513305664062611e-01
-1.758782768249511630e-01
-4.353934478759765581e-01
1.188779754638671804e+00
4.754552078247070157e-01
-3.599463653564453081e-01
3.754382324218750178e-01
1.911745834350585815e-01
-3.345191240310668723e-02
3.675823593139648238e-01
1.642076492309570424e-01
7.553754425048828658e-01
1.807229614257812589e-01
-6.978182220458983842e-01
nan
3.617462539672851585e-01
-3.500162887573242121e-01
-9.743944549560547008e-01
-4.671496200561523482e-01
-1.171241474151611395e-01
-4.310297393798828147e-01
1.673202972412109357e+00
6.012711334228515447e-01
-1.565849761962890607e+00
2.199153327941894553e-01
-1.149614639282226625e+00
1.038160400390625071e+00
2.701605606079101607e-01
nan
nan
nan
nan
-5.979267501831054821e-01
-2.739177322387695290e-01
-1.188712463378906348e+00
2.600371932983398526e-01
-7.136728668212890536e-01
2.192744827270507735e-01
-5.945209980010986162e-02
-8.472743225097656428e-01
6.596322631835938033e-01
-3.991658401489257546e-01
6.310469436645508301e-01
7.354493618011474776e-02
-9.517696380615234819e-01
1.686548805236816329e-01
nan
2.106888389587402433e-01
-1.997916030883788996e-01
1.030584106445312509e+00
1.037615432739257715e+00
-2.164387464523315555e-02
9.295520186424256065e-03
3.668727874755859375e-01
4.911162567138671609e-01
-1.142532501220703045e+00
7.032109260559081532e-02
-8.783620452880859242e-01
-1.407748603820800914e-01
5.104963779449463168e-02
nan
nan
nan
nan
4.178138732910156028e-01
2.907552528381347479e-01
8.017953872680663729e-02
9.274846649169922186e-01
-1.602128791809082076e-01
1.147383270263671928e+00
1.475716304779052801e-01
2.740656471252441162e-01
-1.880426645278930609e-02
4.588170242309570490e-01
-2.844799757003784162e-03
-9.152569770812987726e-02
-7.207582950592041071e-02
-2.611706352233886808e-01
nan
7.870588684082031605e-01
-9.124343872070312944e-01
-1.167317199707031294e+00
-4.503425216674804554e-01
-2.757262992858886541e-01
9.293036651611328303e-01
5.426198577880859686e-01
5.142985153198241788e-01
-2.327869033813476651e-01
4.184427642822265425e-01
-8.022721862792968617e-01
5.426191711425780717e-01
1.106544876098632724e+00
nan
nan
nan
nan
-7.273336029052734908e-01
5.595533370971679243e-01
-5.698612213134766069e-01
5.777480697631836026e-01
-7.864606475830078214e-01
-3.251840972900390536e-01
-1.008237648010253951e-01
2.125094223022460926e-01
4.408543586730957059e-02
-6.812274169921874734e-01
1.406574096679687580e+00
-8.448691558837890803e-01
1.344348449707031268e+00
-6.769759368896484109e-01
nan
-3.405338668823242321e-01
1.389105129241943459e-01
-9.068222045898437222e-02
-6.975611877441406650e-01
-5.515584945678710938e-01
1.680649185180664029e-01
-3.205066299438476540e-01
-1.234497165679931674e-01
-1.017453918457031259e+00
-8.966323852539062056e-01
-1.046245765686035223e-01
-9.155618286132812811e-01
-1.244629211425781312e+00
nan
nan
