nan
nan
1.179352188110351474e+00
3.805799484252929688e-01
4.913875198364257568e-01
9.947710418701172230e-01
8.142934417724609908e-01
9.418581962585449718e-02
-6.767638206481933760e-02
-3.920346832275390381e-01
-2.398484420776367254e-01
-2.543097257614135645e-02
4.449899673461913951e-01
5.991680145263671431e-01
-3.491219711303710782e-01
-1.731022834777832045e-02
nan
-3.208168792724609419e-01
6.955353546142578613e-01
-6.190058517456055176e-01
-1.454713592529296884e+00
-8.216674804687500444e-01
-7.031223297119140181e-01
-4.132617568969726429e-01
1.176317596435546842e-01
3.363748550415038840e-01
1.220154571533203086e-01
9.578635096549987030e-03
-4.989920425415039218e-01
-9.759106445312499822e-01
nan
nan
nan
nan
-1.591769714355468768e+00
-2.919950103759765825e-01
-3.091450691223144309e-01
-4.205207061767577970e-01
1.147917985916137654e-02
8.472028350830078658e-01
-2.920583534240722701e-01
-4.094456863403320157e-01
-6.581556701660156161e-01
1.018891525268554643e+00
9.548346710205077859e-01
2.570691108703613281e-01
-5.500779151916503767e-02
8.637874603271484819e-01
nan
4.027347564697265625e-01
9.326073455810547363e-01
2.013445091247558494e-01
-1.126390914916992170e+00
1.146579208374023384e+00
-1.583528327941894631e-01
2.631427574157714777e-01
-3.703211212158203369e-01
-8.324300050735472870e-03
2.450627517700195435e-01
2.028674888610839944e-01
-1.165853576660156321e+00
-4.207590484619140869e-01
nan
nan
nan
nan
-8.244746398925780762e-01
-4.032938385009765536e-01
-6.246449661254882546e-01
-8.563925170898437633e-01
-4.113614273071288796e-01
-7.098633575439453613e-01
2.129144668579101632e-02
-7.530448913574219194e-01
1.054457092285156161e+00
-2.121526145935058727e-01
-2.707197761535644620e-01
-7.456690216064453258e-01
-1.658304023742675770e-01
-2.301827049255371072e-01
nan
-1.827545547485351640e-01
-1.151257781982421902e+00
-5.243348693847655895e-01
-3.064558601379394620e-01
6.696842193603516069e-01
-8.859129333496094105e-01
-5.457758712768554510e-01
-7.639785766601562278e-01
-7.355142211914063033e-01
5.545812988281250133e-01
2.312281608581542858e-01
-4.888397216796874778e-01
3.712489700317382901e-01
nan
nan
nan
nan
1.801161193847656161e+00
-4.441605377197265780e-01
1.230827636718750062e+00
-8.271752929687500311e-01
-1.035643692016601669e+00
-1.192354336380958531e-03
-6.816009521484374389e-02
7.182741546630859730e-01
3.282747745513916321e-02
4.869070434570312300e-01
-1.646080398559570390e-01
4.123144912719726718e-01
4.177910614013671808e-01
-5.875941467285156206e-01
nan
7.018970489501953347e-01
-2.748819732666015758e-01
4.135642528533935852e-02
4.838450431823730635e-02
-7.784597778320312411e-01
1.410689067840576183e-01
1.721652221679687567e-01
-9.389139556884765758e-01
2.136506652832031172e-01
-8.711822509765625444e-01
-2.116436958312988281e-01
-2.529593276977539218e-01
-1.536218929290771584e-01
nan
nan
nan
nan
-9.816446304321288507e-02
-5.394761657714843839e-01
9.468656921386718883e-01
-6.860272216796875488e-01
-1.295524291992187438e+00
-4.049793624877929821e-01
-1.279468688964843670e+00
9.535410404205323098e-03
-7.609402465820312988e-01
-1.015302352905273375e+00
6.154861831665039418e-01
-1.683419036865234419e+00
1.969036674499511641e-01
-6.251844406127929910e-01
nan
8.482473754882812189e-01
-1.158534469604492134e+00
3.149104309082031428e-01
5.571340560913086160e-01
-6.595767211914062012e-01
-3.880327987670898482e-01
7.513543701171875311e-01
-1.081410598754882768e+00
-9.409232330322265803e-01
8.398509979248046653e-01
-2.323333549499511652e-01
1.816716194152832031e-01
-1.178073348999023384e+00
nan
nan
nan
nan
-2.582121849060058372e-01
9.529552459716796875e-01
3.513222932815551758e-02
-9.548566436767578214e-01
-4.996480560302734575e-01
-6.887361145019531561e-01
2.575178337097168146e-01
8.783431053161620816e-02
-6.651847839355469194e-01
-6.983985900878906250e-01
-4.955054092407226718e-01
-5.967216491699218750e-01
-2.536974906921386774e-02
-1.018679351806640598e+00
nan
7.756369781494140137e-01
1.814207267761230591e-01
2.198840332031249956e-01
5.215969848632812100e-01
-4.980707645416259516e-02
-5.835276126861572293e-02
-3.673500442504882835e-01
-7.371745300292968928e-01
-1.165919189453124893e+00
-1.596986293792724762e-02
-7.110342407226561967e-01
-6.890535736083984730e-01
-1.392527580261230524e-01
nan
nan
nan
nan
9.982895660400390447e-01
6.594770812988280939e-01
-1.083247451782226589e+00
-8.029637908935547408e-01
-1.370239410400390545e+00
2.222110748291015736e-01
6.123791694641113337e-02
2.360323715209960982e-01
3.544866561889648549e-01
4.508152961730957364e-02
3.945721435546875044e-01
-7.134914398193359375e-01
6.124301528930664595e-01
-8.778012847900390492e-01
nan
-3.792302703857421964e-01
5.583438110351562900e-01
-1.678239898681640696e+00
-9.508882141113281783e-01
6.023215103149414107e-01
-9.762213897705077637e-01
2.511304664611816451e-01
-1.128536148071288991e+00
-1.762879180908203114e-01
5.204111099243163840e-01
-1.549293365478515705e+00
5.071767807006836160e-01
2.762498855590820312e-01
nan
nan
nan
nan
-5.530557155609130970e-02
2.208039855957031339e-01
9.240768432617187944e-01
-6.992973327636718972e-01
-6.145533752441406650e-01
-9.770343780517578569e-01
-5.744451141357421742e-01
-3.987371444702148549e-01
-3.272055435180664107e-01
9.861905097961426447e-02
3.257627868652343550e-01
4.554981613159179710e-01
-3.737119674682617410e-01
-6.308240509033202770e-01
nan
2.336822032928466755e-02
-9.935498809814453658e-01
-5.198681259155273349e-01
-9.927656555175781161e-01
3.956878280639648526e-01
1.410765361785888683e-01
-4.229832077026366988e-01
4.960558700561523704e-01
2.918169212341308327e-01
9.603865051269531161e-01
9.418792724609375000e-01
6.627033233642578569e-01
8.746163940429687589e-01
nan
nan
nan
nan
6.551767730712890758e-01
-2.264515686035156183e-01
5.571935653686523743e-02
8.886180877685546653e-01
1.729609680175781261e-01
-8.911490440368652344e-02
1.183660316467285145e-01
-8.136023712158203525e-01
-6.752500915527344105e-01
-2.824062538146972501e-01
2.349948120117187622e-01
6.796374320983886164e-02
-1.488340454101562571e+00
7.725009155273437900e-01
nan
-9.219161033630371427e-02
-2.575702285766601762e-01
5.397700500488281650e-01
-1.815530967712402355e-01
1.534448547363281179e+00
-1.932883834838867165e-01
-7.868454742431640891e-01
-1.879321136474609411e+00
9.910448455810546564e-01
4.862267971038818776e-03
-4.585926437377929599e-01
7.165007591247558871e-02
-4.770498275756835938e-01
nan
nan
nan
nan
-9.575614929199218750e-01
-4.023040008544921942e-01
-3.404198455810547030e-01
-7.898847198486328436e-01
-4.718644332885741921e-01
2.255176925659179710e-01
-2.603085327148437322e+00
-1.052128601074218794e+00
-6.321625900268554865e-01
1.428405761718750111e-01
-6.630178070068359908e-01
-1.057265319824218786e+00
4.392914581298827947e-01
-3.212602233886718839e-01
nan
-2.734532737731933394e-01
3.979191482067108432e-03
-3.559746932983398615e-01
2.663795661926269265e-01
-4.693156433105468706e-01
-5.323148345947266158e-01
-5.351832580566405762e-01
-3.222577667236328214e-01
-6.612747955322265669e-01
-5.778881835937500488e-01
4.329454040527343506e-01
-1.977263793945312598e+00
5.340608215332031117e-01
nan
nan
nan
nan
2.644370269775390692e-01
-7.146707916259765758e-01
-7.802728271484374867e-01
-1.233691101074218643e+00
-2.096718025207519598e-01
-6.844124603271484197e-01
2.455854225158691506e-01
-7.224776458740234109e-01
-6.527206420898437056e-01
9.388140106201171564e-01
1.499657154083252064e-01
-3.637785673141479686e-02
-4.243822097778320312e-01
6.340835571289062944e-01
nan
1.529673099517822252e-02
3.256598663330078081e-01
-1.575055599212646373e-01
6.974579620361328613e-01
-6.368648529052733931e-01
-9.134107208251953658e-01
-4.477944564819336115e-01
2.477208137512207017e-02
1.553932952880859419e+00
-6.626514911651611162e-02
4.142803573608398460e-01
1.175852775573730524e-01
-3.787543869018554776e-01
nan
nan
nan
nan
-7.339624786376952592e-01
-5.905539035797119363e-02
2.701631355285644687e-01
4.274065780639648704e-01
5.330004692077636858e-02
5.930242919921875355e-01
3.332062149047851363e-01
-3.705361175537109641e-01
-1.826322555541992076e-01
-9.216005706787109286e-01
-1.332894287109374964e+00
5.240688323974609375e-01
-3.461284637451171875e-01
-9.620371246337890980e-01
nan
-4.656130981445312234e-01
-7.342562103271483842e-01
-2.843072128295898171e-01
-3.629071950912475530e-02
-1.140103626251220692e-01
1.209573745727539062e+00
-2.441690444946288951e-01
-9.634847259521484020e-01
-5.800200271606444913e-01
-6.351663589477538618e-01
-9.036117553710937278e-02
-6.078754806518554821e-01
-2.026030731201171886e-01
nan
nan
nan
nan
1.223848056793212929e-01
6.691380310058593350e-01
-9.347711181640625533e-01
1.648608779907226596e-01
-2.838603591918945068e-01
4.809589004516601762e-01
-1.250840454101562527e+00
-5.871816635131835715e-01
-2.572206497192383035e-01
-1.424702148437499982e+00
-5.055159378051757857e-01
-4.443064880371093706e-01
-5.734696197509765447e-01
-7.507283687591553151e-03
nan
1.267389011383056596e-01
-4.489567947387695379e-01
8.015192413330077814e-01
-2.114446067810058505e-01
-1.757542991638183505e-01
9.771126556396484419e-01
-1.287336120605468759e+00
-4.846991729736327970e-01
-5.861227035522460493e-01
3.368304061889648704e-01
-6.279767227172851074e-01
3.983420133590698242e-02
-1.572177219390869241e-01
nan
nan
nan
nan
-1.350250720977783092e-01
-9.547283935546875266e-01
-1.183667526245117285e+00
8.213333129882812722e-01
-1.843874931335449108e-01
2.807979583740234375e-01
-1.203675556182861317e-01
-7.174463653564453480e-01
-9.355895233154296609e-01
-6.645039558410643921e-02
-1.537404060363769531e-01
-7.618476104736328081e-01
-1.046176681518554696e+00
-2.404934120178222612e-01
nan
4.930921173095703103e-01
-7.390284729003906428e-01
-9.902952194213866799e-02
-1.179696731567382750e+00
3.553895187377929532e-01
-4.446024322509765647e-01
-9.804779815673828613e-01
-8.036140441894531472e-01
-6.588535785675048162e-02
-3.776067733764648660e-01
-2.846169471740722656e-01
-4.193764495849609530e-01
-4.053312301635741965e-01
nan
nan
nan
nan
7.487315535545348982e-03
4.315091323852539018e-01
-1.123447265625000080e+00
-8.867463684082030895e-01
-3.986843109130859264e-01
-6.684987640380859464e-01
-3.805128860473632746e-01
-7.479850006103515581e-01
-6.121708297729492321e-01
-2.771022224426269442e-01
6.945736694335937766e-01
-3.126844167709350725e-02
3.396429824829101385e-01
1.864725799560546848e+00
nan
-6.515534973144531117e-01
-8.291074371337890936e-01
8.313568878173828169e-01
-4.928038787841796942e-01
-5.010907649993896762e-02
-6.923086547851562411e-01
-1.823372077941894653e-01
-4.383515930175781450e-01
-2.313671874999999878e-01
-1.314083404541015687e+00
4.343760299682617454e-01
6.098497772216796564e-01
1.766555213928222567e-01
nan
nan
nan
nan
6.893482971191405850e-01
-1.815562248229980469e-01
2.499636858701706054e-03
6.574333190917969194e-01
7.078665494918823416e-03
2.726841926574706809e-01
-4.774206161499023326e-01
-9.837460517883300781e-02
1.316709423065185458e-01
-9.222183990478515225e-01
-6.151742935180664062e-01
8.754447174072265137e-01
-4.052981185913085982e-01
2.217179718017578072e+00
nan
9.142565155029296342e-01
-1.223811035156249893e+00
7.226738739013671697e-01
-4.374269008636474942e-02
-6.437654113769530895e-01
3.395536422729492076e-01
-3.929650878906250089e-01
3.291886520385742254e-01
1.130278015136718800e-01
1.244423446655273491e+00
-2.318369483947753940e-01
1.271857070922851607e-01
1.816816139221191506e-01
nan
nan
nan
nan
2.444683837890624933e-01
3.777071380615234508e-01
-1.629798507690429776e-01
-3.674976348876953236e-01
6.844286346435546342e-01
8.197652435302734686e-01
1.302640199661254938e-02
4.085174942016601696e-01
-9.324041748046875133e-01
-5.369388961791992099e-01
6.905910491943358931e-01
-4.218973541259765647e-01
2.442261314392089877e-01
-2.378672218322753773e-01
nan
-6.496066284179687900e-01
6.435952758789063033e-01
-3.083409118652343794e-01
-5.319541549682617054e-01
4.722474288940429754e-01
5.628681564331055043e-01
4.105534362792968572e-01
-1.517564086914062527e+00
-3.699500274658202859e-01
4.426652526855468506e-01
-8.471073913574218572e-01
3.204509735107421986e-01
1.356214284896850586e-02
nan
nan
nan
nan
-7.035942077636718750e-01
4.822873687744140825e-01
1.139499568939209007e-01
7.580657958984374778e-01
1.187526226043701116e-01
6.245142364501953258e-01
-1.863027763366699174e-01
9.620528221130371371e-02
1.121725234985351483e+00
8.911944580078124956e-01
-6.705120849609375044e-01
-1.587874794006347567e-01
-9.417801666259765225e-01
-7.001626586914062589e-01
nan
5.964900588989258123e-01
5.683296585083007502e-01
6.275188827514648349e-01
-9.801271057128906339e-01
-1.763747024536132801e-01
-1.941794967651367110e-01
3.265634155273437478e-01
-4.424377059936523415e-01
7.325080871582031472e-01
-7.310905456542968750e-01
6.260414886474608975e-01
-1.363606872558593697e+00
-4.832269668579101674e-01
nan
nan
nan
nan
5.144387817382812811e-01
1.460357570648193326e-01
-4.727099227905273704e-01
-7.056988525390625044e-01
-2.381719201803207415e-03
2.873762893676757857e-01
-5.987797927856445268e-01
1.163461685180664062e+00
2.114990425109863348e-01
-1.152804489135742294e+00
3.314719009399413885e-01
-7.527560424804687900e-01
-8.914306640625000444e-01
1.133877658843994163e-01
nan
4.604319572448730552e-02
5.690186309814453391e-01
2.272897148132324296e-01
1.042500381469726456e+00
3.519681930541992410e-01
-1.743273315429687553e+00
-1.803358306884765616e+00
-5.763605499267577814e-01
1.207048568725585858e+00
-5.484353542327880665e-02
-4.319119453430175781e-02
7.211448669433593306e-01
-5.264918136596680176e-01
nan
nan
nan
nan
7.875112056732178067e-02
9.661235046386719150e-01
1.255461120605468661e+00
2.574075889587402188e-01
-1.064919471740722601e-01
-1.722744560241699086e-01
-7.569190216064453081e-01
-5.851731872558594283e-01
-1.165382995605468652e+00
-1.190781631469726598e+00
1.302206325531005959e-01
5.441295242309570623e-01
-3.807501602172851385e-01
-1.101459197998046813e+00
nan
1.224416503906250009e+00
5.382291793823242021e-02
-7.855756378173828214e-01
-3.320935440063476629e-01
-7.557746887207030806e-01
-3.711170578002929710e-01
-6.106565856933593439e-01
-1.138213272094726669e+00
2.928112411499023682e-01
5.802056121826172363e-01
-1.673783493041992310e-01
6.905332183837891158e-01
7.566457366943359908e-01
nan
nan
nan
nan
-1.551022338867187544e+00
5.649178695678710449e-01
1.479016723632812447e+00
-5.051379394531250178e-01
-1.211556625366210893e+00
-1.346182727813720614e-01
-8.088785171508788840e-02
-1.505972194671630904e-01
-7.509403991699218350e-01
7.821115112304687367e-01
-9.502931976318359508e-01
5.146543884277343661e-01
-4.404624557495117054e-01
7.931507110595703569e-01
nan
-3.031714248657226829e-01
-1.206077384948730513e-01
-4.381496047973632568e-01
2.399382400512695412e-01
-7.092442321777343572e-01
-1.020756454467773411e+00
8.587650060653685691e-03
-6.390398788452148482e-01
6.609262847900390092e-01
-9.644590377807617243e-02
9.965782928466796475e-01
5.797641754150391069e-01
1.905518531799316462e-01
nan
nan
nan
nan
-1.327374267578124989e-01
-1.162658309936523526e+00
3.609481811523437278e-01
4.532773971557617076e-01
-1.744631171226501340e-02
-1.186667251586914079e-01
1.816323280334472545e-01
-5.041812419891357477e-02
1.979655075073242232e-01
1.582592926025390589e+00
6.860698223114013172e-02
9.489512634277343928e-01
4.555048370361328147e-01
1.758822822570800803e-01
nan
7.351948261260986273e-02
7.326567840576171387e-01
1.541979064941406241e+00
-8.550263404846190907e-02
-2.527517509460449063e-01
1.399070434570312438e+00
-3.370521926879883057e-01
1.088225250244140518e+00
-6.699954223632812456e-01
1.329511566162109304e+00
3.279655838012695557e-01
-5.877827453613281294e-01
2.693789482116699108e-01
nan
nan
nan
nan
-9.064658880233764093e-03
1.084737854003906321e+00
4.931464385986328303e-01
-7.855856323242187411e-01
1.871442260742187447e+00
-9.603078460693359464e-01
-2.895342826843261830e-01
-1.428305912017822366e-01
-4.051517105102538929e-01
3.568607711791992321e-01
-7.549536132812499911e-01
-6.374713134765624956e-01
5.481131744384765137e-01
-4.735219573974609464e-01
nan
8.327722167968749645e-01
-1.649746322631835960e-01
5.928624343872069824e-01
-3.756398773193359575e-01
1.040140533447265536e+00
8.859754562377929188e-02
-4.941025543212890780e-01
-4.331652450561523371e-01
1.198316860198974654e-01
8.666466712951660656e-02
-5.911227416992187456e-01
2.303575134277343617e-01
5.390926837921142245e-02
nan
nan
nan
nan
1.591543960571289162e-01
2.713702774047851429e-01
1.485864715576171946e+00
1.967651557922363292e-01
1.119136581420898446e+00
-6.832516479492187766e-01
6.895028686523437811e-01
3.548532104492187478e-01
-5.562075424194335982e-01
2.513490295410156228e-01
-7.352275371551514338e-02
-6.400731658935546742e-01
1.744446372985839766e-01
-6.973937988281250222e-01
nan
-2.510480690002441229e-01
-1.583689689636230413e-01
-7.796446990966796609e-01
-1.824609527587890634e+00
-3.930121612548828081e-01
-2.047200202941894531e-01
-7.124397277832030806e-01
6.647617340087890181e-01
-2.773405456542968883e-01
-1.813590621948242276e-01
5.451930236816405762e-01
6.745249176025390758e-01
9.421324920654297053e-01
nan
nan
