nan
nan
1.163613357543945348e+00
7.864125061035156516e-01
-4.331195831298828014e-01
-3.211604690551757568e-01
-1.610013389587402477e-01
-1.674827814102172741e-02
-1.647048492431640643e+00
5.096747207641602051e-01
4.676257324218749956e-01
1.233453178405761741e-01
-5.016098022460937500e-01
1.221324234008789089e+00
5.207906723022460715e-01
-1.627334594726562444e-01
nan
-1.049190139770507901e+00
-5.416350936889648970e-01
3.036476516723632946e-01
3.332122802734375222e-01
2.621021270751953125e-01
5.539340972900390347e-02
-6.216649627685546520e-01
-1.025653762817382741e+00
6.661788940429687056e-01
-6.890468597412109375e-01
4.809869766235351785e-01
-5.034509658813476340e-01
3.620526885986328214e-01
nan
nan
nan
nan
1.851162338256835960e-01
-1.112840805053710858e+00
1.109194259643554670e+00
1.421979064941406357e+00
-9.111979675292968262e-01
-4.582770347595215010e-02
-4.925557708740234131e-01
1.295641021728515696e+00
-3.966416931152343950e-01
1.847731208801269565e-01
7.128476715087890270e-01
-2.731705856323242143e-01
-3.111477851867675559e-01
2.885542106628418146e-01
nan
4.479567337036132746e-01
4.161640167236327903e-01
-4.893492507934570357e-01
1.813218879699707020e-01
-7.949686431884765980e-01
-2.300079154968261708e-01
2.329648590087890714e+00
9.667192077636719283e-01
2.288400459289550715e-01
-4.940125274658203058e-01
-6.521098327636718484e-01
4.012277603149413951e-01
-6.665471649169921742e-01
nan
nan
nan
nan
5.308736038208007324e-01
1.157448196411132862e-01
4.218442153930663796e-01
-1.963425636291503962e-01
4.520926666259765803e-01
1.264700469970703178e+00
-7.673117160797118808e-02
8.653642272949219061e-01
-7.947966003417968883e-01
2.493125343322754039e-01
5.264088630676269642e-02
-4.177643585205078058e-01
1.064077911376953178e+00
-8.051080322265624645e-01
nan
-3.592966461181640869e-01
-6.798616790771484508e-01
-1.039918708801269576e-01
1.217995376586914036e+00
6.300958633422851785e-01
8.695342254638671609e-01
-5.329866027832030895e-01
4.064217376708984530e-01
2.843839645385742299e-01
-1.216270523071289134e+00
3.198749160766601318e-01
1.145660400390625076e-02
-1.181078186035156241e+00
nan
nan
nan
nan
-1.451393737792968652e+00
4.108075714111328325e-01
-8.369150543212890980e-01
-6.521738433837890314e-01
3.656306076049804510e-01
-4.388611602783203391e-01
-5.351400375366210938e-01
3.255352783203124822e-01
1.269900054931640598e+00
3.016616821289062611e-01
-6.902337646484375533e-01
9.421444702148437100e-01
8.699381256103515536e-01
3.521625518798828236e-01
nan
1.070173568725586000e+00
-3.238958358764648660e-01
4.857006072998046875e-01
-3.939799880981445512e-01
-9.929376602172851340e-02
8.591125488281250444e-01
7.325158691406250533e-01
-8.313798522949218395e-01
7.036957550048827947e-01
-5.827780532836913663e-01
1.718600616455078223e+00
3.190360832214355624e-01
1.646463470458984446e+00
nan
nan
nan
nan
1.467402343749999893e+00
-3.780060768127441184e-02
-1.540603179931640643e+00
2.901950073242187678e-01
-3.589253616333007990e-01
3.199705123901367410e-01
2.247058296203613414e-01
6.985948944091796564e-01
-1.419773559570312482e+00
-7.415550231933594194e-01
-5.771144104003905762e-01
4.388031387329101585e-01
-1.494656467437744107e-01
1.057162246704101527e+00
nan
-1.687585601806640634e+00
4.040866851806640403e-01
-9.370976448059081809e-02
-4.022760391235351285e-02
-3.313558959960937744e-01
-2.182927322387695213e-01
6.619837188720703036e-01
3.773013830184936829e-02
-1.483898735046386697e-01
1.296239471435546964e+00
-2.925187873840331965e-01
-7.080510711669921742e-01
-1.122125320434570250e+00
nan
nan
nan
nan
4.818021011352539018e-01
-3.494630813598632868e-02
1.544665813446045033e-01
-5.816576004028319868e-01
1.327455139160156339e+00
1.190882873535156206e-01
3.996720123291015447e-01
1.257797546386718812e+00
6.669357299804687944e-01
-1.503710174560546786e+00
5.169765853881835849e-01
1.559387207031250000e+00
-4.185689926147461160e-01
3.519418716430663951e-01
nan
5.847980499267577681e-01
8.964531707763672141e-01
4.371930313110351518e-01
6.008701705932617543e-01
-4.162149429321289340e-02
-1.122774734497070215e+00
9.340434074401856093e-03
5.976855468749999734e-01
-7.501077270507812145e-01
4.635917663574218861e-01
2.671616363525390891e-01
8.998938751220703081e-01
4.725521469116211182e-01
nan
nan
nan
nan
-9.765278625488281738e-01
-9.152172851562500044e-01
3.199816894531249956e-01
3.985418701171875022e-01
9.911721944808960308e-04
-3.245553970336914062e-01
3.573007202148437700e-01
7.400911712646484064e-01
2.013674736022949274e-01
6.567268371582031250e-01
-9.190478324890136164e-02
4.095464706420898215e-01
1.153109512329101527e+00
-2.118839111328124858e+00
nan
-1.490512847900390625e+00
-1.314224853515624902e+00
-1.274073333740234348e+00
-1.316372528076171777e+00
-1.289891529083251887e-01
1.035102615356445321e+00
-1.103669052124023331e+00
8.790167808532714511e-02
2.241148071289062571e+00
5.865518951416015536e-01
1.096042728424072299e-01
-6.368631744384765092e-01
4.283335494995117454e-01
nan
nan
nan
nan
-3.037859344482422008e-01
-2.724457168579101363e-01
7.576060771942139116e-02
1.258441390991210884e+00
-2.193476486206054621e-01
1.235568618774414013e-01
-2.543579673767089600e-01
-1.320541534423828045e+00
-4.765566635131835982e-01
-9.647471618652343484e-01
-5.519395446777344283e-01
3.198359870910644775e-01
-4.946274948120117365e-01
-1.362384643554687580e+00
nan
-3.795474767684936523e-02
3.214413404464721430e-02
-1.141122665405273517e+00
-2.136840629577636819e-01
-6.154171371459961071e-01
1.008368911743164009e+00
4.751251220703125305e-02
2.707020950317382546e-01
5.361743545532227095e-01
1.187232589721679776e+00
-1.134300918579101536e+00
4.933062553405762052e-02
1.837309265136718717e-01
nan
nan
nan
nan
-1.136009521484375062e+00
1.534731769561767656e-01
-9.968016052246093661e-01
8.350675106048583221e-03
2.431182098388671997e-01
-6.411098480224609597e-01
1.653040695190429732e-01
-1.707580757141113348e-01
1.650539550781249920e+00
-1.340001220703125107e+00
-3.309898376464843750e-01
-6.493616580963135210e-02
8.226763153076172008e-01
-1.205569076538085954e-01
nan
-5.887535095214844194e-01
-2.683367538452148260e-01
9.143541717529296564e-01
-1.308273983001708995e-01
-5.003441238403320002e-01
1.704435157775879006e-01
-6.752062225341797230e-01
-2.661572265625000155e-01
-4.824969482421874734e-01
-3.578712463378906361e-01
-1.828020324707031241e+00
-4.069427108764648304e-01
-5.724578857421874778e-01
nan
nan
nan
nan
-3.919438171386718794e-01
-9.615713119506835715e-02
-6.394381523132323941e-02
-4.343146514892577970e-01
1.872351408004760756e-02
-3.440833282470703303e-01
-4.053170776367187589e-01
-1.461511325836181707e-01
3.325045013427734286e-01
6.832347869873046653e-01
-1.348857727050781330e+00
-5.554757690429688033e-01
-6.459687805175781117e-01
-6.622175598144530717e-01
nan
1.265414714813232339e-02
-3.418199539184570424e-01
5.083255004882812900e-01
3.026517295837402588e-01
5.616150379180908508e-02
2.372282409667968717e-01
-2.816442298889160201e-01
1.114500427246093661e+00
-6.131977844238281072e-01
6.662545013427734197e-01
1.430607700347900357e-01
5.293703460693359730e-01
1.077113628387451130e-02
nan
nan
nan
nan
-1.038571929931640714e+00
5.677926254272460671e-01
1.092369079589843750e+00
-8.254060363769530895e-01
1.396138095855712913e-01
5.343496426939964815e-04
2.927992439270019620e-01
-6.065946578979491965e-01
2.422041511535644454e-01
5.144541931152343262e-01
9.902449798583984331e-01
3.143092155456542747e-01
-1.932187271118163963e-01
-1.013266601562500036e+00
nan
6.604689788818359775e-01
4.425939559936523660e-01
3.645557022094726429e-01
3.434761428833008057e-01
-1.294240417480468697e+00
2.713844871520996183e-01
8.683493041992187411e-01
8.755619049072265181e-01
6.972111511230468794e-01
6.546826934814453658e-01
7.561192035675048939e-02
-1.383382701873779319e-01
-1.042095851898193343e-01
nan
nan
nan
nan
-5.735919475555419783e-02
-8.088797569274902566e-02
6.783155822753905717e-01
5.118686294555664373e-01
-9.954261779785156250e-02
-1.038977265357971143e-02
5.861192321777344283e-01
-1.094729995727539151e+00
-1.439839782714843697e+00
-5.169703674316405984e-01
-6.917771911621093395e-01
-5.201675796508788974e-01
3.087112236022949152e-01
2.575069963932037197e-03
nan
1.422888793945312536e+00
1.342582702636718750e-01
-2.449225044250488148e-01
-2.537532234191894331e-01
-2.789422416687011852e-01
-4.491288375854491921e-01
-5.781812286376952770e-01
6.802043151855469150e-01
1.206915588378906223e+00
-6.780698394775390714e-01
6.008922195434570623e-01
-9.341116333007812855e-01
-8.508081054687499645e-01
nan
nan
nan
nan
-1.733134613037109473e+00
6.060442352294921342e-01
-7.799922180175781206e-01
5.713945388793945090e-01
-4.359306335449218972e-01
8.466053962707519032e-02
9.250263977050781072e-01
-1.491858825683593848e+00
-2.104054450988769587e-02
3.641365432739258057e-01
-1.214902420043945330e+00
-1.373032379150390669e+00
1.549685363769531143e+00
6.737663269042968306e-01
nan
1.067873153686523358e+00
-7.821436309814453480e-01
8.015722274780273660e-02
-3.004291915893554932e-01
3.349744415283202881e-01
1.386754608154296964e+00
-1.350442962646484446e+00
-4.265460586547851762e-01
-1.373924541473388605e-01
9.158895874023437189e-01
1.486785278320312598e+00
3.189036560058593484e-01
-1.439844055175781179e+00
nan
nan
nan
nan
2.519951629638672030e-01
1.383746910095214888e-01
3.075380516052246271e-01
1.193344879150390614e-01
-2.221985054016113181e-01
1.064381408691406294e+00
-8.190826416015625222e-01
-6.937274932861328125e-01
-1.894134330749511763e-01
-4.932964706420898682e-01
7.513670349121093217e-01
-1.069245758056640572e+00
3.938729095458984308e-01
-1.936681556701660145e-01
nan
8.997798156738281428e-01
5.209555053710936967e-01
-1.519870567321777444e-01
6.133254623413085804e-01
2.373844718933105502e-01
-3.063881492614746183e-01
-5.073996543884277260e-02
-1.483069152832031223e+00
-9.595384979248047230e-01
7.936688232421874600e-01
1.350320529937744096e-01
1.138509826660156321e+00
-1.352373504638672008e-01
nan
nan
nan
nan
-4.155507659912109353e-01
-7.977465820312500400e-01
7.400842285156250533e-01
-8.279902458190918635e-02
8.243321990966796520e-01
7.035559844970703525e-01
6.631151580810547008e-01
-3.820454025268554821e-01
6.723435211181640891e-01
7.197305297851562811e-01
-1.024098815917968697e+00
7.631568908691406250e-01
-9.799436950683593217e-01
-7.970754241943359686e-01
nan
-2.382017517089843883e-01
5.095884323120116743e-01
3.455722808837890514e-01
-9.137575531005859286e-01
-5.879083633422851340e-01
5.004637908935546387e-01
-1.321561737060546804e+00
-1.100247955322265714e+00
8.836907958984374645e-01
5.549384307861328081e-01
-1.674271392822265503e-01
-1.579551086425781348e+00
-3.967053604125976296e-01
nan
nan
nan
nan
-2.057564544677734364e-01
3.644577407836914196e-01
5.559914398193359641e-01
6.776211547851562766e-01
1.921896667480468723e+00
-8.391322326660156650e-01
6.350118637084961604e-02
-1.205448150634765625e+00
-5.759146499633789329e-01
3.603320360183715626e-02
5.304200744628906339e-01
9.831433868408203658e-01
-2.456498718261718728e-01
8.661503601074218572e-01
nan
7.597541046142578525e-01
-7.183429718017577681e-01
1.027634429931640669e+00
-5.190260887145996260e-02
-3.466902542114257968e-01
-5.292670440673827859e-01
-1.110340714454650934e-02
-4.133547592163085982e-01
-3.438394546508788951e-01
-1.904084777832031339e+00
1.866265869140625033e-01
6.476741027832031428e-01
1.493868713378906143e+00
nan
nan
nan
nan
-1.010875511169433555e-01
-1.705143928527831920e-01
3.655596923828124956e-01
2.433856582641601429e-01
9.053997993469238559e-02
1.215244445800781170e+00
-6.991084289550780762e-01
-6.914367675781250000e-01
3.060953712463378995e-01
9.930348396301269531e-02
-2.245661621093749893e+00
-2.175314178466797088e+00
5.592284011840820135e-01
1.064573898315429590e+00
nan
-1.132959136962890634e+00
8.986506652832031428e-01
-2.408490180969238281e-01
3.475572204589843506e-01
-1.968770217895507713e-01
-2.613135719299316539e-01
9.268239593505859242e-01
-9.695573449134827285e-03
-1.103440523147583043e-02
1.495545043945312402e+00
4.357761001586913929e-01
9.136953735351562855e-01
-8.495166778564453569e-01
nan
nan
nan
nan
6.615192413330077681e-01
-7.258051395416259544e-02
2.271967124938964744e-01
1.001987075805664151e+00
-7.368052673339843262e-01
-3.402222442626953169e-01
7.532559204101562100e-01
-9.125881958007812100e-01
5.086084747314453258e-01
-3.002838897705077947e-01
-9.518369674682616854e-02
2.372704505920410212e-01
6.096947097778320224e-01
2.859497261047363459e-01
nan
-9.593064117431641113e-01
-1.004782943725585964e+00
-2.283904254436492937e-03
-5.720660018920898926e-01
-1.562490463256835938e-01
-7.868474578857421742e-01
-3.774874877929687567e-01
9.218300628662109419e-01
-4.032464981079101340e-01
2.929406642913818387e-02
-3.177058792114257901e-01
2.277554893493652366e-01
-1.309329376220703223e+00
nan
nan
nan
nan
-5.005623817443847351e-02
-9.208930206298827637e-01
4.989533996582031228e-01
1.685320129394531241e+00
1.216513214111328178e+00
-1.285383510589599709e-01
2.575491333007812744e-01
4.056740570068359530e-01
6.720684051513672319e-01
6.121685028076171431e-01
2.295525550842285323e-02
-1.500352001190185525e-01
9.247996520996093484e-01
2.419595956802368317e-02
nan
-5.780949020385741655e-01
4.311322021484375044e-01
-6.131519317626953347e-01
-6.202054977416991965e-01
-3.579873657226562700e-01
-3.346040725708007701e-01
-2.374866485595703014e-01
1.033877086639404252e-01
-1.885631256103515563e+00
6.016688346862793246e-02
-4.820072650909423828e-02
1.090762939453125080e+00
-1.010593032836914151e+00
nan
nan
nan
nan
-6.951256561279296475e-01
-1.601747589111328196e+00
7.997634124755859109e-01
1.047496414184570401e+00
8.894793510437011552e-02
-1.004852066040039071e+00
-6.350383377075194957e-01
-5.017640686035156339e-01
-8.959727478027343928e-01
2.338042640686035234e-01
3.890204620361328303e-01
1.007632064819335982e+00
3.860431289672851540e-01
6.346624755859374689e-01
nan
-6.872811126708984197e-01
6.265738296508789329e-01
-1.329250049591064464e-01
1.529156589508056663e-01
-6.403912353515625044e-01
-6.333932876586914062e-01
1.035416984558105435e-01
-2.152459716796875089e-01
6.893770599365234286e-01
-1.387042331695556574e-01
-8.730047607421874689e-01
-8.909965157508850306e-03
1.016993713378906206e+00
nan
nan
nan
nan
3.550691223144531450e-01
-4.715571594238281428e-01
-2.537933921813964600e-01
-5.043074417114258301e-01
-8.210009765625000400e-01
-3.468273162841796764e-01
3.424645614624023393e-01
-2.502492141723632879e-01
7.334623718261719105e-01
-6.626329040527343395e-01
-4.697153091430664174e-01
-9.984975433349609908e-01
9.091513824462890137e-01
2.385669517517089722e-01
nan
-4.095108032226562611e-01
-3.470908355712890581e-01
6.832172393798827681e-01
2.215357542037963909e-02
-2.570969390869140558e-01
-4.187430572509765470e-01
-1.232768554687500018e+00
-2.817975759506225614e-02
1.699933013916015589e+00
-1.658912811279296795e+00
5.199470138549804332e-01
-2.076196670532226562e-01
-4.388139724731445201e-01
nan
nan
nan
nan
-5.882453536987304332e-01
-5.185276031494140403e-01
9.653314971923827592e-01
-1.966107749938964810e-01
-1.052923889160156223e+00
3.479375457763672075e-01
2.941559028625488348e-01
-3.046080780029296609e-01
2.212596654891967746e-02
2.319066619873046964e-01
1.507670307159423850e-01
7.304347229003905762e-01
-6.139623260498047186e-01
2.221310806274414129e-01
nan
-4.661064910888672030e-01
-2.385186386108398560e-01
8.556075286865234553e-01
1.398443579673767055e-02
-4.770631790161132812e-01
-3.357685089111328014e-01
-1.858330345153808572e-01
5.642227554321288530e-01
1.054627990722656339e+00
3.621435928344726718e-01
-3.855332612991332897e-02
1.403927993774413963e-01
-1.966167068481445290e-01
nan
nan
nan
nan
-9.992012023925781472e-01
3.082987785339355580e-02
-2.856340980529785134e-01
4.587057876586914107e-01
7.610285186767578036e-01
5.762320995330810769e-02
-1.055711822509765696e+00
-4.337582015991210960e-01
4.854736328125000000e-01
-5.297610473632812234e-01
3.927589416503906028e-01
2.944654464721679910e-01
-1.713124465942382768e-01
-1.315750312805175903e-01
nan
-1.558844757080078081e+00
-9.736172676086425615e-02
-1.099595355987548762e-01
1.053147354125976598e+00
6.455548095703125266e-01
1.360842704772949330e-01
-1.928580284118652233e-01
-7.867714691162109863e-01
-7.112109374999999734e-01
-8.019829559326171475e-01
1.760206604003906161e+00
-6.266656398773193248e-02
-6.435655212402343617e-01
nan
nan
nan
nan
1.706801757812500098e+00
-7.206739807128905717e-01
2.748782348632812234e-01
-7.724983978271484641e-01
1.989855384826660079e-01
1.133155059814453108e-01
5.082019805908203347e-01
7.659553527832031472e-01
8.450398254394531072e-01
1.939795875549316373e-01
-3.447538757324218883e-01
3.932173919677734442e-01
2.897447967529296897e-01
-2.194028472900390603e-01
nan
1.844488716125488315e-01
-5.206028747558594238e-01
4.010467910766601363e-01
-4.415276336669922141e-01
-6.581437683105468839e-01
-5.504763412475586204e-01
-1.205933837890625027e+00
4.293464183807373102e-02
1.892326354980468639e-01
-2.111272621154785256e-01
7.156150054931640359e-01
1.567943115234375018e+00
9.008275604248047186e-01
nan
nan
