nan
nan
1.278383331298828196e+00
-2.413814544677734264e-01
7.528976917266845537e-02
4.408945465087890647e-01
2.526409149169921986e-01
-8.198451232910156650e-01
-1.359710388183593688e+00
-2.039574623107910309e-02
-6.643812561035156161e-01
8.898304748535156294e-01
5.794262313842772905e-01
-2.662667846679687700e-01
-1.272837600708007777e+00
2.241567611694335882e-01
nan
-4.039218902587890514e-01
-7.479700469970702592e-01
-4.169693470001220592e-02
-1.607646942138671875e-01
1.282447052001953192e-01
-1.349956989288330078e-01
-1.543280887603759866e-01
-5.445459842681885099e-02
2.150068092346191506e-01
1.581536579132080123e-01
2.129337120056152277e-01
3.771143341064452925e-01
-2.371487045288085960e-01
nan
nan
nan
nan
-2.533082389831542991e-01
-7.342378234863281561e-01
1.807339859008789129e-01
-1.094702911376953108e-01
-9.345810699462890891e-01
7.497158050537109375e-01
-8.733117675781250089e-01
1.070884780883789134e+00
-7.442422389984131026e-02
-3.997433471679687766e-01
3.483098602294921742e-01
-3.600141525268554799e-01
9.181343841552734863e-01
-9.588241577148437500e-01
nan
7.584831714630127508e-02
-7.932579803466797141e-01
-5.607347488403319896e-03
-3.004238891601562766e-01
6.169997406005859331e-01
-3.683543682098388422e-02
2.005799674987792935e-01
5.495032501220703525e-01
2.471535682678222545e-01
7.749074554443359242e-01
1.869449768066406170e+00
-2.258807945251464777e-01
-3.301239776611328280e-01
nan
nan
nan
nan
1.444208679199218803e+00
-3.546240925788879568e-03
-3.765872192382812567e-01
3.781282424926757924e-01
2.001406478881835871e-01
8.779595947265624867e-01
5.098554611206054243e-01
-2.826338577270507968e-01
1.175119781494140536e+00
7.343753337860108032e-02
4.258111953735351646e-02
-5.594372177124022905e-01
2.938949203491210693e-01
-2.537508249282836859e-02
nan
-1.112109374999999956e-01
3.897317504882812367e-01
2.116946411132812622e-01
3.232260131835937300e-01
1.178351669311523464e+00
-2.829433631896972612e-01
1.966888618469238292e-01
2.749769783020019620e-01
8.499420166015625444e-01
-8.475723266601562500e-01
1.618201255798339955e-01
6.569858551025390403e-01
4.424335479736328236e-01
nan
nan
nan
nan
-5.890338516235351651e-01
7.356993675231933427e-02
1.251133117675781170e+00
8.001107215881347878e-02
-2.242655181884765647e-01
-6.465072631835937500e-01
-9.647824859619140714e-01
-3.036152648925781183e-01
5.806997299194336382e-01
4.743942260742187722e-01
-7.709629058837890181e-01
-6.356085586547851607e-01
-2.917895698547363081e-01
1.014848785400390696e+00
nan
-1.374093933105468679e+00
2.576750183105468994e-01
-1.188835144042968750e+00
-1.305238533020019465e-01
1.726545906066894454e-01
-3.116373062133789285e-01
-1.218777465820312517e-01
-1.269802551269531232e+00
1.188386306762695410e+00
-3.430166625976562300e-01
-5.173248291015625222e-01
-1.111531753540039080e+00
-8.402021026611328214e-01
nan
nan
nan
nan
-8.819120788574218439e-01
-7.156237030029296564e-01
-2.788481330871582231e-01
-9.491172790527343528e-01
-8.145467376708984686e-01
-6.274740982055664329e-01
8.603145599365233931e-01
4.401194763183593484e-01
-1.625438537597656330e+00
-5.214994430541992215e-02
9.558029174804687222e-02
2.264296770095825320e-02
9.123502731323242243e-02
5.570252609252929199e-01
nan
1.087724151611328072e+00
-3.825764846801757990e-01
-3.993129730224609375e-01
1.448091735839843741e+00
2.664668846130371360e-01
1.432052135467529186e-01
-9.238221168518066795e-02
2.749328374862670954e-02
-1.227535171508788991e+00
-5.046515274047851385e-01
4.679629516601562234e-01
1.060878219604492134e+00
-3.195637512207031294e-01
nan
nan
nan
nan
-1.743251953124999920e+00
3.119054985046386674e-01
5.366671752929687012e-01
-2.748044395446777588e-01
8.960591125488280850e-01
-1.054443740844726474e+00
7.180542755126952947e-01
5.114293289184570490e-01
-7.521720409393310713e-02
-1.993573760986327992e-01
-1.909689331054687522e-01
1.173141670227050848e-01
1.218316421508789160e+00
-7.647912597656250089e-01
nan
-4.381192016601562766e-01
-2.218780899047851640e-01
-3.623653793334961071e-01
6.941883087158202681e-01
-2.445608520507812633e-01
-7.382363891601562145e-01
-4.197190856933593617e-01
8.110786437988281028e-01
1.354591064453124938e+00
3.650936856865882743e-04
8.575292968750000133e-01
-5.562684631347656339e-01
2.769656753540039040e-01
nan
nan
nan
nan
7.605574798583983887e-01
4.576990890502929954e-01
2.641761207580566317e-01
-2.513672065734863237e-01
1.411703948974609268e+00
3.877530670166015603e-01
1.255122222900390661e+00
-5.196877956390380526e-02
-5.157657623291015403e-01
8.450368881225585327e-02
1.865872955322265714e+00
-7.812489986419678123e-02
-9.396131515502929854e-02
2.548440742492675826e-01
nan
4.661271667480468839e-01
-1.335671081542968652e+00
5.414584732055663929e-01
-5.293898582458496371e-02
-5.453597640991211248e-01
1.500361442565917858e-01
3.510319137573242321e-01
3.793964385986328125e-01
4.895203018188476474e-01
-1.260743408203125027e+00
-2.956017303466796919e-01
-3.719356298446654940e-02
3.140803146362304843e-01
nan
nan
nan
nan
8.679257392883300837e-02
2.161968040466308583e-01
-6.554897308349609819e-01
1.006144180297851465e+00
5.948299789428710405e-01
3.660690307617187611e-01
-1.954729461669921786e-01
1.051378936767578098e+00
-2.621666908264159990e-02
6.347842025756835760e-01
7.895381927490234819e-01
-1.152172012329101491e+00
6.656712341308593794e-01
-5.896990585327148704e-01
nan
-1.638517189025879006e-01
-5.817882919311523349e-01
1.667044448852539051e-01
2.408052921295165960e-02
-3.434443283081054510e-01
-6.226577758789062500e-01
-6.132164382934570668e-01
-2.569573974609374867e-01
-5.419688796997070845e-01
1.233741989135742179e+00
6.336536788940430043e-01
1.126631240844726545e+00
-2.386513710021972642e-02
nan
nan
nan
nan
4.796804428100586160e-01
-7.234040069580077725e-01
4.745241546630859508e-01
8.588100433349608875e-02
1.580909576416015705e+00
-1.422290515899658214e-01
4.523711013793945135e-01
-2.566875839233398460e-01
-7.406826782226562100e-01
7.514546966552734242e-01
-1.502009735107421973e+00
-1.051118698120117267e+00
-2.876735687255859153e-01
1.666011657714843830e+00
nan
6.827938079833983931e-01
-3.217860031127929843e-01
-5.491688537597656516e-01
-5.803592681884766069e-01
1.001975822448730458e-01
8.712588500976562456e-01
6.677361297607421475e-01
4.463558578491210738e-01
5.198250198364258168e-01
-1.172205810546874893e+00
4.659265518188476785e-01
-2.504207801818847390e-01
2.895065879821777100e-01
nan
nan
nan
nan
4.030340194702148326e-01
5.217704391479491832e-01
1.134364624023437518e+00
-4.435253143310546875e-01
7.106851196289062367e-01
-1.077060470581054696e+00
2.671105384826660267e-01
9.872254180908203169e-01
4.380359268188476762e-01
-2.273232460021972628e-02
1.045595932006835982e+00
-6.152563095092773438e-01
2.991725921630859486e-01
5.558956623077392772e-02
nan
-8.922205352783203480e-01
4.507985687255859353e-01
1.034999370574951200e-01
4.615031433105468706e-01
4.505585861206054532e-01
1.065079879760742199e-01
-7.764862060546875444e-01
-8.172490692138671964e-01
8.074419403076171786e-01
6.791466522216796919e-01
5.468586730957031294e-01
-1.714486999511718679e+00
-4.297958850860595509e-02
nan
nan
nan
nan
-5.813937187194824496e-02
-3.263814544677734464e-01
5.341107559204101296e-01
1.785895538330078136e-01
4.628236007690429421e-01
-9.870782852172851896e-02
-1.216184806823730480e-01
5.191276550292969055e-02
-9.704275131225585660e-02
9.860968780517578303e-01
5.757370376586914418e-01
6.567044067382812322e-01
-9.470285797119140092e-01
2.093388557434082142e-01
nan
8.010956573486328613e-01
9.603597259521484686e-01
-4.993907928466796986e-01
4.882305145263671764e-01
7.466009521484374689e-01
1.458059024810791082e-01
4.087900543212890647e-01
7.000916290283203391e-01
-8.103291320800781738e-01
1.456820011138915960e-01
-5.367377853393554554e-01
1.139624786376953192e-01
-4.545434188842773504e-01
nan
nan
nan
nan
1.279504394531250089e-01
3.932615661621093883e-01
2.863274383544922030e-01
-1.289713096618652355e-01
2.730926132202148304e-01
4.423725128173828236e-01
-1.428636741638183716e-01
7.566993713378905584e-02
4.682414627075195401e-01
-1.010216808319091830e-01
6.432947158813476229e-02
-7.372027587890624956e-01
7.674877166748046431e-01
-7.045005798339844250e-02
nan
1.540479564666747958e-01
-3.784061813354492321e-01
-1.493467712402343661e+00
-4.452613067626953192e-01
2.213818359374999933e-01
5.829080581665039285e-01
1.130873107910156244e-01
1.508634033203124947e+00
1.102352066040038991e+00
6.479480743408203569e-01
3.253138732910156317e-01
1.085179996490478471e-01
9.679904174804687678e-01
nan
nan
nan
nan
3.607397460937499800e-01
9.674899291992187234e-01
5.864811420440673578e-02
-1.809986114501953014e-01
2.658120346069335893e-01
-1.166835174560546973e+00
6.268496990203857588e-02
2.709912109375000044e-01
1.051563568115234437e+00
2.547202873229980624e-01
4.847174835205078081e-01
3.738464355468750222e-01
-4.563394165039062478e-01
5.711288452148437500e-01
nan
4.925683975219726785e-01
6.567622375488281206e-01
-5.293200302124023704e-01
1.483272094726562518e+00
3.302011871337890425e-01
3.805912017822265514e-01
6.615963745117187100e-01
2.683200836181640625e-01
7.685417175292968972e-01
-1.894378280639648360e-01
1.417851562500000107e+00
-6.890080261230469016e-01
3.564585876464843595e-01
nan
nan
nan
nan
-1.401806182861328187e+00
-9.548362731933593972e-01
5.772156524658202947e-01
-2.307498931884765514e-01
-9.243035125732421697e-01
-6.420509338378905806e-01
-1.075588455200195304e+00
-4.920156097412109464e-01
2.309183120727539146e-02
-3.366146850585937655e-01
7.626948547363281428e-01
-4.259619522094726385e-01
-3.541764450073242032e-01
6.607868194580077681e-01
nan
5.056394577026367410e-01
-4.869541168212890847e-01
-1.886108970642089711e-01
-5.163269042968750278e-02
5.141987991333007990e-01
1.426365280151367099e-01
-3.405448532104491943e-01
3.662679290771484464e-01
-1.171608810424804581e+00
-5.451391220092773882e-01
-1.200116825103759721e-01
2.022573471069336049e-02
6.239801406860351340e-01
nan
nan
nan
nan
1.254937291145324756e-02
-1.489018096923828027e+00
3.079152107238769531e-01
1.355687904357910090e-01
4.033176040649413818e-01
-1.149951553344726596e-01
-1.607481575012207065e-01
-8.691501617431640625e-01
8.628433227539062944e-01
-4.212360382080078125e-01
-9.207510375976561967e-01
5.494189834594727095e-01
8.131449127197265536e-01
-7.897972869873046697e-01
nan
6.070383453369140314e-01
7.552782440185547008e-01
-5.118623352050781783e-01
1.288167190551757768e-01
5.811073780059814592e-02
-7.391027832031249467e-01
-8.336170196533203569e-01
1.087199783325195401e+00
-9.631575012207030939e-01
7.648336029052734686e-01
-9.157348632812499500e-02
-1.101856994628906267e-01
4.549539947509765869e-01
nan
nan
nan
nan
9.661695098876953436e-01
-2.222166252136230369e-01
-4.928380966186523549e-01
2.078902816772461026e-01
2.264753532409667924e-01
-4.530870819091796786e-01
2.529014778137206876e-01
-6.437488555908202903e-01
5.144042491912841769e-02
-2.101690673828124911e-01
4.781760215759277288e-02
2.721583557128905984e-01
-1.985399246215820146e-02
2.262982177734375044e-01
nan
1.075172348022460866e+00
1.129998931884765634e+00
7.881098389625550149e-03
7.102167510986328036e-01
2.332630310058593892e+00
-5.431689071655273482e-01
1.192409057617187518e+00
-3.196819877624511586e-01
7.300029754638671653e-01
6.701293182373047053e-01
1.101952133178710991e+00
6.236468124389648038e-01
4.682033920288086182e-01
nan
nan
nan
nan
3.065858650207519687e-01
-1.137298297882080034e-01
6.790155792236327592e-01
-3.924634552001953214e-01
-2.329388046264648515e-01
-7.073622703552245872e-02
6.283724212646484286e-01
1.975460815429687378e-01
-1.855167388916015569e-01
1.191122150421142639e-01
3.845342636108398660e-01
3.166764259338378795e-01
2.142609596252441351e-01
1.385013885498046937e+00
nan
9.105399322509765137e-01
-1.068483810424804670e+00
-9.759769439697265625e-01
-3.360264205932617099e-01
-5.571958160400390936e-01
1.719145660400390518e+00
6.423736572265624778e-01
-2.051128540039062642e+00
-3.362514877319335849e-01
3.441200017929077482e-02
-2.409155273437499911e-01
-1.582046413421630826e-01
-3.955535507202148637e-01
nan
nan
nan
nan
1.051919097900390732e+00
1.906775665283203247e-01
-2.507583808898925515e-01
-1.111789550781250080e+00
-9.251155853271484375e-01
-2.128241539001464802e-02
-7.886453247070313033e-01
-7.990194702148437633e-01
-4.913548660278320157e-01
9.102188873291016113e-01
3.307134246826171631e-01
-1.913975715637206976e-01
-1.170937538146972663e-02
5.904783630371093217e-01
nan
5.964223098754882768e-01
2.562786865234374933e-01
3.413146209716796942e-01
-1.624153900146484419e-01
1.194229221343994091e-01
3.686280059814452947e-01
-8.151949882507324163e-02
7.912504577636718661e-01
3.154139137268066606e-01
7.477904510498046831e-01
-4.374536895751953147e-01
-5.302975463867187766e-01
-2.264716529846191317e-01
nan
nan
nan
nan
-3.593354797363281228e-01
3.361915206909179554e-01
8.232928466796874956e-01
6.471361541748046342e-01
-4.705791854858398238e-01
3.991789627075195135e-01
-2.472224807739257790e-01
-4.320669555664062300e-01
2.069393348693847612e-01
-6.920470428466797275e-01
2.470752716064453236e-01
2.790654945373535201e-01
-1.017173995971679679e+00
4.972967529296875022e-01
nan
-6.010833740234374778e-01
5.277919769287109375e-01
1.985641098022460915e-01
-5.102176666259765347e-02
-7.158741760253906072e-01
-2.166592216491699252e-01
-1.539151668548583984e-01
-2.820601463317871094e-01
4.570827102661133012e-01
-9.319532775878905939e-01
-6.707670593261718661e-01
-2.190025138854980458e-01
9.137894439697266113e-01
nan
nan
nan
nan
-5.862704086303710538e-01
-3.450642776489257768e-01
-2.821963787078857547e-02
3.443770980834960915e-01
1.848970222473144409e-01
-5.213471412658691323e-02
-6.313162612915038663e-01
-5.579848098754882635e-01
1.090841140747070392e+00
9.548277282714843217e-01
2.358135604858398460e-01
-3.035417079925536998e-02
2.922820472717285178e-01
-8.242424774169921919e-01
nan
3.008478546142578369e-01
-4.818638992309570157e-01
-1.648157119750976451e-01
3.415187072753906317e-01
1.170223140716552673e-01
-6.482888031005858975e-01
-3.759285688400268444e-02
-1.134705543518066406e-01
-6.952198028564453569e-01
-7.152562713623047408e-01
-4.964228153228759932e-02
-1.415741882324218714e+00
4.358739852905273438e-01
nan
nan
nan
nan
1.074094295501708957e-01
-3.514959096908569502e-02
-1.137940406799316378e-01
-3.175221061706542947e-01
4.545885086059570090e-01
-9.985420989990234641e-01
2.378045082092285212e-01
1.694378814697265589e+00
8.754917907714844238e-01
-1.189129257202148349e+00
-1.303570270538330078e-01
-3.608139038085937667e-02
-3.835542678833007701e-01
-1.520112514495849595e-02
nan
-2.549406433105468883e-01
7.481578063964843262e-01
-8.125104522705077770e-01
-3.401334381103515714e-01
2.783455371856689495e-02
-4.469050216674804732e-01
-4.650717258453369168e-02
3.383554840087890647e-01
-3.060054779052734375e-02
3.142643737792968905e-01
5.242815017700195312e-01
-3.195018768310546875e-01
-3.568363571166991988e-01
nan
nan
nan
nan
-1.749730224609375107e+00
4.975591659545898215e-01
-4.428304290771484242e-01
-4.038687515258789218e-01
8.628748321533202814e-01
-9.884037017822265569e-02
-1.172171020507812411e+00
3.639373779296875000e-01
-1.537268218994140678e+00
-7.934983825683593617e-01
9.965709686279296264e-02
8.107131958007812722e-01
2.862711143493652521e-01
-2.365396690368652410e-01
nan
4.612908935546874978e-01
-9.422191977500915180e-03
4.412121200561523460e-01
9.497718811035156250e-01
-3.562752914428710671e-01
1.273984527587890714e+00
-1.745719604492187438e+00
-3.179350471496582009e-01
7.059826660156249822e-01
6.201775741577147949e-01
2.709795761108398371e-01
-5.494194030761718750e-01
-3.770914793014526478e-02
nan
nan
nan
nan
2.118990707397460926e-01
-2.905097198486328303e-01
1.091660690307617143e+00
-1.573530006408691284e-01
4.300147533416748269e-02
4.835464096069335693e-01
9.075775146484375000e-01
-9.071530914306640270e-01
-2.338818359375000044e-01
-3.364193725585937766e-01
-5.875036239624022993e-01
-6.965584564208984197e-01
-2.071981658935547088e+00
-1.749313201904296955e+00
nan
6.045267868041992454e-01
3.422799301147461115e-01
8.210607910156250133e-01
8.814775085449219061e-01
-8.532762527465820312e-02
3.596210718154907449e-02
4.032659149169922075e-01
1.335082550048828143e+00
-1.229541492462158242e-01
1.175012207031250061e-01
-1.962604141235351485e-01
8.760108947753906250e-01
2.235367202758788974e-01
nan
nan
nan
nan
-6.437039184570312322e-01
-5.329578018188476651e-01
-5.921276569366454995e-02
-7.711994171142577681e-01
4.234337234497070335e-01
-1.287492828369140696e+00
3.391614913940429465e-01
-2.413840103149414162e-01
3.757126235961913974e-01
-5.248174667358398438e-01
6.474886322021484730e-01
8.858038330078125133e-01
-3.127481079101562256e-01
-7.691545104980468395e-01
nan
-7.140933990478515181e-01
5.429923629760742276e-01
-6.820870208740233975e-01
1.055577926635742125e+00
6.762367725372314675e-02
-2.764359951019287193e-02
3.200882339477539307e-01
-5.635024261474609331e-01
-1.001952972412109455e+00
5.092149353027344283e-01
9.927786254882812189e-01
1.387661838531494274e-01
1.957895469665527355e-01
nan
nan
