nan
nan
4.243413543701171631e-01
5.071549224853515447e-01
1.935879669189453089e+00
-2.263999366760253984e-01
2.444161415100097601e-01
-8.455998229980469238e-01
5.236625075340271308e-03
-8.737270355224608931e-01
-6.773023223876952770e-01
-8.269190216064452592e-01
7.459133148193359819e-01
-2.220646095275878862e-01
-9.199468994140624911e-01
-6.208880233764648704e-01
nan
-4.934589767456054599e-01
4.979579544067382901e-01
-6.816049194335938033e-01
-1.794744491577148493e-01
-1.108819675445556624e-01
4.642975234985351474e-01
-4.224470901489257857e-01
1.050370559692382910e+00
1.702369499206543013e-01
7.177481079101561967e-01
6.954188537597656428e-01
-6.026787567138671697e-01
-2.438325119018554810e-01
nan
nan
nan
nan
-7.845404052734374911e-01
8.853030395507812678e-01
5.640600681304931696e-02
-7.766028594970703081e-01
3.106559753417968972e-01
-8.974266815185546475e-01
1.164415359497070312e+00
4.130227279663085671e-01
-6.817764282226562722e-01
-2.578065490722656339e-01
-5.535825347900390492e-01
1.507114868164062482e+00
3.694792175292968550e-01
3.687433624267578147e-01
nan
4.211269378662109153e-01
9.083943939208984908e-01
-9.102982330322265669e-01
-9.047271728515624556e-01
-2.747189700603485090e-03
1.019520797729492223e+00
1.766363143920898493e-01
6.124522781372070401e-01
-1.838802185058593830e+00
2.598396301269531028e-01
7.031196594238281472e-01
-1.227752609252929616e+00
1.732023162841796804e+00
nan
nan
nan
nan
-2.627210998535156050e-01
-8.465924835205078658e-01
1.792470932006836049e-01
-1.820738220214843661e-01
1.676759147644042991e-01
4.626952743530273193e-01
3.665628814697265425e-01
5.050239562988281250e-01
-2.944283103942871294e-01
-2.758153915405273660e-01
-3.921575164794922075e-01
7.408409881591796475e-01
9.453766632080078391e-01
7.165532684326172408e-01
nan
-4.353346633911132635e-01
-5.163381195068359464e-01
-1.319651031494140536e+00
1.104763107299804759e+00
-1.298568878173828045e+00
-1.441514892578124929e+00
-3.255352783203124822e-01
5.513991928100585582e-01
7.704069519042968661e-01
6.257210922241210893e-01
-4.110783004760742432e-01
2.945925521850585871e-01
-1.411614894866943248e-01
nan
nan
nan
nan
-6.053394699096679155e-01
4.529642105102539285e-01
-7.950118255615233887e-01
-1.613355064392089921e-01
1.198319244384765669e-01
-1.220137023925781161e+00
9.423784637451171342e-01
-1.170416870117187536e+00
-4.603095245361328303e-01
-4.822294616699218661e-01
3.802487564086913796e-01
1.426891613006591730e-01
-6.116190719604491788e-01
7.025252532958984331e-01
nan
3.573357391357421808e-01
7.881159210205077592e-01
-8.891716766357421475e-01
5.317233562469482477e-02
-7.607669830322265625e-01
-2.519682502746581898e-01
-5.591524887084960982e-01
-7.216723632812499512e-01
-1.866395324468612645e-03
-1.371642761230468688e+00
5.895713806152343972e-01
-3.596644592285156428e-01
-4.308360290527343817e-01
nan
nan
nan
nan
-2.237659454345703181e-01
2.077565002441406350e-01
-1.705529022216796808e-01
-4.508767318725586115e-01
4.196022796630859419e-01
-4.732031250000000022e-01
1.587859954833984455e+00
2.795904731750488148e-01
8.820422172546386885e-02
-1.006429748535156321e+00
1.042831802368164029e-01
7.123764801025390669e-01
-1.401926231384277299e-01
1.738020133972167924e-01
nan
-3.427019882202148593e-01
7.754692840576171697e-01
1.644214324951171813e+00
-2.800464630126953125e-01
-1.068779296875000062e+00
9.680908203125000444e-01
-6.160259246826171875e-03
-8.201935577392578391e-01
1.064887161254882919e+00
2.202820205688476585e-01
3.528832197189331332e-02
2.767771148681640869e-01
4.476901245117187456e-01
nan
nan
nan
nan
-4.494242858886718928e-01
8.647119903564453036e-01
2.149659538269043102e-01
3.152789497375488303e-01
1.208042678833007866e+00
-3.320372390747070579e-01
-8.155471801757813166e-02
5.022633361816406516e-01
-1.762275390624999938e+00
5.833693504333496010e-02
7.933950805664062855e-01
-1.395622406005859295e+00
-1.284850025177002031e-01
-2.798534393310546653e-01
nan
-7.777052307128906605e-01
3.148643684387206765e-01
-3.846116638183593728e-01
-5.299746322631836426e-01
-3.662786865234374800e-01
6.214635467529296964e-01
2.114180564880371038e-01
-2.546182823181152299e-01
3.056990051269531383e-01
6.723622894287109020e-01
1.212357330322265669e+00
-3.105091476440429710e-01
-3.001427173614501856e-02
nan
nan
nan
nan
-2.265542221069336004e-01
-1.783212471008300826e-01
-8.081114959716796387e-01
-4.979071807861328303e-01
7.281766510009766158e-01
2.868696594238281383e-01
2.266013717651367276e-01
-1.274728164672851660e+00
6.902010440826415738e-02
-6.434414672851562766e-01
-4.739985656738281428e-01
-5.520812606811523748e-01
2.432185745239257846e-01
-3.865897417068481223e-02
nan
5.715913009643555087e-01
1.179974441528320206e+00
1.286542129516601574e-01
8.071437072753906428e-01
7.837747955322265092e-01
9.938423919677734641e-01
-3.956453323364257924e-01
-4.645810317993164240e-01
-4.331396865844726607e-01
-8.770608520507812145e-01
8.593610382080077992e-01
-1.011109542846679643e+00
4.136049270629882924e-01
nan
nan
nan
nan
8.977067947387695757e-02
1.331995296478271362e-01
8.693695068359375000e-01
1.503490753173828187e+00
-8.223876190185547275e-01
1.117612838745117188e+00
-1.722901535034179754e-01
5.991840362548828125e-01
2.043018722534179765e-01
4.713306427001953125e-01
1.574594497680664035e-02
-2.148875236511230413e-01
7.880724334716796564e-01
-1.710967254638671997e-01
nan
6.663685607910155850e-01
2.030661582946777233e-01
-6.826910400390624467e-01
3.566286087036132924e-01
-1.028953552246093750e+00
1.085303344726562536e+00
-7.508216094970703303e-01
-9.698664855957030984e-01
-3.324884033203124867e-01
-3.823540878295898504e-01
2.963949966430663996e-01
8.537717437744141158e-01
4.596027755737304710e-01
nan
nan
nan
nan
1.929445266723632812e-01
1.335357570648193493e-01
-9.330076217651367410e-02
4.373600387573242099e-01
8.176770019531249822e-01
-1.181270675659179759e+00
-1.522671508789062544e+00
-5.838368606567382324e-01
-4.739154052734375067e-01
1.435718631744384854e-01
6.772090911865233931e-01
-9.530561828613280939e-01
8.216100311279297408e-01
4.278380966186523526e-01
nan
-1.059897232055664107e+00
1.749539031982421777e+00
-4.942337417602539196e-01
-3.538373565673827992e-01
8.762609481811522993e-02
3.233102560043334822e-02
2.528811836242675914e-01
-9.419335937499999645e-01
-2.045993804931640625e-01
-6.797221183776855358e-02
-1.316365838050842334e-02
-2.342797040939331027e-02
-2.282011985778808691e-02
nan
nan
nan
nan
-1.347966194152832031e-01
1.043318710327148402e+00
4.687207031250000266e-01
5.287015533447265714e-01
-6.723947906494140980e-01
-3.018060302734374978e-01
3.949379730224609197e-01
5.969146728515625222e-01
5.958515167236327903e-01
-9.989863586425781206e-01
7.217890167236328258e-01
-2.655933952331542836e-01
-1.177149534225463944e-02
-3.851838302612304865e-01
nan
2.099870452880859162e+00
1.239960670471191434e-01
5.174279785156250533e-01
1.013262329101562553e+00
3.403540039062499800e-01
2.258826828002929721e-01
1.148338413238525341e-01
-5.420354461669921742e-01
1.682465667724609482e+00
3.573168945312499845e-01
-2.763154745101928725e-02
7.552674865722656117e-01
-5.797958374023437500e-01
nan
nan
nan
nan
2.602477073669433663e-02
6.240230941772461071e-01
-1.132023773193359339e+00
2.969786071777343883e-01
-6.120332336425781117e-01
1.614659690856933560e-01
4.688519001007079856e-02
-7.561969757080078125e-01
2.323756790161132790e-01
3.585679626464843839e-01
3.920707702636718750e-01
1.119038867950439414e-01
3.974115371704101674e-01
1.320316982269287009e-01
nan
-9.580926895141601840e-02
3.705671310424804576e-01
7.609380340576171742e-01
-1.754039192199706998e-01
-3.218931961059570135e-01
2.670495414733886630e-01
6.424063873291016025e-01
6.772627258300780717e-01
-5.622362899780273260e-01
3.865339660644531161e-01
5.721502304077148715e-02
-7.659010314941405717e-01
-5.333317184448241877e-01
nan
nan
nan
nan
-5.277165985107421520e-01
7.158536529541015270e-01
6.942471313476562544e-01
-8.424283599853515936e-01
-4.070676803588867410e-01
-1.131039505004882706e+00
4.510169982910156028e-01
-6.040961146354674981e-03
5.421189880371093395e-01
-1.928304862976074341e-01
-5.207894897460937367e-01
-2.863083839416503684e-01
1.705464553833007935e-01
1.001010036468505809e-01
nan
-3.953111267089843839e-01
1.365807533264160045e-01
-4.986742401123047119e-01
-7.383331298828125222e-01
9.003536987304687766e-01
-4.484110260009765425e-01
1.300336761474609304e+00
-2.379722213745117110e-01
9.137311553955078658e-01
-8.890852355957030717e-01
3.225238037109374734e-01
-1.592289066314697132e-01
-5.759708404541015181e-01
nan
nan
nan
nan
-2.516095352172851296e-01
-2.802512550354003817e-01
4.713939285278320179e-01
1.616357040405273504e-01
1.069588851928710893e+00
-1.851415395736694461e-02
-1.223547973632812536e+00
4.152237319946289196e-01
-2.503338813781738059e-01
1.061958847045898491e+00
2.899122238159179688e-01
-4.679164505004883012e-01
-1.586147403717040882e-01
6.793835163116454523e-02
nan
-4.387599945068359347e-02
5.396591663360595509e-02
-1.640534400939941406e-01
6.286412811279297186e-01
-1.801704597473144653e-01
5.616714477539062056e-01
-5.196783828735351829e-01
-5.888875579833984242e-01
3.544261932373046764e-01
-7.497258758544922408e-01
-4.708460617065429732e-01
5.514129638671875222e-01
9.404990386962890359e-01
nan
nan
nan
nan
7.835820317268371582e-03
-1.066479873657226518e+00
-1.666013908386230480e-01
-4.880838871002197293e-02
9.572223663330078347e-01
-1.729638290405273449e-01
-1.728258514404296953e-01
-6.858128356933593794e-01
8.833234405517578214e-01
-1.145599975585937402e+00
-4.459209060668945512e-01
-9.177021026611327514e-02
2.437623214721679754e-01
-8.760373687744140714e-01
nan
3.977321243286132679e-01
8.524278178811073791e-05
-3.624174118041992299e-01
-1.489897460937499973e+00
-6.493906402587890092e-01
-3.980002975463867165e-01
6.437572479248047097e-01
-9.853649139404296875e-01
1.673442268371582164e-01
-4.603693389892578036e-01
4.520690536499023526e-01
5.298941040039062411e-01
4.533947944641113226e-02
nan
nan
nan
nan
-8.959054565429687145e-01
8.533816337585449496e-02
2.468861103057861175e-02
-1.489253997802734375e+00
-6.441090393066406516e-01
-7.769600677490234863e-01
2.278923225402832153e-01
4.237091064453125250e-02
-6.056976795196532953e-02
8.488292694091796875e-01
6.185235595703124645e-01
-1.055943145751953027e+00
-3.978250503540039368e-02
8.619943237304688033e-01
nan
1.763285446166992232e-01
7.563127136230468617e-01
2.741614723205566539e-01
-1.030180168151855480e-01
2.390021324157714788e-01
4.651879501342773282e-01
-2.366390609741211015e-01
3.310264587402343972e-01
5.921356582641601474e-01
5.540035629272460627e-01
3.359832763671875000e-01
-1.442475509643554588e-01
-7.814867401123046786e-01
nan
nan
nan
nan
-1.188659954071044911e-01
-2.445550441741943526e-02
-6.911408233642578613e-01
3.402087402343749734e-01
6.568622589111328125e-01
-6.805720520019531428e-01
-3.931308364868164040e-01
6.561708450317382639e-03
-7.115613555908203436e-01
-4.773115539550781272e-01
5.438897323608398171e-01
-1.755544853210449230e-01
-2.992494773864746160e-01
-4.119129943847656405e-01
nan
-5.615503692626953036e-01
-1.908917236328125100e-01
1.939402389526367065e-01
-1.153044128417968661e+00
-7.097710418701171919e-01
-9.149514007568358975e-01
-1.404488677978515732e+00
-6.758634948730468661e-01
-1.093995895385742267e+00
6.507496356964111162e-02
8.425693511962890625e-01
7.968038177490234242e-01
-4.794692230224609220e-01
nan
nan
nan
nan
4.500214099884033286e-02
5.934030914306640536e-01
-1.073329353332519581e-01
-1.352095413208007912e-01
-4.912164688110351451e-01
5.601853942871093395e-01
2.669072866439819308e-02
-4.073463821411132946e-01
1.836870765686035023e-01
4.262179183959960982e-01
-3.135753440856933749e-01
7.058502197265624778e-01
-6.402897644042968572e-01
-3.807165145874023549e-01
nan
-3.569546508789062655e-01
-7.913109588623047363e-01
-1.021046752929687607e+00
2.588511109352111938e-03
-6.999743652343749512e-01
1.451583099365234331e+00
-6.120874023437500311e-01
-4.460285949707031294e-01
2.673379135131835893e-01
9.903689575195312456e-01
3.656654357910156250e-01
5.336329269409180176e-01
2.647038841247558727e-01
nan
nan
nan
nan
1.325289458036422703e-03
-8.153028869628906605e-01
3.685082626342773282e-01
1.952720451354980347e-01
-8.874847412109374556e-01
-3.237833023071289285e-01
3.831678771972656383e-01
7.064820098876952725e-01
1.697956085205078181e-02
1.829701995849609408e-01
8.575601196289062145e-01
5.565301513671875311e-01
-8.796466827392578347e-01
-3.788076639175415317e-02
nan
6.743260192871093350e-01
1.608430862426757924e-01
7.741417694091796697e-01
-1.882646560668945201e-01
1.263519477844238237e-01
-7.716168880462646873e-02
-8.382958984374999645e-01
-1.301392517089843714e+00
9.056776428222655939e-01
5.576108551025390492e-01
-6.406460571289062100e-01
1.148627853393554776e+00
2.608286666870117121e-01
nan
nan
nan
nan
1.066911239624023455e+00
6.934200286865234153e-01
1.163071155548095759e-01
8.748277282714843617e-01
1.194647598266601607e+00
-7.838100433349609597e-01
7.067824554443359331e-01
-1.790095825195312518e+00
-5.473277568817138533e-02
1.070545806884765527e+00
-3.286027526855468950e-01
1.204134597778320215e+00
3.761856460571288974e-01
-4.964765167236327992e-01
nan
-2.860674667358398260e-01
4.828285217285156472e-01
9.356266784667969238e-01
9.356501007080078036e-01
9.063228607177734042e-02
5.404431533813476296e-01
8.682642364501953480e-01
5.799728393554687278e-01
-9.739754676818847268e-02
9.218357849121093794e-01
-3.581031036376953192e-01
-7.213582611083984020e-01
6.405061340332031117e-01
nan
nan
nan
nan
-1.208191299438476474e+00
-3.915863037109375000e-01
-7.555434417724609109e-01
-2.705756378173828081e-01
1.420668945312500098e+00
-1.563034667968749902e+00
8.196590423583984819e-01
-2.566260528564452970e-01
-1.751299476623535134e-01
1.128470764160156348e+00
1.603770828247070290e-01
-2.249050140380859375e-01
-1.239063739776611328e-01
1.178578567504882768e+00
nan
8.440228271484374600e-01
3.323894882202148571e-01
2.979486465454101451e-01
4.828508758544922119e-01
-9.095644378662108842e-01
-9.142687225341796786e-01
-1.316553955078124893e+00
-7.304912567138671653e-01
-2.969030380249023660e-01
-5.979761600494384877e-02
-5.502873229980468350e-01
-2.836858940124511452e-01
-1.063237686157226580e+00
nan
nan
nan
nan
-7.643371582031249778e-02
1.547970123291015687e+00
9.630079269409179410e-02
1.037267074584961035e+00
5.670426559448241699e-01
8.041696929931640980e-01
7.262608337402344238e-01
1.165992832183837952e-01
1.243829040527343777e+00
3.881378173828125000e-01
2.040746688842773326e-01
1.282777099609375027e+00
1.146358795166015687e+00
1.008237609863281259e+00
nan
5.110271930694579995e-02
-1.891015624999999867e-01
6.307732391357422363e-01
-2.274914264678955245e-02
-2.254417610168457098e-01
7.437995910644531472e-01
1.077068099975585946e+00
-1.425302734374999991e+00
7.299556732177734375e-01
5.891618728637695312e-01
3.642351150512695424e-01
6.751182556152344194e-01
2.636032676696777322e-01
nan
nan
nan
nan
2.464609384536743317e-02
-1.773225593566894465e-01
9.397830963134765070e-02
-1.148683319091796884e+00
-2.547014617919922119e-01
3.381682586669921831e-01
-5.283591461181640359e-01
9.550862121582031072e-01
-3.385989761352539151e-01
3.544840240478515647e-01
-5.646839523315430043e-01
-1.015948963165283214e-01
8.864496612548827814e-01
4.346002578735351785e-01
nan
-2.023301315307617088e-01
4.166035079956054710e-01
6.770143127441405895e-01
2.437164497375488292e-01
-1.676415634155273560e-01
-1.150265884399414018e-01
-9.691766738891600952e-02
3.647724533081054821e-01
8.286120605468749734e-01
-7.483950042724609730e-01
1.288764095306396407e-01
-3.918997573852538996e-01
-6.977732086181640536e-01
nan
nan
nan
nan
-1.936999511718749956e-01
1.016101264953613303e-01
5.726092147827148704e-01
-5.875757980346679732e-01
-1.016315340995788651e-02
-2.714129209518432659e-02
9.844364929199218572e-01
2.565050048828124929e+00
1.157683753967285178e-01
8.088808059692383090e-02
2.512344837188720814e-02
-1.141760940551757919e+00
-3.133582878112792791e-01
-5.715152740478515181e-01
nan
-8.996154785156249556e-01
1.290983581542968661e+00
-3.100947618484497029e-02
-3.822912597656250022e-01
2.662114334106445157e-01
-3.049793720245361217e-02
3.052506065368652544e-01
-4.934960174560547030e-01
2.866205787658691606e-01
-5.266196060180664551e-01
8.499018096923828258e-01
1.349875183105468723e+00
-1.484109802246093679e+00
nan
nan
nan
nan
7.315422058105468528e-01
5.342174911499023571e-01
-1.699499664306640678e+00
3.343373489379882768e-01
2.047627449035644420e-01
-5.915704250335693248e-02
1.558698081970214810e-01
-3.980789184570312500e-01
-1.092276763916015664e-01
2.925315666198730624e-01
-3.875700378417968883e-01
8.125190734863281528e-02
1.232492160797119124e-01
6.949858093261718217e-01
nan
-9.130557250976562012e-01
7.167706489562988489e-03
7.706470489501952847e-02
-1.897111701965331909e-01
8.128865051269531516e-01
2.847560882568359597e-01
-1.369491882324218812e+00
4.439295959472656095e-01
-6.661304473876953347e-01
2.450119400024414196e-01
-7.175313949584960493e-02
-8.764398956298827814e-01
-5.858748626708983887e-01
nan
nan
