nan
nan
-3.292601776123046942e-01
-8.623258209228515936e-01
5.031867599487305220e-01
-1.054391174316406277e+00
4.294779777526855358e-02
4.147962951660156272e-01
6.160953903198241877e-01
1.943053817749023360e-01
-1.868561096191406312e+00
-6.183747768402099443e-02
-9.926920890808105247e-02
-8.282134246826171609e-01
-5.266532516479491832e-01
-4.073051071166992054e-01
nan
6.110520172119140447e-01
-2.679844284057616988e-01
8.431313514709472268e-02
-1.131840896606445268e+00
-8.647443389892578436e-01
-9.425453948974609197e-01
1.803478622436523460e-01
1.282766342163085826e-01
6.129306030273437012e-01
-7.935473632812499734e-01
3.192618370056152233e-01
1.131543159484863295e-02
-1.313341979980468643e+00
nan
nan
nan
nan
8.247636413574218617e-01
-3.924972152709960693e-01
1.523775634765625053e+00
-7.952144622802734819e-01
6.047337341308594016e-01
-5.556272506713866993e-02
3.600061416625976451e-01
-3.562075424194335871e-01
-1.526055526733398338e-01
1.475353546142578187e+00
3.762741470336913863e-01
2.556734848022461093e-01
-2.729792833328247015e-02
4.144043350219726585e-01
nan
-1.774050903320312511e-01
4.578523254394531450e-01
8.766227722167968528e-01
-7.585990142822265359e-01
-7.856415557861328169e-01
-9.355773925781250000e-01
9.746187591552734064e-01
-1.027073135375976554e+00
1.081852951049804723e+00
-1.096781635284423823e-01
4.470916748046874778e-01
-1.052103195190429608e+00
-4.347297668457031361e-01
nan
nan
nan
nan
-1.982319259643554599e-01
-1.468447017669677612e-01
-5.151165008544922319e-01
-8.827644348144531028e-01
-1.655281066894531250e+00
-8.403224945068359375e-01
2.115625152587890412e+00
-5.502172851562500133e-01
-3.052280664443969560e-02
-7.915533447265624689e-01
-1.020431423187255909e-01
-3.775035858154296986e-01
-1.661763763427734353e-01
4.583574295043945090e-01
nan
2.674433326721191162e-01
3.935285949707031383e-01
-5.404589462280273704e-01
-6.629022216796874867e-01
-7.000868988037108887e-01
7.214630126953125444e-01
4.926670837402343794e-01
-7.569776153564453658e-01
2.033648681640624900e-01
-1.118983764648437518e+00
-6.335815429687500222e-01
-2.566739845275878840e-01
3.785099506378173523e-02
nan
nan
nan
nan
-9.870528221130371593e-02
1.760200500488281194e-01
-3.507688903808593994e-01
3.274134445190429732e-01
-4.382627868652343994e-01
-1.522785663604736273e-01
5.772600936889648038e-01
1.609083557128906383e-01
1.595894165039062562e+00
3.995766448974609197e-01
-2.428201293945312367e-01
-8.901354980468749734e-01
-6.769441223144531117e-01
-5.436057662963866832e-01
nan
-5.516571044921875222e-01
-8.320155143737792414e-02
5.163227462768554821e-01
5.027632713317871371e-02
4.151848220825195557e-01
5.645288467407226785e-01
6.443316650390624734e-01
-8.148590087890624778e-01
-7.034059906005859508e-01
2.781881523132324063e-01
-1.032710647583007901e+00
6.056375885009765980e-01
4.819368362426758035e-01
nan
nan
nan
nan
-8.786590576171875444e-01
4.127185821533203153e-02
4.188409423828124978e-01
-1.823478546142578205e+00
6.371558380126952637e-01
-1.496619796752929610e-01
-1.043416061401367223e+00
-6.331374740600586026e-01
6.800278472900390669e-01
3.791765975952148260e-01
8.448291015625000178e-01
9.728808403015136441e-02
4.253110885620117188e-01
-7.525732421874999911e-01
nan
-1.906547737121581931e-01
-1.223276214599609446e+00
-2.315627479553222789e-01
8.918551635742187900e-01
4.771188735961914285e-01
1.167163696289062580e+00
-1.112461853027343794e+00
-1.259259185791015589e+00
-2.059755325317382812e-01
1.181094284057617294e+00
3.241539001464843750e-03
-7.833639621734618530e-02
8.864978027343749512e-01
nan
nan
nan
nan
1.590161743164062447e+00
1.272047271728515616e+00
-6.531311035156249778e-01
-8.654632568359374445e-02
-1.281769104003906312e+00
1.259804229736328107e+00
3.558805084228515714e-01
1.070684552192687974e-02
6.646007537841797097e-01
1.169183349609374950e-01
-2.239630699157714733e-01
4.347706604003906405e-01
1.090713348388671955e+00
-3.555759048461913929e-01
nan
-5.873462295532226873e-01
7.376399993896484153e-01
-8.716913604736328258e-01
-4.464201354980468772e-01
3.624620056152343950e-01
-1.069874858856201122e-01
2.290197944641113315e-01
-5.110792541503905717e-01
-4.456296539306640603e-01
4.467180633544922119e-01
-1.040436935424804643e+00
-2.499514967203140051e-03
-3.633388900756835960e-01
nan
nan
nan
nan
6.325242233276366921e-01
-6.807099151611327725e-01
5.262579345703124467e-01
1.062681102752685569e-01
1.541515960693359277e+00
2.138265991210937522e-01
-9.335231781005859375e-02
1.572616882324218812e+00
-7.116302490234375222e-01
7.628381347656250089e-01
-1.945322570800781303e+00
-7.499658966064453036e-01
-3.481217575073242143e-01
-4.932374954223632812e-01
nan
-6.998623371124267079e-02
-2.207379913330078103e-01
-1.506489849090576205e-01
6.805105209350585660e-02
-1.967969055175781357e+00
-2.422451782226562600e-01
1.358506488800048928e-01
5.180975437164306308e-02
7.537696075439452859e-01
9.252954864501953258e-01
-7.675053405761719238e-01
4.766503143310547030e-01
-5.365149307250977051e-01
nan
nan
nan
nan
-3.239500808715820579e-01
-5.906297683715819868e-01
-2.300781631469726585e-01
-1.984754204750061035e-02
-5.242748641967773793e-01
8.998367309570312056e-01
-3.466761779785156317e-01
8.042077636718749645e-01
1.446913146972656217e-01
-1.020298767089843767e-01
-7.389091014862060602e-02
-1.778695373535156277e+00
-8.421924591064453569e-01
-3.452025604248046831e-01
nan
7.756289672851562900e-01
5.711923980712890758e-01
-1.036285400390624944e-01
6.310408020019531161e-01
9.006426239013671786e-01
-1.004222564697265563e+00
-9.661846923828124600e-01
-2.892628192901611217e-02
-5.165652084350585982e-01
8.942648315429687633e-01
1.481430816650390614e-01
1.035089874267578036e+00
-6.330912399291992454e-01
nan
nan
nan
nan
4.599492549896240512e-02
-9.020503997802734042e-02
1.956509017944335904e-01
8.587022399902344283e-01
-7.552152252197266158e-01
1.576728057861328247e-01
-1.225337829589843830e+00
4.531586074829101474e-01
-7.528860473632812411e-01
2.229384040832519398e-01
-2.811660385131836137e-01
1.818483276367187429e+00
2.632698297500610241e-02
1.913269996643066351e-01
nan
-4.584412765502929865e-01
5.668233489990234242e-01
-9.684233665466308871e-02
-1.603640556335449163e-01
6.360070037841797363e-01
-1.022755432128906294e+00
-1.196172409057617125e+00
-3.694612884521484286e-01
2.663022422790527477e-01
5.195293045043944957e-01
1.147612152099609428e+00
3.261158752441406516e-01
-2.789196777343749822e-01
nan
nan
nan
nan
-1.056326370239257795e+00
1.560964393615722756e-01
5.107556343078613337e-02
1.754524230957031250e+00
-7.722978591918945590e-02
1.135153121948242250e+00
-1.993894386291504006e-01
3.746203994750976762e-01
5.772446060180663752e-01
2.942889022827148704e-01
9.027514648437500178e-01
-4.435141372680664329e-01
-3.291413497924804421e-01
-1.360579586029052601e-01
nan
1.066798782348632901e+00
3.010748100280761785e-01
8.328643798828124778e-01
-2.105043182373046662e+00
5.044748687744140536e-01
-4.934160614013671786e-01
3.828209638595581055e-02
3.975047683715820512e-01
7.607437896728516113e-01
-2.911759376525878684e-01
-1.709700012207031328e-01
9.273254394531249556e-01
1.139701919555664134e+00
nan
nan
nan
nan
5.588072204589843439e-01
7.610278320312500178e-01
-4.116245269775390403e-01
-2.038220214843750044e-01
9.842236328125000266e-01
-8.086717987060546564e-01
4.861668014526367432e-01
-4.500151824951171831e-01
-3.435623168945312611e-01
4.525755310058593994e-01
-6.473080444335937988e-01
1.797580909729003806e-01
2.745420074462890381e-01
4.560858154296875133e-01
nan
-1.382962989807128840e-01
-1.026810150146484357e+00
5.705017089843750222e-01
7.339279937744140891e-01
-6.654579925537109641e-01
-4.093590545654297030e-01
-3.522541046142578236e-01
-1.287839412689208984e-01
1.124840641021728482e-01
-2.280226135253906328e-01
2.296127128601074263e-01
6.613392639160156072e-01
3.718725442886352400e-02
nan
nan
nan
nan
-3.734017944335937256e-01
-3.856034851074218728e-01
2.478434562683105580e-01
-5.668118286132812766e-01
-1.323038330078124991e+00
-2.168252754211425770e-01
3.519788742065429465e-01
3.169161796569824330e-01
-1.063149108886718652e+00
3.184189414978027544e-01
1.169137573242187561e-01
5.917297744750976696e-01
-1.993608856201171953e-01
1.846414642333984446e+00
nan
4.251971054077148260e-01
-1.524790883064269971e-02
-1.033910465240478471e-01
-3.152420043945312611e-01
-4.412315368652344055e-02
-7.774954223632812855e-01
-4.380703568458556817e-03
-8.978046417236328347e-01
2.695704269409179843e-01
7.964632415771484286e-01
1.021897277832031214e+00
-4.191670989990234353e-01
8.105852508544921786e-01
nan
nan
nan
nan
1.970300102233886741e-01
1.615106658935546946e+00
8.639292144775390092e-01
8.903994750976562678e-01
7.142705535888671520e-01
-2.405437088012695179e-01
-3.898079681396484641e-01
-8.332299041748046919e-01
-3.540958023071288929e-01
-3.431167984008788863e-01
-9.661454010009765669e-01
6.494266986846923551e-02
-8.848833465576171342e-01
7.219705963134765980e-01
nan
-8.089790344238281250e-01
7.491466045379638339e-02
1.558994579315185480e-01
7.192194366455078036e-01
-1.191060028076171839e+00
1.114912109375000071e+00
1.646861648559570235e-01
2.688489532470703103e-01
3.717235565185547097e-01
-2.192062616348266699e-02
-8.608206939697266025e-01
-4.386419296264648660e-01
-2.052186965942382757e-01
nan
nan
nan
nan
6.280468368530273127e-01
-1.680171775817871083e-01
4.753836441040039107e-01
-5.360084533691406028e-01
-3.962558746337890847e-01
1.538700199127197299e-01
-3.471628189086913840e-01
1.548690223693847678e-01
-5.137326049804687988e-01
-2.450720977783203136e-01
-4.124387359619140492e-01
1.101352095603942878e-02
-1.231886138916015616e+00
3.882364654541015647e-01
nan
2.777140426635742454e-01
3.844823837280273438e-01
4.771446990966796697e-01
-7.932910442352295033e-02
9.664586067199706920e-02
7.876219177246093217e-01
1.518716216087341239e-02
-1.956040024757385240e-02
3.332458877563476696e-01
-1.448880577087402477e-01
4.688171005249023304e-01
3.296269226074218794e-01
2.595782852172851540e-01
nan
nan
nan
nan
-5.307452011108398926e-01
-2.089457321166992287e-01
-1.840843200683593694e-01
-4.845217895507812345e-01
3.491674804687500133e-01
1.602507019042968828e-01
6.555770874023438000e-02
-1.889641761779785045e-01
7.340767669677734641e-01
1.272458419799804785e+00
-2.048142814636230435e-01
2.858800125122070157e-01
-1.198497161865234473e+00
1.175813293457031311e-01
nan
7.949218750000000000e-01
-1.176386718749999893e+00
-1.209447669982910145e-01
7.698805999755858887e-01
-1.276868896484375071e+00
1.127759075164794927e-01
-2.357931518554687578e-01
-3.699498367309570490e-01
-1.123213272094726545e+00
-1.688506698608398526e-01
-8.485406494140624867e-01
-1.056777343750000098e+00
-6.412201690673827725e-01
nan
nan
nan
nan
2.626241874694824063e-01
-4.144171524047851607e-01
-9.196106719970703613e-01
1.297217249870300307e-02
-5.433770418167113876e-03
1.707358703613281348e+00
-2.229608345031738326e-01
-5.811030960083007901e-01
-4.529551696777343595e-01
-4.141708755493164196e-01
-2.874777221679687411e-01
1.347385101318359313e+00
-3.565335083007812322e-01
4.197824478149413813e-02
nan
2.294112777709960971e-01
1.750234527587890554e+00
-2.798691749572753684e-01
-6.678155899047850952e-02
2.856544685363769376e-01
-1.795237159729003995e-01
8.387285614013672008e-01
-7.816355895996093262e-01
-2.097929191589355535e-01
-1.396080780029296919e+00
1.524880695343017456e-01
6.192330169677734419e-01
-3.310495758056640758e-01
nan
nan
nan
nan
-8.154276275634765314e-01
-2.496014404296874878e-01
6.192032241821289196e-01
-1.015450897216796822e+00
1.671736145019531161e-01
7.457971191406249645e-01
5.617897415161132724e-01
-6.619829559326171342e-01
-1.932418365478515643e+00
-1.397092895507812571e+00
4.844963550567626953e-02
-1.572974205017089733e-01
-3.855257797241211093e-01
-2.461596107482910134e-01
nan
-3.777013015747070490e-01
1.017656402587890696e+00
-9.088243484497070257e-02
-7.686046600341797097e-01
6.265902709960937678e-01
8.647646331787108842e-01
-4.478415679931640470e-01
4.458226776123047075e-01
2.353938102722167858e-01
3.898783111572265425e-01
1.725235595703124902e+00
-1.268838272094726660e+00
-1.104325714111328072e+00
nan
nan
nan
nan
9.747434616088866688e-02
-1.542130279541015503e-01
-2.697508430480957120e-01
6.600203037261963279e-02
-2.447518730163574241e-01
7.838857269287109464e-01
-7.199278259277344105e-01
-1.020741653442382851e-01
-1.335155391693115257e-01
-6.012546062469482228e-02
1.489793243408203072e+00
1.221243476867675815e-01
9.928538513183593484e-01
-7.789701080322265492e-01
nan
1.125511627197265607e+00
1.070927429199218794e+00
-8.277981567382812766e-01
-2.894082260131836115e-01
9.101244926452636830e-02
1.770998191833496049e-01
4.778587341308593861e-01
-6.040286064147949024e-02
-4.445939064025879184e-02
-3.158150100708007613e-01
1.510214900970459073e-01
-9.419529724121094016e-01
3.768960952758789174e-01
nan
nan
nan
nan
-1.293533020019531188e+00
1.910403442382812567e-01
6.456307983398437145e-01
-6.872958374023437900e-01
-2.723346519470214999e-01
-1.677116775512695335e-01
-4.105775451660156339e-01
8.595374298095702637e-01
1.019950180053710964e+00
8.799935150146483975e-01
7.954797363281249645e-01
-8.040673065185547363e-01
-8.634144592285156738e-01
6.936061096191405984e-01
nan
-2.409334754943847634e-01
5.235237503051757280e-01
2.509659576416015669e-01
6.174180984497070757e-01
-7.117765808105468439e-01
-2.124643707275390703e-01
9.456978607177733975e-01
3.969103240966797008e-01
9.571566772460937678e-01
2.015904808044433616e-01
-6.114014816284180087e-01
-1.287060241699218732e+00
1.787147140502929610e-01
nan
nan
nan
nan
1.643486785888671753e-01
9.390877532958984419e-01
-2.065910339355468694e-01
-9.548065185546875111e-02
1.218152046203613281e-01
4.209240722656250044e-01
-2.091258525848388797e-02
6.632585144042968395e-01
4.319763946533203280e-01
2.172077636718749982e+00
2.218259811401367132e-01
2.804936218261718794e-01
1.893321037292480524e-01
-3.305075454711914329e-01
nan
-7.836064147949218794e-01
-1.037241363525390619e-01
3.903067016601562411e-01
-1.256407260894775446e-01
-1.526311337947845520e-03
-9.672900390624999956e-01
4.310240173339843772e-01
6.112672042846679643e-01
3.500126647949218794e-01
-1.970479011535644642e-01
-4.425658798217773637e-01
-7.040526390075683982e-02
7.529904937744140714e-01
nan
nan
nan
nan
2.217166900634765653e-02
9.690518951416016158e-01
-9.360707283020019975e-02
-1.403439903259277310e-01
-1.065626373291015616e+00
2.202422714233398526e-01
4.558974838256835693e-01
5.545577621459960582e-01
-6.503601837158202725e-01
1.015658664703369130e-01
4.157695007324218595e-01
-2.355720281600952315e-02
5.437298583984374600e-01
-7.446842956542968350e-01
nan
1.616106033325195312e-01
4.230718994140624800e-01
-3.844318389892578125e-01
-9.278202819824218350e-01
-2.707969284057616943e-01
2.724892234802245850e-01
1.105268936157226545e+00
-7.397984313964843794e-01
1.438205108642578223e+00
6.323431015014648049e-02
1.480126738548278795e-02
7.218296813964844016e-01
6.884816741943359242e-01
nan
nan
nan
nan
-6.874047088623046475e-01
-1.168036956787109393e+00
-5.061877822875976429e-01
1.894307518005371171e-01
-9.316323089599609641e-01
5.214645385742187056e-01
-5.453714370727539285e-01
-8.372819519042968839e-01
1.151033401489257812e+00
-3.408363723754883057e-01
-8.218326568603515070e-02
-3.973641586303711115e-01
9.227127838134765447e-01
3.359914398193359353e-01
nan
-5.318801498413086026e-01
2.018575096130371116e-01
-1.492285156249999911e+00
3.123238754272461004e-01
-4.707072830200195179e-01
2.041334075927734304e+00
-1.213326797485351660e+00
-3.422854232788086204e-01
4.693050384521484375e-01
-3.823426437377929754e-01
1.303777885437011619e-01
9.745620727539062722e-01
4.491927337646484109e-01
nan
nan
nan
nan
2.272176551818847756e-01
-5.650059509277344238e-01
-3.977178955078125022e-01
-3.231127166748046786e-01
1.209152030944824208e-01
-5.116006469726562811e-01
1.000031356811523331e+00
-1.789081382751464833e-01
7.459203338623047186e-01
2.429147911071777299e-01
4.615282058715820535e-01
-5.914765167236327725e-01
-7.745516967773437012e-01
2.454244613647461049e-01
nan
-1.077271423339843714e+00
7.522145080566405850e-01
1.013516235351562544e+00
2.673512649536132768e-01
2.124587631225585971e-01
-1.497586059570312544e+00
-7.676480865478515492e-01
-3.951388931274413818e-01
8.522520065307617743e-02
-5.241990280151367365e-01
6.737132263183593928e-01
1.471259689331054776e-01
-1.008775787353515696e+00
nan
nan
nan
nan
-6.588127136230468306e-01
1.451393585205078107e+00
-6.402726745605469283e-01
1.075141601562499938e+00
-9.204366683959960826e-02
4.663946151733398132e-02
-5.206569671630859597e-01
-4.996083068847656516e-01
4.597167968750000000e-01
7.386775207519531428e-01
2.119302749633789062e-01
-1.041751956939697271e-01
1.048314819335937509e+00
-9.661278724670410711e-02
nan
-9.885077667236328303e-01
5.970929336547851074e-01
-4.858898925781249822e-01
3.948871994018554599e-01
6.131575012207031161e-01
2.165596199035644542e-01
8.347104644775390492e-01
-5.758126831054687367e-01
-7.030747985839843617e-01
1.134677047729492294e+00
6.543115234374999867e-01
-4.222075653076171609e-01
-1.069592666625976518e+00
nan
nan
