nan
nan
-5.196342849731445668e-01
1.227616882324218839e+00
-2.326164436340331931e-01
2.544918060302734375e-01
1.852244377136230413e-01
9.790081787109374822e-01
-1.678330039978027377e-01
-6.640998077392578081e-01
-1.706925964355468839e+00
-6.395093536376953436e-01
-5.289710617065429554e-01
-3.814877700805663907e-01
1.514498996734619241e-01
-7.950004577636718972e-01
nan
4.687119293212890780e-01
1.171688652038574280e-01
5.182518386840819780e-01
-2.128989601135253817e-01
-1.175970001220703054e+00
-6.355735015869140581e-01
6.744379425048827592e-01
-1.092256851196289125e+00
2.153227424621582120e-01
4.891832733154297119e-01
4.949526214599609397e-01
-8.510971832275390225e-01
5.563758850097656472e-01
nan
nan
nan
nan
-5.354074096679687367e-01
-4.494918823242187722e-01
-2.256816673278808638e-01
-2.735258865356445246e-01
1.233771667480468848e+00
-5.022088623046875311e-01
5.011286544799804510e-01
1.694454574584960960e-01
2.646232128143310644e-02
-2.614028215408325043e-02
-4.579183197021484131e-01
3.022702407836914129e-01
9.032575988769531161e-01
2.824649429321289262e-01
nan
-1.151880416870117108e+00
2.550160789489746005e-01
-2.232200050354004039e-01
4.429043197631836182e-01
8.629286956787108887e-01
-7.714962005615234597e-01
-9.396761322021484064e-01
2.035460662841796775e-01
-9.380313110351562456e-01
-4.539133834838867121e-01
8.184511566162109286e-01
-4.965386867523193665e-02
-9.835647583007812722e-01
nan
nan
nan
nan
-1.062452545166015616e+00
7.894232177734374911e-01
6.864374542236327814e-01
-5.312031936645508212e-01
-3.666273880004882746e-01
-5.113735580444336293e-01
9.095228576660155939e-01
-8.229067230224609286e-01
4.343929290771484375e-01
9.890742301940917691e-02
-1.122227783203125107e+00
8.340753555297851507e-02
-4.715355682373046919e-01
1.276466751098632724e+00
nan
-7.046070861816405850e-01
4.692646408081054821e-01
1.468251800537109242e-01
-1.766347503662109297e-01
-1.968214416503906161e-01
-8.072395324707031250e-01
-1.828312301635742210e-01
1.761761474609374878e-01
8.230997467041015758e-01
7.239553833007812411e-01
8.265153503417969061e-01
-2.819344758987426744e-02
-3.324839019775390758e-01
nan
nan
nan
nan
4.570920944213867076e-01
-3.200597000122070157e-01
3.061855697631836182e-01
1.459337463378906241e+00
-1.570005798339843828e-01
-1.041671562194824152e-01
-3.249539184570312544e-01
-7.175322723388671831e-01
-1.527854561805725049e-02
4.909319305419921897e-01
9.575559234619140936e-01
5.188012313842773615e-01
-6.510321044921875133e-01
-8.721586608886718883e-01
nan
6.421049594879151001e-02
1.038998317718505815e-01
-9.755626678466796653e-01
-2.378919792175293035e-01
2.582843971252441473e-01
6.459542083740233975e-01
-5.740662002563476918e-01
2.284416961669921975e-01
-4.555010604858398260e-01
6.969162750244141113e-01
3.267998504638671697e-01
5.899724960327148438e-01
9.675329589843749689e-01
nan
nan
nan
nan
-6.719074249267578680e-02
-3.419734573364257568e-01
1.465601348876953147e-01
-3.180056333541870367e-02
-4.823496246337890536e-01
-8.679615020751952903e-01
1.337105560302734308e-01
-1.642674636840820435e-01
2.316605949401855380e-01
3.755412673950195290e-01
-2.166915893554687347e-02
5.290918350219726562e-01
7.065070343017577637e-01
1.960256004333496005e-01
nan
4.753442287445068526e-02
-6.311619186401367099e-01
-4.103935241699218639e-01
1.058757400512695263e-01
-2.770285224914550981e-01
6.750045776367187556e-02
-6.553212165832519864e-02
1.120780372619628873e-01
-1.525419044494628895e-01
-1.092251205444335849e+00
-5.632077789306640936e-01
-1.337704658508300816e-02
6.117894744873046964e-01
nan
nan
nan
nan
1.716544342041015636e-01
-1.828252563476562509e+00
8.060957336425781383e-01
1.332864227294921822e+00
-3.993549346923828125e-01
-5.253147125244140847e-01
-3.893176651000976318e-01
-6.084526062011719194e-01
-3.557106399536132946e-01
1.714780998229980535e-01
-4.809989452362060242e-02
-2.602350807189941495e-01
8.146574401855468661e-01
-2.819538354873657102e-02
nan
3.209749937057495422e-02
-4.289998245239257657e-01
-1.121984329223632892e+00
-1.959456634521484497e-01
-4.965523529052734419e-01
9.806948661804198997e-02
-1.687491607666015692e-01
3.855996704101562478e-01
-2.456337547302246127e-01
-5.351003265380859242e-01
-6.139228820800781555e-02
-6.056477546691894226e-02
-5.018131637573242099e-01
nan
nan
nan
nan
6.944894409179687145e-01
1.385729675292968643e+00
-6.155169677734374512e-01
-4.943834304809570090e-01
1.742877960205078264e-02
-6.650656127929687189e-01
-5.492716598510741788e-01
-5.303078460693358975e-01
-8.864495849609375089e-01
1.612929077148437473e+00
-8.733503723144531161e-01
-2.681101989746093595e-01
-1.023441467285156170e+00
-7.926760101318359730e-01
nan
-2.482923126220702992e-01
1.079032974243164134e+00
9.053135681152343350e-01
-5.404755783081054421e-01
-7.599430084228515625e-01
6.211092376708984286e-01
-6.223301887512207309e-02
-5.666442489624023970e-01
-5.477661514282226030e-01
-8.689636993408202947e-01
3.444261550903320312e-01
-7.911328887939452770e-01
-7.269741821289062988e-01
nan
nan
nan
nan
-2.537685871124267453e-02
-7.025617980957030717e-01
1.844941711425781283e-01
-7.434732055664062811e-01
1.088597869873046964e+00
5.831884765624999467e-01
-1.795584297180175815e-01
1.268118133544921866e+00
-1.522392940521240245e-01
3.267295074462890359e-01
8.795745849609375444e-01
5.201602554321289595e-01
1.356390533447265678e+00
9.130248260498047275e-01
nan
-3.530516052246093772e-01
-2.916479682922363259e-01
9.750451660156249645e-01
-1.457139739990234384e+00
-5.431556224822998297e-02
-6.024172210693359286e-01
9.283644866943359109e-01
-1.258550796508788983e+00
2.089740371704101596e-01
-5.811096572875976696e-01
-2.352134895324707042e-01
-8.242245483398437100e-01
-4.676821136474609286e-01
nan
nan
nan
nan
1.213272285461425848e-01
-4.031448364257812500e-01
-3.029819679260253862e-01
9.984746551513672408e-01
-5.411970138549804937e-02
2.795514488220214866e-01
6.108760833740234375e-02
-5.103854370117187900e-01
-5.861751079559326255e-02
4.152999114990234553e-01
-1.157490825653076233e-01
-6.285268783569335493e-01
1.731022644042968794e-01
-7.500014495849609553e-01
nan
-1.802961945533752483e-02
4.104174041748047119e-01
-2.779028892517089733e-01
-9.330690765380859064e-01
4.117200469970703214e-01
2.940336799621581787e-01
-5.655282974243164285e-01
1.122261047363281306e-01
3.603350067138672008e-01
-2.427278327941894409e-01
1.121776275634765563e+00
-6.439370727539062145e-01
3.043029594421386985e-01
nan
nan
nan
nan
1.651035156250000080e+00
-3.291879272460937478e-01
-9.304584860801696708e-03
-2.349305152893066406e-01
-1.077290267944335911e+00
-1.020914154052734446e+00
-2.496220588684082073e-02
-8.916478729248047408e-01
-3.977016830444335960e-01
-1.125704574584960982e+00
7.946714782714843217e-01
2.139509963989257857e-01
2.763724565505981320e-02
6.062341690063476757e-02
nan
-4.663803482055663974e-01
-4.122934341430664062e-01
-6.986009216308594061e-01
1.722084426879882946e-01
2.130891609191894465e-01
2.763097953796386785e-01
-1.144515228271484331e+00
-1.941152343750000009e+00
2.748132896423339799e-01
5.548900604248047097e-01
2.095819854736328258e-01
-6.601036834716796919e-01
-7.012817382812500111e-02
nan
nan
nan
nan
8.654492378234862615e-02
-2.804849052429199130e-01
-4.559401512145996177e-02
1.066181869506835911e+00
3.297434234619140425e-01
9.202014160156249956e-01
-5.607840728759765359e-01
6.429103088378905762e-01
-3.021170997619628817e-01
1.628750762939453089e+00
-6.657119750976562278e-01
7.382560729980468250e-02
4.119526386260986134e-02
-5.916886520385742365e-01
nan
-1.041905021667480502e-01
6.438330841064453525e-01
-3.878269958496093905e-01
3.526764297485351363e-01
2.295128936767578232e+00
1.014362335205078125e+00
-1.235076141357421831e+00
-3.384611892700195579e-01
1.004935860633850153e-02
1.804575729370117287e-01
1.346348571777343794e+00
-2.444515943527221513e-02
-4.187569808959961115e-01
nan
nan
nan
nan
4.238513469696045255e-02
-3.039391708374023504e-01
2.163063049316406306e-01
-1.040520248413085991e+00
1.380142402648925903e-01
2.715970611572265381e-01
-2.339293098449707065e-01
6.228034496307373324e-02
7.784016418457031516e-01
-1.001161384582519576e-01
-8.388302612304687766e-01
7.029412841796874867e-01
-1.178671798706054652e+00
-5.223163986206054155e-01
nan
-3.757765960693359442e-01
2.056377220153808583e-01
-1.428813266754150324e-01
3.450512313842773460e-01
2.668250846862793013e-01
5.701173019409179199e-01
6.948664855957030762e-01
-5.720050048828124734e-01
-1.462845764160156214e+00
-8.109298706054687278e-01
-5.904059600830078303e-01
-7.568879699707031783e-01
1.073573074340820277e+00
nan
nan
nan
nan
4.945436859130859508e-01
-2.836423301696777144e-01
6.981172180175780895e-01
-8.685850524902343217e-01
1.115236282348632812e-01
1.080896072387695250e+00
-5.981724548339844016e-01
4.509716796875000155e-01
3.551835250854492032e-01
-1.236300659179687456e+00
2.381374931335449308e-01
7.183480072021484197e-01
-7.715417480468750311e-01
9.616733551025390403e-01
nan
3.902455568313598772e-02
3.476727676391601629e-01
-1.250435733795166038e-01
9.951972961425781250e-02
2.675764083862304799e-01
-9.668198394775390225e-01
2.885409927368163818e-01
-2.194255828857421819e-01
5.245475387573241832e-01
-1.422381286621093643e+00
-5.653475570678710982e-01
-8.007588958740234908e-01
1.042457733154296795e+00
nan
nan
nan
nan
-5.182710266113281783e-01
-1.308141136169433671e-01
-9.548781394958495705e-02
2.290713500976562511e-01
-1.379329528808593830e+00
2.059495735168457020e-01
7.879709625244140092e-01
-4.500643539428710871e-01
-7.428778648376464788e-02
2.593363380432128773e-01
-3.179289627075195246e-01
5.744083786010741877e-01
4.977499389648437633e-01
4.598544311523437567e-01
nan
-8.301480102539062766e-01
-1.074637527465820419e+00
-1.171170730590820330e+00
-7.251955413818359508e-01
8.889218139648437100e-01
5.255661392211914418e-01
5.894004058837890581e-01
1.426149749755859286e+00
-3.127014732360839933e-01
5.611729812622070490e-01
7.580685424804687322e-01
-1.969640922546386785e-01
-5.365864944458007546e-01
nan
nan
nan
nan
3.529730606079101718e-01
-7.126940155029296564e-01
3.534291458129882879e-01
4.564664840698242076e-01
-5.528204727172851829e-01
-2.040256881713867210e-01
1.054224371910095215e-02
-7.478806304931641113e-01
-2.012927818298339833e-01
-4.073889923095703192e-01
-1.108858871459960926e-01
-1.682120132446288940e-01
8.459111785888672186e-01
4.253452301025390514e-01
nan
-3.379911041259765492e-01
-1.495178070068359455e+00
-1.052378768920898544e+00
-2.908284902572631780e-02
1.803177642822265669e-01
-1.097092285156249902e+00
5.745354843139648393e-01
8.463600158691406694e-01
5.040798187255859375e-01
9.382177734375000133e-01
-1.042935409545898473e+00
5.749956893920898926e-01
-1.236585922241211000e+00
nan
nan
nan
nan
6.342584991455078036e-01
4.228996753692627203e-02
-1.930538177490234375e+00
-1.374256591796874982e+00
7.902320623397827287e-03
-1.300784468650817947e-02
-2.729832649230957142e-01
5.729471588134765758e-01
7.093283843994140359e-01
-1.572595596313476618e-01
-5.640520477294921342e-01
1.507314147949218697e+00
-5.129643917083739901e-02
1.418871307373046786e+00
nan
1.461402797698974632e-01
-5.061030387878417969e-02
2.323426055908203169e-01
1.971327209472656383e-01
-2.698376846313476629e-01
-8.221211433410643976e-02
5.639471817016601385e-01
-4.344940185546875000e-01
-3.062847900390625044e-01
6.270722389221190796e-02
4.346926879882812567e-01
1.152787494659423817e-01
-5.015779876708984508e-01
nan
nan
nan
nan
6.800042152404785212e-02
6.763828277587891069e-01
5.527714538574218794e-01
-1.464288330078125089e+00
-4.275299453735351696e-01
-1.944637107849121194e-01
-8.084069252014160212e-02
1.140395126342773402e+00
-9.635710144042968217e-01
-1.700120735168456909e-01
1.101986618041992161e+00
8.749758911132812234e-01
-4.872937393188476740e-01
-8.014051055908203436e-01
nan
8.164707946777344238e-01
6.737138366699219061e-01
9.085900115966797363e-01
7.007944488525390536e-01
-2.210244369506836060e-01
-8.215798950195312145e-01
7.567034912109374956e-01
-7.211629867553710771e-02
3.704513549804687722e-01
1.472387313842773438e-01
4.902172088623046875e-01
-1.336971435546874920e+00
1.690385589599609384e+00
nan
nan
nan
nan
4.712494659423828169e-01
2.843760490417480691e-01
6.787069702148437189e-01
4.340504455566406294e-01
6.830174922943114957e-02
-1.288026332855224665e-01
6.119381332397461071e-01
7.041614532470702459e-02
1.157311248779296919e+00
-1.189245104789733894e-02
4.975718688964843595e-01
2.968827438354492143e-01
1.136730551719665472e-02
1.427153778076171831e+00
nan
5.149256515502930176e-01
4.559504699707030984e-01
3.115302848815917902e-01
3.426807022094726651e-01
-5.525753402709960849e-01
5.893264389038086470e-01
7.684571075439453613e-01
-2.809850120544433727e-01
7.277338409423828036e-01
-1.094723281860351616e+00
1.058546752929687473e+00
1.998345947265625089e-01
-6.690714836120605080e-02
nan
nan
nan
nan
-1.330876464843750107e+00
3.231899261474609486e-01
2.694462299346923884e-02
-4.426174163818359375e-01
-5.682488632202148393e-01
1.145301513671874938e+00
-1.395721530914306729e-01
3.757382965087890381e-01
3.925336456298827992e-01
-3.389920425415038907e-01
1.446495819091796919e+00
7.369934082031250056e-02
6.746132659912109641e-01
-9.407770538330078036e-01
nan
-4.317816734313964511e-02
-7.673425197601319026e-02
5.910316848754882946e-01
4.851391983032226629e-01
-4.235800802707672535e-03
-1.241591739654541032e-01
-1.989412117004394631e-01
-2.774746322631835849e-01
4.079616928100586182e-01
-2.892690086364745894e-01
4.891772460937500178e-01
-1.518282623291015598e+00
2.455364418029785112e-01
nan
nan
nan
nan
3.546867370605468750e-01
7.706851959228515347e-02
-7.534374237060547097e-01
7.414735412597656117e-01
-1.216719436645507801e-01
7.447617340087890891e-01
-9.960285186767577903e-01
-1.617105674743652410e-01
3.927173995971679488e-01
7.611436843872070035e-02
-1.378682250976562607e+00
-4.163255691528320451e-02
-3.966351318359375155e-01
3.579891967773437544e-01
nan
-3.503678512573242254e-01
2.282001876831054599e-01
2.417227554321288996e-01
1.238582420349121083e-01
3.836780166625976540e-01
9.443295288085937766e-01
-8.662141418457031117e-01
7.312667083740234109e-01
4.522934722900390780e-01
-1.003871307373046973e+00
1.364720153808593794e+00
-4.909788894653320246e-01
-7.353591156005859775e-01
nan
nan
nan
nan
-5.078433609008788929e-01
-3.501457595825195335e-01
6.287689208984375000e-01
-3.520757293701171631e-01
1.695736236572265687e+00
-3.970651626586914062e-01
-4.633873367309570557e-01
-1.673348808288574185e-01
-5.180577087402343794e-01
7.448307037353515403e-01
7.025865936279296342e-01
-1.182537155151367259e+00
-1.006575393676757857e+00
-9.966278076171875000e-01
nan
1.292650604248046786e+00
-2.113058471679687411e-01
5.978197479248046342e-01
-7.503528594970703125e-01
-5.252541542053222601e-02
3.431260299682616921e-01
5.989149475097655939e-01
4.386061477661132857e-01
4.380220890045165988e-02
9.164152526855469105e-01
1.608638405799865667e-02
4.401485824584960849e-01
8.458403778076172275e-01
nan
nan
nan
nan
2.984386634826660112e-01
1.204574680328369118e-01
-5.064967632293701505e-02
6.518139648437499822e-01
1.529087524414062482e+00
-1.166249542236328152e+00
-5.666456604003906605e-01
6.133914566040039595e-01
1.599138488769531241e+00
-1.501342468261718688e+00
3.042317199707031405e-01
-1.170853257179260178e-02
1.564904479980468777e+00
3.008800315856933749e-01
nan
-6.501746368408203303e-01
-5.001501464843749467e-01
5.966445541381836248e-01
-8.406323242187500044e-01
5.502478408813477051e-01
1.257135772705078036e-01
-9.308733367919921342e-01
1.006408119201660095e-01
-2.855013084411621160e-01
-2.208937644958496038e-01
-1.307279357910156259e+00
4.480854034423827903e-01
2.225873756408691395e-01
nan
nan
nan
nan
2.380056190490722756e-01
-4.110344696044921919e-01
-1.207155895233154308e-01
-3.703196334838867454e-01
-7.823633575439452592e-01
1.026528320312499964e+00
1.276890850067138594e-01
2.243925857543945246e-01
-1.008495807647705050e-01
1.334058837890625071e+00
-1.625753021240234464e+00
8.562815856933593262e-01
1.275930500030517667e-01
1.682918739318847723e-01
nan
3.847274017333984220e-01
-5.734134292602539595e-01
3.382573318481445490e-01
-1.199110603332519537e-01
-5.156405258178711204e-01
-3.809035873413085804e-01
7.028762817382812056e-01
4.842726898193359109e-01
-4.308418273925781472e-01
-4.721797943115234597e-01
-4.428618621826171942e-01
4.483481979370116943e-01
5.538374328613281383e-01
nan
nan
nan
nan
-3.472739410400390581e-01
6.214084243774413707e-01
-8.655608367919921387e-01
1.924821281433105602e-01
-4.428691864013671875e-01
-1.511876678466796964e-01
-3.153763580322265780e-01
-2.583735084533691495e-01
4.556290817260741921e-01
5.016867446899414551e-01
1.183873519897461035e+00
3.605678558349609264e-01
-6.501840972900390092e-01
1.077815170288086044e+00
nan
-1.228926062583923264e-02
-4.330468749999999978e-01
2.662246322631836026e-01
-2.493471908569336037e-01
7.183440208435058760e-02
5.782367324829101873e-01
2.220322132110595648e-02
6.505580902099609153e-01
-1.355384216308593848e+00
2.156559944152832142e-01
-3.852210617065429665e-01
-2.189210815429687429e+00
-6.217092132568359242e-01
nan
nan
