nan
nan
-9.042929077148437189e-01
-1.122972183227539000e+00
7.284548950195312012e-01
1.057256984710693293e-01
-1.574748229980468817e-01
-1.263396644592285067e-01
4.376898574829101718e-01
-6.455265998840331587e-02
1.204082846641540451e-02
-1.827374458312988337e-01
-4.273113250732422097e-01
3.238330459594726540e-01
1.694528198242187589e+00
-3.645448684692382812e-01
nan
4.452015399932861273e-02
1.025228271484375009e+00
1.651781654357910023e-01
-6.983775329589844150e-01
-1.107320022583007768e+00
-3.720307922363281228e-01
-1.312537841796874938e+00
-1.809026527404785090e-01
8.313854217529297319e-01
-4.542385864257812433e-01
1.355521392822265636e-01
-6.816470336914062234e-01
2.998401641845703236e-01
nan
nan
nan
nan
-1.170266571044921822e+00
-4.597518157958984109e-01
-1.243275737762451205e-01
-1.338892650604248113e-01
1.019922924041748030e-01
-6.701019287109375444e-01
1.962512779235839888e-01
-7.742925262451172408e-01
4.465193557739257635e-01
-3.741896057128906161e-01
3.491984367370605524e-02
1.549440307617187429e+00
-7.481986999511718306e-01
1.823103179931640616e+00
nan
-9.378186035156249600e-01
7.522694396972656738e-01
3.726486206054687722e-01
-3.863214874267578147e-01
-8.381329345703124600e-01
8.984836578369140847e-01
-7.719099426269531161e-01
5.188380241394043024e-02
-1.008812561035156152e+00
-7.184310150146484553e-01
-1.878219146728515643e+00
1.193421936035156256e-01
-4.109814453125000266e-01
nan
nan
nan
nan
-3.315103912353515869e-01
2.331673622131347559e-02
-1.410310363769531339e+00
-3.096924781799316184e-01
-4.117776107788085893e-01
3.562951278686523615e-01
-7.281322479248046875e-01
8.177131652832031472e-01
-3.469450759887695579e-01
6.913185119628906250e-01
-3.979824066162109264e-01
4.598304748535156361e-01
-9.765826416015624956e-01
-5.121655273437499822e-01
nan
-5.955887985229492143e-01
-5.936139297485351074e-01
6.975996398925781161e-01
-2.261191558837890581e-01
-3.687794113159179599e-01
6.829293060302734641e-01
3.626864624023437567e-01
-7.816203117370605635e-02
-1.210782089233398473e+00
2.292723417282104340e-02
4.611970520019531006e-01
7.033581542968749822e-01
-3.792784118652343661e-01
nan
nan
nan
nan
-3.738012695312499800e-01
-5.886501312255859597e-02
-2.492102432250976607e-01
-1.394137191772460982e-01
1.586407623291015589e+00
5.808494186401367276e-01
3.699375152587890403e-01
7.185149383544922053e-01
-7.727426910400390092e-01
2.023157310485839966e-01
3.680595397949218972e-01
9.361028289794921520e-01
-9.523759841918945368e-02
-7.554898071289062322e-01
nan
1.738277740478515687e+00
9.452063560485840510e-02
1.202941665649414071e+00
-4.317588806152343472e-02
-1.209544277191162143e-01
-2.722798538208007768e-01
1.511185150146484357e+00
1.273188171386718803e+00
-6.197460556030273127e-01
-6.341540908813476651e-01
2.461768531799316539e-01
6.562949371337890581e-01
5.798531341552733975e-01
nan
nan
nan
nan
3.169600486755371205e-01
-3.705248260498046897e-01
-5.413007354736327770e-01
1.538321399688720725e-01
-7.712670135498046475e-01
-5.334080886840820712e-01
-5.715905761718750311e-01
-6.843643188476562500e-01
7.436918640136718217e-01
8.969844818115234597e-01
-4.666384887695312345e-01
-2.666979980468749956e-01
8.054128265380859908e-01
-4.001356887817382746e-01
nan
-1.509019622802734384e+00
9.775278472900390536e-01
-1.152327442169189392e-01
-7.591098785400390847e-01
-1.119346466064453205e+00
-6.284965991973877342e-02
5.842716217041015181e-01
-5.226389408111572349e-02
3.232264328002929510e-01
5.277283859252929199e-01
1.868977665901183985e-02
-5.543465805053711115e-01
2.437858581542968941e-03
nan
nan
nan
nan
4.007798767089843506e-01
2.558198738098144687e-01
5.505098342895508035e-01
-2.332721710205078181e-01
-3.498865127563476340e-01
-2.560777091979980491e-01
-7.062339019775391025e-01
-5.434996795654296609e-01
3.588242292404174999e-02
-3.926253890991210915e-01
1.071727561950683583e-01
1.609037208557128895e-01
-6.524680328369140137e-01
7.820325469970703658e-01
nan
4.364970397949218817e-01
9.291967773437499467e-01
8.834011840820312766e-01
2.125499725341796764e-01
7.161222839355468883e-01
1.271114063262939464e-01
7.900666046142578169e-01
-9.789076995849609331e-01
-2.615879440307617432e-01
-8.135615539550781206e-01
-8.778226470947265714e-01
5.345418930053710826e-02
2.689170598983764773e-02
nan
nan
nan
nan
-5.825225448608398748e-01
6.406757354736327681e-01
5.013428497314452725e-01
-8.116063117980956698e-02
-1.676167907714843697e+00
4.321821212768554576e-01
-4.792677688598632746e-01
-1.220285491943359446e+00
5.220925521850585671e-01
8.326798248291015225e-01
-1.741630096435546893e+00
8.652283477783203613e-01
9.778923797607421697e-01
5.503040313720702903e-02
nan
6.719690322875976340e-02
4.060921859741211115e-01
-8.417932891845703036e-01
-4.510965347290039062e-01
1.953319740295410278e-01
-5.126549530029297363e-01
-3.312606811523437500e-01
5.738314151763915932e-02
5.273101806640625444e-01
4.706122207641601496e-01
3.746102905273437367e-01
-1.272799835205078223e+00
1.114010925292968857e+00
nan
nan
nan
nan
6.120237350463867410e-01
5.531090545654296919e-01
1.716637992858886796e-01
-1.922777938842773482e-01
-8.250729370117187988e-01
-5.303311920166016158e-01
5.330467224121093750e-01
-8.843839263916015714e-01
6.148270034790038752e-01
1.808040618896484403e-02
-3.329602050781250155e-01
7.428724670410156161e-01
-7.218606567382812589e-01
-4.032524108886718639e-01
nan
1.629583282470703054e+00
2.094329261779785123e-01
-6.037707138061523260e-01
8.813387298583984508e-01
-3.878304290771484308e-01
7.574278259277343883e-01
1.991322937011718697e+00
-3.872168350219726829e-01
1.750289726257324152e-01
-8.421759033203124467e-01
-3.447399902343750155e-01
2.589509201049804421e-01
1.259016494750976545e+00
nan
nan
nan
nan
-4.112536621093749734e-01
-1.716613960266113181e-01
-1.179813385009765625e+00
-1.270960464477538965e+00
-1.575459442138671839e+00
-1.046477198600768987e-02
4.651927566528320512e-01
-6.955345153808593917e-02
1.116940078735351616e+00
-1.556179656982421777e+00
3.927064132690429865e-01
1.711119384765624973e+00
1.230185794830322282e-01
-8.342707824707030762e-01
nan
-9.991332244873046831e-01
5.225981521606445357e-01
-1.474548492431640545e+00
-5.717293930053710671e-01
-2.300882339477539062e-01
-5.696158599853515803e-01
1.924954986572265658e-01
-4.052514266967773282e-01
-8.789659118652344283e-01
1.325403900146484348e+00
7.337837982177733975e-01
6.805082321166992798e-02
-1.530395793914794966e-01
nan
nan
nan
nan
1.214148998260498047e-01
1.732739448547363226e-01
6.658606719970703303e-01
4.310165405273437278e-01
-2.147087478637695335e-01
9.125505828857422008e-01
-2.084223365783691440e-01
-9.566217803955078258e-01
-8.860174560546875133e-01
1.127384853363037065e-01
-7.067326354980468794e-01
-4.189220428466796653e-01
-2.123354492187500053e+00
6.854404926300049217e-02
nan
6.039547729492187322e-01
1.321230983734130726e-01
6.969991302490234908e-01
-7.410998940467834056e-03
-3.923025512695312300e-01
3.839826583862304688e-01
1.305497436523437527e+00
7.107099151611327992e-01
-6.316226959228515847e-01
-9.702941131591796831e-01
-9.686305236816405984e-01
3.693224906921386413e-02
7.944848537445067804e-02
nan
nan
nan
nan
-2.942414283752441406e-01
7.208898162841796964e-01
-1.068523600697517378e-03
-6.498205566406249911e-01
-1.040415477752685558e-01
-1.446437263488769553e-01
4.549369049072265470e-01
9.184268951416015847e-01
7.330779266357422275e-01
-4.171451950073242210e-01
-1.256020660400390732e+00
-1.133559513092041032e-01
-1.364461517333984464e+00
-5.238985419273376257e-03
nan
-1.308699798583984331e-01
-2.707680511474609419e-01
-5.095983028411864985e-02
3.404541778564453280e-01
-2.150161027908325043e-02
-1.248965644836425720e-01
-7.135445404052734863e-01
-4.096436309814452947e-01
-2.287366294860839755e-01
-9.139260864257812145e-01
7.217748260498046964e-01
-5.480570316314697238e-02
1.121305465698242132e-01
nan
nan
nan
nan
-9.228635406494141158e-01
-1.674667358398437500e+00
-1.149678573608398535e+00
-4.011610412597656494e-01
1.104402694702148358e+00
-3.668938064575195113e-01
2.946971178054809404e-02
1.136463403701782303e-02
-6.255722427368164418e-01
-5.355500030517578169e-01
-2.406035995483398471e-01
1.913169097900390692e-01
5.693197250366210938e-02
7.090637207031249556e-01
nan
-3.716491317749023304e-01
-1.487771987915039174e-01
7.242940521240234242e-01
1.641617774963378962e-01
1.120959243774414027e+00
1.213386154174804638e-01
-5.481371307373046342e-01
-1.310293273925781321e+00
7.221254730224608842e-01
-8.025203704833984153e-01
2.504942321777343661e-01
7.684812545776367743e-02
-4.824496459960937456e-01
nan
nan
nan
nan
-3.411907196044922097e-01
-5.806766891479492321e-01
3.711215257644653182e-02
-5.036334228515625400e-01
-7.421694946289062456e-01
4.822279739379882746e-01
-1.250481891632080067e-01
-1.031537628173828214e+00
-7.786302185058593395e-01
-2.558617401123046697e-01
-1.304426002502441506e-01
-6.862020111083984020e-01
6.180964279174804288e-01
-1.167543869018554670e+00
nan
-5.426142501831054954e-01
-2.908040428161621227e-01
-5.352436065673828181e-02
-1.848643798828125018e+00
5.051369190216064425e-02
-5.956486511230468794e-01
-5.522257232666015758e-01
-9.166879653930664132e-03
-3.147098922729492099e-01
1.061181259155273421e-01
-1.340640106201171911e+00
1.113674831390380898e-01
-2.188036727905273426e-01
nan
nan
nan
nan
-1.352641773223876853e-01
1.073161697387695401e+00
-1.377082214355468848e+00
-9.232260704040527732e-02
1.134279174804687429e+00
1.104883289337158236e-01
6.760552978515624867e-01
-8.516377210617065777e-03
-5.968447875976562456e-01
-1.008410797119140723e+00
-8.486143493652343883e-01
4.361108779907226785e-01
3.682019042968749933e-01
-4.492580795288085849e-01
nan
-1.642995071411132713e-01
-1.427061653137207120e-01
2.932000398635864133e-02
7.384266853332518976e-02
-6.609227752685546964e-01
6.057545661926269642e-02
-1.216554641723632812e-01
-3.459139633178711093e-01
1.031619796752929696e+00
-8.987394332885742521e-02
1.451146087646484339e+00
-7.136819458007812589e-01
-1.666884422302246094e-01
nan
nan
nan
nan
-1.236222839355468756e-01
1.232045288085937607e+00
-1.477366638183593706e-01
4.619567489624023526e-01
-9.893048095703125266e-01
3.948246002197265681e-02
6.020604324340820268e-01
1.517823181152343714e+00
-3.564788436889648193e-01
-2.230143356323242287e-01
1.251675186157226616e+00
-8.781967926025390225e-01
-8.019412231445312012e-01
1.253757858276367099e+00
nan
2.970333862304687655e-01
-1.078128662109375080e+00
-4.804260253906250111e-01
-6.117687606811523793e-01
5.960179138183593350e-01
4.250571823120117276e-01
-1.080952301025390527e+00
-2.409061622619629028e-01
1.318779449462890607e+00
-1.671147003173828027e+00
4.028362274169922097e-01
-3.674531173706054865e-01
-5.896110153198241832e-01
nan
nan
nan
nan
-1.344793243408203054e+00
1.451172924041748136e-01
3.985574340820312589e-01
-2.821416664123534979e-01
1.312455844879150402e-01
1.895467376708984408e-01
-2.176783943176269498e-01
4.144345855712890381e-01
-5.206034469604492454e-01
4.255578994750976451e-01
9.606050109863281117e-01
-2.400444984436035101e-01
3.481945037841797097e-01
-2.505300521850585826e-01
nan
-1.349663696289062464e+00
-4.595642852783203280e-01
2.334662437438964899e-01
2.159757804870605369e-01
-1.291126556396484437e+00
7.283453464508056474e-02
-4.343028259277343928e-01
-1.304218387603759688e-01
-7.841799926757812012e-01
3.021849632263183538e-02
-7.930648326873779297e-02
1.113298511505126931e-01
-2.254460334777831920e-01
nan
nan
nan
nan
-4.042731761932372853e-02
4.990552902221679910e-01
-8.162904357910156783e-01
6.831430053710937367e-01
5.061756610870361134e-02
-2.725789070129394642e-01
-6.527738189697265270e-01
-9.255927276611327637e-01
-8.397991943359375266e-01
-4.285128593444824385e-02
7.080371093749999734e-01
1.641874504089355369e-01
8.943768501281738892e-02
-5.844715118408203569e-01
nan
-5.290840911865234419e-01
6.279104614257812189e-01
6.735044860839843883e-01
4.665124130249023171e-01
3.783854675292968595e-01
-6.478306579589844238e-01
7.200783538818359419e-01
2.075418853759765536e+00
1.413612365722656250e+00
-2.881736946105957209e-01
-2.445610046386718639e-01
-4.969739532470703325e-01
6.253249740600586026e-01
nan
nan
nan
nan
-1.608145904541015581e+00
1.335534191131591830e-01
-3.582346439361572266e-02
9.827198028564453347e-01
1.725071105957031170e+00
-5.650861740112305132e-01
1.823032760620117154e-01
4.185443878173827903e-01
-1.830896949768066329e-01
-6.132203674316406561e-01
-2.997102546691894354e-01
-2.482450485229492076e-01
-9.998746871948242798e-02
-1.603589820861816284e-01
nan
-1.301102256774902266e-01
4.912297821044921964e-01
-1.058073425292968661e+00
8.478321838378906072e-01
-6.934706878662109109e-01
1.521866226196288974e-01
-2.141625165939331152e-02
-3.432804489135742321e-01
5.116583633422852051e-01
-1.652546310424804765e-01
-2.980460548400878928e-01
-5.183223342895507679e-01
-9.501676940917969105e-01
nan
nan
nan
nan
1.092695159912109304e+00
3.015212631225586137e-01
-3.378721618652343883e-01
-1.563786220550537065e-01
2.599523162841796964e-01
-1.461884403228759788e-01
-2.119939041137695324e-01
4.512418365478515492e-01
-1.338515090942382912e-01
1.203884582519531232e+00
4.232200622558593972e-01
-6.428142547607421653e-01
3.188350105285644442e-01
-3.998558425903320224e-01
nan
5.430298995971679643e-01
-2.082228279113769454e-01
5.892935562133788663e-01
7.092340850830077814e-01
-1.843605232238769431e-01
6.778447723388671964e-01
-1.451021194458007764e-02
4.707695388793945446e-01
9.897229003906250488e-01
-2.642610740661621160e-01
-1.624645614624023460e-01
-4.706183242797851718e-01
-9.566933631896973322e-02
nan
nan
nan
nan
-6.848456573486327859e-01
4.921490097045898571e-01
3.874069213867187278e-01
-7.284120941162108842e-01
1.282259178161621049e-01
1.567215442657470814e-01
8.332215881347656561e-01
-4.045186233520507990e-01
-7.203166961669922319e-01
-5.750533676147461248e-01
7.835147094726562234e-01
8.664444923400878296e-02
-7.422306060791015181e-01
-8.827149200439453613e-01
nan
-2.093358230590820213e-01
4.844212722778320490e-01
5.692626571655273748e-01
-9.380413818359375488e-01
-2.694203376770019642e-01
-3.644029617309570424e-01
-2.731372833251953236e-01
1.555461883544921875e-01
7.916619873046875089e-01
9.929290008544922053e-01
1.105585327148437491e+00
1.223322906494140661e+00
6.721952819824218439e-01
nan
nan
nan
nan
-7.836826324462891069e-01
-6.174437713623046609e-01
1.712949218749999947e+00
-7.456973266601562012e-01
6.432317256927490290e-02
1.576507415771484455e+00
-4.935633850097655984e-01
-4.406796646118164018e-01
-2.008680343627929632e-01
8.106871795654296831e-01
-7.296458435058593706e-01
2.341657447814941284e-01
-2.122147232294082850e-03
6.949376678466796520e-01
nan
-2.608063316345214933e-01
-9.572402954101562056e-01
5.919725036621094061e-01
7.409449100494384932e-02
2.765062093734741225e-02
-5.725465774536132590e-01
3.916809082031250111e-01
-6.576133728027343528e-01
2.483188390731811551e-02
-1.378109436035156232e+00
-3.798765659332275363e-02
-2.538942337036133035e-01
-7.957455444335937988e-01
nan
nan
nan
nan
4.611070251464843839e-01
-7.249256896972656738e-01
1.772360420227050704e-01
9.855588531494140492e-01
-1.414579467773437571e+00
5.421062469482421653e-01
1.534609889984130948e-01
-7.148079872131347934e-02
1.227547988891601660e+00
4.392037200927734197e-01
-1.653601074218749911e+00
-8.374016571044922141e-01
8.912564277648925282e-02
-1.333674468994140661e+00
nan
-1.276471786499023375e+00
-7.910382270812987837e-02
-1.049091491699218670e+00
-2.634323835372924874e-02
-4.921625137329101868e-02
-5.023398590087890803e-01
1.205692520141601554e+00
-2.978767013549804554e-01
5.411629104614257280e-01
8.045316696166991688e-02
-6.661714935302733842e-01
5.733084487915038885e-01
-1.253730392456054721e-01
nan
nan
nan
nan
-1.531178283691406183e-01
7.566663360595703436e-01
-8.232775878906249956e-01
-8.995248413085937811e-01
-2.989065361022948952e-01
-2.081314849853515558e-01
1.060493278503417958e-01
-6.989267349243163951e-02
3.965353012084961160e-01
6.825864315032958984e-02
5.593425750732421431e-01
5.224775695800780717e-01
8.227965545654296609e-01
1.642096710205078192e-01
nan
-1.326976928710937420e+00
-4.394126510620117165e-01
5.946633148193359863e-01
-7.414023590087890359e-01
9.753246307373046875e-01
2.382884174585342320e-03
-2.275300788879394409e-01
-1.034213542938232366e-01
5.278081893920898438e-01
1.255394592285156152e+00
6.430484294891357366e-02
-2.143317985534667902e-01
-2.031088066101074119e-01
nan
nan
nan
nan
-2.344363594055175748e-01
-5.797766876220703525e-01
-4.260911560058593950e-01
-1.644771575927734375e+00
7.345625877380371205e-02
2.868995666503906250e-01
3.352411746978759682e-02
3.553803253173828391e-01
-2.742451667785644406e-02
-2.061087226867675815e-01
2.568515777587890847e-01
1.954831886291504006e-01
-8.110342407226562855e-01
-1.212750530242919927e-01
nan
1.168125610351562482e+00
-4.768998336791991921e-01
2.621611785888671720e-01
-1.184747982025146501e-01
1.620816421508789185e-01
8.266977691650390092e-01
-1.123593521118164018e+00
9.085630035400390492e-01
6.589775085449218750e-01
-3.415232467651367343e-01
-1.332593154907226463e-01
2.717580604553222479e-01
4.009281158447265681e-02
nan
nan
