nan
nan
-6.216373062133788707e-01
6.386317062377929732e-01
-4.664319610595702992e-01
5.014488220214843306e-01
-1.635458068847656321e+00
7.772035980224609730e-01
3.577816772460937766e-01
4.352758407592773326e-01
-7.839161753654479842e-03
2.867792510986328369e-01
-4.041421890258788951e-01
-4.668256759643554799e-01
6.175208663940430220e-01
-8.230290222167968572e-01
nan
4.718475341796875000e-01
-1.727233428955078143e+00
4.943799972534179688e-02
-8.540585327148437766e-01
-5.251185607910155984e-01
-1.341914215087890661e+00
1.826424980163574296e-01
2.209220123291015525e-01
-3.533603286743163818e-01
-1.693440818786621227e-01
7.439441680908202847e-02
6.912420654296874689e-01
1.283696136474609339e+00
nan
nan
nan
nan
-9.663912963867187234e-01
2.114992523193359453e-01
5.126948928833008345e-01
9.291584014892577681e-01
3.087512779235839777e-01
-1.537978935241699208e-01
7.947562408447265137e-01
5.262467575073241921e-01
-5.209310150146484464e-01
1.020904617309570384e+00
4.339189529418945312e-01
-1.205180358886718817e-01
-1.576441650390624893e+00
-5.066655731201171742e-01
nan
-2.559357070922851363e-01
-7.774370574951171564e-01
7.026861572265624689e-01
1.560707283020019431e-01
-1.316740264892578116e+00
-1.403557205200195446e-01
-7.167205810546875555e-02
-8.148779296874999467e-01
-1.673231353759765616e+00
2.821532249450683372e-01
1.807308793067931990e-02
2.457077026367187611e-01
-1.964855384826660056e-01
nan
nan
nan
nan
-6.221680450439452947e-01
2.027936553955078103e-01
-1.492897644042968652e+00
-9.738498687744140403e-02
8.187982940673828036e-01
1.640358428955078107e+00
9.625173950195312633e-01
1.380344676971435591e-01
1.988964843749999878e-01
-8.861042785644531738e-01
-1.774470367431640661e+00
-2.912796783447265669e-01
-2.391847229003906117e-01
-4.269615173339843528e-01
nan
-1.374867153167724509e-01
5.315673828125000444e-01
-4.332770824432372742e-02
-1.321353054046630893e-01
-6.536859273910522634e-03
5.057178878784179821e-01
-5.006901931762695046e-01
-4.447589492797851540e-01
-4.326471710205078147e-01
1.921502494812011852e-01
-6.149130249023437855e-01
-3.117204284667968728e-01
1.045341777801513661e-01
nan
nan
nan
nan
1.473842811584472612e-01
4.938471603393554954e-01
4.104478073120116921e-01
-7.039299011230468750e-01
-5.226524353027344194e-01
-1.154198074340820224e+00
2.570423698425293169e-01
7.839686584472655984e-01
7.541608428955077770e-01
-1.027066116333007706e+00
-4.378816986083984286e-01
6.650982379913329690e-02
-2.122008132934570246e-01
-6.235922622680664107e-01
nan
-1.263893127441406250e+00
3.512955856323242143e-01
-6.630518341064453036e-01
-8.716860771179199552e-02
3.193374061584472456e-01
4.400713348388671786e-01
2.198713684082031217e-01
1.061622390747070321e+00
-1.884203433990478543e-02
6.211076354980469283e-01
6.170542526245117454e-01
-4.668090057373046609e-01
-5.675042724609374867e-01
nan
nan
nan
nan
7.686973571777343528e-01
-2.943289566040039329e-01
8.739967346191405972e-02
-1.593805503845214799e-01
-9.542287445068359242e-01
8.497266387939452770e-01
1.191586380004882706e+00
8.076667022705078525e-01
-5.061280059814453613e-01
-2.128994178771972667e-01
-8.456478881835937100e-01
1.252686080932617241e+00
-1.015460891723632741e+00
-1.290396308898925648e-01
nan
-1.073886413574218768e+00
7.789898681640624600e-01
-2.539754486083984353e-01
2.386884880065917869e-01
-1.508304023742675914e-01
-6.017738723754882946e-01
6.651203155517577681e-01
5.034620285034179243e-01
8.476054382324218484e-01
-4.611863327026367032e-01
2.518207168579101318e-01
1.013235092163085938e+00
8.883422851562500222e-01
nan
nan
nan
nan
1.797543334960937544e+00
-4.134609222412109486e-01
3.884701013565063782e-02
7.343454742431640980e-01
4.786355972290038951e-01
5.018999099731444868e-01
-2.525134849548339999e-01
-4.192566680908202947e-01
2.807084560394287193e-02
-7.351463317871094194e-01
2.793320465087890669e-01
-1.211402416229248047e-01
-3.128102302551269420e-02
1.485506134033203196e+00
nan
-7.609468078613281783e-01
-1.001832351684570410e+00
8.644525909423828036e-01
-1.266035079956054632e-01
-1.708353161811828475e-02
1.144528770446777283e-01
-4.191754531860351629e-01
-7.315970420837401844e-02
-2.152717971801757779e-01
-2.206027526855468768e+00
5.331271743774413929e-01
-4.255899810791015647e-01
-5.097623825073241965e-01
nan
nan
nan
nan
5.645717144012451366e-02
-1.214884796142578161e+00
-8.380684661865234197e-01
3.402189636230468772e-01
1.175770416259765527e+00
-4.734543991088867032e-01
-6.636789798736572599e-02
5.177790451049805176e-01
2.676066398620605691e-01
-3.437714385986327947e-01
-5.990186691284179465e-01
-6.843307495117187944e-01
-1.252889328002929625e+00
4.387261962890625089e-01
nan
7.706948852539062811e-01
-6.199343490600586204e-01
5.634872436523437056e-01
3.535919189453125000e-01
-4.347126770019531516e-01
4.444982528686523132e-02
3.389572525024414085e-01
4.384014511108398349e-01
8.760594177246093794e-01
1.051910018920898526e+00
1.032961730957031143e+00
1.444953155517578192e-01
-8.249291229248046919e-01
nan
nan
nan
nan
6.589092254638672097e-01
-1.772816467285156294e+00
-1.000289993286132884e+00
1.426578979492187482e+00
1.227760848999023491e+00
1.287563018798828063e+00
1.581642723083496183e-01
8.290029907226562633e-01
4.168670654296874889e-01
-1.876251792907714933e-01
-3.864274978637695090e-01
3.773020935058593595e-01
5.835455703735351607e-01
-3.799372911453247070e-02
nan
5.525486373901367099e-01
1.419183635711669944e-01
5.280656814575195312e-01
2.181718444824218839e-01
-8.650980377197265980e-01
-7.142967987060546697e-01
-2.672928428649902211e-01
5.396301269531249972e-02
8.811167144775390314e-01
-5.054275131225586248e-01
4.432735443115234375e-01
5.320124816894531428e-01
2.734647560119629062e-01
nan
nan
nan
nan
2.525847816467285400e-01
-8.428684997558594238e-01
6.529622077941894809e-02
-1.358602714538574285e-01
-9.166658401489258257e-02
3.743273162841797008e-01
-1.308419036865234419e+00
-9.565607452392578258e-01
-2.929628562927246160e-01
1.401999568939208962e-01
-3.176995658874511852e-01
-1.059126434326171928e+00
3.162232160568237416e-02
1.829203605651855413e-01
nan
4.300449371337890514e-01
4.159148025512695579e-01
2.010469818115234453e-01
1.317444000244140545e+00
-9.984486389160156516e-01
4.256058120727538863e-01
-8.707570648193359020e-01
-4.915906143188476518e-01
-7.270060729980468706e-01
5.736238098144531561e-01
-8.038033294677734419e-01
-1.000031509399414098e+00
6.208544540405273038e-01
nan
nan
nan
nan
1.977719306945800726e-01
2.837058258056640581e-01
1.609875106811523571e-01
-1.789546775817870972e-01
-1.362728309631347778e-01
3.037003040313720689e-02
7.844123077392578525e-01
2.573320388793945424e-01
-3.015974426269531494e-01
-6.838312149047851007e-02
2.996074867248534890e-01
1.159361839294433538e-01
4.689596176147460826e-01
3.891178512573242321e-01
nan
-9.536822319030761885e-02
-6.122008895874023748e-01
-7.932151794433593972e-01
-8.871438598632812589e-01
6.943943023681640181e-01
2.848452091217041141e-02
2.953975677490234264e-01
5.916939258575439758e-02
9.354151916503906650e-01
2.891466140747070424e-01
5.091313362121582115e-02
5.363886356353760043e-02
-7.620294952392577814e-01
nan
nan
nan
nan
2.757599258422851474e-01
9.927764892578124778e-01
3.939878845214843661e-01
5.050421524047851163e-01
5.119389343261718794e-01
-4.103905487060546808e-01
1.684129905700683660e-01
1.184637298583984366e+00
-3.593339920043945451e-02
8.219087982177734064e-01
-3.426452159881591963e-02
1.098234176635742188e+00
-2.000409317016601518e-01
-4.832399368286132701e-01
nan
5.840061950683593794e-01
-5.844040679931640225e-01
-3.840426254272460982e-01
-3.362164974212646790e-02
1.198360061645507901e+00
8.848532676696777011e-02
5.030257415771484109e-01
5.164773941040039507e-01
-3.347163009643554510e-01
-1.875073814392089755e-01
4.340722560882568498e-02
-6.803014373779296964e-01
6.913513183593750222e-01
nan
nan
nan
nan
1.745970153808593661e+00
1.208424835205078152e+00
-5.353797435760498241e-02
9.786660003662109863e-01
-2.828371047973632924e-01
-9.196609497070312722e-02
3.237902879714965598e-02
1.613132019042968768e+00
3.104091072082519331e-01
1.864088058471679576e-01
1.058179378509521429e-01
-6.285529708862305220e-01
6.734397888183593639e-02
3.128802490234374734e-01
nan
1.569884204864502031e-01
-1.185042266845703018e+00
-1.363623237609863370e-01
2.895118141174316539e-01
-8.145695495605468350e-01
-3.387689971923827925e-01
-4.924736022949218750e-01
-5.946119427680969342e-03
-4.421896362304687522e-01
-4.324744224548340149e-02
-7.709831237792968972e-01
8.788599395751952592e-01
3.900144195556640714e-01
nan
nan
nan
nan
7.461730194091796831e-01
8.986267089843750222e-01
7.544602966308593395e-01
7.578554534912109730e-01
-1.104334259033203036e+00
-3.939220428466796986e-01
4.001102828979491988e-01
-3.658454895019531139e-01
-1.167646503448486334e-01
1.035002589225769015e-02
8.572010803222656072e-01
9.041108131408691351e-02
-2.982601928710937322e-01
9.813100433349609686e-01
nan
-7.722829437255859242e-01
8.302430725097655895e-01
2.948004722595214955e-01
-1.206681823730468839e+00
-6.308228302001953613e-01
-6.165525054931640936e-01
1.052693786621093697e+00
1.183158779144287132e-01
1.242992782592773349e+00
-5.618821978569030900e-03
4.789838409423828325e-01
6.991464233398437811e-01
-1.282174224853515732e+00
nan
nan
nan
nan
-1.553512287139892645e-01
5.407716751098632368e-01
3.412265777587890625e-01
-1.670725250244140536e+00
1.305799198150634777e-01
8.619015693664550115e-02
-7.787352752685546831e-01
-3.890730285644531383e-01
4.782247543334960938e-01
-3.604721069335937722e-01
4.615442657470703036e-01
-9.155091094970703169e-01
5.696326446533203081e-01
-8.102798461914062500e-02
nan
9.448749542236327681e-01
8.253711700439453347e-02
-4.803492355346679621e-01
4.308425140380859331e-01
-2.023995208740234364e-01
5.974625015258788752e-01
8.636298370361328303e-01
5.273921966552734819e-01
5.344211578369140181e-01
1.567514991760253773e-01
-1.548949813842773471e-01
-5.797136306762695757e-01
7.966533660888671653e-01
nan
nan
nan
nan
5.165055465698241699e-01
1.159117279052734428e+00
5.878324890136719105e-01
-5.177029800415039462e-01
9.341016387939453658e-01
-6.755181884765625311e-01
8.187866973876952725e-01
1.181921463012695295e+00
9.356461334228515225e-01
-5.523787021636963196e-02
8.506238937377930132e-02
2.486625480651855347e-01
1.003764190673828161e+00
-1.684310913085937500e+00
nan
9.549842834472656028e-01
6.722412872314452725e-01
9.623376846313476396e-02
3.417234039306640825e-01
-8.174675941467285378e-02
1.462041778564453054e+00
1.893990325927734364e-01
-6.854881286621093972e-01
-1.707268524169921753e-01
1.309283447265624956e+00
-6.416621398925781428e-01
5.028942108154296764e-02
-5.629468154907226740e-01
nan
nan
nan
nan
-3.191013336181640625e-01
3.899241256713867343e-01
-1.021924781799316423e-01
6.692597198486328613e-01
-6.713742828369140270e-01
3.434035873413086026e-01
-3.248006439208984131e-01
4.090554046630859308e-01
6.648761749267577681e-01
-1.933527183532714744e-01
1.054326934814453054e+00
-5.176683044433594283e-01
1.190826492309570384e+00
-1.172674102783203054e+00
nan
-3.166751098632812345e-01
-3.900398254394531472e-01
-1.000757827758788965e+00
-3.741114044189453036e-01
6.675762939453124822e-01
3.614930343627929532e-01
1.055687332153320224e+00
-1.891192817687988303e-01
1.168164672851562447e+00
-4.186951065063476696e-01
3.858333587646484153e-01
3.312986373901367076e-01
6.975501251220702637e-01
nan
nan
nan
nan
7.972618865966797363e-01
5.296432113647461248e-01
-2.176402282714843817e-01
-8.531110382080078214e-01
-1.042048873901367134e+00
3.605434036254882568e-01
-9.115491485595703658e-01
-2.551933670043945446e-01
2.192736864089965890e-02
-6.380444526672363059e-02
-6.672149658203124778e-01
2.294554290771484428e+00
8.891418457031250444e-01
7.973515319824219238e-01
nan
1.101950931549072199e-01
-2.515355491638183727e-01
-1.737807512283325029e-02
4.893370056152343550e-01
-1.256212081909179767e+00
-4.364772796630859292e-02
-1.249865188598632715e+00
-5.606312155723571639e-03
-2.624906349182128951e-01
7.437150573730468839e-01
6.844544219970702947e-01
-3.246332550048828258e-01
-4.239160156249999756e-01
nan
nan
nan
nan
1.060460433959961035e+00
-3.960611522197723597e-03
1.992464828491210815e-01
2.308576393127441395e-01
-3.738668441772460826e-02
-1.127500228881835875e+00
-3.927521514892577947e-01
-9.879705429077148549e-02
-1.254188776016235303e-02
4.870997238159179843e-01
2.572239685058593794e-01
8.621212768554687988e-01
-4.597023010253906139e-01
1.552598876953124929e+00
nan
-5.295486068725585582e-01
-9.864698791503906383e-01
-5.424882411956787054e-02
-1.600230560302734473e+00
-1.681093406677246216e-01
-1.065656356811523375e+00
-2.700113677978515647e-01
1.698765945434570213e-01
-3.421850967407226718e-01
-1.741565895080566528e-01
-2.422235488891601451e-01
2.832960510253906272e-01
2.059323787689209054e-02
nan
nan
nan
nan
7.733642101287842296e-02
5.848118591308594238e-01
5.504893875122069957e-01
-8.450100898742675393e-02
6.637841796875000311e-01
-1.653011322021484264e-01
-6.754982757568359641e-01
-8.448668670654296831e-01
-1.689116973876953143e+00
3.407617568969726340e-01
-1.251096038818359402e+00
-1.332723140716552679e-01
8.593711853027343750e-01
5.249860382080078214e-01
nan
1.125650711059570375e+00
-2.717211151123046786e-01
7.015243768692016289e-03
-8.824046325683593262e-01
1.653560638427734319e-01
1.413093261718749938e+00
2.730599403381347434e-01
3.867067337036133035e-01
-4.157489395141601429e-01
6.461697387695312100e-01
7.898593139648437678e-01
-2.398978042602538940e-01
-5.397132492065429554e-01
nan
nan
nan
nan
-3.697992706298828258e-01
-3.829492950439453147e-01
-9.491452217102050448e-02
7.232002735137939287e-02
1.117983055114746133e-01
-6.383031082153319824e-01
1.118115844726562447e+00
-1.136608123779296875e+00
-1.921827125549316340e-01
2.170109748840332031e-01
7.879614257812499467e-01
1.230652046203613292e-01
1.081413030624389648e-02
-4.815601348876953347e-01
nan
2.662522506713866921e-01
1.180840835571289160e+00
2.659480094909668080e-01
6.979227447509765980e-01
6.887858581542968262e-01
8.437026023864746538e-02
4.279771041870117365e-01
-4.561027145385742054e-01
1.408301391601562536e+00
-7.957185363769531117e-01
2.791100120544433572e-01
1.190611114501953116e+00
4.391211986541748019e-02
nan
nan
nan
nan
-1.919517898559570390e-01
3.211919784545898549e-01
-1.845118284225463756e-02
-2.853125381469726607e-01
9.106182861328124822e-01
1.547301788330078143e+00
-8.917158508300780939e-01
1.180949401855468789e-01
5.875461196899414151e-01
-3.201679611206054710e-01
6.377744674682617188e-01
4.282210922241210804e-01
-1.422563629150390696e+00
1.146591854095458940e-01
nan
-6.002912902832031605e-01
-8.993328094482422319e-01
-8.101280212402344194e-01
-6.046624374389648615e-01
-2.139822845458984268e+00
5.547690582275390803e-01
-2.122250938415527477e-01
8.137789916992187456e-01
2.946567344665527166e-01
-1.631162834167480535e-01
2.917539024353027477e-01
-3.085710525512695424e-01
1.520984649658203125e+00
nan
nan
nan
nan
-1.881401252746582042e-01
-2.151902961730957076e-01
-5.389198780059814564e-02
-1.017168731689453098e+00
-4.953770160675048662e-02
8.816136932373046520e-01
1.307050228118896429e-01
6.563934326171875222e-01
1.355272064208984384e+00
-1.230445575714111395e-01
-3.781030273437500089e-01
-5.164672851562499556e-01
-5.904333114624022993e-01
2.637795829772949241e-01
nan
-2.996410369873046819e-02
3.150782775878906428e-01
-6.327645492553710671e-01
-6.464292907714843661e-01
1.612269592285156261e-01
-6.919906616210937944e-01
2.486208915710449163e-01
-3.226834106445312655e-01
2.734889602661133012e-01
-5.471712875366211426e-01
-4.145569992065429865e-01
1.332350769042968786e+00
-2.445742130279541030e-02
nan
nan
nan
nan
2.416793060302734331e-01
-6.752253723144531206e-01
3.725677967071533425e-02
1.105571823120117259e+00
-4.506451416015624933e-01
-1.028579330444336026e+00
3.708246231079101451e-01
-9.596597290039062811e-01
-6.421658325195312988e-01
2.613548088073730513e-01
-6.502319335937499778e-01
1.493597869873046768e+00
5.594370269775390536e-01
3.933234024047851385e-01
nan
3.351052474975586004e-01
-4.689979171752929887e-01
-5.035674285888671609e-01
-7.350167083740234419e-01
-9.918459320068359064e-01
-1.288587284088134888e-01
5.455042648315430176e-01
-8.266703605651855302e-02
6.972253417968750089e-01
1.093012847900390661e+00
-2.962510681152343839e-01
6.651153564453125000e-01
-3.011676549911498912e-02
nan
nan
nan
nan
-5.139458084106445224e-01
-6.700451660156250266e-01
-4.139147567749023593e-01
3.476470565795898304e-01
-1.508176517486572166e-01
3.689093780517578303e-01
-1.807893371582031117e-01
-7.163069725036620705e-02
-1.778831863403320390e-01
-1.063802719116210938e+00
2.200512123107910278e-01
-3.215127944946288840e-01
-4.132012939453125200e-01
7.823450469970703036e-01
nan
-2.204579925537109297e-01
-6.271508789062499867e-01
8.678585815429687988e-01
2.582982254028320379e-01
3.654249191284179576e-01
1.160075813531875541e-03
-8.617298126220702681e-01
5.776517105102538796e-01
9.183219146728515137e-01
-5.349431610107422408e-01
1.042781295776367134e+00
1.459508037567138761e-01
1.455692291259765569e-01
nan
nan
