nan
nan
1.382681846618652455e-01
5.171126937866210582e-01
-1.016969833374023358e+00
-4.146800994873046653e-01
1.030626144409179767e+00
1.401180877685546777e+00
1.054639968872070233e+00
1.312193298339843661e+00
2.307071113586425803e-01
-1.090362625122070384e+00
-8.595359802246094194e-01
5.929533004760742521e-02
-8.431880950927734819e-01
-5.876197433471679332e-01
nan
2.706014060974121227e-01
-7.570238494873047230e-01
-6.668351745605468617e-01
-1.760231703519821189e-04
-8.433334350585937333e-02
4.435955047607421653e-01
3.009182357788086071e-01
-7.911692047119140980e-01
6.822195434570312855e-01
-2.801831436157226629e-01
7.441088867187499734e-01
2.830046463012695357e-01
-5.739599609375000133e-01
nan
nan
nan
nan
5.990448379516601918e-01
3.081510543823242076e-01
-4.193763351440429887e-01
-2.617132568359374911e-01
8.336126708984374911e-01
7.322756195068359508e-01
8.554136657714843661e-01
-5.480984115600585627e-01
5.260648345947265270e-01
-3.189695167541504173e-01
2.745299720764159956e-01
9.179618835449219194e-01
-1.045501861572265545e+00
1.162598342895507786e+00
nan
-3.403525924682617165e-01
-4.176168441772460938e-01
-2.955602836608886563e-01
9.031140136718750488e-01
3.293348693847656383e-01
-5.730961608886718794e-01
-1.234988403320312483e-01
-5.229841232299804465e-01
-2.649838447570800892e-01
2.024084091186523493e-01
-6.005603790283202681e-01
-2.517136192321777211e-01
6.583593749999999689e-01
nan
nan
nan
nan
8.598440170288085271e-02
-3.507093429565429910e-01
7.273513793945312056e-01
3.472679519653320557e-01
-3.563265609741210760e-01
2.469013595581054654e-01
-2.118881416320800848e-01
-3.745145797729492188e-01
5.595226287841796875e-01
-9.212004089355468883e-01
-9.704401397705078036e-01
3.961563110351562500e-02
-1.940530700683593679e+00
3.926935958862304843e-01
nan
4.772941589355468861e-01
-1.889846992492675848e-01
-1.041642150878906214e+00
4.252253532409668024e-02
1.389647126197814976e-02
-1.664623451232910278e-01
1.273971843719482466e-01
1.882802581787109408e-01
2.889667320251464999e-01
6.826021575927734286e-01
2.432699012756347756e-01
-3.944245147705078280e-01
-3.311793136596679621e-01
nan
nan
nan
nan
5.543428039550781783e-01
1.806728172302246027e-01
6.163424968719482394e-02
-1.189758539199829018e-02
-4.993144512176513755e-02
4.507788085937500244e-01
2.154082183837890518e+00
-3.577764129638671964e-01
5.242819976806640803e-01
-4.425495147705078153e-02
1.289869079589843759e+00
7.716046810150146984e-02
4.781531524658202970e-01
-1.079245834350585964e+00
nan
5.558687591552734508e-01
-2.496565818786621038e-01
-2.881979370117187522e-01
2.560261726379394753e-01
-6.357913589477539595e-01
9.848216247558593262e-01
-7.626294708251952770e-01
6.959836578369140714e-01
-5.566235351562499600e-01
7.494890093803405727e-03
-7.773867034912109730e-01
9.156434631347656339e-01
3.547871017456054599e-01
nan
nan
nan
nan
1.441132965087890572e+00
1.654312438964843812e+00
4.984692764282226407e-01
6.274124145507812278e-01
4.383446121215820446e-01
5.914695358276367276e-01
8.544316291809081476e-02
5.015849304199219150e-01
1.901308288574218741e+00
6.272078323364257413e-01
-4.910561752319335671e-01
6.238222503662109730e-01
-3.634579849243164129e-01
3.315658950805663863e-01
nan
-5.765275573730468395e-01
5.765976333618163530e-01
3.643732833862304843e-01
-5.429732894897461026e-01
6.162690639495849859e-02
-4.686302947998046697e-01
3.393653488159179554e-01
-1.117549514770507790e-01
1.432405395507812429e+00
-6.906370544433593217e-01
-1.053954162597656286e+00
-5.082582092285156117e-01
7.450053405761718484e-01
nan
nan
nan
nan
1.363975830078125062e+00
-8.882411193847655762e-01
-5.833569335937499600e-01
5.461063766479492543e-01
-9.056307792663574607e-02
-2.089261054992675726e-01
-2.807366371154785267e-01
-4.830305099487304799e-01
-2.055942916870117099e-01
7.069677734374999467e-01
-9.293722152709961437e-02
2.250164985656738226e-01
-1.209755249023437562e+00
-1.987483596801757901e-01
nan
9.528682708740234819e-01
1.041015148162841852e-01
-1.253133106231689442e-01
-7.092160034179687544e-01
-6.609172821044921875e-01
3.477529907226562522e-01
1.154021501541137654e-02
-1.160944271087646501e-01
-4.776676940917968794e-01
8.984714508056640403e-01
3.215250778198242010e-01
-3.222530746459961182e-01
-1.580585122108459431e-02
nan
nan
nan
nan
-4.474774169921875155e-01
-1.058003692626953152e+00
1.360016465187072719e-02
1.985401535034179710e-01
-2.982982254028320179e-01
1.289441967010498125e-01
-3.442282867431640803e-01
-1.591069126129150413e-01
-5.804666900634765092e-01
2.511431503295898371e-01
3.003317832946777455e-01
4.210520267486572016e-02
-5.868390274047851074e-01
1.485381841659545905e-02
nan
-7.931832790374755693e-02
9.360000610351562056e-01
3.379771804809570401e-01
3.279112625122070357e-01
4.814381408691406072e-01
-2.855076599121093572e-01
6.487290954589843839e-01
-1.258696269989013627e-01
-6.243592453002929643e-01
2.306052780151367221e-01
1.741923141479492232e-01
1.937344741821289129e-01
5.083197116851806419e-02
nan
nan
nan
nan
6.668444824218749956e-01
-1.377277069091796813e+00
4.539411926269531494e-01
-7.684294128417968883e-01
-8.097570037841796964e-01
8.989089202880858887e-01
-1.212350540161132750e+00
-2.010195159912109286e+00
-5.161543655395507413e-01
-2.095450782775878928e-01
3.628010559082031072e-01
-4.741479873657226257e-02
1.895076179504394664e-01
6.641806030273437189e-01
nan
1.845318603515624933e-01
5.593829727172852095e-01
-3.390390396118164174e-01
-9.208735466003417636e-02
-6.589540100097656117e-01
-1.798727226257324230e-01
-5.966541767120361189e-02
-2.143450164794921953e-01
-4.183018207550048828e-02
5.474027633666991854e-02
9.923637390136719194e-02
2.050458639860153372e-03
2.409583854675292902e-01
nan
nan
nan
nan
-2.516383743286133012e-01
2.817465782165527455e-01
-7.311047363281250044e-01
2.634829330444335982e-01
-8.376542663574219061e-01
-4.170074462890625000e-01
2.715109825134277566e-01
-2.868177795410156161e-01
3.724481964111328036e-01
-8.707736968994141125e-02
3.645856094360351296e-01
1.082866191864013672e-01
6.059890365600586470e-01
-1.016118240356445268e+00
nan
-6.763014221191405717e-01
5.755292892456054243e-01
5.107244110107421742e-01
1.012245483398437562e+00
5.845848083496093528e-01
4.157846927642822044e-02
7.004583835601806141e-02
7.128545379638672186e-01
2.225597953796386586e-01
4.526831817626952859e-01
5.264550781250000311e-01
1.742830848693847634e-01
8.918119049072266158e-01
nan
nan
nan
nan
6.071246719360351429e-01
-1.717777824401855447e-01
-9.344400024414062367e-01
1.816847038269042980e-01
-1.569267120361328205e+00
-1.527288722991943237e-01
-1.054930267333984428e+00
-4.079353713989257724e-01
-5.280953216552733975e-01
-2.773558998107910067e-01
-9.569441223144531383e-01
-6.775420379638671387e-01
-6.432037353515625000e-01
-5.011471557617187544e-01
nan
-8.462978363037109153e-01
-7.958414554595946711e-02
-6.936498260498047408e-01
-6.399465179443359908e-01
-4.159711837768554493e-02
-8.339224243164062855e-01
2.386308193206787207e-02
-1.502608013153076127e-01
-3.939029312133788818e-01
-1.223442459106445224e+00
-4.037596893310546609e-01
1.349086151123046973e+00
2.606769561767577903e-01
nan
nan
nan
nan
7.492819976806640581e-01
2.177761268615722723e-01
-7.664647674560547408e-01
-5.949609375000000089e-01
2.705032920837402433e-01
-2.782598304748535312e-01
-2.929836654663086071e-01
-9.545174407958983975e-01
5.023114013671875488e-01
6.790597438812255582e-02
2.333868741989135812e-02
-4.250177383422851785e-01
6.275687789916992720e-01
-2.674880027770996094e-01
nan
-4.877149581909179799e-01
-8.627702331542969061e-01
3.525673675537109308e-01
-1.050498199462890581e+00
-9.362490081787109286e-01
2.911849975585937278e-01
-1.547450103759765661e+00
-5.492655181884765758e-01
-2.355599784851074296e-01
3.333211517333984353e-01
5.222714614868163574e-01
4.307675933837890603e-01
1.190211181640624893e+00
nan
nan
nan
nan
1.005145034790039027e+00
-7.194678497314452859e-01
6.088860702514647949e-01
5.069070816040038840e-01
1.708073997497558671e-01
-1.521834087371826127e-01
-1.231824188232421902e+00
-6.587107849121093262e-01
5.219915866851806974e-02
6.653088378906250044e-01
-1.387484893798828223e+00
5.601449584960938033e-01
-1.025230884552002023e-02
-1.037250823974609437e+00
nan
8.149935913085937234e-01
-3.161747694015502874e-02
4.266700363159179887e-01
1.131729793548583995e-01
-1.688000183105468732e+00
-1.536463470458984348e+00
-2.209886550903320257e-01
-7.216371917724608842e-01
-2.202110481262206931e-01
3.402410888671875133e-01
-6.009092712402344105e-01
-2.108817481994628984e-01
-1.290886535644531152e+00
nan
nan
nan
nan
-1.418637514114379911e-02
-1.458514099121093643e+00
-1.304939937591552690e-01
-8.037992095947266158e-01
-3.558714389801025373e-03
1.484633026123046928e+00
7.095449066162109464e-01
-1.736067390441894398e-01
-1.001440277099609366e+00
1.814183807373046797e-01
-2.010307550430297935e-02
-1.455238189697265705e+00
-7.085383605957030762e-01
5.020403289794921342e-01
nan
5.359240531921386635e-02
-5.200400543212890803e-01
-6.011637115478515314e-01
-5.672656249999999956e-01
-3.379989624023437278e-01
-3.450179672241210915e-01
3.557137298583984419e-01
3.635727310180664196e-01
-1.517002716064453027e+00
4.233665847778320113e-01
1.096554031372070304e+00
6.806865692138671653e-01
-6.659842681884765581e-01
nan
nan
nan
nan
7.385337066650390359e-01
-6.527391910552977905e-02
-7.611801910400390891e-01
1.226114368438720736e-01
1.009299659729003956e-01
3.400992965698242387e-01
-2.519904708862304443e-01
-6.667566680908203480e-01
3.042093086242675937e-01
1.187265491485595681e-01
-5.169643402099609597e-01
-3.700194358825683455e-02
4.392964172363281183e-01
-1.483881378173828036e+00
nan
-7.553369140625000311e-01
8.467378234863280895e-01
8.387522697448730746e-02
-6.975365447998046475e-01
-3.112318229675292702e-01
-5.870735168457030806e-01
4.358992576599120955e-02
2.189870452880859353e-01
8.942710113525390581e-01
9.319301605224609153e-01
-1.043005142211913983e+00
2.484722709655761697e-01
-2.643969726562500067e-01
nan
nan
nan
nan
1.081072769165039027e+00
3.598945617675781139e-01
1.353826332092285256e-01
8.388162612915038563e-02
1.501833724975585871e-01
5.388580703735351696e-01
-7.323101806640625044e-01
-1.024644565582275429e-01
-3.281300354003906516e-01
3.884000778198242188e-01
1.286263885498046822e+00
7.846034240722655762e-01
-3.816093063354492054e-01
-5.029074668884277177e-02
nan
2.969355964660644331e-01
-2.039512062072753873e-01
-1.077063274383544961e-01
1.627834320068359264e-01
-1.989152193069457925e-02
2.678695106506347456e-01
-1.273110389709472545e-01
-8.771427917480468794e-01
1.932437896728515514e-01
9.596582031250000533e-01
-4.439068984985351518e-01
2.776211738586425656e-02
-4.073317718505859442e-01
nan
nan
nan
nan
-6.759248352050781783e-01
-7.231030273437499822e-01
5.009927749633789062e-01
1.557578682899475077e-02
1.286024761199951183e-01
2.485975503921508678e-02
6.011561155319213555e-03
-1.056900691986084051e-01
5.561675643920898082e-01
-4.925520324707031161e-01
-5.659118652343749778e-01
1.055268406867980978e-02
-4.298892211914062678e-01
5.452934646606445446e-01
nan
7.093461608886718617e-01
4.268324661254883079e-01
4.432798385620117382e-02
-1.272655029296875018e+00
-1.072597503662109375e+00
4.389686584472656250e-01
-7.862923431396484641e-01
7.610923767089844416e-02
-6.885840606689452859e-01
-3.364054107666015758e-01
-1.037504577636718800e-01
-7.883244323730468350e-01
-1.989427185058593728e-01
nan
nan
nan
nan
2.585705757141113503e-01
-7.827734947204589844e-02
-1.909356307983398338e-01
-3.604706573486328169e-01
4.383183670043945268e-01
1.024186782836914000e+00
2.237366104125976529e-01
4.172519683837890708e-02
1.015589752197265661e+00
7.086598968505859464e-01
-1.390204620361328081e+00
1.464010620117187633e-01
-6.247712612152099554e-02
-1.517688598632812580e+00
nan
-2.782804679870605202e-01
-1.857417488098144498e-01
8.948755264282226823e-04
-8.464748382568358931e-01
8.907016754150390847e-01
-1.488912963867187467e-01
-6.398124313354491832e-01
1.786084556579589921e-01
7.702889251708984197e-01
4.568951416015625266e-01
2.414677810668945379e-01
-7.227696418762206976e-02
1.144421539306640589e+00
nan
nan
nan
nan
1.109317855834961009e+00
-3.750489652156829921e-03
3.445032119750976451e-01
7.253954315185546786e-01
-7.394115447998046431e-01
-1.975191831588745187e-03
5.161114883422851518e-01
1.904070258140563854e-02
-3.851592540740966797e-02
-1.328522796630859482e+00
-6.168178939819335405e-01
-5.995832443237304465e-01
-7.764963531494140092e-01
-9.178602600097656161e-01
nan
-5.203300118446350063e-03
-1.278360748291015536e+00
1.959374427795410045e-01
-3.049186515808105513e-01
6.379800796508788840e-01
-1.906365394592285101e-01
-2.468603706359863148e-01
-1.104984359741211009e+00
-2.226945877075195424e-01
-1.415868949890136674e-01
1.592819786071777433e-01
9.572286987304687855e-01
1.987330055236816440e-01
nan
nan
nan
nan
2.309999465942382812e-01
-4.773366928100585688e-02
-2.219084739685058538e-01
-5.842647552490234375e-01
1.614734268188476596e-01
3.679024124145507946e-01
1.483479309082031128e-01
1.140076065063476557e-01
2.354958724975586004e-01
7.840878295898437988e-01
-1.335112152099609428e+00
-9.000154113769531783e-01
1.409636688232421831e+00
-1.106448211669921911e+00
nan
2.249442040920257568e-03
-3.375527191162109308e-01
-2.053707427978515465e+00
-5.194019317626953347e-01
3.808483505249023460e-01
-6.392441940307617143e-01
5.395810317993163796e-01
-4.839905261993408120e-02
-5.873099136352538663e-01
1.185442733764648482e+00
-1.332122039794921831e-01
-4.670995235443115012e-02
-9.060613250732422186e-01
nan
nan
nan
nan
1.174267501831054661e+00
1.724090385437011819e-01
-1.583557796478271551e-01
-1.422294044494628873e-01
2.239664649963378773e-01
-1.158969116210937456e+00
6.276777648925780939e-01
6.680042743682861051e-02
-6.002750396728515625e-01
6.257204055786133035e-01
8.616020202636718306e-01
4.825992965698241988e-01
-8.797344207763672097e-01
6.050650787353515359e-01
nan
-3.678087997436523260e-01
9.164070129394531750e-02
-1.097807693481445357e+00
3.771511459350586071e-01
-9.175968933105468350e-01
1.280155487060546937e+00
-4.681430053710937678e-01
-8.821148681640624822e-01
9.761893463134765359e-01
-8.233094024658202947e-01
4.547111129760741943e-01
2.535108566284179910e-01
-8.480439758300781783e-01
nan
nan
nan
nan
-2.601430130004882546e-01
-5.791916656494140447e-01
-1.145139083862304785e+00
-4.262475204467773282e-01
-7.983762359619140936e-01
-5.452941894531250222e-01
-9.809525012969970079e-03
3.517179107666015825e-01
-1.431087646484374920e+00
-1.437864398956298917e-01
3.484201812744140425e-01
-7.830372619628905850e-01
-8.729291534423828658e-01
4.526464462280273271e-02
nan
-3.107745933532715110e-01
-4.038704681396484419e-01
4.719182205200195268e-01
1.658000564575195235e-01
9.835596084594726285e-02
-4.447589111328125178e-01
2.775935554504394553e-01
1.290440979003906197e+00
4.063462829589843950e-01
-3.257662963867187234e-01
-7.261579132080078214e-01
4.492891311645507701e-01
-2.010968589782714810e-01
nan
nan
nan
nan
1.205250320434570366e+00
-1.108494033813476554e+00
-2.023491096496582153e-01
-3.763406372070312589e-01
3.346586227416992188e-01
5.529052352905273748e-01
-3.918934631347656405e-01
2.511481666564941428e-01
-1.129426598548889139e-02
1.360242271423339755e-01
1.058530731201171804e+00
3.629313659667968706e-01
1.980671882629394531e-01
2.734490394592284934e-01
nan
2.492601966857910245e-01
1.845000457763671942e-01
5.105637359619140669e-01
-1.561012725830078107e+00
-1.009182453155517550e-01
8.029516220092773604e-02
7.707696533203125533e-01
7.863593292236328303e-01
-4.614223480224609597e-01
1.932937145233154172e-02
-7.571858978271484020e-01
5.453004455566405895e-01
-5.698798370361327637e-01
nan
nan
nan
nan
-1.333780059814453134e+00
-6.025942993164062900e-01
-3.643042755126952859e-01
1.506403255462646362e-01
2.877381134033203391e-01
-5.922943592071533425e-02
-7.826754760742187234e-01
1.813779830932617243e-01
-1.593948268890380826e-01
5.324134445190429332e-01
2.619309616088867365e-01
6.945923614501953169e-01
4.216830825805664151e-01
5.189042663574219283e-01
nan
-6.958912658691406294e-01
-1.845606040954589910e-01
-7.078839111328124600e-01
-8.320736694335937322e-01
1.174174880981445346e-01
7.374178314208984508e-01
-3.301136016845703236e-01
-1.028873138427734313e+00
1.096890640258789018e+00
-4.903438186645507901e-01
-7.563034820556641113e-01
-5.991759490966797053e-01
6.255535888671874822e-01
nan
nan
nan
nan
4.249472045898437522e-01
1.563710784912109464e+00
1.947357559204101474e-01
7.597096252441406516e-01
-9.693431854248046875e-01
8.044207000732421786e-01
-1.218572158813476580e+00
-9.883314132690429465e-02
1.852695465087890736e-01
1.118013229370117267e+00
-9.021550750732422186e-01
-8.527142524719238947e-02
8.939033508300781028e-01
1.354950237274169800e-01
nan
-9.857423400878906339e-01
-5.772458553314208790e-02
6.579774475097656117e-01
7.523340606689452592e-01
-8.190956115722656250e-01
-2.911237144470215088e-01
3.706829547882080356e-02
-3.311372375488281228e-01
5.480040359497070357e-01
8.748258972167968217e-01
-5.117665481567382768e-01
-8.732797241210937811e-01
-3.435859298706054887e-01
nan
nan
