nan
nan
-1.059279785156250098e+00
-1.838820953369140643e+00
-1.460916709899902355e-01
-2.143050765991210971e-01
1.300142288208007701e-01
-6.717374420166015714e-01
-7.397854614257812766e-01
-7.942469024658203036e-01
4.479484176635742387e-01
1.313312072753906268e+00
1.496979980468750027e+00
1.175763034820556663e-01
1.479454517364501842e-01
-5.220940017700195224e-01
nan
1.711853942871093714e+00
-2.757066011428832911e-02
3.716304016113280984e-01
1.259994888305663974e+00
-5.392909240722656428e-01
7.123784637451171520e-01
1.274455337524414089e+00
6.567093658447266113e-01
-7.349797821044922186e-01
-6.038852691650390542e-02
-1.277580718994140607e+00
-4.139744949340820046e-01
1.196523437500000009e+00
nan
nan
nan
nan
-8.356235504150391069e-01
-2.006656837463378917e-01
-5.389023971557617143e-01
-2.950018119812011785e-01
1.008315658569336026e+00
8.000442504882812056e-01
7.095966339111328125e-01
-8.552633666992187633e-01
5.013064956665038707e-01
-1.621508789062499900e-01
9.620872497558594083e-02
2.121893882751464955e-01
1.945112609863281217e-01
-1.403838729858398471e-01
nan
7.476878356933593928e-01
-3.119129180908203000e-02
-5.365666198730468794e-01
6.457595062255859775e-01
6.972670745849609553e-01
-1.131710739135742161e+00
4.723297500610351696e-01
-9.012521362304687367e-01
2.182548713684082098e-01
-1.764009666442871160e-01
-6.975769042968750222e-01
-3.137522697448730247e-01
3.305570983886718661e-01
nan
nan
nan
nan
1.002998199462890705e+00
5.613475418090820845e-01
-1.155726432800292941e-01
2.914472007751464644e-01
-7.969559478759765669e-01
-5.106822586059570623e-01
-3.585736846923828214e-01
-1.384023666381835882e-01
-7.164460754394531561e-01
4.361700057983398660e-01
-6.816937255859375488e-01
-8.001667785644531738e-01
1.382912731170654330e-01
-5.159139633178710938e-01
nan
-4.888209533691406095e-01
3.035578918457031428e-01
1.164155807495117267e+00
8.754085540771484597e-01
2.808928680419922053e-01
1.187258911132812456e-01
-4.895650863647461049e-01
8.895631408691406783e-01
-3.236812210083007679e-01
8.582495117187499689e-01
-7.195953369140625222e-01
-4.274923706054687411e-01
-5.023260879516601163e-01
nan
nan
nan
nan
6.408414363861084095e-02
-7.732744598388672230e-01
-4.047455596923827947e-01
-4.423233795166015558e-01
4.257297515869140625e-01
-5.866284561157226740e-01
-9.051133728027344061e-01
-9.398985290527344105e-01
-8.381619262695312322e-01
7.567626190185546831e-01
5.062710571289062988e-01
5.244821166992187367e-01
-4.618356704711913951e-01
1.595923919677734393e+00
nan
-9.402143859863281161e-01
-3.363323974609375155e-01
-8.265824890136719283e-01
4.789583206176757924e-01
-6.173826980590820801e-01
4.351491928100585938e-01
5.687248992919922141e-01
4.811500549316406056e-02
7.998027801513671875e-01
9.239517211914062278e-01
-4.236278915405273238e-01
8.178067016601562322e-01
-7.612335968017578391e-01
nan
nan
nan
nan
-1.117911911010742276e+00
-1.013190155029296768e+00
8.114862060546874645e-01
-2.534794235229492210e-01
4.236676406860351296e-01
5.664862823486328525e-01
-1.126708679199218688e+00
-1.827452659606933483e-01
-2.463273763656616266e-02
5.905690383911132990e-01
-6.652190399169921609e-01
-9.425868034362792913e-02
-1.456655883789062522e-01
-7.136186218261718617e-01
nan
3.612887191772460871e-01
6.259116363525391025e-01
-3.062854003906250178e-01
1.171282730102539027e+00
-1.249106693267822282e-01
-8.014333343505859464e-01
4.798611068725586182e-01
9.833837127685547408e-01
5.103377532958984775e-01
1.254546966552734455e+00
-1.856081962585449108e-01
3.074897003173828192e-01
1.180845413208007733e+00
nan
nan
nan
nan
5.371928405761718928e-01
-1.261526870727539107e+00
-5.052230453491211026e-01
-3.124843788146972612e-01
-1.058390884399414089e+00
-7.309866333007812855e-01
1.799405813217163112e-03
4.819298934936523393e-01
-1.197916488647460920e+00
-3.219698715209960982e-01
6.064495849609374822e-01
3.236580276489257613e-01
6.285616397857665683e-02
-5.172956085205078214e-01
nan
-1.110539855957031197e+00
-1.402430725097656206e+00
1.414724578857421866e+00
4.708851623535156294e-01
-1.492849349975585924e-02
6.327034378051757946e-01
-8.048383712768554521e-02
-1.319653224945068481e-01
-6.929835510253906650e-01
-1.255349636077880970e-01
4.260372543334960960e-01
7.884116363525390803e-01
-5.338629150390624689e-01
nan
nan
nan
nan
-8.320735168457030762e-01
-6.229091644287109153e-01
-6.711540985107421475e-01
8.245926666259765225e-01
-4.322096633911132746e-01
1.282099609374999893e+00
3.827825546264648215e-01
5.199143409729004017e-02
9.343133926391601618e-02
-1.336921215057373102e-01
5.134233474731445535e-01
-8.469802856445312056e-01
4.269574356079101629e-01
8.121910095214843750e-01
nan
1.257686386108398446e+00
1.453972930908203232e+00
4.709837722778320579e-01
1.529958057403564553e-01
1.158967685699462957e-01
1.782522964477538940e-01
1.719003486633300659e-01
1.901699829101562433e-01
1.039702682495117214e+00
1.460575561523437482e+00
7.872192382812499556e-01
-3.868928909301757590e-01
-7.437708854675292858e-02
nan
nan
nan
nan
1.527865695953369019e-01
-7.450074005126953169e-01
3.125509262084961160e-01
1.017784500122070224e+00
1.223246459960937393e+00
3.857655334472656072e-01
-2.373337936401367088e-01
-9.217333221435546342e-01
4.910554122924804532e-01
-1.891824483871459850e-02
-2.144774627685546997e-01
-9.680392456054687234e-01
7.957490539550781117e-01
1.052939414978027316e-01
nan
-6.016605758666991877e-01
1.507431793212890669e+00
1.017164764404296928e+00
8.704891967773437100e-01
-7.559027862548828303e-01
-1.121209430694580095e-01
2.244304466247558638e-01
2.804603576660156250e-01
-7.565171051025391113e-01
-7.185191345214844150e-01
2.778291511535644354e-01
-2.891924667358398704e-01
-2.469363975524902222e-01
nan
nan
nan
nan
1.170386219024658198e-01
-5.702143478393554288e-01
-3.685977935791015514e-01
6.712787628173828569e-01
-1.606031608581542924e-01
-5.290940403938293457e-03
-1.823215484619140625e+00
1.200072021484374973e+00
3.000628662109374734e-01
3.604783630371093950e-01
3.962143707275390669e-01
-1.472322177886963013e-01
-5.333046340942382280e-01
1.394610595703124900e-01
nan
2.023320960998535034e-01
-9.582129669189453081e-01
3.258284759521484220e-01
9.617835235595703081e-01
-3.826895904541015581e-01
-3.207642364501953058e-01
1.257297801971435647e-01
1.314356842041015661e+00
4.551123046875000244e-01
-5.622444915771483975e-01
2.425039100646972645e-01
-3.350913619995117276e-01
4.996934509277343728e-01
nan
nan
nan
nan
1.902235984802246038e-01
1.509837341308593706e+00
3.534948348999023549e-01
-4.175495147705078347e-01
7.327474975585936967e-01
-5.618328475952147905e-01
-7.417632579803466741e-02
-8.344443511962890137e-01
-8.540834808349608842e-01
-2.838648414611816273e-01
4.150529098510742365e-01
-1.675445404052734455e+00
1.519279575347900479e-01
9.988552093505859153e-01
nan
3.905557632446289285e-01
-1.604465293884277388e-01
-2.541815185546875133e-01
-4.178332138061523482e-01
4.002372741699218861e-01
-4.469684982299804710e-01
3.903324890136719016e-01
-2.118753433227539007e-01
5.353671073913573997e-02
2.697865962982177665e-02
2.309984588623046786e+00
-2.099592399597167980e-01
9.932011604309082253e-02
nan
nan
nan
nan
-1.085622787475585938e+00
-1.472892913818359295e+00
-7.780838775634765225e-01
-6.622121334075927422e-03
1.040277481079101562e+00
-2.376334571838378817e-01
4.690605640411377175e-02
1.302067871093750107e+00
9.788831710815429354e-02
8.338968658447265536e-01
-6.409522247314453081e-01
-2.494620895385742110e-01
2.954029846191406072e-01
-2.383176422119140658e-01
nan
1.290001678466796919e+00
-3.680395126342773660e-01
2.395455551147460949e-01
-3.985829162597656072e-01
-9.391901969909667580e-02
1.779639434814453136e-01
5.431415176391601873e-01
2.916405200958251814e-02
-4.150536060333252092e-02
1.273659744262695348e+00
-4.972711563110351340e-01
3.011191368103027233e-01
6.518426513671875533e-01
nan
nan
nan
nan
7.582192993164063033e-01
7.744129657745361939e-02
-5.559092712402343706e-01
4.889440536499023438e-01
-6.693988800048827903e-01
1.567076301574706898e-01
5.071353149414062900e-01
2.048094940185547053e+00
5.254857254028320046e-01
1.592966842651367121e-01
2.304934692382812622e-01
6.741953277587890980e-01
-3.807022857666015891e-01
-1.810876846313476674e-01
nan
-4.406254959106445379e-01
1.171801223754882715e+00
9.622394561767577681e-01
7.288933563232421475e-01
1.568357849121093661e+00
-3.497524642944335738e-01
8.522378921508788618e-02
5.653619289398193609e-02
-1.453291778564453018e+00
-4.710000228881836004e-01
-1.147323226928711026e+00
8.359708404541015270e-01
-5.962158203124999778e-01
nan
nan
nan
nan
-2.566751861572265647e-01
-2.819126319885253973e-01
2.726514053344726296e-01
-8.031967926025390669e-01
6.637208557128906339e-01
1.468620300292968750e-01
-7.777319335937500355e-01
5.322500610351562633e-01
1.433484497070312447e+00
2.248029899597167869e-01
-3.864572525024413951e-01
-1.824162483215331920e-01
-2.516964450478553772e-04
3.018792724609374867e-01
nan
-1.783040428161621060e-01
-6.750499725341796431e-01
4.488483810424804821e-01
5.010235214233398349e-01
-1.868534278869628806e-01
3.604424285888672141e-01
6.640522766113281516e-01
3.674443817138671742e-01
-7.534149932861328169e-01
-3.220069122314452859e-01
-2.768221378326415905e-02
7.080926418304443748e-02
2.312915420532226651e-01
nan
nan
nan
nan
-3.953685760498047014e-02
4.663592147827148593e-01
7.141658782958983931e-01
-3.082779884338379128e-01
-2.708811759948730469e-01
-3.135094451904296697e-01
4.751380920410156472e-01
1.303031826019287187e-01
-1.356865844726562464e+00
3.519632720947265536e-01
-4.147947311401367076e-01
-2.331336402893066373e-01
2.743931007385254084e-01
-7.689283752441405939e-01
nan
-1.835325360298156738e-02
-7.312979888916015803e-01
5.875359344482421475e-01
4.548998641967773593e-01
9.804875183105469238e-01
-8.107955169677734109e-01
5.925876998901367099e-01
-4.142519378662109508e-01
-4.974842548370361078e-02
-7.233951568603516069e-01
-5.037535095214843439e-01
7.929730987548828658e-01
-2.378133583068847701e-01
nan
nan
nan
nan
-3.050475120544433524e-02
-4.716103363037109641e-01
-1.139561080932617099e+00
-7.129743194580078214e-01
-2.773370552062988104e-01
-6.207122039794922275e-01
-5.303487777709960938e-01
-5.126962661743164062e-01
-6.414626240730286061e-03
-2.108246326446533078e-02
6.805581665039062145e-01
-1.000954666137695348e+00
-1.536368656158447199e-01
3.335737609863281272e-01
nan
-3.869933700561523637e-01
4.435256195068359442e-01
3.475409317016601718e-01
-4.871360397338866943e-01
9.938542175292969238e-01
3.478055191040039240e-01
2.552589416503906472e-01
-5.660557150840759243e-03
1.391452178955078223e+00
3.316048049926758057e-01
-8.075004577636718528e-01
-1.333237457275390669e+00
-9.641162109374999956e-01
nan
nan
nan
nan
8.738461732864379744e-03
-3.127832794189452925e-01
-6.656186676025390714e-01
1.016752929687499973e+00
7.999920654296874822e-01
-3.084263420104980669e-01
-8.387784957885742465e-02
-8.870402526855468706e-01
-4.969565391540527177e-02
-2.428195762634277333e-01
-3.499835205078125067e-01
-1.611959075927734408e-01
-1.581257324218749982e+00
6.319294357299805043e-01
nan
-4.168862342834472878e-02
8.070350646972655750e-02
4.288005447387695512e-01
-5.367039871215820712e-01
-8.769919586181640359e-01
-1.120531539916992170e+00
-3.151482963562011741e-01
-8.698426246643066462e-02
5.178311347961425670e-02
5.448333358764648748e-01
-7.718143463134765625e-01
-2.271860885620117232e-01
8.328764343261718661e-01
nan
nan
nan
nan
3.206634902954101363e-01
3.412229299545287836e-02
7.104061126708984819e-01
5.149355411529540905e-02
-6.000911712646483931e-01
-5.881966018676757502e-01
4.469826507568359641e-01
1.979541778564453125e-01
-9.061354827880859775e-01
8.639334678649902843e-02
-6.087919235229491965e-01
7.046331024169921742e-01
2.501372337341308816e-01
-8.728150939941405895e-01
nan
5.771972274780273748e-01
1.068820571899414124e-01
2.562330007553100669e-02
8.014676666259765714e-01
-3.999537658691406095e-01
2.185227012634277377e-01
8.934851837158203081e-01
-7.964031982421875266e-01
-1.423222446441650413e-01
3.102554512023925626e-01
-1.813088417053222712e-01
-3.099707412719726607e-01
5.638535308837890891e-01
nan
nan
nan
nan
7.019024658203124600e-01
-9.101567077636718572e-01
1.490573120117187622e-01
2.988698196411132546e-01
7.030761718750000444e-01
3.130415916442871316e-01
-8.309246826171875488e-01
1.118304367065429794e+00
7.610241889953613115e-02
-3.070759582519531072e-01
-1.420870971679687456e+00
1.278437709808349643e-01
-9.220003509521483842e-01
5.177002334594726918e-01
nan
-3.092197418212890847e-01
3.569128799438476829e-01
-7.007195281982422363e-01
1.954051780700683527e-01
-6.179545211791992454e-01
-7.464790344238281250e-01
6.339590072631835771e-02
6.142825698852538707e-01
1.900686454772949341e-01
4.203193283081054776e-01
-8.907078552246093794e-01
-5.564790725708007590e-01
1.958264007568359277e+00
nan
nan
nan
nan
-1.134164428710937450e-01
1.884202766418457131e-01
-7.095514678955078258e-01
5.515925979614257901e-01
-3.026318931579589644e-01
-1.068278808593750018e+00
-3.335351181030273282e-01
-5.016547775268554998e-01
-3.663141632080078036e-01
-9.929125785827636053e-02
-1.917538642883300781e-01
2.684203910827636652e-01
7.337807464599609419e-01
-1.900853514671325614e-02
nan
-2.207408332824707109e-01
6.219336986541747908e-02
4.907355499267578303e-01
5.597887802124023038e-01
-2.777572393417358440e-02
8.216269683837890137e-01
3.630718231201172097e-01
-7.461778640747070146e-02
8.670312881469727229e-02
-7.087002277374267190e-02
6.699201202392578436e-01
9.076368713378906161e-01
3.887534856796264621e-02
nan
nan
nan
nan
1.799530982971191406e-01
5.043665695190430176e-01
1.048755722045898509e+00
-1.923752784729003962e-01
9.009428405761719105e-01
-9.572542572021484064e-01
-6.052666187286376981e-02
-4.972293090820312234e-01
3.383874654769897239e-02
-4.127094268798828236e-01
1.646514587402343688e+00
-1.312982940673828036e-01
-3.110879135131836004e-01
-8.528086853027343484e-01
nan
-1.041517734527587918e-01
-1.229324798583984357e+00
-8.022143363952637107e-02
1.273285675048828169e+00
1.588795280456543058e-01
9.732321929931641025e-01
2.464272880554199130e-01
6.817916107177733887e-01
-1.087669372558593750e+00
-1.012051391601562489e-01
7.420127868652344194e-01
-2.248862028121948256e-02
6.400701904296874911e-01
nan
nan
nan
nan
-3.183249092102050648e-01
-4.034481811523437655e-01
-9.808622741699218883e-01
-4.644922256469726785e-01
2.927090072631836071e-01
-9.990158081054687500e-01
9.514299774169922008e-01
-4.358115386962890803e-01
-3.112845230102538885e-01
5.820542526245117143e-01
-1.035843963623046982e+00
1.231850738525390732e+00
1.043538589477539080e+00
-1.576596641540527477e-01
nan
-7.724595642089844283e-01
5.425225830078125311e-01
-5.155184936523437012e-01
9.882024383544921742e-01
1.652828598022461071e-01
-1.217894973754882759e+00
2.682019042968750155e-01
-4.561993789672851296e-01
1.847873306274414040e-01
5.868217086791992498e-01
1.514698982238769642e-01
-6.807812500000000044e-01
6.289917755126953613e-01
nan
nan
nan
nan
-3.350240707397461049e-01
3.058010101318359153e-01
6.562912750244140891e-01
1.627220153808593694e-01
5.077699661254882896e-02
9.107657623291015581e-01
1.174308013916015581e+00
2.878055191040039262e-01
-1.576625061035156206e+00
1.865600585937499944e-01
-2.437484359741211026e-01
4.938875961303710871e-01
-2.053113937377929743e-01
-6.330657196044922053e-01
nan
1.348272323608398493e-01
6.544284057617187900e-01
-1.548046588897705189e-01
5.975300216674804821e-01
2.613628005981445401e-01
-2.781839752197265425e-01
-5.265335464477538530e-01
-9.691638946533202847e-02
-1.064598007202148366e+00
2.264747428894043069e-01
-5.558231735229491877e-01
-1.145650405883789080e+00
-5.761088943481444957e-01
nan
nan
nan
nan
9.766481399536132424e-02
5.965710067749023793e-01
-2.416383361816406283e-01
-8.014225006103515847e-01
-2.418549156188964933e-01
-1.332627258300781214e+00
-6.403008270263671475e-01
-1.362863159179687478e-01
-8.245645904541015758e-01
4.575160598754882679e-01
2.909879684448242188e-01
1.281114482879638639e-01
-6.363753890991210582e-01
2.799833106994629173e-01
nan
-1.188099822998046839e+00
-1.433790111541748125e-01
-1.197692489624023526e+00
1.302360839843750062e+00
-5.051545333862305087e-01
2.159538078308105569e-01
-1.688096809387207020e-01
4.156521606445312544e-01
4.287905502319335760e-01
9.620924377441406605e-01
6.688061523437499600e-01
4.946329879760742454e-01
9.053775024414062456e-01
nan
nan
nan
nan
4.910630416870117032e-01
-2.737263488769531294e-01
4.877819824218749822e-01
-4.115948486328124822e-01
3.329535293579101718e-01
-7.347422790527343706e-01
4.549640655517578347e-01
-2.349021148681640636e-01
9.244100189208984686e-01
6.966502380371093484e-01
-1.110637855529785223e-01
-6.958723449707031605e-01
1.597543640136718679e+00
-2.024601221084594560e-02
nan
1.138504943847656214e+00
3.487430572509765403e-01
5.580562591552734597e-01
8.030775934457779202e-05
7.735917663574218839e-01
1.292117614746093768e+00
-2.005741882324218739e-01
-1.429542303085327114e-02
-1.580443477630615323e-01
-1.369803466796875036e+00
-1.643997039794921955e+00
-3.972629165649413929e-01
-1.009754943847656294e+00
nan
nan
