nan
nan
9.927880096435547363e-01
3.194621849060058638e-01
4.098149108886718905e-01
2.514526939392089933e-01
2.726403427124023393e-01
1.213381958007812567e-01
9.803011322021484286e-01
-4.606053543090820046e-01
-1.004599227905273340e+00
-1.569456329345703116e+00
-2.549404907226562322e-01
2.202369880676269542e-01
1.753975296020507946e-01
9.621324157714843395e-01
nan
-9.928423881530762385e-02
1.338235168457031277e+00
5.096186161041259960e-02
-8.250967025756836271e-02
-4.214459991455077881e-01
2.470420074462890692e-01
-1.054188766479492223e+00
-5.998587799072265803e-01
-6.851572513580322932e-02
-2.132802009582519531e-01
5.109724807739257635e-01
-7.312184906005859686e-01
-6.924870300292969016e-01
nan
nan
nan
nan
-1.414131774902343652e+00
-2.221087455749511663e-01
-3.106518173217773238e-01
1.263310470581054723e+00
-6.287345123291016025e-01
8.707241821289062322e-01
-9.445234680175781383e-01
-2.892265701293945113e-01
-1.240281677246093811e-01
2.545282173156738215e-01
4.099102973937988198e-02
-2.313128852844238414e-01
-6.560284423828125488e-01
-2.125012397766113392e-01
nan
5.717796325683593972e-01
-1.746417808532714777e-01
9.990373229980469283e-01
7.833726501464843839e-01
2.918874931335448952e-01
7.269158172607421697e-01
-1.877147216796875018e+00
7.838980197906493530e-02
5.795258331298828169e-01
9.314212036132812900e-01
9.386334228515624822e-01
9.737515258789062322e-01
-2.377556610107421919e-01
nan
nan
nan
nan
-7.820280456542968439e-01
-2.565044021606445179e-01
-3.276282119750976718e-01
-7.628980255126953658e-01
6.378614425659179243e-02
-1.175160446166992223e+00
-1.064584274291992205e+00
-6.685888671874999911e-01
-1.261660690307617294e+00
-1.497156219482421946e+00
-5.785799980163574413e-02
-7.128515625000000355e-01
-5.663544845581054421e-01
4.869329071044921631e-01
nan
-2.187139701843261730e-01
-1.026716766357421928e+00
-1.499662780761718828e-01
-2.903861284255981542e-02
-3.689736175537109419e-01
2.251797866821289018e-01
3.335654830932617276e-01
-1.086556701660156277e+00
-3.328757858276367165e-01
9.891305541992188033e-01
6.511560058593750533e-01
-5.812631225585938033e-01
2.513697052001953036e-01
nan
nan
nan
nan
-5.737862777709961115e-01
-7.987768173217774104e-02
2.908646011352539196e-01
5.227333068847656028e-01
3.445114517211914085e-01
-4.155066299438476829e-01
-1.670608329772949319e-01
1.165633964538574235e-01
2.931165122985839866e-01
1.547574768066406259e+00
-3.417671585083008057e-01
1.608157920837402222e-01
-2.680020141601562322e-01
-4.481836318969726340e-01
nan
3.737120437622070135e-01
-3.720991897583008079e-01
1.506772041320800781e-01
5.479933166503906383e-01
-1.248976669311523402e+00
9.609273529052734242e-01
3.246596145629883079e-01
2.489773368835449252e-01
-5.970400238037109064e-01
1.356304779052734277e+00
-2.200428199768066362e-01
7.822608184814453525e-01
-7.390869903564453169e-01
nan
nan
nan
nan
-4.029537582397461071e-01
-7.864207267761230691e-02
2.225303649902343750e-01
-1.963438987731933594e-01
1.090010528564453018e+00
-2.060686349868774345e-02
1.846795959472656179e+00
1.564567947387695279e-01
-3.068908214569091714e-02
-2.072949790954589921e-01
-1.750489425659179643e-01
-6.274551868438721369e-02
-2.463061714172363192e-01
1.028299407958984446e+00
nan
-5.924180221557616699e-01
7.160173034667969283e-01
1.052380084991455106e-01
-1.118278656005859295e+00
6.701467895507812189e-01
-5.420748901367187234e-01
-1.329187011718750089e+00
-4.638270568847656095e-01
3.190086936950683461e-01
-1.209628677368164151e+00
-8.374412536621094194e-01
-1.594668960571289096e-01
-3.608202362060546897e-01
nan
nan
nan
nan
2.762567901611328036e-01
3.041625404357909956e-01
-1.053921203613281232e+00
1.302136077880859277e+00
4.231821441650390758e-01
5.127654266357422053e-01
-4.427573776245117276e-01
3.454652786254882590e-01
-1.248716201782226642e+00
-1.267014408111572232e-01
2.008971595764160178e-01
-1.287354736328125027e+00
4.323843383789062744e-01
-1.918152427673339711e-01
nan
-1.860733604431152322e-01
-4.334217071533202903e-01
3.867292404174804688e-01
1.090575218200683649e-01
-2.124177694320678739e-02
1.428937053680419955e-01
-4.224289321899414307e-01
7.971577453613281072e-01
-2.752132797241210738e-01
9.663258361816405850e-01
-3.663272857666015625e-01
2.949161720275879084e-01
-7.545879364013672319e-01
nan
nan
nan
nan
-8.319194030761718484e-01
8.861291503906250089e-01
-1.993507537841796795e+00
-1.693967590332031259e+00
3.587194824218750133e-01
4.715081024169922030e-01
1.971242141723632824e-01
8.660879516601562855e-01
1.245461120605468652e+00
-5.331999588012695801e-01
1.191184163093566943e-02
-6.079190444946288574e-01
-1.280043334960937473e+00
8.722180938720702770e-01
nan
-1.348126525878906357e+00
3.272248458862304643e-01
-1.193348770141601456e+00
7.142665863037109819e-01
3.331339263916015536e-01
-9.824989318847655861e-02
-6.698545837402343217e-01
1.852802085876464888e-01
3.871110153198242254e-01
9.736796569824218706e-01
7.273421478271484553e-01
-3.054818344116210782e-01
-5.940991973876953436e-01
nan
nan
nan
nan
-3.693702316284179776e-01
-1.200203323364257835e-01
1.060529937744140616e+00
2.810678958892822224e-02
-3.681712722778320290e-01
1.186248931884765545e+00
-1.673832130432128806e-01
1.074776268005371155e-01
-4.740797424316406383e-01
6.643560791015624689e-01
2.869921874999999956e-01
5.926476669311523393e-01
1.920440864562988348e-01
-1.329295730590820401e-01
nan
9.285746002197265980e-01
3.809157180786132968e-01
-9.100826263427734542e-02
-2.114894390106201311e-02
1.063696765899658225e-01
7.746003723144531117e-01
-4.180347442626953375e-02
-2.962910842895507546e-01
-5.249686717987060713e-02
3.463094329833984464e-01
-5.833288192749023215e-01
1.086965751647949174e-01
-2.400488853454589844e-01
nan
nan
nan
nan
6.924559593200683982e-02
7.452292633056640803e-01
1.148970413208007801e-01
8.631404876708984597e-01
-1.494877166748046937e+00
-3.769349670410156450e-01
-2.821302986145019509e-01
-4.545948410034179599e-01
3.480582427978515803e-01
5.769834041595459095e-02
1.310612182617187482e+00
4.163149261474609619e-01
8.848811340332031206e-01
-7.143339157104491854e-02
nan
-4.786863708496093550e-01
-1.059765625000000044e+00
-6.184528732299804377e-01
-1.361226654052734297e-01
8.403610992431640447e-01
4.294015884399414174e-01
-7.059336853027343706e-01
5.304933166503906783e-01
-1.081058731079101554e+00
6.998120784759521984e-02
-3.249153518676757835e-01
1.402722625732421902e+00
9.250013732910156161e-01
nan
nan
nan
nan
7.094864654541015447e-01
-9.295536041259765403e-01
1.505889129638671997e-01
-9.131251525878906206e-01
1.749058532714843628e-01
-7.960591125488281072e-01
-4.946156024932861495e-02
-5.286320209503173745e-02
5.725241851806640581e-01
3.007198715209961071e-01
1.384134483337402244e-01
-7.059974670410156250e-01
2.007579040527343928e+00
-2.389772796630859342e-01
nan
3.143895912170410201e-01
-5.769218444824218694e-02
4.976897811889648415e-01
-4.894734573364257768e-01
-9.677140808105468839e-01
-2.837949752807616965e-01
-6.933825683593749512e-01
7.002591705322265270e-01
-1.870087585449218714e+00
1.521694946289062544e+00
2.837669754028320224e-01
8.551031494140625133e-01
-2.372546195983886719e-01
nan
nan
nan
nan
-3.249701309204101607e-01
1.478556919097900324e-01
-9.506870269775390403e-01
-1.096359634399413974e+00
5.750549793243408397e-02
-6.029652118682861384e-02
3.451028823852538840e-01
-1.565872859954834106e-01
-6.219144821166991965e-01
3.082837104797363503e-01
1.276390075683593750e+00
8.828160858154296964e-01
2.759376144409179665e-01
-7.517671966552734730e-01
nan
1.009050140380859384e+00
5.226389694213867676e-01
3.107075119018554710e-01
3.236386108398437433e-01
6.595310974121093572e-01
3.666416168212890403e-01
-8.759204864501952681e-01
6.305743408203124956e-01
5.357044219970703569e-01
-7.265529632568359410e-03
-1.109525775909423889e-01
-6.306311416625977051e-01
1.416145443916320794e-02
nan
nan
nan
nan
5.630334854125976785e-01
-7.353268432617187100e-01
-6.806984710693358975e-01
-1.203729019165039160e+00
1.747866821289062456e-01
9.201383972167969105e-01
3.105838012695312234e-01
1.971274948120117221e-01
8.795346069335937544e-01
1.008601531982421973e+00
-2.797661399841308572e-01
-3.090621566772460693e-01
2.200038719177246083e-01
3.023672103881835938e-01
nan
5.955885314941405939e-01
-9.953823852539062100e-01
9.293711090087890536e-01
3.631229019165039262e-01
-3.433039474487304954e-01
-9.596812438964843484e-01
-1.595759963989257790e-01
1.320839080810546795e+00
-5.180224227905273482e-01
-2.567966842651367432e-01
-2.910749816894531161e-01
7.415260314941406472e-01
1.420888233184814387e-01
nan
nan
nan
nan
2.934910774230957142e-01
3.719386291503906095e-01
-5.389142227172851740e-01
3.186727142333984353e-01
1.566533660888671964e+00
9.360758972167968484e-01
1.045081176757812536e+00
-8.626104736328125133e-01
-1.216530418395996155e-01
-1.083867721557617125e+00
8.168105125427245483e-02
-2.778477668762207031e-01
-4.726534271240234175e-01
6.887014770507812189e-01
nan
-1.914542388916015692e-01
-8.388665771484374867e-01
-2.569217491149902166e-01
-2.879728507995605313e-01
5.162524795532226207e-01
1.292611999511718679e+00
1.090046997070312607e+00
-5.213832855224609375e-02
-1.100692825317382884e+00
-9.070700836181641025e-01
-4.489153289794922119e-01
1.443289337158203178e+00
3.962726211547851762e-01
nan
nan
nan
nan
-3.744458556175231725e-03
7.439516448974609064e-01
1.752583160400390527e+00
-3.332346343994140869e-01
-2.363363075256347534e-01
1.893026885986328178e+00
-2.158344268798828014e-01
9.823143005371093306e-02
-5.125155258178710760e-01
-9.136663818359375133e-01
6.567575836181640536e-01
1.016083145141601474e+00
-4.043149185180663907e-01
-4.453964614868163863e-01
nan
-4.668153762817383035e-01
-2.599714660644531494e-01
-1.312921752929687491e+00
-2.523385286331176688e-02
7.983487701416015492e-01
4.211797332763672075e-01
8.504654884338379295e-02
2.099282073974609308e-01
5.174463272094726590e-02
-1.698040771484375100e-01
-2.047852897644042991e-01
-6.869438171386719194e-01
-6.020821094512939647e-02
nan
nan
nan
nan
1.480823822021484437e+00
1.260238723754882884e+00
6.577880859375000444e-01
8.692068481445311967e-01
-5.050804138183593306e-01
-4.485305023193359442e-01
-7.816339874267578258e-01
4.618169403076171631e-01
8.032675170898437855e-01
8.781966400146484775e-01
6.330334854125976296e-01
-2.884608650207519664e-01
8.073426818847656561e-01
-2.206789588928222690e-01
nan
-2.490431213378906383e-01
-9.523126602172851674e-02
-6.722720146179199385e-02
8.065342903137207031e-02
-5.028519058227538530e-01
-4.031278228759765381e-01
-4.422174453735351340e-01
-5.185702514648437012e-01
-2.721424293518066584e-01
-9.732978820800781694e-01
-3.646424484252929754e-01
2.698590040206909346e-02
-8.313712310791016025e-01
nan
nan
nan
nan
6.761789321899414062e-02
-3.149076080322265603e-01
-8.941168975830078303e-01
-1.995481719970703116e+00
-5.359111785888671653e-01
-5.210987854003906738e-01
6.306578826904296609e-01
2.578933525085449485e-01
-2.355513572692871094e-01
4.570428085327148393e-01
-1.965829277038574352e-01
-5.380004882812500222e-01
-9.348511505126952947e-01
6.734711527824402237e-03
nan
2.639967918395996205e-01
5.131217956542968306e-01
-6.231144714355468794e-01
1.030521583557128945e-01
5.559246063232421431e-01
4.514368057250976451e-01
-1.803796005249023449e-01
-7.758446216583252120e-02
-7.856143188476562012e-01
1.183139801025390625e+00
5.891028213500976163e-01
4.134217834472656006e-01
-6.829123497009277621e-02
nan
nan
nan
nan
5.960423660278320046e-01
4.083702087402343861e-01
-5.426400661468505637e-02
-5.051183700561523438e-01
-1.211744213104248014e-01
-6.882971191406249689e-01
8.875648498535155806e-01
4.568324279785156428e-01
7.967724609374999822e-01
7.766301727294921964e-01
5.876991271972655806e-01
4.822624588012695557e-01
-3.149996948242187456e-01
-4.706567382812499867e-01
nan
1.738239288330078181e-01
5.729456329345703480e-01
-7.610935211181640847e-01
7.203170776367187056e-01
2.764414405822753773e-01
-2.335707283020019565e-01
5.367897033691406694e-01
6.028561401367187322e-01
-2.383646392822265647e-01
2.186874008178710804e-01
2.273824501037597645e-01
3.783849954605102844e-02
6.721104431152343794e-01
nan
nan
nan
nan
1.154225349426269559e-01
1.736829376220703214e-01
-2.373166084289550781e-01
-4.364648342132568248e-02
-4.035304260253906317e-01
5.204429626464843750e-01
2.602164649963378817e-01
-9.566477966308594150e-01
-1.242448577880859384e+00
-5.385835266113281339e-01
1.656318511962890705e+00
1.428347473144531143e+00
3.931434631347656139e-01
2.422055625915527366e-01
nan
-3.222809982299804643e-01
-7.108292388916015447e-01
2.989136123657226696e-01
-2.317774009704589855e-01
-9.762864685058594283e-01
7.144673156738281516e-01
-6.744116210937499689e-01
5.638512372970580673e-03
3.249712753295898593e-01
-5.671840286254883345e-01
1.258167648315429599e+00
6.868571472167969150e-01
1.998334503173828103e-01
nan
nan
nan
nan
2.423681259155273382e-01
-1.050583801269531214e+00
-2.047739982604980524e-01
2.036752166748046822e+00
3.384132003784179887e-01
-3.635161590576171942e-01
-1.251393604278564498e-01
2.880517959594726674e-01
3.257978820800781494e-01
-2.430155944824218817e-01
3.479012680053710782e-01
1.104218769073486289e-01
2.917700195312499800e-01
7.015213775634765447e-01
nan
1.261298904418945321e+00
-9.847672271728515891e-01
-8.688976287841796431e-01
5.660757827758788885e-01
-6.214828491210937500e-01
5.575260162353515847e-01
-5.917582702636718928e-01
-9.380478668212890447e-01
-6.860980987548828125e-01
-3.096500873565673911e-02
1.114379882812500000e+00
-4.623053359985351829e-01
2.909203529357909934e-01
nan
nan
nan
nan
5.667344284057617143e-01
-1.544311141967773526e-01
-1.820686912536620961e-01
-2.523349761962890847e-01
-4.192807769775390714e-01
3.015782928466796964e-01
-8.319258880615234553e-01
-3.640382385253906339e-01
1.709992790222167880e-01
-9.543342590332031250e-01
-3.081667137145995827e-01
-6.175774002075195002e-01
-1.189008941650390616e+00
-6.640840911865234508e-01
nan
-1.077947158813476580e+00
1.684250640869140725e-01
7.079351425170898882e-02
4.160958480834960893e-01
1.295640277862548928e-01
1.762352561950683572e-01
4.831908035278320579e-01
8.623527526855468972e-01
4.570478057861327992e-01
-1.229669647216796946e+00
5.269833374023437100e-01
5.915176773071288974e-01
1.079494400024413991e+00
nan
nan
nan
nan
-1.748144989013671768e+00
7.876847267150878518e-02
1.553662567138671902e+00
6.448107910156249956e-01
4.670017623901367432e-01
-8.631935882568358975e-01
6.912525939941406294e-01
-8.111980438232422319e-01
-6.396677780151367454e-01
-8.168048858642578125e-01
-2.984363746643066140e-01
4.639603042602539196e-01
-1.546713542938232544e-01
-2.464764118194580009e-02
nan
1.123748779296875056e-01
1.520773887634277455e-01
5.176168060302734908e-01
5.552807998657226518e-01
7.237515258789062322e-01
-2.183545494079589810e-01
-1.742843780517578045e+00
-1.278187847137451094e-01
5.499287033081055043e-01
1.901709175109863315e-01
5.034849929809570579e-01
-3.169545936584472479e-01
-7.504250335693359863e-01
nan
nan
nan
nan
-1.570386505126953214e+00
6.477448272705078613e-01
-1.546577262878418013e-01
2.922520256042480669e-01
-4.123487091064453325e-01
2.607832670211791826e-02
8.577655792236328347e-01
2.039385223388671953e-01
-1.178276901245117081e+00
-6.467858886718750311e-01
1.710889053344726574e-01
-7.404914855957031028e-01
6.259471893310546431e-01
1.081141433715820277e+00
nan
6.544391632080077681e-01
-1.017549285888671884e+00
-5.709525680541992498e-01
-1.014437179565429670e+00
-5.540873336791992676e-01
-9.522997856140136275e-02
-1.062840652465820268e+00
-3.910845184326172119e-01
-2.102808380126953147e-01
9.059246826171875044e-01
1.572330627441406170e+00
-9.204683685302734730e-01
4.542849349975586204e-01
nan
nan
nan
nan
1.441446018218994207e-01
-1.464571094512939486e-01
4.529749679565429621e-01
7.386490631103516113e-01
3.132993507385253840e-01
-1.988135910034179721e-01
-3.289972686767578258e-01
2.723855781555175604e-01
2.510246658325195335e-01
1.117785568237304794e+00
1.117394256591796864e-01
7.288384246826171697e-01
-4.466930007934570290e-01
1.090136718749999956e+00
nan
2.716898345947265647e-01
3.993298721313476296e-01
6.662055206298828081e-01
-1.669264373779296928e+00
2.914193916320800826e-01
1.534605312347412098e-01
8.050093841552734553e-01
5.790213012695312189e-01
9.327337646484374911e-01
1.654147148132324163e-01
-6.977672576904296875e-01
-1.364776763916015545e+00
5.279026794433593350e-01
nan
nan
nan
nan
2.255477333068847678e-01
6.353511810302733820e-02
-8.551664352416991910e-02
9.931886291503906339e-01
-1.106560897827148393e+00
3.660152053833007901e-01
1.150655288696289080e+00
2.477015113830566273e-01
-4.564616012573242121e-01
9.921504211425781206e-01
-4.355793762207031405e-01
1.416755962371826216e-01
-2.746449851989746227e-01
-9.112548828125000000e-01
nan
-2.013229942321777266e-01
3.194571876525879039e-01
1.013690643310546813e+00
-6.878737640380859775e-01
9.112566375732421564e-01
8.601149320602416784e-03
-3.314673995971679776e-01
-4.507241249084472517e-02
2.261587333679199174e-01
1.076167755126953063e+00
-8.305275917053223100e-02
3.845816040039062300e-01
-1.057629585266113212e-02
nan
nan
