nan
nan
3.941614532470703036e-01
7.589270019531250133e-01
5.024363708496093484e-01
-4.161178588867187611e-01
3.498901367187500222e-01
3.087687110900879106e-01
-1.756457519531250122e-01
1.399927616119384655e-01
1.512183785438537577e-02
6.600244903564452814e-01
-5.128742980957031738e-01
1.267127380371093848e+00
-7.495233154296875311e-01
-1.017985382080078161e+00
nan
9.319776535034179910e-02
-1.147391128540039107e+00
-1.493677520751953036e+00
-1.278009128570556652e-01
8.989850997924804521e-02
3.231508636474609286e-01
7.978351593017578569e-01
-2.655146598815917858e-01
-6.570625305175781250e-01
-2.963100051879882790e-01
-3.505925750732422075e-01
1.657628059387206976e-01
-2.773291206359863037e-01
nan
nan
nan
nan
-4.219265747070312655e-01
2.286552429199218694e-01
-4.258693218231201366e-02
-8.374476623535156428e-01
1.131484909057617116e+00
1.110032653808593756e-01
-1.951403808593749900e-01
-2.401777744293212905e-02
-3.222924423217773393e-01
-5.193075180053711160e-01
-6.901606750488281650e-01
-9.877407073974608931e-02
-1.784854125976562456e+00
1.501353912353515563e+00
nan
-1.926510453224182171e-02
-7.532945251464844283e-01
3.937189865112304954e-01
8.562679290771484375e-01
-1.240628509521484402e+00
-8.280289459228515891e-01
-5.423356628417969061e-01
-2.336186408996581906e-02
2.572758102416992099e-01
4.780617141723632613e-01
9.740065574645996593e-02
5.675821685791015980e-01
-2.846901512145996183e-01
nan
nan
nan
nan
3.934580993652343484e-01
-5.875549697875976918e-01
-8.265897369384765936e-01
-6.395469665527343806e-02
-6.745506286621093528e-01
-7.813443756103515270e-01
-6.102654266357422363e-01
-6.793331146240234597e-01
1.733240509033203147e-01
6.649802207946776955e-02
-1.114375534057617134e+00
-1.450330352783203214e+00
7.698713684082031383e-01
-1.248187303543090744e-02
nan
1.929121398925781161e+00
6.494615936279296564e-01
-2.088961410522461037e-01
-2.290560722351074330e-01
-5.084036636352539107e-01
9.275226593017578125e-01
2.032960700988769576e-01
-7.526569843292235662e-02
6.705725097656249911e-01
5.965189456939697099e-02
2.060132217407226463e-01
3.471183538436889426e-02
1.374626159667968750e-01
nan
nan
nan
nan
9.604965972900391113e-01
-4.819592285156250044e-01
2.200483894348144454e-01
-2.045622253417968828e-01
-1.607839584350586049e-01
3.964812850952148526e-01
-9.556202697753906072e-01
2.705794274806976301e-03
9.334960937499999778e-01
-6.762581634521483975e-01
-6.096722793579101296e-01
-1.026266098022460938e+00
-8.669885253906249867e-01
8.427030944824218661e-01
nan
-4.449066162109375222e-01
-5.289391708374023837e-01
8.062493133544922363e-01
6.222835922241211071e-01
-1.217206478118896540e-01
6.424417877197265980e-01
-8.041177368164063033e-01
2.755615425109863015e-01
8.691886138916015137e-01
5.971432495117187100e-01
-4.981531524658203147e-01
-4.948376083374023682e-01
-3.477650451660156405e-01
nan
nan
nan
nan
-1.214038848876953125e+00
-7.291983032226562189e-01
1.469267883300781286e+00
4.740114593505859175e-01
-2.425878906249999967e-01
-9.769115447998046875e-01
-2.006618690490722667e-01
-7.931118488311766912e-02
2.654927825927734242e-01
9.183076477050781117e-01
-1.802323913574218617e-01
-6.262186431884765314e-01
1.545175647735595736e-01
5.522371673583984508e-01
nan
-4.664163970947265425e-01
-2.740513086318969657e-02
2.974851608276367076e-01
3.580307769775390447e-01
-4.850961303710937256e-01
2.540219116210937766e-01
-8.961410522460937500e-01
-2.289249420166015736e-01
-6.781190490722656117e-01
-9.101785659790039007e-02
-2.835049057006835960e-01
5.031013107299804332e-01
2.345651054382324185e-01
nan
nan
nan
nan
-2.387831115722656161e-01
5.263623046875000044e-01
2.094782562255859570e+00
-9.847189331054687633e-01
1.416152572631835804e-01
-6.875112152099609464e-01
6.212450790405273926e-01
-2.870459747314453303e-01
-8.498683929443359153e-01
3.681748580932617254e-01
-6.708709716796874556e-01
-1.501420898437499929e+00
5.602975845336913840e-01
-4.588802337646484264e-01
nan
-2.248260688781738292e-01
-2.606332778930663951e-01
4.711413955688476540e-01
6.548821258544922363e-01
-7.891724586486816018e-02
8.944190216064452637e-01
1.051966857910156206e+00
-3.577931976318359242e-01
4.704150390624999845e-01
-1.664609146118164185e-01
-4.633485794067382924e-01
2.981404304504394753e-01
-4.157160568237304732e-01
nan
nan
nan
nan
6.075953960418701422e-02
-1.002098388671875062e+00
4.446480941772461004e-01
-8.838646697998047141e-01
-2.890661621093750244e-01
-1.885589599609374944e-01
-6.700660705566405806e-01
-3.884622573852539174e-01
2.042259693145751995e-02
-4.797908020019531206e-01
-6.483205413818359242e-01
1.215833358764648375e+00
-6.103541946411132901e-01
1.371004962921142656e-01
nan
-5.327930831909180043e-01
-1.478650665283203214e+00
1.530677642822265705e+00
6.072019577026367410e-01
-1.096365280151367250e+00
1.862878036499023560e-01
-2.186916351318359264e-01
2.723207473754882812e-01
-9.416705322265624956e-01
-4.387819290161132924e-01
-3.716303634643554621e-01
-2.092236518859863156e-02
-1.350786743164062553e+00
nan
nan
nan
nan
-1.753005218505859497e-01
1.167510070800781286e+00
-3.365713500976562633e-01
3.962230682373046875e-01
4.561257934570312478e-01
7.997383117675781194e-02
-6.322449111938476252e-01
-9.622123718261718639e-02
1.296865234375000009e+00
-9.318375396728515447e-01
7.787585449218750178e-01
-1.239372787475585991e+00
3.815613555908203280e-01
-3.375943756103515492e-01
nan
4.031560516357421964e-01
8.405888366699219016e-01
-1.084368515014648482e+00
1.431400604248046937e+00
1.041715011596679785e+00
-1.089742736816406321e+00
-9.602246284484863836e-02
5.838970661163329912e-02
-8.670821189880370539e-02
-9.206549835205077859e-01
1.856585884094238414e-01
4.165475082397460671e-01
4.620925521850585693e-01
nan
nan
nan
nan
-9.627821350097656161e-01
-5.165576553344726207e-01
-8.008467864990234109e-01
2.446313476562499978e-01
3.646167373657226429e-01
9.130446624755859109e-01
-6.727716827392578036e-01
9.014760851860046179e-03
2.197797584533691395e-01
1.338323516845703054e+00
5.852675914764404047e-02
4.992932796478271457e-02
-1.243656463623046937e+00
1.682573890686035190e-01
nan
9.190000915527343217e-01
8.813141632080078169e-01
2.640710639953613437e-01
-7.608053588867187411e-01
3.345184326171875000e-01
-5.046236419677734286e-01
6.899562835693359708e-02
4.645066261291504184e-02
1.772608642578124893e+00
-1.391314544677734411e+00
1.262165832519531183e-01
-1.206942138671875053e+00
-8.848253631591797008e-01
nan
nan
nan
nan
1.512845153808593857e+00
4.218866348266601674e-01
4.885791778564453347e-01
-9.138389587402344361e-02
-1.191785812377929688e+00
-9.477052307128905895e-01
6.010055160522460582e-01
9.356024932861327637e-01
-3.208602523803710804e-01
7.599330902099609153e-01
5.837421035766601207e-01
2.488602638244628851e-01
-1.060634613037109326e-02
-3.421498107910156405e-01
nan
4.194625473022460804e-01
-1.267946853637695215e+00
-1.753901672363281372e-01
-1.183679351806640634e+00
3.622256517410278598e-02
3.521316528320312389e-01
-1.462653446197509644e-01
-3.328516387939453036e-01
2.642424011230468661e-01
-1.074226379394531250e+00
-2.050290298461913963e-01
2.616668701171874778e-01
-1.035771560668945268e+00
nan
nan
nan
nan
-9.394418334960937811e-01
-1.656203155517578018e+00
5.139063262939452814e-01
8.054129028320312633e-01
-2.920036506652832209e-01
2.223061943054199241e-01
-2.949870872497558638e-01
2.345561599731445235e-01
6.468575286865234641e-01
4.009450149536132879e-01
8.549378204345703391e-01
2.909565925598144309e-01
-8.240438079833984908e-01
-7.938477325439453613e-01
nan
-1.070276565551757875e+00
-1.940260162353515616e+00
9.789260101318358887e-01
-1.195564880371093652e+00
7.611527442932129219e-03
-6.478403472900390314e-01
9.812321472167968572e-01
-5.725648880004882701e-02
-1.895982818603515696e+00
-3.390344381332397600e-02
1.481679439544677720e-02
-6.029114151000976030e-01
-3.351753234863281139e-01
nan
nan
nan
nan
8.460054779052734730e-01
-5.888568115234374956e-01
5.158023834228515903e-02
-1.007696380615234366e+00
-8.055802917480469061e-01
3.011002540588379045e-02
6.394181442260742365e-01
-6.626153564453125533e-01
-4.632299041748046964e-01
-1.469098663330078158e-01
2.344096755981445179e-01
8.984874725341797097e-01
-9.498612976074218839e-01
-2.064816093444824252e-01
nan
-2.722798347473144309e-01
-2.601431846618652566e-01
-5.664420127868652344e-02
8.885699462890624956e-01
-7.284084320068359153e-01
-8.449090576171874867e-01
-3.570190811157226696e-01
3.062601089477539062e-01
1.379474487304687580e+00
-1.178744583129882839e+00
6.244729614257812367e-01
-2.469776344299316473e-01
7.393804931640625133e-01
nan
nan
nan
nan
4.333869934082031361e-01
8.028967285156249911e-01
3.066997146606445512e-01
-1.543148956298828089e+00
-3.017785644531250089e-01
-7.955078887939452947e-01
-8.729218292236328169e-01
-1.132828216552734357e+00
-2.281127166748046775e-01
-3.208126449584960960e-01
-7.417781829833984819e-01
-1.020151519775390619e-01
6.153984832763671475e-01
-7.997069549560547053e-01
nan
4.930265045166015714e-01
-1.202357254028320277e+00
1.382728862762451216e-01
-8.694571495056152566e-02
-7.530643463134765181e-01
-1.690032768249511708e-01
-5.104131698608398160e-02
8.210482788085937678e-01
-4.833787155151367254e-01
3.394783782958984419e-01
6.781958770751953525e-01
1.115795898437500044e+00
-5.239884948730468839e-01
nan
nan
nan
nan
8.503394317626953303e-01
-3.848116683959961204e-01
-6.696123504638671342e-01
-8.486421203613281339e-01
-2.675926399230956765e-01
-3.516372299194335804e-01
6.729942798614502175e-02
-1.003405838012695339e+00
3.360801696777343528e-01
-4.708124542236328258e-01
-1.242247085571289045e+00
-4.233011627197265647e-01
-2.810918426513671631e-01
1.220199966430663974e+00
nan
6.665317535400390181e-01
-8.346416473388671431e-01
5.711414718627929599e-01
1.049229335784912093e-01
-1.186158142089843714e+00
-2.898550033569335938e-01
-5.443462371826171542e-02
5.448419094085693581e-02
-5.475708770751953613e-01
-7.611585235595703658e-01
-3.751949310302734458e-02
-6.466054534912109020e-01
9.270259857177733931e-01
nan
nan
nan
nan
-4.010016441345214816e-02
3.568378067016601540e-01
-4.645131683349609242e-01
-1.253724441528320410e+00
1.706211700439453027e+00
-9.066735076904296475e-01
7.820133209228515847e-01
3.242996597290039307e-01
3.951650238037109353e-01
1.338579711914062553e+00
-4.412527465820312300e-01
-2.447790527343750022e-01
-2.570612335205078036e-01
5.795445632934570490e-01
nan
-2.226479721069336004e-01
9.475654602050781472e-01
2.997387123107910223e-01
6.111989974975585993e-02
3.940562486648559876e-02
-1.103525543212890536e+00
-1.089479980468750053e+00
2.602417182922363015e-01
1.543869113922119174e-01
2.869243049621582053e-01
-1.324711151123046937e+00
-8.252538299560546742e-01
-4.458494949340820468e-01
nan
nan
nan
nan
-4.433263778686523660e-01
-8.875309753417969238e-01
-6.406558227539062012e-01
-6.272574615478515581e-01
-2.700889205932617276e-01
-2.400768852233886586e-01
7.228932189941406072e-01
-1.164055023193359295e+00
-7.401544189453125311e-01
-3.423583984374999889e-01
1.648961830139160090e-01
3.903274917602538863e-01
-1.412682151794433516e-01
-9.589286041259765803e-01
nan
-1.551689300537109295e+00
2.051604843139648304e-01
1.698810195922851596e-01
5.544522857666015492e-01
2.492781448364257690e-01
-2.439517211914062622e-01
9.369874572753906783e-01
-3.911006212234496848e-02
-2.637047195434570335e-01
-6.878991699218750533e-01
3.106249999999999845e-01
-6.948524475097656028e-01
-6.639916229248047363e-01
nan
nan
nan
nan
-2.250891113281249911e+00
4.164944076538085738e-01
7.908803558349609686e-01
2.821439552307128951e-01
1.098601989746093688e+00
1.270707511901855435e-01
1.444456634521484428e+00
3.361850738525390403e-01
-1.016060256958007724e+00
-9.920086669921874822e-01
-9.677627563476562389e-02
-6.040827178955078258e-01
-2.955547904968261475e-01
-3.176218414306640758e-01
nan
5.618595123291015847e-01
1.068019638061523446e+00
-1.402454566955566306e-01
-7.128825378417968928e-01
-4.411271667480468617e-01
-3.993821334838867365e-01
-9.493872070312500133e-01
-5.746271896362304954e-01
-4.243558120727539129e-01
-1.726981735229492221e-01
5.939248085021972545e-02
-2.075492858886718861e-01
-1.143970642089843670e+00
nan
nan
nan
nan
-3.381820297241210915e-01
-2.040864372253418102e-01
4.766472280025481865e-03
-1.107603378295898500e+00
7.754042053222656161e-01
-1.226752376556396462e-01
-1.257681121826171866e+00
-5.055699539184570490e-01
-1.214786834716796937e+00
-9.537278747558594061e-01
-4.541004180908203014e-01
1.438238372802734366e+00
-1.021184692382812509e+00
-5.005514144897460493e-01
nan
-6.851764678955077903e-01
-9.400316619873047008e-01
-6.091824722290039018e-01
5.463100814819336071e-01
-1.066988449096679670e+00
-2.968547248840331942e-01
1.387237930297851585e-01
1.088653373718261735e-01
-9.513633728027344194e-01
7.530923461914063033e-01
-5.017938995361328480e-01
1.437228851318359313e+00
-4.430837631225585938e-01
nan
nan
nan
nan
4.449276447296142412e-02
-4.435928344726562389e-01
-5.250353622436523260e-01
3.466339492797851363e-01
5.710027313232421964e-01
-6.218719482421875000e-01
9.942224884033202814e-01
6.458588409423827725e-01
2.685060691833496271e-01
-1.055554809570312447e+00
-6.957691669464111106e-02
5.742239761352538885e-01
-4.372125244140624978e-01
-3.692353725433349804e-02
nan
-7.467766571044921475e-01
-4.326057434082031250e-01
1.911681175231933483e-01
-4.390019226074218794e-01
-2.146984481811523571e-01
5.512702941894531694e-01
2.541671943664550737e-01
-6.034674048423767020e-03
-1.630238533020019615e-02
2.045923805236816440e-01
-3.163382339477538996e-01
-4.066371917724609375e-01
5.886228561401367354e-02
nan
nan
nan
nan
-5.762407684326171786e-01
1.251225509643554723e+00
-9.387203979492187988e-01
-1.846681060791015572e+00
-4.654384231567382790e-01
-1.656713409423828054e+00
-2.941905021667480247e-01
-1.332568511962890723e+00
-5.157612991333008212e-01
-3.520320510864257679e-01
-7.116127777099608975e-01
1.086607265472412098e-01
-6.605194854736328169e-01
6.539634704589843972e-01
nan
7.515007019042968528e-01
-5.478011703491211248e-01
4.502723693847656555e-02
5.412679672241210715e-01
-1.892793464660644520e-01
-9.029160499572753962e-02
-1.967618560791015714e-01
-3.450021362304687700e-01
7.455017089843749556e-01
5.837613677978515936e-01
5.085871124267578036e-01
-8.352130126953124512e-01
-7.966149139404297141e-01
nan
nan
nan
nan
4.944203567504882879e-01
-1.850042343139648438e-01
-1.999697875976562400e-01
-7.255885314941405984e-01
4.911600112915038840e-01
-6.260659027099609863e-01
-2.832249832153320157e-01
-1.224473476409912095e-02
-4.393875885009765891e-01
3.733796310424804532e-01
-4.115712642669677734e-02
1.253354835510253895e-01
5.759812927246094061e-01
-6.401783752441406738e-01
nan
-1.595721130371093643e+00
-1.086025161743163991e+00
1.173136138916015675e-01
-7.780738067626953303e-01
-7.079196929931640403e-01
-1.179060974121093786e+00
5.384680175781250133e-01
-7.107882690429687678e-01
-6.909254455566405939e-01
-1.074642410278320304e+00
1.695696067810058549e-01
-2.419207000732421786e-01
-3.883938980102539240e-01
nan
nan
nan
nan
-3.649546432495117121e-01
5.199517059326171919e-01
2.709880256652831831e-01
5.451430130004882857e-01
-7.198171234130859020e-01
-7.854156970977782537e-02
1.154523372650146512e-01
-9.774954223632812411e-01
6.898963451385498047e-02
-1.247723770141601518e+00
-5.659623336791992365e-01
-3.367528533935547075e-01
5.485879898071288618e-01
-5.878428268432617232e-01
nan
-8.478175354003906206e-01
-7.452310180664062367e-01
-1.194634914398193387e-01
2.800694084167480447e-01
1.445764465332031179e+00
1.038215637207031278e-01
7.602503967285155762e-01
-4.675904846191406006e-01
-6.107347869873046564e-01
3.117731857299804732e-01
-2.972108650207519465e-01
-4.740299224853515847e-01
-3.182012367248535090e-01
nan
nan
nan
nan
-8.183592987060547275e-01
-6.692285156249999645e-01
-4.171223068237304710e-01
-8.441788482666016113e-01
-1.943003463745117121e-01
-7.858265686035156294e-01
7.658255767822265137e-01
-4.489970684051513422e-02
-6.483510589599609242e-01
-1.629179687499999973e+00
2.244347763061523560e-01
-4.537669754028320068e-01
-9.463951110839843861e-02
-1.317796325683593839e+00
nan
-4.434669113159179776e-01
2.642116355895995916e-01
-5.196671676635742365e-01
8.374255180358886053e-02
-9.187309265136718583e-02
2.151380348205566284e-01
-1.416138305664062402e+00
-8.112783813476562855e-01
4.127071380615234264e-01
-1.528560352325439575e-01
-3.639343261718749889e-01
1.183822479248046955e+00
1.024698104858398517e+00
nan
nan
nan
nan
4.868114471435546625e-02
-1.547041606903076238e-01
-5.419190216064453391e-01
-3.033944702148437256e-01
7.362408447265624822e-01
-9.534143447875977062e-02
-6.593005180358886552e-02
-1.228007431030273544e+00
-1.003943939208984393e+00
-3.098036003112792924e-01
-4.333938598632812722e-01
-2.544072151184081920e-01
-2.483597755432128962e-01
-6.837733745574951782e-02
nan
-5.750134658813476074e-01
1.006152343749999956e+00
7.137322235107421697e-01
-4.156853675842284851e-02
-8.398563385009766291e-02
-4.609274268150329208e-03
9.966754150390625400e-01
-2.143710708618163929e-01
-2.333121299743652344e-01
-3.094361114501953391e-01
3.464194488525390581e-01
-1.240991668701171946e+00
-2.062818145751953158e-01
nan
nan
