nan
nan
1.144261550903320268e+00
2.502163887023926003e-01
1.334974365234375071e+00
5.708465576171875000e-01
-7.291802215576171919e-01
8.264332580566405850e-01
5.670970535278320179e-01
-8.153055572509765314e-01
-1.373994445800781339e+00
-4.832040405273437256e-01
-5.979388809204101429e-01
6.194865798950195401e-01
-2.003252410888671786e-01
1.248403644561767584e-01
nan
-2.249120330810546742e-01
8.900650787353515669e-01
9.940850257873534712e-02
-7.419467163085937678e-01
6.489259338378906561e-01
-4.206968688964843883e-01
1.304121093750000071e+00
-2.447466087341308716e-01
1.706219177246093732e+00
9.772900390625000044e-01
6.151625823974609109e-01
1.359042549133300803e-01
-2.077094268798828081e-01
nan
nan
nan
nan
-6.406937408447265225e-01
2.102848625183105502e-01
-4.013854217529296831e-01
-4.098588943481445424e-01
2.872100830078124778e-01
3.630134582519531361e-01
-5.608941555023193304e-02
-7.681655883789062500e-01
7.679610443115234553e-01
4.362892532348632835e-01
1.128028774261474604e-01
-1.710509681701660178e-01
1.314970855712890518e+00
1.281362056732177623e-01
nan
-4.497017860412597795e-02
6.387308502197265314e-01
5.703689956665038974e-01
7.489543151855468928e-01
4.208900451660155945e-02
-2.252972221374511808e-01
7.573657989501952903e-01
1.609838562011718821e+00
-4.021303939819336204e-01
-1.650250701904296902e+00
4.548251724243164151e-01
7.336219024658202637e-01
5.299135208129882590e-01
nan
nan
nan
nan
2.086591949462890838e+00
1.013573837280273393e+00
2.759050559997558438e-01
-1.426582489013671795e+00
-1.222196884155273500e+00
5.814761161804199441e-02
-6.220344161987304554e-01
3.039836883544921875e-01
-8.474816131591796919e-01
5.696488571166992143e-01
5.200126266479492276e-01
2.198152351379394631e-01
-4.624649524688720370e-02
4.693228149414062633e-01
nan
8.098310852050780717e-01
-6.202420425415039462e-01
-4.086825180053710871e-01
2.976042556762695246e-01
4.377896785736083707e-02
5.933262252807617321e-01
4.013685226440429771e-02
2.142327117919921864e-01
-8.003273963928222989e-02
2.459456634521484386e-01
-7.054355621337891069e-01
1.006851291656494091e-01
-1.586989440917968786e+00
nan
nan
nan
nan
1.244238662719726607e+00
-1.346334533691406321e+00
5.214926147460937633e-01
7.646768951416015314e-01
-8.875054359436035378e-02
-2.701670646667480580e-01
2.580112266540527388e-01
4.907621383666992410e-01
-7.746225357055663840e-02
6.383990859985351207e-01
-2.957789039611816162e-01
-1.584366416931152211e-01
1.201972579956054776e+00
1.202350497245788588e-02
nan
5.792888641357421542e-02
3.306633377075195446e-01
1.468321838378906286e+00
-1.268291854858398349e+00
-6.491731262207031117e-01
6.256628417968750355e-01
2.029962539672851562e-01
-1.232121734619140652e+00
-6.230434036254882679e-01
1.568636131286621216e-01
7.893099212646483842e-01
1.524197864532470803e-01
-5.125687789916991699e-01
nan
nan
nan
nan
5.052916336059570801e-01
-9.495010375976562500e-01
6.117086791992187855e-01
3.291797637939453125e-01
1.309852695465087979e-01
-2.105624389648437511e-01
3.683072701096534577e-04
-3.160085678100585938e-01
8.488353729248047097e-01
4.787923049926757768e-01
-5.972100830078125311e-01
-1.617725982666015527e+00
4.564615249633788979e-02
-2.221959686279296742e-01
nan
3.379930114746093617e-01
7.255229187011719150e-01
1.135553169250488326e-01
2.306914138793945412e-01
-1.684123229980468706e-01
1.572158432006836026e-01
5.248664474487304554e-01
-3.434052276611327947e-01
2.065856170654296886e-01
9.969110107421874645e-01
-4.863076400756836115e-01
2.368046522140503096e-02
9.914626312255859775e-01
nan
nan
nan
nan
1.299651184082031286e+00
3.479776859283447571e-02
-2.324271202087402344e-01
1.137040863037109384e+00
7.099275970458984730e-01
-8.768606185913085938e-02
-9.451769828796387218e-02
1.376264801025390616e+00
2.620052337646484597e-01
4.607599258422851590e-02
-9.708455085754394420e-02
1.555158843994140616e+00
-7.222037506103515803e-01
2.351811981201171742e-01
nan
-6.509917449951171387e-01
4.570984268188476585e-01
-5.257213211059570401e-01
8.695018005371093484e-01
-5.841784286499023260e-01
-1.041061706542968812e+00
2.003780174255370972e-01
-5.832349777221679243e-01
7.562826538085937189e-01
-4.904363632202148326e-01
1.076662063598632812e+00
-2.157964324951171964e+00
1.058308563232421839e+00
nan
nan
nan
nan
-1.383027935028076083e-01
-7.628974914550781805e-02
-4.758940124511718550e-01
-5.327399063110351829e-01
-4.036840438842773660e-01
-2.064720344543456987e-01
-5.843851852416992454e-01
-1.460234928131103616e-01
2.079090118408203069e-01
-2.323928833007812556e-01
-1.702573089599609402e+00
9.701813507080078169e-01
1.544056396484374982e+00
-2.154623985290527455e-01
nan
-4.237279129028320157e-01
-4.290055111050605535e-04
-1.139438476562500080e+00
-6.939669036865234730e-01
-3.617098999023437567e-01
1.624676971435546902e+00
3.669668197631835715e-01
-2.088508987426757890e-01
1.937354207038879256e-02
-1.609465980529785067e-01
-3.962825012207031317e-01
-4.511122703552246371e-02
-4.292648696899414307e-01
nan
nan
nan
nan
1.517127685546874938e+00
2.100360989570617624e-03
-4.938977241516113309e-02
3.072205924987793102e-01
-2.232418537139892536e-02
-5.667494964599609775e-01
9.437297821044922097e-01
9.499291229248046919e-01
1.027714080810546937e+00
-4.095840072631836137e-01
-7.754845619201659879e-02
-4.259978103637695468e-01
2.153050231933593683e-01
-8.647616577148437012e-01
nan
-8.080121612548828436e-01
-3.621660470962524692e-02
-7.067366790771484331e-01
7.726251220703125311e-01
5.331285095214843839e-01
5.658251190185547008e-01
5.789766311645507812e-01
-2.856882858276367232e-01
7.725645303726196705e-03
4.375992298126221008e-02
-5.496413803100586026e-01
-4.617141723632812722e-01
-5.446569442749022993e-01
nan
nan
nan
nan
-2.878034591674804576e-01
-1.139732360839843667e-02
1.694339156150817885e-02
-4.251917648315429732e-01
-3.609324645996093706e-01
5.513929843902588140e-02
-4.070071792602539262e-01
4.800559234619140581e-01
7.911018371582031472e-01
-3.058114051818847656e-01
2.214833259582519587e-01
-4.326554489135742143e-01
1.099343795776367205e+00
7.463816833496094150e-01
nan
4.451578482985496304e-04
7.881708526611328480e-01
9.197381591796874867e-01
-5.455562210083008123e-01
8.732353448867797088e-03
-3.077473163604736370e-02
-1.140017929077148384e+00
-2.995035362243652077e-01
1.862549133300781312e+00
4.752666091918945068e-01
5.118567943572997769e-02
-1.758913040161132757e-01
1.850913429260253873e-01
nan
nan
nan
nan
3.292416381835937544e-01
1.101348800659179616e+00
1.998037719726562522e-01
9.936605072021484908e-01
7.267488098144531117e-01
-1.996953010559082142e-01
-3.886880111694335782e-01
4.369615554809570535e-01
-7.293210601806641158e-01
-3.503630065917968661e-01
-3.791799163818359575e-01
-9.292063903808593928e-01
3.232168960571288885e-01
4.962602233886718728e-01
nan
-7.890723419189452637e-01
-1.564482727050781286e+00
-5.033017730712890936e-01
-4.768069458007812567e-01
-1.494834518432617276e-01
-6.506686401367187678e-01
-4.314643442630767926e-03
3.986505508422851785e-01
6.889346313476562012e-01
-3.669518280029296919e-01
-5.103489303588867321e-01
1.218464126586914054e+00
5.600955963134766069e-01
nan
nan
nan
nan
-4.407104873657226585e-01
1.923623657226562478e-01
4.906024932861328125e-01
6.187696456909179688e-01
-8.572888946533203658e-01
-6.873616790771484020e-01
8.053713989257812456e-01
-1.268976745605468803e+00
-1.231526489257812607e+00
-6.845726370811462159e-03
-1.572944164276122991e-02
7.895658874511718439e-01
1.288255157470703072e+00
2.611019325256347390e-01
nan
1.060985260009765563e+00
-8.198116302490234819e-01
1.630858459472656286e+00
9.744848632812499467e-01
1.420614624023437411e+00
3.085248565673828214e-01
1.037181568145751909e-01
-8.252206420898438033e-01
-4.206471252441406072e-01
5.306789398193358931e-01
8.615931701660156650e-01
-3.389827346801757568e-01
-2.398241806030273482e-01
nan
nan
nan
nan
-1.029657268524169916e-01
1.932681083679199108e-01
-6.572475433349609375e-01
3.808791351318359109e-01
-7.044991302490234419e-01
-3.998891830444336049e-01
-2.654402351379394620e-01
-1.306714630126953214e+00
5.926906204223633123e-01
4.160849761962890359e-01
5.061526870727539595e-01
9.127821350097655717e-01
8.266810607910156650e-01
5.588042259216308844e-02
nan
-9.472470283508301059e-02
-7.367700195312499867e-01
8.433595275878906783e-01
-9.006261825561523438e-03
-4.583633041381836026e-01
-5.538533401489257324e-01
1.121032905578613348e-01
-6.708242797851562411e-01
-1.521824645996093794e+00
6.120611667633056585e-02
-1.462867450714111228e-01
5.608175396919250905e-03
1.558486557006835971e-01
nan
nan
nan
nan
-7.417813110351562100e-01
-1.142739868164062561e-01
2.140582466125488248e-01
-5.883386993408202814e-01
4.379581069946288929e-01
-4.574742317199707170e-02
-2.086397552490234508e-01
-4.256914520263672119e-01
4.836460494995117321e-01
-6.251616001129151057e-02
5.268370437622070801e-01
2.019666910171508817e-02
8.773457336425781738e-01
-3.919435501098632590e-01
nan
-3.708389663696289307e-01
-3.528825342655181763e-03
6.809033751487732211e-03
-9.647203063964844283e-01
5.736178874969482394e-02
-7.576927947998046697e-01
-2.728770828247070179e-01
-8.078542327880859908e-01
2.420508956909179776e-01
-2.360933494567871160e-01
-1.694134902954101685e-01
-4.639279556274413796e-01
4.152193450927734175e-01
nan
nan
nan
nan
7.097145080566406028e-01
1.248583984374999956e+00
-2.391473960876464855e-01
2.309597969055175726e-02
5.784555435180663840e-01
-2.518999290466308327e-01
2.036417961120605413e-01
-5.305625915527343306e-01
-1.138505554199218839e+00
3.796781158447265492e-01
5.582750797271728710e-02
-3.323061943054199385e-02
-2.367751121520996205e-01
-3.317952728271484353e-01
nan
5.795789337158203658e-01
-1.724173665046692047e-02
3.229813003540039085e-01
1.195535063743591309e-02
9.367986297607422408e-01
-1.198894023895263616e-01
-3.840387344360351451e-01
-1.158103561401367249e-01
4.457538604736328014e-01
7.056869506835937722e-01
8.652870941162109641e-01
2.220107078552246149e-01
-1.475570983886718812e+00
nan
nan
nan
nan
-1.075947418212890527e+00
4.098810577392578147e-01
1.833741664886474540e-02
7.562288665771483842e-01
-6.424564361572265847e-01
3.417910385131835982e-01
2.018889617919921997e-01
-1.066931228637695295e+00
-1.196438598632812544e+00
-7.534782409667968306e-01
3.471040725708007812e-01
-5.715752029418945668e-01
-8.444654846191406161e-01
-4.417390823364257812e-01
nan
-4.099215316772460982e-01
-2.595230293273925737e-01
2.668422508239746138e-01
3.499776077270507768e-01
2.511337661743164307e-01
-8.174154281616211049e-02
1.155410995483398429e+00
1.132476501464843688e+00
4.751332855224609242e-01
-1.527034378051757846e-01
-4.921176731586456542e-03
-1.476704311370849731e-01
-3.497474670410156139e-01
nan
nan
nan
nan
-5.475965499877929465e-01
3.695544052124023482e-01
-4.541202068328857588e-02
1.054471511840820330e+00
-1.560258483886718839e+00
-1.154068851470947260e-01
-8.845720672607422230e-01
3.811222076416015403e-01
1.804246520996093672e-01
-2.393996238708496205e-01
-1.554751281738281143e+00
-5.762522697448730497e-02
2.120635795593261708e-01
-1.243963012695312509e+00
nan
5.193759155273437456e-01
2.336782073974609242e-01
-2.204363250732421786e-01
-8.857548522949219016e-01
-2.088058776855468590e+00
6.998925018310546697e-01
9.232994842529297363e-01
7.677318572998046431e-01
-8.408753204345703613e-01
6.548667907714843528e-01
-6.463845825195312367e-01
-1.583622264862060425e-01
-3.127206039428711004e-01
nan
nan
nan
nan
2.104241943359375089e-01
3.593040084838867165e-01
1.436773014068603582e-01
5.472109222412109286e-01
-2.466268539428710938e-01
6.676757049560546609e-01
4.794879150390625178e-01
-1.201605300903320295e+00
2.214341926574706909e-01
-4.783072280883788885e-01
2.622776985168457156e-02
-2.595257043838501004e-02
1.518062877655029230e-01
4.356056749820709506e-03
nan
1.343406677246093694e-01
-9.620238494873046831e-01
-1.787654685974121027e-01
8.633382415771484464e-01
-8.146190643310546875e-01
1.186205196380615279e-01
7.183068084716797141e-01
-1.469901084899902233e-01
4.309051513671874889e-01
8.830325317382812234e-01
-3.503234148025512890e-02
3.385368347167968528e-01
2.233089828491210960e-01
nan
nan
nan
nan
-2.678633499145507968e-01
-1.880385971069336026e-01
1.159427642822265625e+00
-1.015090332031250098e+00
-3.487753677368163885e-01
-2.413864135742187500e-01
-3.325508880615234419e-01
6.963839721679687678e-01
-4.003828430175781494e-01
-3.642534255981445535e-01
1.837221741676330414e-02
4.862843322753906405e-01
-2.698990631103515558e-01
-1.073363723754882759e+00
nan
-6.477078247070312544e-01
5.241743469238281383e-01
8.978552246093749467e-01
-7.878968811035156339e-01
4.410747146606445179e-01
8.331732177734374467e-01
-4.706520462036132835e-01
6.656000518798828036e-01
-3.749165344238281072e-01
7.960373687744141113e-01
4.265373992919921919e-01
6.879235267639159657e-02
2.275752449035644553e-01
nan
nan
nan
nan
1.805576515197754028e-01
1.019515075683593786e+00
1.772591781616210949e-01
7.882744073867797852e-03
-3.213940811157226518e-01
1.672023010253906206e+00
-6.560368347167968572e-01
-1.841239452362060380e-02
-7.831063842773438033e-01
3.116448402404785323e-02
-1.538596191406250036e+00
3.411133956909179754e-01
-3.002059364318847567e-01
-8.693402290344237615e-02
nan
4.924422740936279519e-02
3.024276161193847900e-01
-1.849390411376953258e-01
-6.577195739746093395e-01
-4.384765625000000000e-01
5.696699142456054243e-01
6.257194137573242054e-01
4.732606887817382701e-01
3.873342514038086160e-01
-5.142450714111328480e-01
4.847428131103515558e-01
-1.306006526947021407e-01
-1.101230163574218768e+00
nan
nan
nan
nan
4.524819183349609308e-01
8.429367065429687056e-01
6.153832244873046475e-01
-1.319517803192138683e-01
-2.922383117675781405e-01
-6.315607070922851785e-01
-4.314028167724609508e-01
2.684191894531249845e-01
-7.606080627441406117e-01
-1.217341232299804649e-01
6.447662353515625222e-01
-8.638602447509765581e-01
-8.279089355468749467e-01
-3.166989135742187544e-01
nan
5.759769439697265403e-01
1.038141326904296946e+00
1.116417694091796919e+00
1.055598735809326096e-02
-6.917747497558593972e-01
-5.410158157348633062e-02
1.068942565917968768e+00
-8.374543762207031783e-01
2.654140853881836182e-01
-3.482994079589843972e-01
2.251744651794433671e-01
-6.001037597656250222e-01
-3.325531768798828391e-01
nan
nan
nan
nan
-5.720684528350830286e-03
-2.107572555541992188e-01
-1.740627098083496194e-01
-3.109765815734863437e-01
1.854321136474609277e+00
5.907056427001953214e-01
4.409660339355468972e-01
3.374840927124023171e-01
-5.218574523925781361e-02
1.093665599822998130e-02
-1.522418117523193226e-01
2.810843467712402233e-01
6.028191375732422363e-01
7.268896102905272882e-02
nan
4.982023239135742188e-01
6.242290973663330161e-02
1.175612068176269537e-01
-3.259121704101562433e-01
-2.779686164855956765e-01
-2.894001007080078125e-01
-4.130738449096679754e-01
-5.244285583496093306e-01
4.830204010009765403e-01
-1.638149871826171777e+00
4.976577758789062500e-01
6.071497344970703258e-01
-1.366629638671875036e+00
nan
nan
nan
nan
-4.249090194702148660e-01
-6.177635192871093750e-01
2.269002437591552748e-02
1.223576068878173828e-01
-9.256580471992492329e-03
8.039477539062499512e-01
6.867487907409668135e-02
-1.321143245697021518e-01
9.873497486114501259e-03
1.866584777832031306e-01
-1.675251770019531294e-01
-1.186176147460937580e+00
1.312871360778808671e-01
-4.790217590332030984e-01
nan
-7.506139373779296964e-01
7.836825561523437234e-01
9.848468017578124734e-01
-9.643034934997558871e-02
-1.569168395996093812e+00
1.045725021362304608e+00
-4.236076354980468639e-01
-4.967697143554687389e-01
-3.253852844238281361e-01
6.642349720001221314e-02
6.301447296142578258e-01
8.744992065429687544e-01
-6.013256454467773571e-01
nan
nan
nan
nan
-3.133453178405761763e-01
5.140279388427734242e-01
-6.476961517333984508e-01
2.102214050292968706e-01
3.284632110595703258e-01
-6.902770233154297275e-01
-1.548827056884765518e+00
-6.971290588378906694e-01
-2.525228118896484242e-01
-4.771937561035156095e-01
-2.345887565612793102e-01
3.956727981567382812e-01
-5.243391418457030717e-01
7.438042449951172141e-01
nan
-4.364326095581054776e-01
2.086197509765625124e+00
-3.938242340087890758e-01
3.532645416259765359e-01
-2.812833023071288907e-01
6.863795471191406206e-01
8.935718536376953125e-01
-1.059427108764648517e+00
-2.218753337860107297e-02
8.842314147949218439e-01
-3.082777738571167159e-02
5.335948562622070401e-01
-9.137769317626953658e-01
nan
nan
nan
nan
-8.310752868652343528e-01
9.798192596435546520e-01
4.925090408325195068e-01
6.827397918701172408e-01
-7.648352050781249689e-01
-6.987149810791015714e-01
-5.476597595214843794e-01
-5.028217315673828569e-01
-6.344017028808593972e-01
-6.632299041748046520e-01
-2.673592948913574019e-01
-1.330234985351562482e+00
-1.604486656188964799e-01
6.298711013793945046e-01
nan
-5.027812957763672097e-01
-5.467635726928711248e-01
-7.518185424804687544e-01
-7.524633789062500355e-01
-2.349174690246582098e-01
5.337237834930420172e-02
-4.147085952758788885e-01
2.497291755676269431e-01
9.252615356445312855e-01
8.206751823425292858e-02
1.470047950744629017e-01
-3.063672256469726629e-01
-4.604027175903320224e-01
nan
nan
