nan
nan
1.515368465334177126e-04
-2.012285232543945257e-01
-3.563690948486328280e-01
-9.844184875488280750e-02
-6.173299789428711160e-01
-1.709619998931884849e-02
-3.862870454788207980e-02
6.092287445068359508e-01
1.000759277343749920e+00
-4.702546596527099748e-02
1.125570106506347673e-01
1.519853363037109384e+00
-1.199711894989013705e-01
-5.470500946044921653e-01
nan
-6.883991241455078569e-01
8.007913208007813033e-01
9.211988830566406605e-01
-1.071879425048828161e+00
8.335416913032531530e-03
-5.096798324584961293e-01
2.889067077636718883e-01
6.400921630859375266e-01
2.272555589675903306e-02
6.501667785644531516e-01
1.636401748657226596e-01
1.044245681762695277e+00
6.752053833007812811e-01
nan
nan
nan
nan
-2.289976501464843772e-01
-2.198788261413574252e-01
3.075084924697876060e-02
-2.742227745056152188e-01
-1.130846939086914027e+00
1.923579406738281372e-01
3.556886291503906228e-01
1.521655578613281268e+00
6.223526382446289418e-01
-2.780574226379394775e-01
7.452490997314452637e-01
1.386094818115234384e+00
4.534192276000976740e-01
-5.328645706176757812e-01
nan
3.614553070068359242e-01
-6.602159881591797008e-01
8.411944580078124512e-01
1.815052509307861495e-02
8.945487976074218972e-01
3.549208831787109553e-01
3.079660987854003773e-01
-5.285517501831055176e-01
2.407598686218261619e-01
5.547712802886962946e-02
-1.193971099853515572e+00
-9.449385833740234775e-01
8.523033142089843361e-02
nan
nan
nan
nan
1.771186676025390705e+00
-1.149817085266113259e-01
-1.342417755126953161e+00
-4.616271972656250111e-01
-4.550146102905273660e-01
-9.933368682861327681e-01
-1.025044860839843697e+00
5.334742355346679954e-01
-9.696060180664062278e-01
-1.078118362426757848e+00
-5.405610799789429058e-03
4.532318878173828280e-01
-1.197248816490173277e-02
-5.016778945922851785e-01
nan
1.887252998352050848e-01
7.684039306640625400e-01
1.584479331970214955e-01
-1.132486419677734446e+00
2.276627922058105380e-01
8.457875061035156072e-01
6.109526062011718661e-01
-2.176482582092285067e-01
-2.188208007812499911e-01
-2.803119087219238525e-01
-8.666247558593750400e-01
1.045658798217773411e+00
-3.179554367065429710e-01
nan
nan
nan
nan
-2.242684936523437478e-01
-3.725129318237304643e-01
-1.478576278686523360e-01
6.592398834228515581e-01
6.050372314453125178e-01
1.024240303039550826e-01
1.254552001953125107e+00
-2.133059310913086037e-01
7.599037170410156694e-01
1.896021270751953036e+00
7.502240753173827770e-01
6.849941253662109597e-01
1.020235061645507812e+00
3.914572143554687633e-01
nan
-9.728495025634765758e-01
-1.648217582702636852e-01
-4.097439956665038796e-01
2.129880065917968857e+00
5.432741546630859286e-01
2.238680648803710871e-01
-7.040188598632812766e-01
-1.002113037109374938e+00
-1.136510467529296825e-01
3.352031707763671875e-01
2.264006958007812376e+00
-3.406673812866211071e-01
1.440247535705566351e-01
nan
nan
nan
nan
-8.550647735595703347e-01
-2.309197902679443332e-02
-3.503760576248168834e-02
-6.266501545906066721e-03
-4.373188781738281405e-01
-3.679830932617187411e-01
8.770003509521484553e-01
-4.111702728271484641e-01
-9.121844482421874734e-01
1.398208427429199208e-01
6.703226470947265536e-01
7.715317535400391113e-01
6.183274078369140891e-01
-4.528779220581054532e-01
nan
-2.205946350097656161e-01
-7.589161682128906516e-01
3.683898925781249889e-01
-7.040912628173827681e-01
-1.283368396759033137e-01
-1.565858078002929643e-01
-3.875396347045898526e-01
7.923497772216796520e-01
1.008972015380859455e+00
-4.877595138549804532e-01
7.721212005615234464e-01
8.166341400146484020e-01
8.496557617187500133e-01
nan
nan
nan
nan
3.424743652343750222e-01
4.406036376953125222e-01
-2.485413074493408175e-02
7.743721008300781250e-01
-5.206563568115234464e-01
-8.565739440917968794e-01
-3.676890182495117232e-01
3.008245468139648660e-01
3.816056823730468728e-01
-1.570839595794677745e-01
8.396781921386718972e-01
-4.553923416137695135e-01
-4.352194213867187633e-01
-1.863948974609374920e+00
nan
-6.076424789428710449e-01
1.032368316650390527e+00
-1.008453826904296857e+00
9.545250701904296475e-01
2.983656692504882968e-01
7.884509277343749734e-01
-1.706859130859375018e+00
4.163856506347656250e-01
5.255115985870361522e-02
-9.102075958251952814e-01
-5.156998062133788530e-01
9.679738998413085771e-02
1.392491722106933560e-01
nan
nan
nan
nan
5.177576065063476118e-01
1.705602111816406197e+00
-5.076394653320313033e-01
-8.320243835449219194e-01
-4.149361133575439620e-02
8.522241210937500089e-01
-1.035017013549804688e+00
-7.933191680908202592e-01
-1.292598571777343830e+00
-3.300746536254882679e-01
1.925654983520507790e-01
1.283056793212890678e+00
8.344314575195312944e-01
5.415799713134765714e-01
nan
1.576437225341796866e+00
-1.244637985229492205e+00
-8.083235931396484109e-01
-8.273606109619140447e-01
-3.529266738891601585e-01
1.246232604980468839e+00
-7.742941284179687411e-01
-2.916318893432617299e-01
-1.003648071289062527e+00
-1.698716545104980435e-01
1.150171585083007875e+00
8.907947540283203125e-01
-8.283222198486328569e-01
nan
nan
nan
nan
3.961842346191406516e-01
2.760181999206542947e-01
3.662938690185547075e-01
1.276880502700805664e-02
4.511038589477538996e-01
-8.392539215087890803e-01
6.062596130371094016e-01
1.204063796997070224e+00
2.279331237077712822e-03
-4.159259796142578125e-01
5.608683013916015980e-01
-7.395231628417968661e-01
8.726752471923827637e-01
-9.320155334472656206e-01
nan
-2.809129333496093728e-01
-1.229900970458984277e+00
-5.679354476928710760e-01
1.492412948608398404e-01
1.217768192291259766e-01
8.241848754882812322e-01
-1.938824272155761641e-01
3.376198577880859530e-01
3.322259140014648393e-01
-1.857464027404785167e-01
-4.171931457519530984e-01
7.534720611572265359e-01
4.596285629272460760e-01
nan
nan
nan
nan
1.409328365325927812e-01
1.058589630126953063e+00
-4.385478591918945401e-01
1.487055301666259655e-01
-7.447324752807617243e-02
-2.092624855041503862e-01
5.747885131835936967e-01
-1.614567565917968794e+00
7.942057037353515980e-01
-1.091228961944580023e-01
-2.458742141723632701e-01
-9.445185852050781428e-01
-7.007760620117187145e-01
1.267988891601562473e+00
nan
-3.050166320800781206e-01
-8.807949829101562322e-01
-5.075157546997070002e-01
1.926316452026367310e-01
3.227835845947265581e-01
5.719501113891601873e-01
-4.891868972778320446e-01
2.393102264404296797e-01
2.135546112060546786e-01
2.365999603271484453e-01
1.184216785430908248e-01
-3.101209259033202992e-01
4.714026927947997936e-02
nan
nan
nan
nan
-5.807771682739257812e-01
5.245748519897460715e-01
1.394452972412109304e+00
-1.063185729980468786e+00
3.223868179321289218e-01
5.677446746826171342e-01
-1.213968753814697321e-01
3.128267097473144687e-01
-5.528438568115234819e-01
1.078793334960937544e+00
5.309203720092773304e-01
-6.409456634521484286e-01
9.514141845703124600e-01
1.531108703613281330e+00
nan
3.121687889099121205e-01
-1.286610870361328152e+00
-9.685235595703125533e-01
1.789599609374999956e-01
-3.732584762573242232e-01
6.264978790283203258e-01
8.187467956542968661e-01
1.281064319610595581e-01
-1.457977294921875000e-02
-3.819343566894531361e-01
-4.248040616512298480e-03
7.405208587646484597e-01
8.600602149963379461e-02
nan
nan
nan
nan
-4.142476272583007768e-01
-1.830898284912109431e-01
-1.847763061523437500e-01
5.502965927124023326e-02
-5.843778991699218883e-01
-1.581075310707092188e-02
-1.341454772949218777e+00
-5.555739212036132635e-01
2.388463401794433671e-01
3.331795120239257613e-01
4.367797851562499889e-01
-1.200895690917968689e-01
-3.735924530029297030e-01
-5.865065383911133301e-01
nan
-1.377480926513671822e+00
6.576641845703125044e-01
-8.020328521728516125e-02
-6.817337799072266113e-01
-1.166457519531250098e+00
-7.722331237792968706e-01
-4.611875915527343661e-01
9.761966705322265847e-01
4.965718078613281516e-01
7.226241588592528797e-02
-5.410190200805664595e-01
-8.903756713867188033e-01
2.217346954345703058e-01
nan
nan
nan
nan
-1.107572631835937571e+00
-2.632660675048827947e-01
6.672532653808593839e-01
-3.264489746093749978e-01
-1.277689552307128829e-01
-5.308435821533202814e-01
-8.425964355468750222e-01
-7.660338592529296609e-01
-3.430028915405273215e-01
-1.101434421539306679e-01
-3.730611801147460938e-01
-1.486374511718749902e+00
2.132179069519042902e-01
-4.427111816406250067e-01
nan
-3.629597473144531294e-01
5.925408172607421475e-01
-3.206814193725586182e-01
-6.462557220458984286e-01
7.022436857223510881e-03
3.676256942749023260e-01
-1.885619049072265518e+00
2.003860855102539140e-01
-2.349550819396972745e-01
-8.497360229492187944e-01
-1.211420154571533209e-01
-6.890556216239929546e-03
-1.257906570434570215e+00
nan
nan
nan
nan
8.310189819335938033e-01
-2.479381179809570235e-01
2.264630508422851574e-01
2.062501430511474651e-02
3.268217086791992410e-01
7.598561859130859020e-01
2.550648307800292836e-01
4.189280700683593595e-01
-1.639275741577148338e-01
7.926352691650390137e-01
-1.668384552001953014e-01
-1.895403289794921897e-01
-6.528627014160156561e-01
7.356260681152343439e-01
nan
-4.293036937713622797e-02
-1.525892353057861361e-01
1.437361755371093786e+00
-1.479562683105468679e+00
5.144128036499023837e-01
-4.218554687500000178e-01
-1.362239837646484486e-01
-5.840482711791992188e-01
1.256441020965576305e-01
-2.923502540588379106e-01
9.287742614746093139e-02
1.462773227691650524e-01
-1.223139381408691467e-01
nan
nan
nan
nan
-3.506206130981445179e-01
-3.592719650268554887e-01
-1.245498180389404269e-01
-6.644612884521484686e-01
2.906942749023437300e-01
5.816522979736328258e-01
-1.434602642059326083e-01
1.282608947753906214e+00
1.460275268554687589e+00
-7.460243225097655806e-01
4.788411331176757879e-01
-1.333947143554687464e+00
8.166560363769531650e-01
-9.995206451416015492e-01
nan
-1.284989476203918408e-02
-3.133117103576660289e-01
-9.861386871337890492e-01
-3.477321243286132790e-01
3.526470947265625266e-01
-3.842568588256836115e-01
2.142629432678222756e-01
-1.244634017944336035e+00
8.545642089843750178e-01
-4.597230434417724776e-02
-2.740435981750488081e-01
4.841072082519531361e-01
7.232373809814452992e-01
nan
nan
nan
nan
-8.366859436035156694e-01
6.483349800109863836e-02
-1.140861892700195224e+00
-4.013893890380859641e-01
-6.077326965332031650e-01
-3.030569076538086049e-01
1.728410491943359384e+00
1.052425308227538991e+00
6.797075653076172230e-01
1.993868350982665877e-03
-3.914513778686523615e-01
-2.155817604064941273e-01
1.592273521423339944e-01
-1.411393356323242254e-01
nan
-9.665426254272460604e-02
8.051118469238280895e-01
8.629010319709777208e-03
-4.923910140991211160e-01
-2.537187957763671897e-01
-6.364247894287109464e-01
3.852403259277343839e-01
-8.983495330810546964e-01
-7.835494518280029796e-02
1.471973419189453125e+00
-1.934001464843750018e+00
8.235481262207031694e-01
-4.955546855926513949e-02
nan
nan
nan
nan
-1.500698471069336071e-01
-3.480093765258789329e-01
-1.244507503509521551e-01
-1.315417938232421813e+00
-8.348502159118652288e-02
4.709826469421386774e-02
-1.430897216796874982e+00
2.804674148559570535e-01
1.117790579795837486e-02
-6.758189392089843928e-01
-9.337295532226562722e-01
1.436128692626953196e+00
-3.394313812255859153e-01
-1.287768125534057700e-02
nan
-8.639798736572266158e-01
-4.276397323608398526e-01
-4.571472930908203058e-01
4.250193023681640425e-01
-3.070178985595703111e-02
5.295163345336914018e-01
-1.072559642791748036e-01
1.880652236938476496e-01
-1.099632949829101536e+00
-4.603616333007812256e-01
4.077294921874999867e-01
9.292855834960938033e-01
7.271200180053710715e-02
nan
nan
nan
nan
1.545685729980468714e+00
-3.175798034667968728e-01
-2.299554824829101451e-01
-4.225192260742187678e-01
-7.517861175537109419e-01
-9.112651824951172319e-01
-3.857194900512695562e-02
-7.702798461914062145e-01
2.502026176452636919e-01
-1.008043518066406241e+00
-8.614416503906250355e-01
3.259237670898437744e-01
3.227420806884765403e-01
3.631085968017578325e-01
nan
5.279821014404296742e-01
2.018596496582031108e+00
2.699912261962890692e-01
7.562471008300781783e-01
-5.886568069458008035e-01
-7.476000976562500178e-01
-3.116016578674316584e-01
-1.611846160888671942e-01
5.852905273437499778e-01
-5.824480819702148038e-01
-2.058809051513671662e+00
-4.745773315429687722e-01
5.175571441650390625e-01
nan
nan
nan
nan
-5.321184539794922008e-01
-1.924255371093749889e-01
-1.963393020629882746e-01
4.923791408538818332e-02
-8.148023486137389790e-03
-1.627510070800781139e-01
4.920990371704101474e-01
2.131358489990234251e+00
-2.573043632507324152e-01
-6.362353134155273038e-01
5.705045318603515492e-01
-1.534810781478881773e-02
2.155985450744628829e-01
1.633006858825683527e-01
nan
-3.239913940429687278e-01
6.039615631103515403e-01
4.475479125976562500e-01
7.321340179443359686e-01
-8.084905242919921964e-01
-4.523793220520019864e-02
-4.379595279693603710e-02
-4.651163482666015869e-01
-3.674105834960937345e-01
-8.784123420715332642e-02
7.860053253173827637e-01
-3.445783233642578103e-01
4.171245956420898682e-01
nan
nan
nan
nan
1.376470851898193293e-01
-9.154712677001952681e-01
-3.443870162963867387e-01
-1.581676959991454995e-02
1.767796325683593794e+00
-1.291396331787109331e+00
8.540656089782715232e-02
7.202002406120300466e-03
4.632159042358398593e-01
-1.219125843048095709e-01
1.095125198364257785e-01
-5.805880355834961426e-01
1.269108963012695268e+00
7.688058471679687367e-01
nan
7.062948226928711382e-02
4.751168823242187256e-01
-1.003555965423583995e-01
1.307169055938720570e-01
7.266263580322265270e-01
-6.131657409667968794e-01
4.581258773803710826e-01
-9.093357086181640403e-01
5.211825942993164595e-01
-1.514000225067138605e-01
-1.226726760864257804e+00
3.488214492797851451e-01
-8.530552864074707198e-02
nan
nan
nan
nan
-9.489519119262695979e-02
-2.481397056579589810e-01
-1.108593368530273349e+00
5.931875705718994002e-02
-8.598845672607421387e-01
-3.081593894958495894e-01
-1.679995880126953223e+00
-1.038022155761718857e+00
8.700125694274901678e-02
1.240529403686523535e+00
-1.154335403442382724e+00
-7.596076202392577637e-01
3.058696508407592746e-02
3.251980590820312544e-01
nan
-7.411981201171875533e-01
5.246388316154479599e-03
5.344133377075195312e-01
-4.253019332885742410e-01
-3.897416687011718839e-01
1.965639305114746105e-01
-3.686324691772460693e-01
-1.048130569458007866e+00
2.346183395385742221e-01
1.860076522827148471e-01
1.762796401977539118e-01
-2.388767242431640569e-01
-7.942968845367431863e-02
nan
nan
nan
nan
-3.241647720336914285e-01
-2.290297317504882690e-01
2.922240257263183372e-01
-1.293395709991455034e-01
5.519615173339843806e-02
1.246068878173828054e+00
2.372721290588378773e-01
5.683365631103515225e-01
5.527511596679687278e-01
2.197026062011718794e-01
-1.185233993530273366e+00
-2.460112380981445412e-01
-4.566353988647460782e-01
-6.278567504882812678e-01
nan
2.013693618774413940e-01
1.318427467346191539e-01
3.990367507934570179e-01
-1.267759704589843661e-01
-8.600112915039062056e-01
3.832141876220703236e-01
8.048883056640625533e-01
-1.043488616943359482e+00
-9.057372283935546387e-01
-1.233359069824218723e+00
-1.153569335937500107e+00
-4.843788909912109530e-01
-1.125595378875732383e-01
nan
nan
nan
nan
-1.280264759063720614e-01
-1.336573123931884821e-01
-9.650932312011718528e-01
1.164785003662109464e+00
3.303231000900268277e-02
7.210898590087890803e-01
2.480097389221191384e-01
-3.166159629821777011e-02
5.605592727661132812e-01
1.535969257354736217e-01
8.081964874267577592e-01
4.750235748291015692e-01
-7.298599243164062278e-01
1.344992370605468723e+00
nan
7.971801757812500000e-01
4.664666366577148171e-01
1.716346359252929610e-01
6.009546279907226340e-01
1.078041305541992179e+00
-8.419833183288574774e-02
-2.715321159362792947e-01
2.341524124145507799e-02
7.290567779541015092e-01
3.776377105712890869e-01
-3.309158325195312722e-01
3.545783996582031472e-01
7.613552093505859819e-01
nan
nan
nan
nan
-1.235598602294921911e+00
3.254477691650390359e-01
1.624126892089843732e+00
1.089814224243164098e+00
-1.145713500976562438e+00
1.238081130981445233e+00
2.062310981750488381e-01
-1.432712745666503973e-01
8.524443626403808982e-02
1.930127334594726463e-01
2.149568748474121049e-01
7.660073089599609419e-01
-6.630314636230468794e-01
-4.889285659790039151e-01
nan
-1.104002475738525418e-01
4.178378295898437234e-01
-7.754537200927734686e-01
9.496678161621093794e-01
-1.624306297302245961e-01
2.318773841857910134e-01
-4.568965530395507901e-01
-2.869404411315917836e-01
1.524761199951171764e-01
5.498649215698242498e-01
1.925935745239257812e-01
3.568023300170898304e-01
1.358803367614745961e-01
nan
nan
nan
nan
8.180441856384276789e-02
3.399309158325195535e-01
1.977655792236328036e-01
2.714832305908203014e-01
-1.853957366943359275e-01
7.460103034973145086e-02
7.400453948974609064e-01
-2.120689773559570335e-01
-1.188734173774719238e-02
-9.109762573242187189e-01
2.532152175903320535e-01
3.465826797485351829e-01
-8.837725067138672008e-01
-6.061462020874023304e-01
nan
2.097017288208007924e-01
-4.630100631713867099e-01
5.007813644409179199e-01
-9.877639007568359553e-01
8.281794738769531206e-01
-2.486190032958984497e-01
-1.388121795654296831e-01
-7.306623077392577770e-01
-3.729446530342102242e-03
1.878102874755859242e-01
7.400955963134765447e-01
7.717494964599609653e-02
-4.177222061157226385e-01
nan
nan
