nan
nan
-5.553523254394531206e-01
-5.718788909912109197e-01
1.216377716064453107e+00
8.994211578369140092e-01
-1.058811759948730530e-01
-1.659989547729492088e-01
-3.131342315673827925e-01
4.924928665161132924e-01
3.349069213867187367e-01
-7.302998900413513496e-03
8.746139526367187056e-01
7.664569377899170532e-02
-5.025203227996826068e-03
2.625178909301758012e-01
nan
5.600714874267578303e-01
-8.740549087524414340e-02
-4.130463790893554865e-01
-1.408219757080078072e+00
5.022837066650390758e-01
-6.705408477783203480e-01
-4.610408020019531317e-01
2.171481323242187567e-01
-1.687241363525390503e-01
-8.505193328857422186e-01
-1.277442855834960866e+00
9.426772117614745650e-02
-1.269836235046386819e-01
nan
nan
nan
nan
5.029137802124022949e-01
4.296924591064453236e-01
-5.181017875671387052e-02
-1.169994659423828187e+00
1.421913909912109419e+00
4.787492370605468950e-01
1.705143280029296937e+00
-5.284559249877929937e-02
-1.300617065429687580e+00
-5.907543945312500044e-01
-1.132697105407714788e-01
-2.028384780883789040e-01
1.272448883056640723e+00
-4.406193923950195157e-01
nan
-1.068653011322021479e-01
-6.832402801513671742e-01
-1.054572448730468848e+00
-6.573694610595702814e-01
-8.316587066650390492e-01
-1.600978240966796973e+00
2.354875087738036998e-02
1.240413379669189492e-01
6.024281311035156738e-01
3.278013992309570246e-01
-7.863990783691405806e-01
4.065398025512695357e-01
1.090794830322265652e+00
nan
nan
nan
nan
9.718249511718749512e-01
-9.931831359863281250e-01
1.351718292236328223e+00
3.862969970703125089e-01
3.808923721313476340e-01
2.697239112854004084e-01
2.097767333984374982e+00
-5.646269607543945579e-01
-2.910237884521484353e-01
-5.803232955932616788e-01
-1.808421134948730580e-01
2.917494964599609553e-01
3.646439743041992032e-01
5.545938014984130859e-02
nan
-1.022421951293945419e+00
3.347635269165039062e-01
4.466479492187500067e-01
6.226536560058594238e-01
5.590689849853515137e-01
-1.006969547271728549e-01
-3.685003662109375133e-01
-1.015360641479492232e+00
-2.094488906860351440e-01
-4.162876129150390736e-01
-8.907942962646484553e-01
-1.059706115722656300e-01
-4.066830825805664018e-01
nan
nan
nan
nan
5.594403743743896207e-02
-1.485992126464843688e+00
-3.085683822631836160e-01
-6.188695907592773465e-02
-8.301581573486328525e-01
2.738288879394531472e-01
-3.906784439086913863e-01
-1.870726585388183538e-01
1.435909271240234375e+00
-1.121192016601562536e+00
6.646900177001953125e-01
-4.064343261718750266e-01
-7.160563659667968928e-01
6.865454101562500355e-01
nan
-6.862763977050780895e-01
2.978393936157226474e-01
7.419741058349609286e-01
8.314019203186034934e-02
1.440961456298828214e+00
5.278213500976562944e-01
1.811071929931640678e+00
3.555915117263794278e-02
-1.668020477294921866e+00
4.742047119140624933e-01
3.313538360595703058e-01
6.825996398925781028e-01
-1.220203781127929682e-01
nan
nan
nan
nan
3.918520736694335871e-01
5.727557754516601207e-01
-7.729344177246093572e-01
-2.269324111938476607e-01
-4.376663970947265447e-01
-5.659061813354492321e-01
-4.476694869995117010e-01
-7.643518066406249645e-01
-1.325312652587890661e+00
-3.995067977905273349e-01
1.356676940917968643e+00
-4.417552566528320512e-01
4.748434448242187522e-01
5.593830585479736550e-02
nan
1.650282478332519565e-01
-1.556631946563720725e-01
-1.461575031280517578e-01
-1.774151921272277763e-02
-5.692826461791992143e-01
-1.421766948699951238e-01
-1.201883163452148517e+00
-6.296751785278320579e-01
-1.161630749702453544e-02
-2.393522071838379006e-01
2.329499053955078058e-01
8.028537750244140181e-01
-4.551078414916991943e-01
nan
nan
nan
nan
-4.029631805419922053e-01
-3.091849517822265470e-01
1.305531921386718697e+00
6.642734527587890181e-01
-3.715251922607422097e-01
5.416749572753906117e-01
-6.542329406738280895e-01
-1.842417144775390647e-01
1.616718482971191417e-01
-5.461589050292968706e-01
3.275577545166015736e-01
-1.948976135253906172e-01
-1.515775604248046804e+00
-7.786304473876952681e-01
nan
5.087609481811523615e-01
4.153797149658203236e-01
6.144411468505859286e-01
1.120491218566894570e-01
-1.553079509735107444e-01
-5.430009841918945201e-02
6.123957443237304510e-01
-6.081795501708984197e-01
-9.511420249938964955e-02
1.312784881591796848e+00
1.241619300842285167e-01
6.371387863159179155e-01
4.742527389526366988e-01
nan
nan
nan
nan
3.063603401184081809e-01
-1.767108459472656268e+00
-5.636223983764648837e-01
2.496429824829101696e-01
9.624069976806640669e-01
2.138559579849243220e-02
1.416239547729492287e-01
-9.865916442871093262e-01
-8.911303710937500400e-01
-8.046954345703124512e-01
-6.550940990447998158e-02
-2.689170455932617387e-01
3.811149895191192662e-03
-6.724502563476562056e-01
nan
-4.150794219970703192e-01
7.386324310302734286e-01
7.894390869140625044e-01
5.714010620117186967e-01
3.013917350769043102e-01
-1.202132492065429714e+00
-8.438202667236328613e-01
-4.167655563354492054e-01
-2.677559280395507835e-01
9.773316955566406783e-01
-1.011491298675537137e-01
-4.201644134521484442e-01
8.569082641601561967e-01
nan
nan
nan
nan
-5.744150638580322599e-02
5.469121932983398438e-01
-8.430916786193848322e-02
-4.952154636383056946e-02
9.257501983642577592e-01
2.714472389221191384e-01
-9.661561012268066184e-02
-1.447796630859375044e+00
-6.726826429367065326e-03
6.591322326660156161e-01
1.350809020996093679e+00
1.173455238342285128e-01
-1.720838928222656328e-01
-1.426482677459716686e-01
nan
8.120251893997192452e-03
8.791797637939453569e-01
-4.283001327514648349e-01
4.141146850585937234e-01
1.748732757568359497e-01
-6.510135173797607089e-02
5.317704391479491921e-01
2.806027603149414129e-01
-1.036556472778320304e+00
-5.934222412109374512e-01
1.757538223266601474e-01
1.551342468261718732e+00
-4.857824707031250244e-01
nan
nan
nan
nan
-5.884142684936523038e-01
2.700480842590332053e-01
2.329538154602050770e-01
-7.802653503417968928e-01
-4.072459220886230635e-02
-6.143454742431641025e-01
1.290111236572265563e+00
2.219947814941406194e-01
-1.207583007812500053e+00
-5.310935974121093750e-01
-9.435786247253417913e-02
2.173671913146972556e-01
5.887466812133789196e-01
4.406459808349609264e-01
nan
8.316623687744140181e-02
5.490397262573242232e-01
1.974790573120117076e-01
-3.800943756103515869e-01
4.316824436187743919e-02
-6.012646484375000488e-01
-1.120854854583740179e-01
-3.937488555908202903e-01
-1.703298377990722645e-01
7.528562927246094105e-01
-9.294279479980468439e-01
-6.905255126953124822e-01
9.638491821289062456e-01
nan
nan
nan
nan
1.154407143592834500e-02
-8.431407928466796431e-01
1.022105887532234270e-03
2.753197479248046808e-01
4.916717147827148193e-01
-1.628610610961914174e-01
8.393627166748046653e-01
1.750592613220214866e-01
-3.534329605102539129e-01
-4.147358703613281405e-01
3.739707565307617276e-01
-3.159114360809325839e-02
-5.359029006958008212e-01
-1.051428699493408142e-01
nan
-1.941545257568359384e+00
6.494979095458984775e-01
5.190346527099609641e-01
9.115851402282715288e-02
-5.773162460327148082e-01
3.889591217041015736e-01
-6.512371063232421653e-01
1.292107849121093777e+00
-9.907642364501953458e-02
1.145080108642578143e+00
-9.271569252014159879e-02
3.345219790935516271e-03
-6.945117187499999512e-01
nan
nan
nan
nan
7.720078468322753851e-02
7.165586853027343661e-01
-1.725046730041503995e-01
5.866435623168945179e-01
-1.007327728271484313e+00
-6.467413425445556197e-02
-4.069156646728515625e-01
-1.156690979003906161e+00
-7.486694335937500444e-01
-4.266552734374999822e-01
-8.343541717529296964e-01
-6.182630538940430132e-01
-4.682303237915039218e-01
8.086769104003905806e-01
nan
-5.155493164062500133e-01
1.187805938720703086e-01
-4.062483596801758079e-01
3.036726760864257857e-01
-1.032620162963867161e+00
-4.036837768554687456e-01
1.690291762351989885e-02
2.347543525695800770e-01
4.345475387573242143e-01
-5.302811813354492143e-01
-1.069561614990234277e+00
-1.877898216247558538e-01
-1.150777530670166054e-01
nan
nan
nan
nan
1.125558757781982416e-01
-7.789896726608276298e-03
1.950240707397460915e-01
4.716238021850586160e-01
4.025002670288085893e-01
-5.046262741088867188e-01
5.665221786499023970e-01
-9.304200172424316462e-02
-2.349926567077636752e-01
1.894280815124511630e-01
-3.701348495483398615e-01
-8.846404266357421609e-01
-2.425301313400268430e-02
-4.399880981445312700e-01
nan
-1.583125457763671973e+00
-8.085914611816406028e-01
-5.012695693969726474e-01
9.366791534423828391e-01
-7.713285446166992521e-02
5.802861022949218350e-01
-5.284644126892090038e-02
7.834029388427734553e-01
-1.101632690429687478e-01
4.922600269317627120e-02
-4.602339553833008079e-01
-6.160636138916015803e-01
-1.707835388183593706e+00
nan
nan
nan
nan
1.413582611083984419e-01
-2.678805541992187456e-01
1.783271942138671795e+00
1.153754138946533198e-01
1.046078033447265687e+00
-4.169067382812500222e-01
5.822929763793944780e-01
-4.329321384429931502e-02
-3.907453536987304799e-01
1.219614410400390536e+00
1.040240573883056685e-01
-2.326795005798339977e-01
-4.069293022155761469e-02
-7.659665679931640936e-01
nan
8.148205566406250266e-01
-6.403190612792968306e-01
5.651925277709960449e-01
-6.957867622375488170e-02
-2.680934143066406317e-01
7.819499969482421875e-01
2.565286827087402410e-01
5.165241241455078430e-02
-3.111055183410644798e-01
1.153082885742187536e+00
2.285661697387695312e-01
-1.301459503173828247e-01
1.014338455200195277e+00
nan
nan
nan
nan
9.414541625976562411e-01
-8.196047210693359064e-01
-2.058762931823730491e-01
5.859753036499023571e-01
6.487841033935546342e-01
1.279702663421630922e-02
-9.760554313659668135e-02
1.175067615509033242e-01
-1.626483154296874956e-01
5.970911407470702592e-01
3.408187103271484442e-01
6.143893814086913707e-01
-6.814168548583984242e-01
2.233498954772949185e-01
nan
4.209502410888671942e-01
5.152993392944336115e-01
-1.578642730712890518e+00
2.221356773376464977e-01
-4.477694702148437567e-01
6.477516174316406694e-01
-2.198410224914550681e-01
-6.084314346313476340e-01
7.228214263916015181e-01
6.514139556884765980e-01
6.557734680175780762e-01
7.038754272460937544e-01
-4.428265380859375266e-01
nan
nan
nan
nan
5.166878509521484197e-01
1.521112632751464855e-01
-7.795764923095702681e-01
1.102005004882812500e+00
-5.844641494750976163e-01
-2.774166870117187322e-01
9.852310943603516113e-01
4.973879241943359175e-01
-1.442198028564453116e+00
-5.107199478149414551e-01
-9.540987968444823719e-02
-3.908462762832641546e-02
2.402219390869140547e-01
-1.063621711730957098e-01
nan
-1.324319648742675881e-01
4.577615737915038951e-01
-1.612221527099609308e-01
-9.514808654785156250e-01
-2.959533691406249778e-01
9.340969085693359708e-02
-4.341557312011719016e-01
-5.548164749145507724e-01
-4.682045364379882613e-01
-1.438318328857421946e+00
-4.162363815307617010e-01
-9.579810333251953525e-01
-2.491350173950195312e-01
nan
nan
nan
nan
-1.701574516296386619e-01
2.758937644958496249e-01
5.685342788696289285e-01
1.601713752746581898e-01
1.738869476318359308e-01
3.035041999816894265e-01
4.821732521057128795e-02
-3.744001388549804688e-01
2.726921081542968972e-01
-1.048180694580078232e+00
7.943750858306884710e-02
-2.033376693725585938e-01
1.357129764556884721e-01
-4.851123809814453236e-01
nan
4.284450912475585849e-01
-4.215611648559570157e-01
3.429304885864257746e-01
2.664358901977539329e-01
8.765738677978515137e-01
-1.034854965209961009e+00
-9.086448669433593306e-01
-8.084024047851562367e-01
-3.492858123779296609e-01
-4.486917877197265647e-01
-9.681466674804687367e-01
2.048009872436523382e-01
6.265916442871093395e-01
nan
nan
nan
nan
-1.040733871459960991e+00
-3.901686859130859553e-01
2.762120819091796742e-01
2.912042045593261630e-01
2.447927856445312467e-01
-1.470553302764892600e-01
8.408731842041015092e-01
-1.092020645141601465e+00
9.188816833496094016e-01
3.110437583923340021e-01
-5.526115798950195224e-01
7.739752960205078525e-01
3.302739715576171742e-01
9.127937316894531306e-02
nan
-2.308805847167968717e-01
-7.486472320556640803e-01
7.383762359619140403e-01
-5.551275730133056752e-02
4.400288772583007546e-01
7.475667572021484908e-01
-3.487900543212890669e-01
1.114174118041992179e+00
5.252202224731444824e-01
-5.098057937622070268e-01
1.338771915435791049e-01
-4.711031341552734397e-01
-7.896726989746093439e-01
nan
nan
nan
nan
8.210243988037109197e-01
-2.881588363647460960e-01
-1.079956588745117241e+00
9.405657196044922008e-01
-1.259945907592773473e+00
4.790504455566406139e-01
-9.251721191406250266e-01
-1.082560577392578161e+00
6.635430908203124867e-01
1.561919784545898471e-01
-2.810582733154297075e-01
-4.144425582885742365e-01
1.005185317993164018e+00
2.773388481140136586e-01
nan
-1.007620010375976483e+00
2.277943229675293002e-01
-4.591060638427734153e-01
1.602705764770507857e-01
-5.426473999023437855e-01
-1.097244262695312500e+00
-2.716917037963867063e-02
-6.365829086303711470e-01
5.365760421752929776e-01
-7.893470001220702637e-01
-1.930869221687316756e-02
-3.386362075805663951e-01
7.459558105468749867e-01
nan
nan
nan
nan
1.929527282714843806e-01
8.015971779823303361e-03
4.562626266479491988e-01
-6.341820526123046475e-01
-1.306444396972656241e+00
1.660894317626953054e+00
-2.489483642578124989e-01
-8.891651916503906516e-01
-6.737136840820312500e-01
4.136987686157226340e-01
-1.007530899047851536e+00
-2.685227775573730269e-01
-6.294062805175780762e-01
-3.698349761962890780e-01
nan
-7.997614288330078258e-01
-1.025709381103515616e+00
1.163209686279296884e+00
9.984758758544921564e-01
4.725382328033447127e-02
1.003912277519702863e-04
-4.464841842651366965e-01
-1.254961700439453098e+00
-6.298685455322265980e-01
-4.327040863037109331e-01
3.833967590332031383e-01
-8.707840728759765891e-01
2.236737459897995047e-03
nan
nan
nan
nan
7.602264404296874556e-01
-3.291760683059692660e-02
-1.770009994506835938e-01
1.045212783813476598e+00
8.119861602783202681e-01
2.964102745056152455e-01
3.285574722290038885e-01
9.628975868225098100e-02
1.995736503601074352e-01
-6.285886383056640270e-01
3.247734069824218528e-01
2.287740898132324119e-01
4.872168350219726607e-01
-3.938248825073242254e-01
nan
-5.044213867187500311e-01
-7.891384887695312988e-01
-7.792548370361328525e-01
3.404883956909179887e-01
-2.122268867492675681e-01
-3.611602020263671720e-01
3.123773384094238326e-01
1.237165908813476545e+00
-5.070023345947265447e-01
4.432826340198516880e-03
-2.832641220092773637e-01
-1.988656806945800770e-01
1.456285705566406241e+00
nan
nan
nan
nan
4.075588989257812322e-01
-8.548432922363281561e-01
7.112040710449218928e-01
-1.874539184570312433e-01
5.503416824340819913e-01
2.127084350585937422e-01
1.106766967773437527e+00
-6.914670562744140714e-01
-4.621617507934570046e-01
4.193096542358398238e-01
-6.053546428680420255e-02
-2.313309288024902322e-01
-9.062826538085937411e-01
1.283288269042968777e+00
nan
3.214651489257812633e-01
-7.699401378631592040e-03
-8.348074913024902677e-02
-1.641953277587890614e-01
3.226604461669921875e-01
5.272555923461914595e-01
6.699516296386718306e-01
-5.970541834831238209e-03
-4.346110534667968484e-01
-8.771813201904297141e-01
-3.751530456542968572e-01
1.197056350708007866e+00
-6.404138946533203258e-01
nan
nan
nan
nan
2.956344985961913974e-01
-2.911653518676757951e-02
-6.153738403320312411e-01
-2.059920549392700237e-02
-1.122382831573486284e-01
-4.599890518188476385e-01
5.059227371215819780e-01
3.637428283691406250e-01
-5.932845306396484775e-01
6.905050659179687855e-01
4.825064659118652455e-02
-2.129584121704101440e-01
-1.076862621307373008e-01
7.950562953948975276e-02
nan
-1.741662025451660156e-01
-1.630087127685546866e+00
5.050361633300781694e-01
5.300683212280273837e-01
-1.083267440795898429e+00
-4.034713363647460804e-01
6.496062469482422053e-01
-5.960344314575195118e-02
-1.171894378662109437e+00
-3.995979690551758057e-01
1.389751434326171875e-01
1.089358978271484313e+00
-2.705952644348144642e-01
nan
nan
nan
nan
-1.075197982788085982e+00
5.331953048706055132e-01
-6.375860977172851385e-01
7.017817687988281428e-01
-1.603130035400390563e+00
9.986318969726561967e-01
3.244900131225585960e-01
7.814582824707030917e-02
3.213723373413086004e-01
-2.669110107421874822e-01
-8.205895233154296697e-01
-6.448152923583984064e-01
1.589845275878906339e+00
1.721154975891113215e-01
nan
2.486067581176757690e-01
8.491196441650390447e-01
3.973976516723632946e-01
-1.267574615478515687e+00
-8.339580535888672097e-01
7.905342864990234641e-01
6.394629669189453303e-01
-2.920088386535644731e-01
-3.113652801513671631e-01
6.509870147705077992e-01
-6.805123901367187145e-01
1.307949218749999920e+00
-8.955246734619141113e-01
nan
nan
nan
nan
-4.865630722045898304e-01
-7.826544189453125133e-01
-7.214949035644531161e-01
9.422766113281250133e-01
5.467987442016601918e-01
1.426047210693359268e+00
2.244088363647460949e-01
-3.759753036499023371e-01
1.991238403320312600e-01
1.528861846923828205e+00
-1.018935394287109331e-01
1.290944671630859464e+00
4.865184020996093928e-01
-1.023835659027099582e-02
nan
-4.428295516967773460e-01
1.143128051757812402e+00
-4.088812255859374800e-01
6.473814392089843883e-01
3.436637496948242165e-01
1.311380462646484446e+00
1.090633316040038991e+00
-1.433078460693359313e+00
-2.114618682861328092e-01
-5.432161712646483842e-01
5.488789367675781516e-01
7.178909301757812056e-01
-1.894615364074707098e-01
nan
nan
