nan
nan
-9.472090148925781383e-01
-1.630928611755371183e-01
-4.445307159423828036e-01
-1.820520401000976507e-01
-4.634583282470703391e-01
8.123594665527343883e-01
-8.849840545654297230e-01
-2.179781723022460871e-01
-1.641839790344238326e-01
-1.158486480712890732e+00
3.012085723876953280e-01
-2.270193099975585938e-01
2.531968307495117143e-01
4.803397369384765359e-01
nan
-1.425627136230468717e-01
-1.813810729980468717e-01
-1.076769161224365168e-01
-1.986166572570800815e-01
-1.042275085449218652e+00
3.679359054565429776e-01
5.309623718261718972e-02
-7.697278594970703436e-01
-5.879597854614257990e-01
-5.553921890258789462e-01
-5.569033050537108842e-01
-1.370264282226562491e+00
-1.442562255859374920e+00
nan
nan
nan
nan
-4.023782253265380943e-02
-1.496490631103515545e+00
-8.670746612548828613e-01
7.667302703857421520e-01
9.049346160888671609e-01
-1.213352050781250080e+00
-3.287564849853515381e-01
-4.632561683654785184e-02
5.910241603851318359e-02
-5.872558975219726030e-01
-2.935075378417968839e+00
1.848623847961425870e-01
-7.652927398681640403e-01
-5.061446380615234331e-01
nan
-1.778220062255859268e+00
8.432754516601562722e-01
6.405272483825683039e-02
-6.620106506347656072e-01
-1.433856658935546813e+00
-3.485028839111328214e-01
5.452325820922852007e-01
-9.852942657470703525e-01
-1.226259536743164125e+00
-5.164897537231445401e-01
-4.160616302490234286e-01
1.991149067878723172e-02
-1.396787872314453116e+00
nan
nan
nan
nan
-5.467608642578124512e-01
-5.807275295257568332e-02
-6.855135917663573997e-02
-4.164523315429687345e-01
-4.396906661987304843e-01
6.514779925346374234e-03
-6.074590301513671520e-01
-6.733946228027343217e-01
2.884816551208496116e-01
-1.352705669403076183e-01
-9.542604064941406783e-01
-1.920464324951171864e-01
8.091738700866699108e-02
-7.100151824951171919e-01
nan
-1.399297027587890652e+00
-4.231473445892333651e-02
1.866540718078613381e-01
-4.195983505249023526e-01
-6.652010345458984064e-01
3.050407409667968972e-01
-7.334399414062500178e-01
-2.931406211853027077e-01
-6.169400405883789240e-01
-5.068626022338866832e-01
-1.052509593963623091e-01
7.653999328613281250e-01
-7.991075992584228960e-02
nan
nan
nan
nan
-7.362558746337890536e-01
-1.269126281738281348e+00
-7.947131347656249956e-01
-3.515218353271484242e-01
-1.553766021728515634e+00
2.437807464599609508e-01
-1.805495071411132857e-01
1.862092590332031228e-01
-3.549389266967773460e-01
-1.041258316040039045e+00
-1.362865638732910223e-01
-9.829019546508789562e-02
-2.186600646972656214e+00
-1.526418151855468697e+00
nan
3.384598922729492032e-01
-8.741939544677734819e-02
-2.948736190795898660e-01
-5.017470550537109775e-01
7.558234405517577637e-01
-7.029174804687500222e-01
5.276908493041991832e-01
-1.047101287841796902e+00
-1.339855957031250044e+00
9.103823661804198719e-02
7.434363842010498213e-02
-6.821351623535156783e-01
-8.366889190673828525e-01
nan
nan
nan
nan
5.872454643249511858e-02
-1.648571624755859277e+00
-2.420449829101562478e-01
-4.428402328491211071e-01
-1.621010780334472545e-01
4.694120407104492299e-01
1.888219261169433727e-01
1.378030014038086060e-01
-3.372594451904296631e-01
-3.327394866943359508e-01
-4.248402023315429599e-01
-7.089869022369384155e-02
1.380054931640624982e+00
-6.874419403076171831e-01
nan
-1.123918533325195312e+00
-5.931624221801757857e-01
-1.560489177703857505e-02
-9.996633911132812855e-01
2.236202049255371083e-01
-6.897089385986328036e-01
-7.743843841552734419e-01
-8.742974090576172141e-01
-1.867947235107421777e+00
-1.886853599548339866e-01
-8.715458869934082642e-02
-1.394963684082031197e+00
-6.636085510253906250e-01
nan
nan
nan
nan
-1.896985473632812447e+00
-3.416026687622070179e-01
-1.951274871826171875e-01
1.290050625801086349e-02
-4.735910034179687256e-01
3.405434799194335671e-01
9.134398698806762626e-03
-2.796144294738769354e-01
3.460746002197265803e-01
9.539104461669921375e-02
6.071987152099609375e-01
-5.561186981201171609e-01
7.502596282958984286e-01
1.367334136962890634e+00
nan
-1.979850769042968750e+00
-1.044247388839721763e-02
-7.935725402832031206e-01
-9.703924560546874911e-01
-2.397856140136718772e-01
-1.122947616577148366e+00
7.397883605957030762e-01
-1.383517360687255837e-01
-3.518252563476562678e-01
1.626511764526367143e-01
-1.063154697418212946e-01
-5.921391677856445712e-01
-1.517792358398437402e+00
nan
nan
nan
nan
4.863254928588867099e-01
-6.841419982910156294e-01
3.075154495239257879e-01
-3.533163833618164218e-01
-1.815975341796874920e+00
-6.207668685913085849e-01
-8.204477429389954099e-03
-1.016581649780273544e+00
-1.050059127807617232e+00
-9.165472030639648660e-02
1.559106063842773393e-01
-1.272607040405273393e+00
-1.388683414459228604e-01
-1.149956741333007848e+00
nan
-7.193266296386718883e-01
-6.222559356689453258e-01
-7.434361267089844016e-01
1.796107101440429787e-01
-7.190312194824218794e-01
1.531044673919677856e-01
-1.046569366455078143e+00
-7.813406372070312855e-01
-9.871492767333984730e-01
-1.590274810791015625e+00
-1.237432098388671964e+00
1.621804428100585838e-01
-1.372084350585937473e+00
nan
nan
nan
nan
-5.463293075561523882e-01
-1.195025920867919950e-01
-6.697984313964844283e-01
-5.561236190795898482e-01
8.658540344238281339e-01
-7.513481140136718528e-01
1.177330970764160212e-01
-8.570909118652343395e-01
4.302289581298828214e-01
5.118831634521484597e-01
-5.476544857025146540e-02
-1.160778274536132804e+00
1.257033004760742090e+00
3.792962265014648282e-01
nan
-1.280511169433593777e+00
-6.182174205780029130e-02
-1.341995239257812500e+00
9.765752792358398104e-02
-3.436163330078125244e-01
-6.671733093261719150e-01
3.116291427612304932e-01
-4.473114776611328280e-01
-9.571111297607421964e-01
-5.814803314208983887e-01
4.217309951782226562e-01
-4.957548904418945246e-01
1.460992050170898393e-01
nan
nan
nan
nan
-7.660612487792968217e-01
-5.109983921051025613e-02
-1.654753265380859428e+00
-1.226622543334960902e+00
-1.394514923095703018e+00
-7.560071563720702770e-01
-3.757678222656249956e-01
-1.568978424072265732e+00
3.433370590209960938e-02
-7.509524536132812234e-01
2.898790168762206965e-01
5.589072036743164551e-01
-7.827892303466796875e-01
-6.752492523193359686e-01
nan
7.430123901367187145e-01
7.276468658447265980e-01
-6.144468688964843661e-01
-7.626963806152343706e-01
5.331137466430664329e-01
-1.110677261352539080e+00
5.202867126464844061e-01
-1.947915039062499964e+00
-7.639569091796875044e-01
-4.928459644317626648e-02
-7.436241149902343972e-01
7.335034370422363614e-02
3.525335311889648549e-01
nan
nan
nan
nan
5.395862197875976873e-01
-8.359100341796874556e-01
6.061144256591797230e-01
-8.046975708007813033e-01
-1.084654541015624973e+00
-8.370259094238281516e-01
-1.122545528411865168e-01
-8.427277803421021063e-03
-2.018135375976562340e+00
-5.271637439727783203e-02
-1.152933883666992232e+00
-5.689070129394531161e-01
4.574416732788085804e-01
9.820004272460937100e-01
nan
1.838961410522460815e-01
1.126790523529052762e-01
-3.421755218505859175e-01
-7.707626342773437056e-01
4.042546463012695046e-01
-5.548192596435547186e-01
-4.332192993164062367e-01
-1.036433563232421973e+00
-7.327169036865234242e-01
-1.527496032714843688e+00
-8.874185180664062589e-01
-9.100289154052734197e-01
1.418375873565673739e-01
nan
nan
nan
nan
3.978866815567016352e-02
3.123493576049804488e-01
8.809046745300293246e-02
-2.049694061279296875e-01
-6.991683959960937056e-01
1.811293721199035492e-02
-4.507196807861328369e-01
2.252296447753906194e-01
2.082283210754394542e-01
-2.569786071777343528e-01
-5.347576141357421875e-01
1.414864778518676834e-02
2.685935211181640359e-01
-1.076724166870117294e+00
nan
-7.006961059570312456e-01
9.813378906249999867e-01
-1.336142578125000036e+00
-5.411843109130859419e-01
4.495584106445312256e-01
5.809458923339844150e-01
2.508053970336914240e-01
-1.924547386169433716e-01
-1.197722625732421831e+00
2.249829864501953214e-01
-9.176100921630859775e-01
-1.422393646240234455e+00
-1.075196304321289098e+00
nan
nan
nan
nan
-1.795421791076660112e-01
5.357921981811523127e-01
-1.138048839569091863e-01
1.565476226806640503e-01
-1.023049316406249964e+00
6.613201141357422097e-01
6.482371330261230136e-02
-6.598802185058594283e-01
-3.446428680419921786e-01
2.935971260070801003e-01
-9.565619659423828525e-01
-4.935512924194335738e-01
9.675415039062500167e-02
-2.967148590087890780e-01
nan
9.563396453857422319e-01
1.624851226806640625e-01
3.149091148376464977e-01
-1.242294216156005909e-01
-8.051344299316406383e-01
-2.005119628906249840e+00
-7.064700317382812678e-01
-1.386376190185546919e+00
3.436007690429687678e-01
4.531133651733398188e-02
-5.649569320678711204e-01
3.380121994018554510e-01
-9.677236175537109464e-01
nan
nan
nan
nan
-1.794478034973144565e-01
-2.987300491333007568e-01
-4.760044860839843794e-01
-8.620022773742676281e-02
-3.481397247314453325e-01
-9.907839202880859286e-01
5.559350967407226118e-01
-1.409675502777099632e-01
5.475701522827148837e-01
-1.005429306030273473e+00
-8.061256408691406250e-01
-3.186131286621093905e-01
-4.253802776336670227e-02
-6.816883087158203125e-01
nan
3.535525512695312234e-01
-5.664166641235351962e-01
9.838690185546874467e-01
3.140007972717285406e-02
-8.593148803710937145e-01
1.112656974792480408e-01
7.960063171386718706e-01
-5.171312713623046342e-01
2.060864067077636808e-01
-2.292475585937499893e+00
-1.433653564453124973e+00
7.051699829101562012e-01
-1.464154205322265589e+00
nan
nan
nan
nan
-9.451355743408202947e-01
-1.013829956054687509e+00
-6.412644195556640447e-01
-1.955250930786132935e-01
-5.955727005004882724e-01
-3.410783386230468728e-01
-1.127710056304931652e-01
4.230362415313720925e-02
1.030100173950195375e+00
2.505051231384277100e-01
-8.358440399169921875e-01
-1.534912109375000000e+00
-6.325185775756836382e-02
-8.413503265380859464e-01
nan
-4.628592300415039218e-01
-1.475688323974609473e+00
-9.460316467285155850e-01
-2.273116493225097734e-01
-5.051506805419921919e-01
-1.961374282836914062e-01
-1.403642883300781241e+00
-1.276103134155273544e+00
-4.751879119873047008e-01
-3.239636611938476740e-01
-2.476225128173828338e+00
-1.246690673828124929e+00
-6.559061431884765092e-01
nan
nan
nan
nan
-8.793926239013671875e-01
-6.205760574340820623e-01
-1.810265960693359322e+00
-6.799451446533203436e-01
-1.118587646484374920e+00
1.098378753662109381e-01
-7.677151489257812988e-01
-5.216539001464843839e-01
-5.182078838348389005e-02
-2.252124214172363248e-01
-4.310309982299804776e-01
-1.500035552978515652e+00
-1.650718688964843750e+00
-1.021955718994140616e+00
nan
-9.365048217773437322e-01
7.782382965087890625e-01
-8.352825164794921431e-01
-5.204445648193359863e-01
-5.268695068359374734e-01
2.225986671447753862e-01
5.859842300415039201e-02
-8.219821166992187234e-01
-3.901051330566406294e-01
-1.389818572998046786e+00
-6.775653076171874734e-01
-1.712879028320312580e+00
9.095182037353515270e-01
nan
nan
nan
nan
-6.553315734863280895e-01
-1.041003646850585884e+00
-3.902553558349609597e-01
-7.541762542724609331e-01
-1.105368118286132795e+00
-1.207195510864257804e+00
-3.513291168212890891e-01
-1.021914291381835982e+00
-2.049529876708984233e+00
-2.548248672485351474e-01
-1.026667556762695277e+00
4.013370132446288929e-01
-6.113631725311279019e-02
-9.272798919677733842e-01
nan
-6.353188323974608975e-01
-1.039521255493164098e+00
-1.715450897216796777e+00
-1.177832717895507919e+00
2.594866275787353557e-02
-1.252108764648437456e+00
-1.240838928222656179e+00
-1.433602905273437589e+00
-6.504906463623046919e-01
-1.040598754882812393e+00
-2.948245429992675803e-01
-7.073635864257812322e-01
3.299646377563476562e-01
nan
nan
nan
nan
-1.857265014648437518e+00
-7.142008972167969150e-01
2.749655723571777233e-01
3.302669906616210738e-01
-1.245864715576171955e+00
-1.933189392089843806e-01
2.408136940002441329e-01
-2.395099067687988248e-01
6.574825763702392412e-02
-1.050869979858398473e+00
-3.847743272781371793e-02
-1.222213592529296955e+00
-1.683036346435546893e+00
-3.047967720031738437e-01
nan
-9.316793060302734908e-01
-1.296584625244140643e+00
2.576568603515624889e-02
-6.686273097991943248e-02
-3.843653488159179954e-01
-7.745423126220702947e-01
-5.088547515869140669e-01
1.018895244598388705e-01
-6.885171508789063033e-01
-1.160843734741210831e+00
-1.531558380126953223e+00
9.735098266601562855e-01
-1.227865295410156321e+00
nan
nan
nan
nan
-5.959053039550781250e-01
-7.099745178222656161e-01
2.640288925170898304e-01
1.401888275146484286e+00
-2.531875801086425626e-01
-1.964802932739257713e-01
-9.617673492431640936e-01
-7.765618133544921475e-01
1.959251785278320335e-01
-1.764228210449218848e+00
-6.976515960693359109e-01
-1.105820236206054741e+00
-1.445122528076171919e+00
-1.061095657348632759e+00
nan
-2.111666297912597745e-01
6.525787353515625222e-01
-4.396260070800781516e-01
2.799992752075195490e-01
4.988782501220703214e-01
-1.019091720581054794e+00
5.240681076049804599e-01
-6.648686218261719016e-01
-2.179273223876952992e-01
6.953113555908203569e-01
-5.560399246215820268e-01
1.742319583892822099e-02
2.689009666442870872e-01
nan
nan
nan
nan
4.390753173828125244e-01
-1.375017395019531241e+00
-8.633589172363280717e-01
-2.804596900939941295e-01
-1.846981048583984375e+00
7.068236827850342407e-02
4.693384170532226562e-01
3.777271270751952903e-01
-1.390533142089843688e+00
3.462434005737304865e-01
1.890660476684570268e-01
-8.520023345947265181e-01
-2.707014846801757968e-01
-7.211023712158203258e-01
nan
2.811950874328613126e-01
-8.962988281249999467e-01
-1.235844879150390652e+00
2.130508804321289140e-01
-5.046273422241210893e-01
-3.039750671386718950e-01
-6.614957427978516158e-01
-8.004590606689453436e-01
-1.225196533203124938e+00
-1.647370529174804754e-01
4.753071975708007546e-01
-2.577608680725097523e-01
-7.328563690185546653e-01
nan
nan
nan
nan
-1.406325721740722678e-01
-2.352912902832031250e+00
-5.054317474365234153e-01
-7.345998382568359464e-01
-1.105677490234374893e+00
-7.261013031005859597e-01
-1.172450561523437518e+00
-7.096223449707030895e-01
-1.761976776123046928e+00
-8.011436462402343750e-01
-1.603890533447265732e+00
-1.213378982543945384e+00
-1.070282974243164098e+00
-3.968501281738281428e-01
nan
-8.597553253173828569e-01
-7.971352386474609419e-01
-4.040045166015625022e-01
-6.132698822021483975e-01
-3.648076629638671853e-01
-1.166370010375976651e+00
2.395771408081054654e-01
-5.348181533813476385e-01
2.572658729553222723e-01
-5.729587936401366877e-01
1.843793106079101574e-01
-3.500952529907226385e-01
-3.967724990844726518e-01
nan
nan
nan
nan
-3.021356964111328036e-01
-1.998019256591796911e+00
4.142056655883789018e-01
-2.680277061462402188e-01
-1.409149475097656312e+00
-1.526791229248046777e+00
-2.572584152221679688e-01
-4.172585964202880915e-02
-1.310881042480468661e+00
1.181225490570068370e-01
-5.151652145385742232e-01
-2.223763275146484475e-01
5.659566402435303040e-02
-1.173149108886718750e+00
nan
-1.637735900878906303e+00
1.031625061035156277e+00
1.211299991607665966e-01
-8.592520141601562855e-01
-8.864045715332031783e-01
-4.072214508056640758e-01
7.682185363769531428e-01
9.537522125244141113e-01
-6.097217178344727095e-01
1.420829391479492276e-01
-3.049360656738281383e-01
6.769333648681640225e-01
-9.682839965820312367e-01
nan
nan
nan
nan
-2.628206253051758035e-01
2.169390487670898315e-01
-4.059879302978515736e-01
-4.699310302734374667e-02
4.071431732177734353e-01
-2.230528259277343717e-01
-4.547653961181640780e-01
2.763799476623535201e-01
-7.518325805664062278e-01
-8.524064636230468395e-01
-8.840661621093750533e-01
-6.435691833496093306e-01
1.567676901817321652e-02
-1.224366149902343714e+00
nan
-5.905080032348632990e-01
-9.946751403808593572e-01
-1.762681732177734384e+00
-1.044377746582031197e+00
-1.642351150512695312e-01
6.871498107910156694e-01
-9.764968872070312056e-01
-1.979703712463379006e-01
-6.642761230468750000e-01
-7.641044616699218528e-01
-5.194701385498047275e-01
1.010821838378906268e+00
-1.070369415283203063e+00
nan
nan
nan
nan
6.159873962402343667e-02
2.380397796630859264e-01
-7.663715362548828569e-01
-6.306234359741210715e-01
-1.995542907714843717e-01
-4.530179214477538796e-01
1.438121128082275324e-01
-3.384487152099609486e-01
-5.624122238159179332e-01
-4.170799255371093750e-01
8.531256866455078081e-01
-2.897984981536865304e-02
-2.731556129455566251e-01
-8.115604400634766069e-01
nan
-9.852204895019531783e-01
9.517783355712891025e-01
1.157260818481445241e+00
-1.970749664306640503e-01
1.029454040527343794e+00
-2.059141349792480424e-01
-1.235087509155273544e+00
-4.862236785888671697e-01
-1.141486072540283253e-01
4.764273452758789329e-01
-1.815409469604492287e-01
1.061875343322753878e-01
-7.686924338340759416e-03
nan
nan
nan
nan
-7.813694000244140181e-01
-4.584580230712890780e-01
-1.300154266357421928e+00
-1.345152893066406286e+00
-6.728389739990234819e-01
-1.342218627929687491e+00
-6.901431560516357866e-02
-5.971960830688476385e-01
6.894419860839843262e-01
-7.585806369781494807e-02
2.082664728164672699e-02
-3.252448272705077970e-01
-1.198623809814453045e+00
-5.469888305664062367e-01
nan
-6.972516632080077992e-01
-5.080793380737305132e-01
3.955590486526489036e-02
6.236660003662108931e-01
4.313396072387695179e-01
-2.686642265319824086e-01
-1.423569183349609357e+00
-9.708317756652831698e-02
-5.409126281738281250e-01
-7.449460983276366688e-02
-3.134636116027831876e-01
9.075032043457030850e-01
5.723505783081054288e-01
nan
nan
