nan
nan
-3.190960089365641461e-01
1.384257607989841099e-01
4.267977078755696430e-01
2.942288981543647042e-01
2.491297456953260603e-01
-2.697708871629502791e-01
-6.216376622517904016e-01
6.546207269032795761e-02
-2.439001136355929966e-01
-6.431653234693739396e-01
-5.276775889926486052e-01
1.324401828977796736e-01
1.031922433111402693e-01
-3.266301155090332031e-01
nan
-1.521335707770453682e-01
6.546731524997286833e-01
7.306130197313096541e-01
2.371612853474087262e-02
-9.332519769668579102e-02
-1.606413390901353655e-01
-2.783527374267578125e-01
9.764997694227430802e-01
-4.741789499918619977e-01
3.792644606696234932e-01
-2.830544047885470982e-01
5.338100327385796318e-01
1.007748113738165946e-01
nan
nan
nan
nan
3.558114104800754185e-01
9.867851469251844865e-01
-8.939602639940050222e-02
3.889822430080837612e-01
-2.482409609688653040e-02
-2.306284639570448103e-01
2.989672289954291573e-01
3.076936933729383927e-01
-2.786792649163140068e-01
-4.854832225375705357e-01
7.740557458665635604e-01
4.377149211035834542e-01
-7.862400346332126810e-02
4.697598881191677456e-01
nan
4.549412727355957031e-01
-7.017991277906629466e-02
-8.995139863755967635e-01
-2.779369354248046875e-01
4.878088633219401227e-01
4.422329796685112724e-01
-4.978235562642415180e-01
-5.491098827785916292e-01
-3.795170783996582031e-01
5.078390439351400110e-01
3.172028329637315291e-01
3.703258832295735492e-01
5.873221291436089286e-01
nan
nan
nan
nan
7.752766079372830355e-01
-5.465487639109293388e-02
1.862776411904228935e-01
5.705315801832411271e-01
3.542903529273139229e-01
1.194065279430813198e-01
9.514289432101780131e-02
1.571588118871053152e-01
7.150598631964789620e-01
-8.865229818556044084e-01
9.183844460381401786e-01
-1.415080096986558733e-01
-2.252443366580539341e-01
1.795394685533311663e-01
nan
4.710722631878323102e-02
-6.018182436625162390e-01
9.740361107720268974e-01
-4.466676182217068081e-01
-7.411452929178873328e-01
2.309144867791069755e-01
2.580179373423258649e-01
5.053956243726942521e-01
-3.924508359697129745e-01
4.701874521043565291e-01
-2.217984729342990513e-01
1.610481792026095871e+00
3.364073567920260882e-02
nan
nan
nan
nan
2.606437603632609165e-02
8.146784040662977677e-01
4.642692142062717076e-01
-1.004836559295654297e-01
9.455152087741427458e-01
5.208338631523979911e-01
-4.031581083933512555e-01
-8.233773708343505859e-02
4.585743480258517857e-01
5.288594563802083703e-01
-5.663071738349066964e-01
-1.086405780580308733e-01
-2.510868443383110771e-01
3.345305058691236400e-02
nan
1.439375678698221785e-02
-4.081810845269097099e-01
-9.988436434004041575e-02
-4.020056459638807755e-01
-2.060436805089314871e-01
-1.399172676934136161e-01
1.066112783220079241e-01
-7.200138436423407853e-03
9.011587566799588167e-01
-2.284776899549696150e-01
-5.093975067138671875e-01
-9.245642688539293386e-02
3.213012218475341797e-01
nan
nan
nan
nan
1.087037854724460240e-01
-2.337147659725613003e-01
-7.043251461452908480e-01
1.013411680857340541e-01
2.200678454505072823e-01
-4.222275151146782646e-01
1.797095537185668945e-01
4.709882206386989956e-01
4.251133071051703682e-01
3.078749974568684711e-01
5.438492033216688615e-01
6.482098897298177453e-01
-2.456168333689371652e-01
-2.109165456559922991e-01
nan
-4.413709905412461776e-01
6.787303288777669641e-01
-1.845009591844346819e-01
2.067183123694525948e-01
5.032589170667860490e-01
4.439379374186198102e-01
-4.501048723856608258e-01
9.551223781373766042e-02
-1.194652848773532505e-01
-3.585286670260959263e-01
-9.028991891278160750e-03
3.366565373208788015e-02
-2.479257053799099331e-01
nan
nan
nan
nan
8.574437035454643974e-01
-8.010539081361559011e-02
-1.348493629031711216e-01
2.527889410654703961e-01
1.045849058363172768e+00
-7.756541040208604354e-01
9.522168503867255163e-02
-3.248794873555501533e-02
-1.054980383978949554e+00
-3.108527660369873047e-01
-4.016413158840603237e-01
-9.856620099809434987e-02
-1.388180388344658622e-01
3.634707927703857422e-01
nan
-1.701796637641058929e+00
9.100184175703260325e-02
1.370016998714870815e-01
-4.254112641016642021e-02
-1.235379113091362863e-01
6.108080016242133370e-01
-6.847370333141750143e-02
2.459851635826958427e-01
5.044235653347439730e-01
-5.351960394117567521e-01
1.688088708453708287e-01
1.527935928768581753e-01
-1.787746747334798270e-01
nan
nan
nan
nan
1.711994409561157227e-01
-8.058903482225205916e-01
1.147123760647243973e+00
-6.181581815083821985e-01
2.406421767340766182e-01
-5.056989457872178573e-01
-1.528969340854220982e-01
4.861119588216145648e-01
-5.808148384094238281e-01
-1.683586968315972099e-01
-5.053769747416178015e-01
-6.478516790601942521e-01
2.060155206256442662e-01
-1.798720492257012138e-01
nan
-1.191694895426432366e+00
3.041492568122016182e-01
-2.019783258438110352e-01
-4.516355196634928154e-02
-1.455885436799791155e-01
-3.986929191483391810e-02
-3.405403825971815568e-01
4.758845435248481026e-01
6.210115883085462474e-02
3.503765000237358818e-01
1.453895701302422294e-01
-7.122329076131185266e-01
3.572480943467881698e-01
nan
nan
nan
nan
-2.307185067070854911e-01
2.329552968343099051e-01
-1.712934308581882115e-01
6.837249861823188057e-01
1.950566901101006279e-01
2.377656300862630301e-01
1.264621019363403320e-01
5.138921737670898438e-01
4.413420624203152065e-01
-3.987942536671956195e-01
-7.575474845038520089e-01
3.864435354868571149e-01
1.701419485939873466e-01
-1.206398937437269392e-01
nan
3.756986724005805245e-01
1.344167126549614677e-01
4.861245685153537388e-01
8.094002405802408484e-01
1.147512992223103795e-01
9.081048965454101562e-01
1.683670414818657646e-01
5.679337713453505021e-01
-3.304870393541123885e-01
1.008792320887247768e-01
6.924571990966796875e-01
9.488048818376329518e-02
-6.244769626193575895e-01
nan
nan
nan
nan
4.042410055796305524e-01
-4.074741469489203682e-01
-3.153507245911492396e-02
4.809666209750705357e-01
-4.122929573059082031e-01
6.657382117377387276e-01
-8.204272720548841380e-02
6.281393898857964286e-01
3.996210892995198383e-01
2.835775746239556083e-01
-7.347378200954861605e-01
-4.420355425940619698e-01
3.443804052140977401e-01
-3.318623701731364117e-01
nan
-7.675058974160088587e-02
3.233031166924370536e-01
5.386097166273329240e-01
3.312477535671657924e-01
-4.498960243331061315e-02
-2.981754673851860771e-01
-2.563336955176459542e-01
-4.894618988037109375e-01
4.054112699296739120e-01
-8.355729844835069198e-01
-1.511604785919189453e-01
-2.695517275068495255e-01
1.332537829875946045e-02
nan
nan
nan
nan
5.653131273057725448e-01
7.644081115722656250e-01
4.705848164028591518e-01
-3.084479769070943081e-02
-6.109297540452744979e-01
1.802641418245103655e-01
2.523512840270996094e-01
-4.820662604437934151e-01
-2.857907083299424666e-01
-5.645228491889106026e-01
3.605665100945366630e-01
4.439539909362792969e-01
1.687688032786051340e-01
-8.258827527364094589e-02
nan
-1.106874995761447433e+00
-7.902447912428114396e-01
-8.440056376987032927e-01
3.318562242719862443e-01
-2.441613409254285993e-01
-3.881153265635172711e-01
-7.339780595567491073e-01
-3.161979516347249164e-01
2.964272234174940568e-01
2.149414188332027936e-02
3.254168298509385604e-01
-1.989719205432468052e-01
-2.379547804594039917e-03
nan
nan
nan
nan
-1.231483883327907924e-01
-5.106427404615614396e-01
3.722265561421712055e-01
-7.321686214870877230e-01
8.660536872016059151e-01
7.063900629679361609e-01
-7.457228236728243864e-01
-5.595643785264756698e-01
6.809420055813260042e-01
-4.716784755388895439e-02
4.951351483662922992e-01
1.083488146464030022e+00
4.342750443352593193e-01
-1.522208717134263811e-01
nan
3.527155717213948383e-01
1.092712018224928083e-01
7.012974421183267859e-01
-1.801962587568494978e-01
-7.612376742892795756e-02
-9.318969514634873885e-01
6.430364714728461495e-01
2.534501287672255021e-01
3.130799399481879464e-01
-2.796718147065904367e-02
1.284554137123955497e-01
-6.281830469767252234e-01
-4.894209967719184151e-01
nan
nan
nan
nan
-2.190235853195190430e-01
-1.967189576890733538e-01
5.742376645406087610e-01
5.279174778196546458e-02
5.163590113321939734e-01
-5.073261592123243235e-02
-1.379613876342773438e+00
-3.417729801601833706e-01
1.044217480553521066e-01
-7.399396896362304688e-01
3.308019108242458706e-01
-5.427768495347764510e-01
-7.552684015697902487e-02
-9.304790496826171875e-01
nan
5.174337493048773995e-01
-1.065630647871229353e-01
-8.092886077033148995e-01
-7.705924246046277903e-02
-1.063588884141710045e+00
-1.319468683666653042e-01
-6.303504308064779016e-01
4.381595452626546039e-01
-3.403862847222222099e-01
-5.578062799241807479e-01
1.073551177978515625e+00
7.637866338094075891e-01
5.143850644429525110e-01
nan
nan
nan
nan
9.518003463745117188e-01
4.208865695529513951e-01
5.585709147983126677e-01
9.130330615573458708e-01
7.322837511698404578e-01
5.401127603318955916e-01
6.148353152804904020e-01
-3.977338208092583427e-01
9.806491004096137276e-01
-1.588215563032362165e-01
1.564977539910210602e+00
8.818784819708930245e-01
3.601823117997910995e-01
5.003796153598361052e-01
nan
-5.392595926920572547e-01
-1.275056865480211077e-01
4.114565584394667130e-01
3.550730546315510883e-01
4.344010088178846818e-01
2.056888739267985142e-02
1.610954735014173689e-01
5.213899744881524134e-02
7.653267118665907365e-01
-1.185631884468926339e-01
2.672136889563666573e-01
-4.745488166809082031e-01
-5.966785748799642297e-01
nan
nan
nan
nan
3.496743573082817802e-01
9.966572953595055281e-03
4.489912986755371094e-01
-1.893087228139241629e-01
-5.748938454522026786e-01
-3.322517077128092633e-01
-2.849016719394260044e-01
-2.258579201168484096e-01
6.618888643052842635e-01
7.117331822713216516e-01
8.733000225490994417e-01
1.630116038852267746e+00
5.557976298862032927e-01
-1.370966831843058176e-01
nan
-1.136925088034735770e-01
4.584654702080620536e-01
-1.908965773052639370e-01
5.492687887615627790e-02
7.208669450547959823e-01
2.899317211574978237e-01
5.409985118442111052e-01
-4.491991798082987236e-02
4.916646745469834823e-01
-1.151410759323173195e-03
-1.158945295545789900e-01
1.074784464306301479e-01
-1.444535917705959682e-01
nan
nan
nan
nan
-1.706057257122463588e-01
3.497313658396403180e-01
6.630607181125216520e-01
4.078351656595866070e-01
9.030630323621962052e-01
-7.019595570034451448e-01
4.335190984937880021e-01
1.516118897332085602e+00
7.597386042277017859e-01
1.585632960001627678e+00
4.017784860399034041e-01
4.773811764187282924e-01
-3.466314474741618024e-01
1.187133047315809486e+00
nan
-4.186481899685329799e-01
-7.745828893449571706e-02
3.317863941192626953e-01
-3.723488913642035714e-01
2.118593586815727958e-01
-1.727745268079969587e-01
-7.716521289613512136e-02
1.886167128880818777e-01
2.109191894531250000e+00
6.054306454128688841e+00
2.311719682481554017e+00
-5.114282502068413505e-01
-3.003103203243679409e-01
nan
nan
nan
nan
1.193035125732421875e+00
8.011262284384833288e-02
8.543097707960340959e-01
2.839519911342196917e-02
-2.604834503597683315e-01
9.696866141425238839e-01
9.965869055853949776e-01
9.354852040608724328e-01
3.421361446380615234e-01
-5.973082648383246651e-01
-4.535157415601942521e-01
3.601609071095784320e-01
6.893973350524902344e-01
9.096188015407986605e-01
nan
1.231891102261013504e+00
-3.412264717949761161e-01
2.884062661064995536e-01
1.897370153003268833e-01
-2.699068023098839808e-02
4.386263158586289901e-01
-5.549274550543891182e-01
-6.557620366414388391e-01
1.447161038716634207e-01
4.895912276373969307e-01
5.487454202440049666e-01
1.194318241543240067e+00
-5.604041947258843123e-03
nan
nan
nan
nan
3.530410978529188171e+00
3.798893292744954242e-01
2.907755533854166519e+00
3.192432191636827454e+00
1.070902546246846471e-01
2.134429931640625000e+00
6.194208463033040735e-01
-3.184698952568901786e-01
3.273827234903971539e-01
1.373833252323998369e-03
6.318167050679525110e-01
-1.565482715765635288e-02
5.197316275702582589e-01
1.457664489746093750e+00
nan
1.256896972656250000e+00
1.659153196546766518e+00
3.811475965711805802e-01
-9.427364137437608260e-01
7.197370529174804688e-01
1.922807693481445312e+00
2.973460621303982143e-01
4.080095026228163224e-01
2.410152753194173270e-01
5.411581993103027344e-01
1.985734091864691742e+00
7.401407559712728235e-01
9.335965050591362724e-01
nan
nan
nan
nan
9.783934884601169779e-02
4.930983119540744419e-01
4.699943131870693708e-02
-4.190711180369059013e-02
-3.325400352478027344e-01
3.322967688242594586e-01
1.796110365125868080e+00
1.249667061699761383e+00
3.081398434109158035e+00
1.554153866238064285e+00
8.481150733100043526e-01
6.258079740736219865e-01
2.319854365454779854e-01
1.110995186699761383e+00
nan
5.476383103264702568e-01
2.911547554863823661e-01
5.924272537231445312e-01
6.255356470743814734e-01
-5.835699505276150667e-01
1.998485989040798660e+00
1.419976128472222321e+00
1.672153472900390625e-01
8.126253551907010042e-01
-4.783500035603840961e-01
2.614962259928385602e-01
9.710559844970703125e-01
5.510596699184842073e-01
nan
nan
nan
nan
-4.878379503885905133e-01
5.997742546929253349e-01
6.176159779230753349e-02
9.934051831563313339e-02
-5.735039181179470980e-01
7.936620050006443217e-02
-1.286203165849049944e-02
1.461288664076063337e-01
1.291248003641764397e+00
1.405193752712673660e+00
-3.807577821943494700e-02
8.344009187486436385e-01
8.685772683885362166e-01
1.409288194444444420e+00
nan
1.258046150207519531e+00
4.679898685879177456e-01
-5.705225467681884766e-02
4.825014008416069755e-01
3.224313100179036606e+00
1.809213029013739815e-01
1.821006774902343750e+00
-5.713798734876844865e-01
1.005953258938259598e+00
7.293434672885470427e-01
4.152231481340196151e-01
2.340931097666422434e-01
2.115103105703989780e-02
nan
nan
nan
nan
-7.814994785520765208e-02
5.158609814114041292e-01
7.842134369744194755e-01
4.073306454552544364e-01
3.181453280978732590e+00
1.286886639065212723e+00
2.089683108859591965e+00
9.611135058932833708e-01
3.464001549614800224e-01
-1.246899631288316546e-01
3.775094615088568639e-02
4.949484401279025669e-01
-1.877106428146362305e-01
1.039489428202311272e+00
nan
2.088807953728569755e-01
-7.598850991990830916e-01
-2.348580890231662388e-01
5.226195653279622766e-01
3.791953192816840401e-01
2.834533055623372211e-01
9.443463219536675224e-01
2.124829292297363281e-01
1.095330132378472321e+00
7.947382397121853792e-01
5.111250347561306917e-01
1.226397408379448883e+00
8.380912674797905693e-01
nan
nan
nan
nan
5.209527015686035156e-01
1.685535510381062918e-01
4.524620903862847099e-01
1.726775202486250174e-02
1.430438995361328125e+00
1.373214933607313393e+00
7.881398200988769531e-01
8.992554744084675644e-02
4.816384845309787388e-01
6.185067494710286828e-01
-6.702553431193033484e-01
1.659173104498121512e-02
-5.903294351365830916e-01
3.334403302934434432e-01
nan
2.554828921953837192e-02
1.318305598364936104e-01
5.010537571377224886e-01
2.228608661227756138e-01
-2.517209847768147601e-01
-3.356241120232476005e-01
4.276511934068467635e-01
5.966007974412705916e-01
9.121326870388455355e-01
4.358735879262288226e-01
1.782912572224934822e+00
7.734813160366482698e-01
6.464915805392794645e-01
nan
nan
nan
nan
2.953965663909912109e-01
8.332550790574815291e-01
2.537267572349972272e-02
5.481902228461371651e-01
-5.443862279256185266e-01
-4.438283178541395646e-01
-7.725614441765679130e-01
-7.949739032321506693e-02
1.955446435345543910e-02
5.096241103278266182e-01
-2.924895551469590682e-01
2.785441610548231584e-01
-6.744242774115668526e-01
8.694455888536241073e-01
nan
2.119628455903795061e-01
6.935252613491482698e-01
1.801901075575086830e+00
1.940621058146158928e+00
5.078821712070040739e-01
1.370425860087076897e+00
-4.789093335469563617e-01
2.315822177463107701e-01
-3.399277263217502232e-01
1.082792480786641393e-01
7.212727864583333703e-01
-5.308709144592285156e-01
7.091265916824340820e-02
nan
nan
nan
nan
2.700165112813313617e-01
3.564730485280354633e-01
-3.280689451429579240e-01
-6.462013456556532365e-01
5.817384190029568636e-01
6.286985079447428015e-01
1.076930787828233482e+00
7.121191024780273438e-01
3.923338254292805805e-01
1.304648611280653236e+00
6.058278825547960267e+00
7.154788547092014284e+00
1.569021436903211830e+00
3.532220257653130580e-02
nan
-3.093691137101914901e-01
-2.109210491180419922e-01
1.394614961412217857e+00
1.935773425632052902e+00
2.031313154432508483e+00
-3.600841893090142021e-01
-2.433066103193494978e-01
3.939272827572292690e-01
7.980420854356553573e-01
-4.416289064619276505e-01
-5.422425799899630583e-01
-7.813689443800184709e-01
-1.097908682293362026e-01
nan
nan
nan
nan
-1.292304065492418108e-01
1.782785203721788170e+00
5.642498864067925224e-01
-5.487416055467393416e-01
-3.577742046780056362e-01
2.238630718655056362e-01
-5.125628577338324776e-01
1.504366927676730747e-01
-6.580020056830512276e-01
1.383198314242892746e+00
-1.980473200480143137e-01
1.070705784691704660e-01
-1.417560842302110491e-01
-1.192017343309190514e+00
nan
5.244432886441548897e-02
1.642405086093478683e+00
1.141055822372436523e-01
9.419565200805664062e-01
3.589283625284830914e-01
2.414082421196831474e-01
5.011650085449218750e+00
6.046664449903700334e-01
3.500119513935513044e-02
-2.826383378770616073e-01
-8.185408380296494979e-01
2.926995489332411271e-01
-1.309699217478434152e-01
nan
nan
