nan
nan
5.870773792266845703e-01
1.225719690322875977e+00
-7.034024000167846680e-01
1.537390202283859253e-01
-5.255058407783508301e-01
-5.003662705421447754e-01
6.861634850502014160e-01
-2.061468511819839478e-01
1.602776795625686646e-01
6.033003926277160645e-01
6.110938787460327148e-01
-1.046132564544677734e+00
6.840398907661437988e-01
1.059479117393493652e+00
nan
-3.871110975742340088e-01
-1.053919643163681030e-01
-5.310958623886108398e-01
-1.142012596130371094e+00
8.590410649776458740e-02
-1.019718572497367859e-01
2.653182484209537506e-02
5.760576948523521423e-02
-7.080488651990890503e-02
-4.273956716060638428e-01
-6.518668532371520996e-01
-3.579129874706268311e-01
8.427497148513793945e-01
nan
nan
nan
nan
-1.110456705093383789e+00
1.057335376739501953e+00
-1.405208230018615723e+00
-1.227396056056022644e-01
5.583004951477050781e-01
-2.719036936759948730e-01
1.097045317292213440e-01
-6.256201267242431641e-01
-1.298902779817581177e-01
2.876642942428588867e-01
-2.930292189121246338e-01
-8.978832960128784180e-01
-2.141537815332412720e-01
1.094023227691650391e+00
nan
-5.249394178390502930e-01
-2.762878835201263428e-01
5.791704058647155762e-01
-2.086482010781764984e-02
-3.369401693344116211e-01
2.879074215888977051e-01
-1.006719827651977539e+00
-1.160153150558471680e+00
-2.271740287542343140e-01
-4.489451050758361816e-01
-2.997340559959411621e-01
-6.342626810073852539e-01
9.835030138492584229e-02
nan
nan
nan
nan
-1.252737998962402344e+00
-2.880177497863769531e-01
1.086172759532928467e-01
-1.122083425521850586e+00
-2.639337182044982910e-01
6.748373508453369141e-01
1.119371727108955383e-01
-5.746540427207946777e-01
-2.665521502494812012e-01
-3.417498767375946045e-01
1.601059436798095703e+00
-6.642272472381591797e-01
-5.366884469985961914e-01
1.037889719009399414e+00
nan
8.455669134855270386e-02
-6.589863896369934082e-01
3.352378308773040771e-02
8.277002573013305664e-01
5.045506954193115234e-01
6.425907015800476074e-01
4.357912838459014893e-01
1.113998413085937500e+00
1.459916085004806519e-01
-1.034155488014221191e+00
-1.550501678138971329e-02
-3.056198656558990479e-01
4.116186499595642090e-02
nan
nan
nan
nan
2.324480414390563965e-01
1.161457657814025879e+00
7.919350266456604004e-01
8.321270346641540527e-01
5.504981800913810730e-02
8.876280188560485840e-01
8.314355611801147461e-01
8.107849955558776855e-02
9.342228770256042480e-01
-3.677528798580169678e-01
3.249860405921936035e-01
-2.723208665847778320e-01
9.243962168693542480e-02
1.017965972423553467e-01
nan
1.372445747256278992e-02
-2.416678220033645630e-01
1.732111275196075439e-01
-4.501216858625411987e-02
1.006581708788871765e-01
-5.104246139526367188e-01
-3.245973885059356689e-01
6.192458793520927429e-02
-5.832623317837715149e-02
1.392349153757095337e-01
-4.946818649768829346e-01
3.311727643013000488e-01
-1.049308478832244873e-01
nan
nan
nan
nan
-1.285793423652648926e+00
5.020391345024108887e-01
-1.222313847392797470e-02
-5.078390240669250488e-01
4.050679132342338562e-02
3.440248221158981323e-02
6.600134968757629395e-01
2.907710969448089600e-01
-7.935343980789184570e-01
1.034456118941307068e-01
-4.386503994464874268e-01
-4.840654432773590088e-01
3.521206080913543701e-01
5.385563969612121582e-01
nan
7.588594406843185425e-02
-6.986241340637207031e-01
-3.773473948240280151e-02
8.183408379554748535e-01
1.004638243466615677e-02
-3.940979838371276855e-01
-4.273609220981597900e-01
3.030813634395599365e-01
-6.294109225273132324e-01
1.458329707384109497e-01
-1.225728616118431091e-01
1.869704574346542358e-01
-3.195840120315551758e-01
nan
nan
nan
nan
1.705237030982971191e-01
1.747622638940811157e-01
1.385407805442810059e+00
4.030118584632873535e-01
6.695409864187240601e-02
3.994681537151336670e-01
4.369342029094696045e-01
-2.728908658027648926e-01
4.679904580116271973e-01
3.250423073768615723e-01
9.617570042610168457e-02
1.703170388936996460e-01
-4.140492677688598633e-01
-4.205270484089851379e-02
nan
1.979331672191619873e-01
-1.209446310997009277e+00
1.483691334724426270e-01
-6.441102623939514160e-01
-5.169848203659057617e-01
6.273461580276489258e-01
-1.726507544517517090e-01
5.191266909241676331e-02
1.598196774721145630e-01
2.739313840866088867e-01
5.568047240376472473e-02
8.566867560148239136e-02
-6.993023306131362915e-02
nan
nan
nan
nan
-4.217264056205749512e-01
-2.799887955188751221e-01
3.999574184417724609e-01
-7.617840170860290527e-02
-4.702895581722259521e-01
4.259996488690376282e-02
4.092033505439758301e-01
-3.435697853565216064e-01
-5.884664654731750488e-01
-1.747488021850585938e+00
-1.066643238067626953e+00
3.947989344596862793e-01
-5.373998880386352539e-01
-8.171092867851257324e-01
nan
2.055536806583404541e-01
5.112047791481018066e-01
1.176560577005147934e-02
-6.359005570411682129e-01
-3.016984462738037109e-01
-5.975297093391418457e-01
-4.222280681133270264e-01
-9.121472835540771484e-01
2.468950152397155762e-01
1.190111134201288223e-02
8.797164559364318848e-01
5.045327544212341309e-01
3.922082185745239258e-01
nan
nan
nan
nan
-6.146744489669799805e-01
3.661197423934936523e-02
3.306942880153656006e-01
6.088751927018165588e-02
4.435902833938598633e-01
-9.767766594886779785e-01
-8.600527793169021606e-02
3.653950989246368408e-01
4.455516338348388672e-01
6.014005467295646667e-02
-6.746025085449218750e-01
2.246338129043579102e-02
1.182284578680992126e-01
-1.093462228775024414e+00
nan
1.172396317124366760e-01
-2.451019287109375000e-01
-3.776476383209228516e-01
4.711485505104064941e-01
3.159316778182983398e-01
6.214741244912147522e-02
4.610634446144104004e-01
-2.267390638589859009e-01
1.086242556571960449e+00
-2.796869874000549316e-01
6.202406883239746094e-01
-6.185942888259887695e-01
-1.461089998483657837e-01
nan
nan
nan
nan
6.979891061782836914e-01
1.042019724845886230e+00
-5.795308351516723633e-01
-7.257045805454254150e-02
7.638334035873413086e-01
1.131102219223976135e-01
3.412922024726867676e-01
2.267475277185440063e-01
-1.036306619644165039e-01
-5.289422869682312012e-01
9.043201804161071777e-02
-9.663113951683044434e-01
-4.655043184757232666e-01
6.421461105346679688e-01
nan
8.395723700523376465e-01
4.035162925720214844e-01
6.999845802783966064e-02
6.597474813461303711e-01
5.434334278106689453e-01
-5.317480564117431641e-01
-2.883109152317047119e-01
6.182643771171569824e-01
9.276051074266433716e-02
-1.146690621972084045e-01
2.545824646949768066e-01
-7.430505156517028809e-01
1.292144358158111572e-01
nan
nan
nan
nan
-1.493893712759017944e-01
2.818332314491271973e-01
3.421935066580772400e-02
-4.192361980676651001e-02
3.896177113056182861e-01
4.671843349933624268e-01
-9.777568578720092773e-01
1.260531902313232422e+00
-5.617805123329162598e-01
-5.055610090494155884e-02
-4.779050648212432861e-01
-3.029099404811859131e-01
1.782426685094833374e-01
4.881111085414886475e-01
nan
-5.981330275535583496e-01
4.212115108966827393e-01
-1.276898086071014404e-01
3.894916474819183350e-01
3.789139091968536377e-01
4.859669879078865051e-02
-4.751058220863342285e-01
-9.768203496932983398e-01
6.507542729377746582e-01
-2.394612878561019897e-01
3.975788950920104980e-01
7.026218175888061523e-01
2.182694971561431885e-01
nan
nan
nan
nan
-2.113438248634338379e-01
3.597131371498107910e-01
2.013113498687744141e-01
-1.905864477157592773e-01
2.821194529533386230e-01
4.299351200461387634e-02
-3.423240780830383301e-01
-6.590587496757507324e-01
-1.114828698337078094e-02
6.580905914306640625e-01
1.204343587160110474e-01
-6.467226147651672363e-01
-4.376823306083679199e-01
-4.032344222068786621e-01
nan
-2.643484771251678467e-01
1.721993535757064819e-01
-1.037587523460388184e+00
-1.380166858434677124e-01
-2.645450532436370850e-01
-4.506055265665054321e-02
5.602485537528991699e-01
5.771697163581848145e-01
-3.174361586570739746e-01
-4.330485463142395020e-01
-3.564869761466979980e-01
5.715996623039245605e-01
3.854151070117950439e-01
nan
nan
nan
nan
8.219304084777832031e-01
9.646628797054290771e-02
2.077026963233947754e-01
7.453153282403945923e-02
-6.632630825042724609e-01
8.959211409091949463e-02
-4.429904744029045105e-02
-7.590681314468383789e-01
-7.004090547561645508e-01
-1.052840471267700195e+00
1.043626308441162109e+00
1.025697737932205200e-01
1.093815416097640991e-01
2.532605230808258057e-01
nan
1.469811648130416870e-01
-4.223630428314208984e-01
7.376873493194580078e-01
2.708352208137512207e-01
-2.109361886978149414e-01
1.167000643908977509e-02
-1.100003838539123535e+00
1.579270839691162109e+00
-2.353604435920715332e-01
4.179581105709075928e-01
3.038421645760536194e-02
8.047602772712707520e-01
-3.543971478939056396e-01
nan
nan
nan
nan
1.660177111625671387e-01
1.195473819971084595e-01
1.194999694824218750e+00
-4.184938967227935791e-01
-3.918676078319549561e-02
-5.453392267227172852e-01
-1.582649052143096924e-01
8.391621708869934082e-02
2.248455435037612915e-01
6.449267268180847168e-01
5.340601205825805664e-01
-1.072916388511657715e+00
3.582896590232849121e-01
9.124834537506103516e-01
nan
-2.295853048563003540e-01
7.593275308609008789e-01
6.696364283561706543e-01
-3.441377580165863037e-01
7.436412572860717773e-01
4.466944336891174316e-01
2.906537652015686035e-01
-6.475548744201660156e-01
3.254821598529815674e-01
-2.588996887207031250e-01
2.299552410840988159e-01
-4.034039378166198730e-01
2.733061909675598145e-01
nan
nan
nan
nan
1.369527876377105713e-01
-6.154077053070068359e-01
2.034649550914764404e-01
6.216181516647338867e-01
-1.101575613021850586e+00
2.980694770812988281e-01
2.982017993927001953e-01
4.613751918077468872e-02
1.250188231468200684e+00
1.061881035566329956e-01
-6.323697566986083984e-01
1.009372323751449585e-01
5.063483119010925293e-01
-8.370675146579742432e-02
nan
-3.298394680023193359e-01
1.518463790416717529e-01
4.020989537239074707e-01
5.028952360153198242e-01
3.520032167434692383e-01
-1.156621947884559631e-01
7.591183185577392578e-01
7.477003931999206543e-01
-4.642077684402465820e-01
3.363249599933624268e-01
8.458505384624004364e-03
-1.048824071884155273e+00
7.724987268447875977e-01
nan
nan
nan
nan
2.891061305999755859e-01
-9.206082671880722046e-02
-6.381421089172363281e-01
-1.301317512989044189e-01
6.454334259033203125e-01
-1.636520922183990479e-01
-1.607653647661209106e-01
-7.068231105804443359e-01
2.574316263198852539e-01
-9.786228835582733154e-02
-1.110929965972900391e+00
1.568064987659454346e-01
-3.575171828269958496e-01
2.444523572921752930e-01
nan
3.658398389816284180e-01
5.192775130271911621e-01
-4.120633304119110107e-01
-6.540254950523376465e-01
-4.537739157676696777e-01
-2.190539538860321045e-01
4.156497493386268616e-02
8.487718701362609863e-01
8.464686572551727295e-02
-2.260027378797531128e-01
1.736443042755126953e-01
3.339318037033081055e-01
2.536194622516632080e-01
nan
nan
nan
nan
8.402647376060485840e-01
3.137010633945465088e-01
-6.984164118766784668e-01
-5.603408813476562500e-01
4.042320549488067627e-01
2.393918186426162720e-01
-2.802396714687347412e-01
5.078275222331285477e-03
-8.564780354499816895e-01
3.951073586940765381e-01
1.242408901453018188e-01
-4.882831573486328125e-01
3.755244612693786621e-01
-1.947627589106559753e-02
nan
3.837645351886749268e-01
9.548403620719909668e-01
-5.087887644767761230e-01
1.078984513878822327e-01
-8.472476601600646973e-01
-3.935001790523529053e-01
-3.755933046340942383e-01
-4.536748230457305908e-01
-1.334226280450820923e-01
-9.781829267740249634e-02
-2.515252232551574707e-01
-1.615413576364517212e-01
3.396500945091247559e-01
nan
nan
nan
nan
6.925078034400939941e-01
-2.155818194150924683e-01
3.602998852729797363e-01
1.228355050086975098e+00
-1.177107542753219604e-01
-3.472309559583663940e-02
7.426151633262634277e-01
-6.376156210899353027e-02
1.131108403205871582e+00
-1.048173233866691589e-01
8.912672847509384155e-02
9.858195483684539795e-02
4.875938892364501953e-01
-1.172433137893676758e+00
nan
-1.467456370592117310e-01
4.627145454287528992e-02
4.164436757564544678e-01
-4.234741032123565674e-01
-1.291280686855316162e-01
6.716694831848144531e-01
-2.823067605495452881e-01
-1.837678402662277222e-01
-2.629220485687255859e-01
8.875048756599426270e-01
-1.457173079252243042e-01
2.283291965723037720e-01
8.861373364925384521e-02
nan
nan
nan
nan
-4.207072034478187561e-02
7.278277277946472168e-01
3.646896034479141235e-02
-4.551341831684112549e-01
-3.681543469429016113e-01
-2.760646343231201172e-01
1.137977316975593567e-01
5.912777185440063477e-01
1.352218031883239746e+00
5.016665458679199219e-01
3.973844945430755615e-01
-1.449138075113296509e-01
-6.393954157829284668e-01
-1.981148570775985718e-01
nan
2.038612030446529388e-02
3.467055261135101318e-01
1.207838296890258789e+00
4.968984723091125488e-01
3.125054538249969482e-01
2.062326818704605103e-01
-1.316187977790832520e-01
-2.583364844322204590e-01
-1.422107517719268799e-01
3.092064559459686279e-01
5.758706927299499512e-01
-4.189343750476837158e-01
-4.663187563419342041e-01
nan
nan
nan
nan
-1.335549592971801758e+00
2.899810671806335449e-01
-9.258817136287689209e-02
2.583636939525604248e-01
2.642709612846374512e-01
3.189255893230438232e-01
-5.689001679420471191e-01
-6.454691886901855469e-01
4.068465828895568848e-01
2.496111541986465454e-01
-4.932953417301177979e-01
7.925097346305847168e-01
-1.126324459910392761e-01
1.309504061937332153e-01
nan
-1.141917854547500610e-01
-1.129457116127014160e+00
-7.943744063377380371e-01
1.277921438217163086e+00
-6.820733547210693359e-01
8.060999512672424316e-01
4.873921871185302734e-01
6.315454840660095215e-01
-3.298511207103729248e-01
2.345380485057830811e-01
1.472106575965881348e-01
5.174201726913452148e-01
-1.112391501665115356e-01
nan
nan
nan
nan
2.125764638185501099e-01
1.092531085014343262e-01
5.251946672797203064e-02
1.534858047962188721e-01
1.518816202878952026e-01
1.551983505487442017e-01
4.749528467655181885e-01
6.477580070495605469e-01
-1.170701459050178528e-01
-2.150983661413192749e-01
-3.386864960193634033e-01
-5.595665574073791504e-01
-7.178376913070678711e-01
-3.515311181545257568e-01
nan
-1.338363170623779297e+00
-1.165489945560693741e-02
-3.721495866775512695e-01
2.414955496788024902e-01
-3.374294340610504150e-01
3.469825088977813721e-01
-3.288643807172775269e-02
4.323524236679077148e-01
-1.996009200811386108e-01
-5.149301886558532715e-01
2.014598101377487183e-01
1.159881949424743652e-01
6.956067085266113281e-01
nan
nan
nan
nan
2.558458447456359863e-01
-2.873938083648681641e-01
-1.547874063253402710e-01
2.307062149047851562e-01
-1.084155812859535217e-01
2.068652659654617310e-01
-1.675703674554824829e-01
7.776396870613098145e-01
-3.295471072196960449e-01
-9.101478457450866699e-01
1.605625987052917480e+00
7.936992645263671875e-01
4.193117022514343262e-01
6.763784289360046387e-01
nan
-2.976419869810342789e-03
4.847291707992553711e-01
-1.510865241289138794e-02
4.119188487529754639e-01
-8.074263334274291992e-01
-9.783264994621276855e-01
-5.670741200447082520e-01
2.549113035202026367e-01
2.982172071933746338e-01
7.358974218368530273e-02
5.539625883102416992e-01
8.467755317687988281e-01
-5.126862525939941406e-01
nan
nan
nan
nan
2.483989745378494263e-01
-6.302143335342407227e-01
-4.219907820224761963e-01
5.358994007110595703e-01
7.180990576744079590e-01
-9.054448604583740234e-01
-2.371426485478878021e-02
3.064152896404266357e-01
-1.546010375022888184e+00
-8.296952843666076660e-01
-6.545123457908630371e-01
-1.013134479522705078e+00
-2.026173025369644165e-01
-3.543488979339599609e-01
nan
-3.243658244609832764e-01
-8.418162465095520020e-01
-2.894418537616729736e-01
7.538436055183410645e-01
-8.344573378562927246e-01
-4.220867156982421875e-01
7.165066599845886230e-01
3.311688303947448730e-01
1.229720562696456909e-01
3.276027739048004150e-01
-4.888933300971984863e-01
-5.002037808299064636e-02
-3.189499676227569580e-01
nan
nan
nan
nan
5.520204305648803711e-01
1.502412855625152588e-01
-6.013134121894836426e-01
9.552925229072570801e-01
8.912376165390014648e-01
6.021106243133544922e-01
1.319741129875183105e+00
4.698529243469238281e-01
2.314132302999496460e-01
1.451576054096221924e-01
-7.856601476669311523e-01
-6.978390216827392578e-01
4.641494154930114746e-01
7.021021842956542969e-01
nan
-7.023663818836212158e-02
-4.960245490074157715e-01
-5.985461473464965820e-01
2.137723714113235474e-01
-2.905324697494506836e-01
-5.266094207763671875e-02
-1.300112903118133545e-01
3.645645081996917725e-01
1.512162536382675171e-01
-1.494912896305322647e-02
-7.172275781631469727e-01
4.458722472190856934e-01
1.868230402469635010e-01
nan
nan
nan
nan
2.105583101511001587e-01
2.500863373279571533e-01
-4.322387576103210449e-01
-3.791848421096801758e-01
3.208399415016174316e-01
-2.398001849651336670e-01
-2.471403628587722778e-01
3.916480541229248047e-01
7.450549006462097168e-01
-2.253136485815048218e-01
1.829711198806762695e-01
5.279699563980102539e-01
-6.555174589157104492e-01
3.090506196022033691e-01
nan
-2.699464857578277588e-01
-4.053629934787750244e-02
-2.895890474319458008e-01
6.654613018035888672e-01
8.375924229621887207e-01
-1.886547058820724487e-01
-7.041109204292297363e-01
5.425879359245300293e-02
-9.102465510368347168e-01
3.157651126384735107e-01
2.705767154693603516e-01
-2.710307836532592773e-01
7.728268504142761230e-01
nan
nan
