nan
nan
-2.309766345553928013e-01
7.776162359449598771e-01
7.003722190856933594e-01
-1.231937540902031808e-01
5.552633603413900110e-01
-3.977376090155707589e-01
-4.662448035346137276e-01
1.970548894670274553e-01
-4.379691282908121930e-01
-4.493202103508843193e-01
-2.696998384263780135e-01
6.599427329169379464e-01
-2.826285097334120255e-01
1.901159286499023438e-01
nan
5.101058218214247209e-01
-6.254765192667642859e-01
3.577367199791802177e-01
-1.797609594133165178e-01
-6.106621424357095984e-01
6.133223242229885602e-02
-3.120420508914523716e-01
-1.024229791429307701e+00
1.814633607864379883e-01
1.030618482165866490e-01
5.524622599283853797e-01
-2.916167047288682479e-01
3.219065136379665737e-01
nan
nan
nan
nan
-4.407274987962510604e-01
-4.669432110256618862e-01
8.383757273356119422e-01
-1.080562141206529436e-01
1.037427120738559361e-01
8.821128209431966516e-01
9.185504913330078125e-01
-5.252765019734700891e-01
2.789441744486491070e-01
1.026411692301432366e+00
4.153945710923936385e-01
-3.652763631608750838e-01
4.507975578308105469e-01
1.701027949651082449e-01
nan
-9.554822577370537806e-02
-8.905905617607964286e-01
-1.215788947211371429e+00
-6.766087479061549947e-02
5.151664945814344865e-01
-7.126086552937825891e-01
2.374669180976020089e-01
1.808029015858968191e-01
6.762536896599663505e-01
-1.965158118142021904e-01
-4.158736930953131627e-02
1.499906116061740513e-01
6.446429358588324776e-01
nan
nan
nan
nan
1.993740532133314314e-01
2.811998261345757255e-01
-2.848502794901530133e-01
-1.175503863228691964e-01
3.054832087622748604e-01
-4.592609935336642857e-01
9.221466912163628349e-01
-4.225124782986111049e-01
-9.339913262261284599e-01
2.183087878757052902e+00
5.739337073432074776e-01
3.757585684458414899e-01
-5.995461675855848771e-01
-5.084058973524305802e-01
nan
2.400317456987169085e-01
5.123233265346951448e-01
7.148571014404296875e-01
-6.726931995815701448e-01
-9.288901256190406144e-03
6.710139910380045203e-01
3.263651000128851842e-02
6.934195756912231445e-02
3.983909553951687360e-02
1.427766614490085240e-01
3.588148223029242745e-01
8.519659572177462614e-01
-6.591312620374891740e-01
nan
nan
nan
nan
6.721937921312119979e-01
6.918039321899414062e-01
-8.283098008897569198e-01
-1.197297970453898158e-01
-4.049900372823079242e-01
3.157606389787462331e-02
-4.216086069742838727e-01
3.388228350215487933e-02
2.840496963924831753e-01
8.526241779327392578e-02
-7.772076394822862166e-01
7.464416291978623885e-01
5.462026927206251048e-02
-1.556320190429687500e+00
nan
4.671534432305229911e-01
1.015287823147243973e+00
8.908090591430664062e-01
3.792093329959445591e-01
3.699450691541036201e-02
5.769174363878037948e-01
5.844714906480577010e-01
1.568170167350520577e-05
1.125138335757785435e-01
1.250030729505750837e-01
5.874320533540514089e-02
5.902362399631075895e-01
3.606783019171820870e-01
nan
nan
nan
nan
7.509922451443142855e-01
7.672820621066622770e-01
-2.266855504777696428e-01
-2.766084008746676898e-02
-3.332382573021782646e-01
1.150242169698079353e+00
1.985141568713718052e-01
-3.237943384382460099e-01
3.951790067884657365e-01
-5.647425651550292969e-01
-6.291798419422573417e-03
-8.996072742674085521e-02
2.062644693586561384e-01
-4.659810662269592285e-02
nan
9.614696105321247910e-02
-7.734467188517252234e-01
-4.475842052035861607e-01
8.530942069159613839e-01
3.580493662092421037e-01
8.646531105041503906e-01
-1.332182933886845964e-02
-8.592710230085584544e-02
-2.552958064609103794e-01
-2.265430026584201451e-01
-3.835091590881347656e-01
-3.346086608039008370e-01
-1.584930817286173410e-01
nan
nan
nan
nan
-4.841605822245280133e-01
3.884608215755886440e-01
-6.389669842190213167e-01
-5.886311531066894531e-01
-2.683622572157118302e-01
2.433979246351453962e-01
-7.169778611924912948e-01
-9.242884318033853797e-01
-4.204632706112331753e-01
-2.745838165283203125e-01
-4.544800652398003349e-01
3.117090066274006976e-01
9.536143806245592214e-02
6.953403155008951453e-01
nan
1.319733937581380134e+00
1.333638429641723633e-01
-3.251131640540229073e-01
5.325460433959960938e-02
1.280770301818847656e-01
1.834996673795911970e-01
-1.784231530295478096e-01
5.452338324652777901e-01
-1.084698994954427009e+00
3.000402450561523438e-01
-1.136408911810980804e+00
9.888910584979587748e-02
-2.070467207166883650e-01
nan
nan
nan
nan
-7.607569959428575612e-02
-7.702369689941406250e-01
-4.998335838317871094e-01
6.983143091201782227e-02
-2.779221799638535995e-01
-3.413258923424614677e-01
1.060997115241156669e-01
-1.053855816523234096e-01
7.868014971415201453e-01
8.112782902187771761e-01
2.577039400736491070e-01
-7.889748944176568080e-02
2.124355236689249582e-01
-3.908047940995957870e-01
nan
3.828391498989529018e-01
8.198358217875162390e-01
1.510062217712402344e+00
-6.230527559916178015e-01
-2.328287760416666574e-01
2.929699685838487166e-01
-7.162782218721178151e-02
-5.299376911587185823e-01
-3.028378486633300781e-01
-7.128725581698946989e-01
5.051652060614691964e-01
2.418052355448404855e-01
-7.596175935533311385e-01
nan
nan
nan
nan
5.571058061387803573e-01
-8.306253618664211080e-02
-1.960503790113660993e-01
-2.018454737133449917e-01
2.782647874620225448e-01
-3.408248689439561385e-01
-5.709770520528157922e-01
2.538141409556071149e-01
1.301200919681125279e-01
-4.578307999504936943e-01
-1.377738422817654129e+00
-6.669203440348306922e-01
-1.215231153700086830e+00
8.762313524881998328e-01
nan
-9.161270989312066126e-02
-1.078458362155490402e+00
5.440125995212130583e-01
3.165913687811957589e-01
-5.658050643073188057e-01
-5.017277399698892859e-01
3.188536961873372211e-01
-6.091667281256781807e-01
-9.726060761345757533e-02
-5.107852088080512276e-01
-2.666363451215956193e-01
-5.587227476967705775e-02
2.807254261440701032e-02
nan
nan
nan
nan
8.388099670410156250e-01
-1.988865269554985771e-01
-5.097868707444932479e-01
7.480671008427937363e-02
6.320401297675238839e-01
1.616535319222344169e-01
-5.224535200330945872e-02
-2.308965788947211495e-01
1.624071333143446150e-01
5.254919793870713729e-01
5.403510729471842078e-01
7.431437174479166297e-01
2.577562067243788224e-01
-1.285697354210747489e-01
nan
1.539696719911363421e-01
-7.706734339396158484e-01
-7.130244043138291854e-01
1.295631461673312779e-01
7.282618019315931224e-02
1.590426762898762947e+00
5.207671059502495814e-02
2.561693191528320312e-01
4.481493102179633370e-01
4.060039586491055036e-02
-3.955723179711235771e-01
-6.824036704169379464e-01
1.216241094801161049e+00
nan
nan
nan
nan
2.889671855502658482e-01
6.097346941630045203e-01
1.763098292880588058e+00
1.167216400305430037e-02
-3.418210082583957310e-01
9.626042048136392859e-01
2.021788226233588448e-01
5.047715504964193078e-01
-2.670224772559272042e-01
8.767223887973361052e-01
-6.193493207295736047e-01
2.965296639336479911e-01
-3.271406756507025948e-01
4.193987051645914899e-01
nan
-4.287851386600070591e-01
-4.644719229804145089e-01
-6.469596227010091516e-01
-6.620717048645019531e-01
3.495682610405815849e-01
9.249867333306206474e-01
7.529243495729234792e-02
-3.369493219587538224e-01
3.702114688025580358e-02
-6.351490020751953125e-01
8.208569420708550224e-01
1.861206028196546736e-01
-2.076889408959282646e-01
nan
nan
nan
nan
1.021425392892625628e-01
1.345229148864746094e-01
-6.600135697258843193e-01
7.515712844000922432e-01
7.186626063452826452e-02
4.390469193458557129e-02
1.025443712870280022e+00
5.501095122761196637e-02
-6.314814090728759766e-02
-1.660280625025431223e-01
4.467714627583821430e-01
1.162282943725585938e+00
4.108519554138183594e-01
1.074137899610731361e+00
nan
1.140255716111924889e+00
-5.913769933912489396e-01
-2.266063955095079241e-01
2.464700904157426584e-02
-2.133939166863759243e-02
-5.315634409586588172e-01
1.521649758021036691e-01
-1.635708676444159737e-01
-1.120568381415473075e-01
-1.567546923955281668e-01
8.992995156182183036e-01
-2.571346229977077846e-01
-1.552751859029134207e-01
nan
nan
nan
nan
1.377365748087565178e+00
4.693862067328559151e-01
2.132375107871161690e-01
1.517733891805012947e+00
1.170151922437879799e+00
9.420345094468858260e-01
5.742395189073350448e-01
5.543994373745388948e-01
5.528675185309516182e-01
-2.682664129469130021e-01
-5.416222148471407927e-01
3.497551812065972099e-01
2.605823410881890068e-01
-6.611738734775118864e-01
nan
7.193613052368164062e-02
-2.194082604514228096e-01
-1.107353952195909264e+00
-3.091083897484673271e-01
1.973887681961059570e-01
-1.492515140109592076e-01
-5.641586515638563615e-01
-1.101240515708923340e-01
-4.081601036919487724e-01
-5.857566727532280693e-01
3.867851628197563896e-01
9.374106725056966516e-01
-1.003818935818142410e+00
nan
nan
nan
nan
-1.059771180152893066e-01
4.642591476440429688e-01
-4.349120722876654854e-01
4.584067132737901229e-01
-2.547921074761284599e-01
-1.132253408432006836e-01
-6.104893684387207031e-01
-2.318752606709798270e-01
2.795414129892985142e-02
-8.408562872144911271e-01
-3.437674840291340961e-01
6.040021446016100026e-02
6.336022482977973214e-01
1.795131895277235212e-01
nan
-1.285718546973334542e-01
-2.824045287238227120e-01
-7.846011055840386439e-02
4.356235663096110211e-01
-3.887475596533881417e-01
3.741287920210096818e-01
-1.032614284091525558e+00
-7.717064221700032922e-01
-7.297219170464409599e-01
-3.701115714179145089e-01
1.360477977328830246e+00
8.916052712334526786e-01
7.597173584832085380e-01
nan
nan
nan
nan
-7.647295527988009489e-01
7.563015090094672432e-01
1.398235744900173660e+00
-1.630661884943644113e-01
-8.930583530002169645e-01
-8.734564814302656771e-03
-1.175153652826945033e-01
1.153129259745280022e+00
8.772602081298828125e-01
-1.095850600136650949e-01
2.271273136138916016e-01
-4.062816831800672435e-02
9.848952823215060270e-01
5.105623139275444755e-01
nan
-1.078244739108615402e+00
-9.852806727091470984e-01
-1.790828175014919643e-01
3.771410253312852401e-01
3.825799359215630302e-01
-1.825054751502143136e-01
1.559281481636894950e-01
-4.636467827690972099e-01
2.208346790737575893e-01
6.953871515062119979e-01
-1.917671759923299246e-01
-3.482130633460150948e-01
1.025875939263237946e+00
nan
nan
nan
nan
-9.265763229793971822e-02
1.749284399880303154e-01
-2.707814110649956474e-01
6.945940123664008370e-01
3.317157427469889508e-01
5.932690037621392298e-02
8.892491658528646203e-01
8.255253897772895089e-01
6.146791246202256698e-01
-1.217713991800944084e+00
6.433324284023709261e-01
-8.374220530192056922e-01
2.991431024339463729e-01
-3.847072654300265904e-01
nan
-4.923138618469238281e-01
3.137639098697238560e-01
-3.472866747114393693e-01
7.369954850938584823e-01
-2.316313584645589285e-01
-1.016248279147677902e+00
-3.736737039354112722e-02
-7.597121662563748323e-01
-5.396801630655924109e-01
5.237445301479763948e-01
-2.931182119581434709e-01
-2.127580841382344448e-02
1.148978372414906877e-02
nan
nan
nan
nan
-7.978006203969319199e-02
-4.295653435919019603e-02
2.853275934855143414e-01
7.163269652260674525e-02
-1.209965705871582031e+00
1.588915983835856027e-01
1.676831245422363281e-01
7.339034477869670059e-02
4.626854260762532367e-01
3.802555931939018974e-01
4.376358191172282086e-01
7.276484701368544084e-01
6.659172905815972099e-01
-4.623789257473415737e-01
nan
-2.501592106289333706e-01
4.047390355004204521e-01
-6.185222731696234932e-01
1.023590829637315514e+00
-3.813687960306803570e-01
4.886652098761664620e-01
-1.688511239157782784e-01
-2.926030423906114120e-01
9.534003999498155135e-01
7.421170340643988839e-01
6.117654376559786833e-01
-4.633478588528103237e-01
1.387833621766832171e-01
nan
nan
nan
nan
3.488149113125271206e-01
4.956346087985568499e-02
-2.907380792829725516e-02
7.107014126247830355e-01
-7.422721121046278459e-01
-2.165074613359239397e-01
-2.210388316048516044e-01
-4.562430911593966937e-02
-4.513142903645833148e-01
1.566523313522338867e-01
5.148880216810438615e-01
8.825317488776313057e-01
-4.793487124972873326e-01
4.797436396280924664e-01
nan
-1.053073538674248605e-01
4.912820392184787388e-01
-1.202173233032226562e-01
-2.226105001237657366e-01
-4.362763961156209541e-02
2.080201837751600447e-01
-1.024455494350857254e+00
1.385433938768174944e-01
7.536520957946777344e-01
4.425861835479736328e-01
-9.578531318240696146e-02
2.801154189639621372e-01
2.230912049611409598e-01
nan
nan
nan
nan
6.335931354098849333e-01
3.323247697618272323e-01
-3.157456980811225167e-01
-1.620526949564615959e+00
-3.505786789788140068e-01
2.092428472306993303e-01
8.704739146762423552e-01
-6.464792357550727120e-01
7.444851100444793701e-03
2.131513489617241630e-01
-8.944421344333224333e-01
-1.396584298875596764e+00
-2.592781384785969867e-01
-1.023234897189670090e+00
nan
-4.185807969835069198e-01
2.670751412709553851e-01
-1.118402163187662834e+00
-8.351920445760091516e-01
8.394295639461940572e-02
4.134765201144748326e-01
-9.202648533715142298e-02
-3.314663834042019253e-01
-4.830448892381455916e-01
-3.348409069908989677e-01
2.627863089243571149e-01
-2.147071493996514091e-01
-5.352366235521104354e-01
nan
nan
nan
nan
-3.909776475694444198e-01
1.757984691196017857e-01
8.464709917704263953e-01
3.217120170593261719e-01
3.160074816809760323e-01
5.333325597974989396e-01
-8.302081955803765068e-01
1.209200117323133705e+00
6.665777100457085380e-01
-1.011016739739312165e+00
-1.051392979092068192e+00
-2.367304960886637277e-01
-7.790269321865506136e-01
-3.144327799479166852e-01
nan
1.166912979549831753e-01
3.863689104715983258e-01
1.899305979410807407e-02
-4.853800667656792411e-01
-4.496836662292480469e-01
6.673746638827853239e-01
-4.408546023898654576e-01
1.852706670761108398e-01
-1.680049631330702009e-01
1.161006715562608482e+00
4.327532185448540458e-01
4.521861076354980469e-01
1.504970259136623745e-01
nan
nan
nan
nan
-9.461977084477742050e-02
-2.652622328864203682e-01
2.560220559438069476e-01
-4.326148033142089844e-01
7.450901137457953682e-01
-3.590384854210747489e-01
-5.853818936480415999e-03
1.089338938395182366e+00
-7.952249315049912948e-01
4.051984945933024274e-01
-4.728228251139323102e-01
8.988374074300130578e-01
-1.368597216076321010e-01
-4.474971029493544084e-01
nan
-2.634883191850450057e-01
-7.151660389370388948e-01
-5.303356912400987166e-01
1.195600165261162667e-01
-5.934860441419813615e-01
-3.158766163720024833e-01
-3.203468322753906250e-01
8.378838433159722099e-01
2.181808551152547293e-01
6.101659668816460380e-01
-1.319058736165364676e-01
1.512429979112413225e-01
3.218912283579508649e-01
nan
nan
nan
nan
-4.038427140977647323e-01
1.234828763537936802e-01
4.437332418229844588e-01
-6.403975486755371094e-01
-7.465290360980564310e-02
-8.811404969957139510e-01
-1.026076952616373772e+00
4.660196834140353794e-01
-1.197889778349134626e-01
-3.143900500403510323e-01
-1.298344612121582031e+00
2.675985495249430524e-01
8.516885969373915177e-01
1.418837971157497768e-01
nan
2.968771722581651229e-01
4.169355233510335101e-01
-4.418008857303195452e-02
3.394434716966416854e-01
5.563359260559082031e-01
2.828024228413899555e-01
-2.106575833426581612e-01
-5.605199601915147323e-01
-5.560968716939290735e-01
-4.745655059814453125e-01
3.203970326317681083e-01
-1.178455882602267857e-01
-5.723016526963975448e-01
nan
nan
nan
nan
4.053675797250536061e-02
6.396702925364176895e-02
6.712586614820692521e-01
3.387479782104492188e-01
3.617213832007514229e-01
2.809351550208197823e-01
1.031101332770453460e+00
9.915562735663520089e-01
5.690076616075303573e-01
3.869849840799967633e-01
2.132304377026028042e-01
-8.586389223734537390e-01
-6.981062889099121094e-01
-1.014859676361083984e-01
nan
2.280628416273328962e-01
-8.320309056176079798e-02
-1.067754228909810338e-01
-3.866609732309977399e-01
-3.519882626003689174e-01
-9.375879499647352122e-02
-2.858728037940131417e-01
-3.934056758880615234e-01
1.501413716210259208e-01
2.751096354590522042e-01
-3.882879416147868024e-01
-1.434285375807020368e-01
1.428973012500339146e-01
nan
nan
nan
nan
1.128159734937879799e+00
-3.250291943550109863e-02
-1.974551810158623466e-01
-6.137073834737142297e-01
-1.126309368345472517e-01
-5.082616872257656598e-02
6.674954096476236609e-01
1.755159431033664341e-01
1.082098960876464844e+00
5.789526833428276786e-01
8.786666393280029297e-02
-1.340689034097724587e-03
-8.793745040893554688e-01
3.616953161027696151e-01
nan
-3.608691957261827010e-01
1.503087149726020089e-01
-3.789914713965522042e-01
3.950012789832221261e-01
3.302383422851562500e-01
2.574064466688368302e-01
-2.214150826136271066e-01
-5.642829471164279020e-01
-3.355228635999891740e-01
6.189195844862196427e-01
-6.863331794738769531e-02
-1.471454567379421596e-01
-7.032391760084364396e-01
nan
nan
nan
nan
2.363335556454128628e-01
7.720357577006021765e-01
1.771796941757202148e-01
2.949192457728915667e-02
-6.793376604715982703e-01
-2.428394953409830637e-01
-1.700165669123331613e-01
-6.929153336418999443e-01
-2.578519450293647042e-01
-4.351086086697048549e-01
-5.191863377888997766e-01
-6.226859622531466520e-01
-9.111812379625108260e-01
-1.073265208138359933e-01
nan
3.921946949428982143e-01
6.024601724412705916e-01
2.667606141832139510e-01
-6.712941063774956474e-01
-4.656088087293837052e-01
3.099703788757324219e-01
-3.798851437038845424e-01
4.895924462212456474e-01
-1.387093861897786551e-01
1.079493098788791183e+00
3.991208341386582870e-01
-1.289654572804768973e-01
4.631987677680121651e-01
nan
nan
