nan
nan
-6.609915908502073112e-01
-5.637717733577806145e-01
-3.575864519391740992e-01
2.126758341886559323e-01
-1.850331364845743121e-01
-1.348760176678093226e-01
-3.074511897807218341e-01
-5.199399675641741547e-01
-4.451100874920280726e-01
-1.091913909328227211e-02
6.587778208207111241e-01
-9.318052797901387185e-01
-1.954882363883816629e-02
4.018926425855987028e-01
nan
-2.850817855523556932e-01
-3.890374242043008746e-01
-3.875390607483533006e-02
-2.273894086176035320e-02
8.857348500465860031e-02
-1.351272135364766092e-01
-5.615574583715322587e-01
-4.933100330586336069e-02
2.172161219071368776e-01
-5.157869689318598239e-01
-7.081767490931919484e-01
5.785117246666733326e-01
-7.101694418459522651e-02
nan
nan
nan
nan
6.317200174137037605e-01
4.648016326281489419e-01
-5.517750564886598763e-01
1.864410711794483311e-01
2.058669693615971796e-01
1.318225860595703125e-01
1.675543687781509139e-01
-2.245556578344228282e-01
1.699078423636300184e-01
-7.001172279825016442e-01
-7.859409098722496267e-01
2.713305998821647913e-01
-1.890635976986009270e-01
1.406765081444565080e-01
nan
3.295270569470463706e-01
-3.232584583516023846e-01
3.795790380361128702e-01
-3.161514048673668698e-01
7.936259678431919484e-01
6.905790835010762185e-01
-5.321493732685945721e-01
4.850751526501713706e-01
-3.243067605154855149e-01
-4.640685879454320983e-01
8.597887778768733558e-01
-1.868782043457031250e-01
6.611264287209024371e-01
nan
nan
nan
nan
-8.667990236866230935e-01
-5.028309335513990730e-01
1.313820274508729347e-01
-9.127705632423868121e-01
1.025857730787627542e+00
6.237277595364317806e-01
3.143666131155831711e-01
-4.440245336415816202e-01
7.868036542619977203e-01
7.031054886019959260e-02
6.787499408332668960e-01
5.421598395522759795e-01
-2.963582642224369956e-01
1.768307199283521980e-01
nan
-4.114354873190120832e-02
-1.598730379221390691e-02
3.981264464709223794e-01
-4.441146461331114681e-01
2.218432329138931014e-01
6.434719319246253733e-01
7.585606769639618996e-02
-8.023395927584900944e-01
7.899587203045280726e-01
-5.618481538733657299e-01
4.870524893001634270e-01
5.248283853336256355e-01
-3.652782829440369694e-01
nan
nan
nan
nan
5.017890540920958431e-01
-5.737256419901944904e-01
2.293487860231983311e-01
-1.084766290625747420e-01
-2.089342973670181014e-01
7.281070631377550839e-01
1.624416331855618179e-01
2.191407145286092817e-01
6.815013496243224056e-01
3.054482985515983851e-01
-6.980173539142219274e-01
5.923661212531887710e-01
1.677221911294119600e-02
1.641802495839644327e-01
nan
8.885228682537468226e-01
-7.200602365999805507e-03
2.304267396732252379e-02
1.206140167859135914e+00
-5.989068089699258746e-01
7.308377635722257404e-01
-8.839614245356345323e-01
-3.146348680768694117e-01
-7.495006736443966811e-02
1.072557332564373356e+00
-2.824444868126694264e-01
7.412698804115762374e-03
-7.461091644909917386e-01
nan
nan
nan
nan
-1.328624608565349974e-01
-6.904404309331154677e-01
1.992543084280831434e-01
-5.246042134810466884e-01
1.193275451660156250e+00
-1.015320602728396082e+00
-7.068700985032685402e-01
-1.088359287806919706e+00
5.837590353829520406e-01
-7.572196649045360717e-01
7.614127957091039456e-02
5.457637164057517198e-01
-1.675047971764389299e-01
4.599684111926020669e-01
nan
7.733578098063566275e-02
-2.764915738786969945e-01
-6.646404655612244694e-01
-4.026322267493422924e-01
7.856108704391791264e-02
2.589680029421436713e-01
9.556549422594966259e-02
2.140495241904745438e-02
-1.667567856457768671e-01
-3.758381337535624672e-02
8.511883482641103837e-01
2.161595091527822032e-01
-2.735864678207708955e-01
nan
nan
nan
nan
7.901548268843670009e-01
-7.065307461485570428e-01
-5.002577645438057719e-01
-4.210667902109574423e-01
7.834072015723403393e-02
-3.609491854297871560e-01
-2.462616550679109506e-01
-2.455937375827711364e-02
-1.298268921521245289e+00
8.342637821119658348e-01
9.922546075314891967e-01
2.124186535270846665e-01
3.852603678800621823e-01
-1.751722997548628702e-01
nan
-4.118255693085339786e-01
-3.691049011386170892e-02
3.544754106171277286e-01
-9.653065739845743121e-01
8.065208902164381355e-01
8.387229296625876573e-01
1.405949787217743441e-01
-4.311616469402702601e-01
-3.278719454395527810e-01
6.177258394202407299e-01
-8.121275609853316757e-01
-1.467680931091308594e-01
2.303870843381297662e-02
nan
nan
nan
nan
1.666174981058860319e-02
4.402814203379105673e-01
-7.713598134566326259e-01
-6.208473322342852874e-02
-2.459038909600705647e-01
4.191128575071996487e-02
-3.145971492845184847e-01
1.260488938312141372e+00
6.721992395362075268e-02
-2.931290451361208693e-01
-5.921753085389429572e-01
-2.281169307475187369e-01
4.988339482521524371e-01
-1.026441904963279195e-01
nan
3.993800416284677968e-01
-5.748307364327567281e-01
3.488399349913305358e-01
-6.601459736726722483e-01
2.248243604387555883e-01
-8.472721333406409983e-01
-9.854224068777901469e-01
-6.802412539112324685e-01
-4.815718203174824685e-01
-9.260763830068160507e-01
-6.069351507692920533e-01
-3.127927926121926161e-02
4.525241851806640625e-01
nan
nan
nan
nan
1.445604149176149822e-01
-1.138055275897590507e-01
-2.803009140248201303e-02
-5.402525687704280433e-01
1.350222704361896120e-01
8.671389988490513234e-01
2.353354668130679950e-01
-6.747418617715641442e-01
2.972424565529336871e-01
-2.370761754561443724e-01
-2.516762675071249067e-01
-4.868231014329559847e-01
-8.197511945452008730e-02
1.264109786675900793e+00
nan
-1.466887824389399297e-01
-4.571841492944834218e-01
-7.273568912428252098e-01
-2.838884081159319134e-03
2.124379411035654530e-01
-2.775576844507334218e-01
-5.372143181002869694e-01
2.390152288942920811e-01
1.634408016594088853e-01
6.474854994793327601e-01
-6.506396313102877360e-02
-2.609427315848214524e-01
-3.304653556979432194e-01
nan
nan
nan
nan
-6.236238284986845848e-01
-5.729941154012874183e-01
-7.176531577596858558e-01
-2.044198172433035754e-01
-5.335209904884805621e-01
5.109581460758131355e-01
-2.004656378103762335e-02
-8.415714186065050839e-01
1.527548322872239739e-01
5.938139156419404152e-01
1.042829474624322295e+00
6.532003441635443608e-02
-7.073636736188616547e-01
1.702148087170659296e-01
nan
-9.103037386524434615e-02
-1.124960296008051586e+00
2.276166020607461871e-01
4.815117972237722976e-01
3.985310379339724318e-01
2.366578238351004504e-01
-1.938645304465780317e-01
2.164342062813895129e-01
-6.262543736671914996e-01
4.724154569664780201e-01
-2.154855533522002653e-01
-3.438404238953882142e-01
6.286197195247728020e-01
nan
nan
nan
nan
-7.764933839136239913e-01
-9.813088786845304556e-02
1.275646676822584480e+00
4.514568873814174266e-01
1.258780129101811640e-01
6.219430261728714493e-01
3.780352144825215310e-01
-1.156603832634127915e+00
5.296756199428013234e-01
3.156386005635164471e-01
1.646389474674146980e-01
1.876878349148497216e-01
2.228217027625259139e-01
-3.937816619873046875e-01
nan
1.794586765522859506e-01
4.723305604895766674e-01
-1.846947961924027548e-01
-7.001411282286351678e-01
4.959762728944116517e-01
-3.221899149369220616e-01
-6.798326920489875524e-01
-8.870211426092654283e-02
4.677720945708605665e-02
-4.869028986716756879e-01
-4.629904299366230935e-01
5.874666097212810634e-01
4.644896059620137047e-02
nan
nan
nan
nan
5.238193589813855411e-01
-6.117672433658521980e-01
9.685981516935388003e-02
-2.488744696792291045e-01
-4.797694147849569379e-01
3.340470839519890101e-01
-1.399146877989477122e+00
-4.036147375496066010e-03
5.434990318454041569e-01
-7.584697373059330616e-02
-6.209921155657086578e-01
1.237800598144531250e+00
1.368503667870346330e-01
-4.978453188526387185e-01
nan
-6.143711635044643016e-01
3.348466912094427705e-01
7.319442106752979682e-02
-6.446283690783441989e-01
-4.549634894546197295e-01
5.528851333929567513e-01
-9.112551747536172531e-02
1.257846793349908232e-01
3.062374543170539587e-01
2.738671400109116139e-01
-2.641035196732501866e-01
-6.015250147605428754e-01
9.894508050412548217e-01
nan
nan
nan
nan
4.425249294358856722e-01
2.553827324692083955e-01
1.749345623717016018e-01
-1.164991417709661942e-01
-3.358936309814453125e-01
-1.106740912612603545e+00
2.405944746367785492e-01
7.148621228276467177e-01
6.015135317432637185e-01
-3.055501470760423333e-01
5.743066437390386136e-01
-1.301444209351831638e-01
-5.894151415143694672e-01
3.365081086450693593e-01
nan
1.722195294438576274e-01
4.421521206291354616e-02
7.765680429886798741e-01
-1.363131853998923726e-01
-3.181136627586520632e-02
-4.601867831483179017e-01
-3.386049398354121849e-04
-5.899416086625079991e-01
-4.437999725341796875e-01
8.786386762346539703e-01
3.757027460604298041e-02
3.828412659314213706e-01
-3.646882115578164996e-01
nan
nan
nan
nan
2.181768417358398438e-01
1.125852390211455667e+00
1.107879093715122831e+00
4.409442200952646829e+00
8.285325497997050315e-01
4.172528325294961871e-01
4.038824743154097452e-01
1.070196969168526691e+00
2.458611780283402215e+00
9.325582543197943330e-01
2.633938302799146980e-01
7.345816164600605935e-01
1.582684565563591272e-02
6.682578106315768540e-01
nan
7.998426787707270114e-01
8.871607877770248951e-01
5.091040085773078649e-01
-5.537706881153340310e-01
-1.058507062950912736e-01
3.038300105503627391e-01
9.607571728375494113e-03
-3.212310525835776736e-03
-1.068952034930793632e-01
-9.002932334432796058e-01
3.253001777493224056e-01
-2.821239549286511661e-01
4.714142935616629226e-01
nan
nan
nan
nan
6.575051132513551888e-01
5.199959326763542444e-02
2.658381170156050577e-01
7.438552233637595323e-01
-2.236481686027682603e-01
2.152142622032943986e-01
3.764043146250199423e-01
5.358403264259805621e-01
2.167842942841199161e+00
2.952804876833545755e+00
1.012641828887316686e+00
1.648109591737085378e+00
-2.711138433339644327e-01
4.459576120181959480e-01
nan
-2.328720871283083416e-01
1.252025059291294706e+00
8.728653265505420533e-01
2.359871222048389505e+00
5.486935362523915671e+00
4.120917222937758861e-02
9.367369826959104362e-01
2.784548389668367596e-01
1.677087472409618252e-01
6.330274854387555328e-01
1.968841941989198097e-01
-2.316273475179866925e-01
-1.585609280333226956e-01
nan
nan
nan
nan
7.157931425133530201e-01
2.640971942823760465e-01
-6.613148280552455516e-01
7.650726474061304572e-01
1.636725289481026691e+00
3.468632211490553230e-01
2.973163371183434323e-01
3.196123862753109113e-01
3.213414756619200618e-01
5.882850569121691464e-01
1.293217639533840835e+00
2.366387892742546351e-01
9.899832277881856490e-02
2.898145451837656414e-02
nan
1.553964887346540147e+00
-4.072295159709696938e-02
8.695894358109454991e-01
3.164123029124980002e-01
-1.085312269171889894e-02
7.346879706090810036e-02
-3.601123264857700734e-01
-4.758963682213608326e-01
-2.628585465100346519e-01
8.718069232240015232e-02
7.139490867147639808e-01
5.445152983373525712e-01
4.831875392368861766e-01
nan
nan
nan
nan
6.052152672592474580e-01
5.476868687843789996e-01
5.951744780248525712e-01
-1.406933920724051379e-01
3.640376305093570575e-02
1.343816640425701536e-01
2.533746836136798297e+00
9.602703483737244028e+00
4.355509543905452752e+00
-6.837867352427268869e-03
3.110754246614417240e-01
1.664275928419463590e-01
3.925918890505420755e+00
1.052904323655731833e+00
nan
2.881338625538105713e+00
1.348901086924027437e+00
-4.863991056169782168e-02
4.573605595802774371e-01
-1.229279673829370562e-01
1.103913443429129559e+00
-9.978876697773836346e-01
1.945779956116968357e-01
6.790231077038511726e-03
-5.034840350248375590e-02
-9.008660608408401993e-01
1.818012003995934212e+00
4.414119175502231762e+00
nan
nan
nan
nan
3.804207938058035587e+00
1.072239544926857358e+00
1.269146666234853282e-01
-2.478509435848313958e-01
1.925172455456792164e+00
1.143538120814732117e+01
4.052046172472895336e+00
1.097721372331891682e-01
4.756171946622887448e-01
2.461900711059570312e-01
4.400223712531888154e+00
5.312925455521564366e-01
-3.282005543611487552e-01
-2.040598538457130962e-01
nan
3.129613448162468003e+00
1.227960080516581565e+00
-7.494167892300353240e-02
2.471301409662986226e-01
5.534702612429248658e-01
5.442876076211734748e+00
1.073553591358418435e+00
-5.473365394436583431e-01
-1.356654361802704378e-01
5.946754922672194077e+00
-2.128115595603475629e+00
8.211836834343111846e+00
4.055053944490393802e-01
nan
nan
nan
nan
7.510999562788982509e-01
-4.070173380326251866e-01
8.287246081293845323e-01
-8.575872304488201259e-01
-6.594911692093829991e-01
3.002427159523477496e-01
3.111177366607043027e-01
3.962227957589285476e-01
5.354850301937180923e+00
1.625524092693718003e+00
6.333344907176737815e-01
-2.741377888893594683e-01
-2.260905090643434978e-01
2.591375078473772131e+00
nan
5.860672678266252988e-02
5.820639084796516149e-01
1.749622422821667689e+00
3.923468764947385168e+00
2.045117748026945126e+00
-5.906385791545011588e-02
8.226830618722098531e-01
-1.236774522431042689e+00
2.910727870707608966e-01
3.448542380819515363e-01
3.094803751731405317e-01
3.203748391599071099e-01
3.521513257707868383e-01
nan
nan
nan
nan
8.536124715999681145e-01
4.194859095982143238e+00
6.409005145637356460e-01
-1.702424068840182603e-01
1.891028540475027941e-01
6.760014125279018016e-01
1.118568031155333209e+00
6.277321406773158641e-01
4.457554719886001049e-01
-5.697494428984972714e-01
9.816771526725924790e-01
-4.452448961686114592e-02
1.497702773736447668e+00
-2.111019212372448883e-01
nan
2.825005784326670155e-01
1.625758579799107206e+00
1.026477969422632253e+00
2.866901319854113339e+00
5.924866968271683909e+00
1.963082294074856460e+00
1.840620546924824685e+00
-8.531582112215003733e-01
-7.002758103974011661e-01
7.067874207788583663e-01
1.539112013213488561e+00
1.026180578737842852e+00
1.564739149443957311e+00
nan
nan
nan
nan
5.785436435621611473e-01
7.289842099559550315e-01
7.988257894710618645e-01
7.036966693644620963e-02
4.673876392598054430e+00
6.628691225635762185e-01
6.338791360660475105e-01
3.168383033908143132e-01
-2.093091108361068986e-01
4.188903107935068593e-01
2.490272327345244840e-01
8.323720036720742843e-02
1.301291407371053976e+00
-9.074458686672911556e-01
nan
8.349692675532126573e-01
1.472212188097895336e+00
3.769111633300781250e-01
5.064240669717594567e-01
-1.789515942943339377e-01
-3.169455576916130335e-02
-9.162761921785316233e-01
2.846441220264045446e-02
-5.417433563543825464e-02
1.977874911561304128e+00
1.561207051179847038e+00
2.526971155283402215e+00
1.357979910714285809e+00
nan
nan
nan
nan
-2.188317824383171351e-01
1.249528145303531623e+00
3.920409533442283045e+00
1.821105022819674790e+00
-8.651127134050641543e-02
4.736440619643853545e-01
5.367263482541454467e-01
3.950753747200479171e-02
-1.651031143811284435e-02
9.077593745017538407e-02
-1.301032085807956040e-01
-2.725579981901207760e-01
6.355685409234494987e-01
9.938389525121572587e-01
nan
1.249938419886997831e+00
1.242118056939572668e+00
1.233419301558513981e+00
5.214184352329799266e-01
2.148667744227818199e-01
-6.707787027164381355e-01
3.464799608503069117e-01
8.760375198052854362e-01
3.135039971799266745e+00
4.188557838907047248e+00
5.909976881377550839e+00
2.149005033531967257e+00
8.320795175980548741e-01
nan
nan
nan
nan
1.861088032625159538e+00
1.323870756188217479e+00
5.584242684500557719e-01
-7.278190924196826783e-01
-3.327526170380261661e-01
2.588741730670539587e-01
-1.420487189779476300e-01
7.692954394282126573e-01
8.841049817143654677e-01
-1.290594898924535550e-01
5.065989903041294262e+00
9.706346940021125524e-01
2.536696142079879035e+00
7.262342180524553825e+00
nan
8.960529249541613339e-01
1.333461839325573939e+00
3.381987279775191535e+00
3.695391596580038129e+00
6.942903168347417386e-01
6.540962063536351678e+00
1.385491818797831565e+00
3.587647652139469012e-01
-7.666707720075335297e-01
6.393239936050103545e-01
1.185218188227439517e+00
4.598322887809909165e-01
7.033319278639189598e-01
nan
nan
nan
nan
-4.772620687679368645e-01
7.578068168795838444e-01
9.830304359903141442e-01
1.348322809958944601e+00
1.308878684530452752e+00
1.421271032216597563e+00
2.198992670798788129e+00
3.388161318642752412e-02
8.204012500996492818e+00
1.526278593102279979e+00
-1.080777693767936802e-02
9.003313025649712920e-01
-1.770504737386898175e-01
1.482003348214285809e+00
nan
1.762641595334422939e-01
4.746286820392219274e-01
1.294422149658203125e-01
2.705270883988360797e+00
1.185375291474011439e+00
-3.685133408526984899e-01
6.331858343007613632e-01
6.558153580646125524e-01
2.615702103595344497e+00
1.967222096968670231e+00
4.174112981679488077e-01
-3.513765140455596403e-01
6.915697370256695953e-01
nan
nan
nan
nan
2.307034083775111544e+00
4.838438384386957836e+00
4.456233744718590906e+00
1.846671396372269736e-01
8.089907899194833663e-01
6.147957237399354069e-01
1.630441159618144065e+00
1.351670401436942059e+00
1.657694135393415147e+00
1.065770674724968003e+00
2.786132501096141745e+00
5.781118587571747014e+00
3.837217058454240881e+00
1.694691093600526166e+00
nan
2.410173172853431051e-02
6.629715900031888154e+00
1.071631840297154081e+00
1.168202186117366925e-01
4.993437552938655988e-01
1.067451788454639727e+00
8.479186388911033490e+00
2.928560529436384119e+00
7.970926712970344274e-01
9.911091084382972483e-01
5.741031802430445197e-01
2.481608176717952752e+00
1.802800081214126271e+00
nan
nan
