0.000000000000000000e+00
0.000000000000000000e+00
1.070333984375000000e+03
-1.663098022460937500e+03
-2.272078857421875000e+03
-1.792796783447265625e+02
-6.798311157226562500e+02
-7.721643066406250000e+02
3.666553344726562500e+02
8.136535644531250000e+02
-8.025635986328125000e+02
-3.761759643554687500e+02
1.878248046875000000e+03
6.225921630859375000e+02
1.908457031250000000e+02
7.344769897460937500e+02
0.000000000000000000e+00
9.099306030273437500e+02
3.957343139648437500e+02
-1.304465332031250000e+02
-1.574814208984375000e+03
-4.960779953002929688e+01
1.169483154296875000e+03
-3.108707763671875000e+03
-6.589636230468750000e+02
-6.555347442626953125e+01
3.565782775878906250e+02
1.122996704101562500e+03
-4.809470825195312500e+02
-3.486174621582031250e+02
0.000000000000000000e+00
0.000000000000000000e+00
0.000000000000000000e+00
0.000000000000000000e+00
-1.955213256835937500e+03
-1.973473510742187500e+03
6.281047973632812500e+02
-1.388224365234375000e+03
1.714897460937500000e+03
-1.083194702148437500e+03
-2.872701110839843750e+02
5.640448608398437500e+02
-5.800967407226562500e+02
6.876630249023437500e+02
-2.049271392822265625e+02
1.036054382324218750e+02
5.090621185302734375e+01
7.681464385986328125e+01
0.000000000000000000e+00
6.667335205078125000e+02
-1.116740951538085938e+02
4.602980041503906250e+02
-9.803264160156250000e+02
2.977243957519531250e+02
5.863144531250000000e+02
-1.351705688476562500e+03
5.060371398925781250e+02
-1.108727905273437500e+03
3.249115600585937500e+02
-3.326642761230468750e+02
-4.289710998535156250e+01
4.666691589355468750e+02
0.000000000000000000e+00
0.000000000000000000e+00
0.000000000000000000e+00
0.000000000000000000e+00
-6.704120483398437500e+02
-7.166333618164062500e+02
-1.095345916748046875e+02
1.225820922851562500e+03
-3.452864379882812500e+02
-2.259142303466796875e+02
5.754205932617187500e+02
-5.075596618652343750e+02
-7.991058959960937500e+02
1.652582855224609375e+02
3.924039306640625000e+02
-8.648109130859375000e+02
-1.793154907226562500e+02
9.256284179687500000e+02
0.000000000000000000e+00
-1.608807006835937500e+03
2.731244201660156250e+02
1.046909179687500000e+03
-1.801851440429687500e+03
4.591372070312500000e+02
1.230982788085937500e+03
9.125984497070312500e+02
6.987450561523437500e+02
-9.360809936523437500e+02
1.008837341308593750e+03
8.938217163085937500e+02
-2.400396118164062500e+02
4.698431091308593750e+02
0.000000000000000000e+00
0.000000000000000000e+00
0.000000000000000000e+00
0.000000000000000000e+00
8.911573486328125000e+02
3.675827331542968750e+02
-8.695101928710937500e+02
-1.262094879150390625e+02
2.214938232421875000e+03
-2.410115203857421875e+02
1.577728118896484375e+02
-1.328050903320312500e+03
-7.544521484375000000e+02
4.397920227050781250e+02
2.472915496826171875e+02
6.411010131835937500e+02
3.244300537109375000e+02
-3.779028625488281250e+02
0.000000000000000000e+00
-2.026235809326171875e+02
4.966670227050781250e+02
-1.469078979492187500e+02
-3.345182189941406250e+02
1.637963562011718750e+02
-4.135106201171875000e+02
4.755455017089843750e+01
-6.859035034179687500e+02
-1.641184539794921875e+02
1.574678222656250000e+03
3.665341796875000000e+02
-4.949050292968750000e+02
-7.088770751953125000e+02
0.000000000000000000e+00
0.000000000000000000e+00
0.000000000000000000e+00
0.000000000000000000e+00
2.640797424316406250e+02
-7.431771850585937500e+02
4.508320617675781250e+01
-1.015586853027343750e+03
1.472036621093750000e+03
1.263941040039062500e+03
1.314328002929687500e+02
2.208638458251953125e+02
-8.836481323242187500e+02
-2.663168334960937500e+02
1.153802001953125000e+03
-1.941998863220214844e+01
-3.633782043457031250e+02
1.020321228027343750e+03
0.000000000000000000e+00
-1.720903625488281250e+02
2.805444335937500000e+02
1.567050018310546875e+02
-1.290392089843750000e+03
-9.091477050781250000e+02
2.715726318359375000e+02
-1.425588134765625000e+03
1.376893676757812500e+03
1.094124526977539062e+02
2.615646362304687500e+02
-7.082177124023437500e+02
6.910457153320312500e+02
-6.221694946289062500e+02
0.000000000000000000e+00
0.000000000000000000e+00
0.000000000000000000e+00
0.000000000000000000e+00
-1.012955322265625000e+03
8.746107177734375000e+02
-8.154154663085937500e+02
-1.001584339141845703e+01
-1.357423095703125000e+03
-7.392977294921875000e+02
4.429766845703125000e+02
-2.890702247619628906e+01
-1.717409973144531250e+02
1.634609069824218750e+02
1.349471191406250000e+03
9.247147216796875000e+02
-6.294005203247070312e+01
6.207786865234375000e+02
0.000000000000000000e+00
1.298243041992187500e+03
2.433465423583984375e+02
-7.368020019531250000e+02
-6.421531677246093750e+01
4.227122497558593750e+02
9.481337280273437500e+02
5.749343261718750000e+02
2.592883911132812500e+02
7.667200317382812500e+02
1.094392822265625000e+03
9.617631225585937500e+02
-5.411348876953125000e+02
-9.829764404296875000e+02
0.000000000000000000e+00
0.000000000000000000e+00
0.000000000000000000e+00
0.000000000000000000e+00
-1.559929565429687500e+03
-4.808516235351562500e+02
6.024672851562500000e+02
6.800392456054687500e+02
9.070761108398437500e+02
-1.020484680175781250e+03
-1.985904907226562500e+03
1.856455688476562500e+02
-5.327622070312500000e+02
1.698360595703125000e+02
3.643702697753906250e+02
-2.650543823242187500e+02
4.439465026855468750e+02
1.239982910156250000e+03
0.000000000000000000e+00
2.736571960449218750e+02
1.556746459960937500e+03
-3.574966049194335938e+01
-9.771332397460937500e+02
-8.955372314453125000e+02
6.031570434570312500e+02
-5.763114624023437500e+02
-8.422055053710937500e+02
-3.292718505859375000e+01
-5.766839599609375000e+02
-8.479652099609375000e+02
-3.321080780029296875e+01
8.128353881835937500e+02
0.000000000000000000e+00
0.000000000000000000e+00
0.000000000000000000e+00
0.000000000000000000e+00
-2.215629882812500000e+02
-1.513674682617187500e+03
7.219226074218750000e+02
-1.878375366210937500e+03
-1.662409179687500000e+03
5.057737731933593750e+02
-1.541750030517578125e+02
6.562144165039062500e+02
3.483936157226562500e+02
4.236767578125000000e+02
5.578068847656250000e+02
-3.481466979980468750e+02
-9.988991088867187500e+02
7.318379516601562500e+02
0.000000000000000000e+00
7.053273010253906250e+01
-3.476378479003906250e+02
1.038153198242187500e+03
7.185225830078125000e+02
2.127483825683593750e+02
1.696208984375000000e+03
-1.496448608398437500e+03
1.281411376953125000e+03
9.232168579101562500e+02
-8.667533874511718750e+01
-2.409867248535156250e+02
-7.286585083007812500e+02
-2.038229980468750000e+02
0.000000000000000000e+00
0.000000000000000000e+00
0.000000000000000000e+00
0.000000000000000000e+00
3.507059936523437500e+02
-9.534509277343750000e+02
-4.178219604492187500e+02
1.122967529296875000e+03
-6.727053833007812500e+02
-3.317833862304687500e+02
-1.555210205078125000e+03
5.498871459960937500e+02
5.191247558593750000e+02
-1.136665039062500000e+02
1.728459167480468750e+02
7.029609375000000000e+02
-4.577411193847656250e+02
-8.957205200195312500e+01
0.000000000000000000e+00
-9.046221313476562500e+02
-3.248920288085937500e+02
5.290496826171875000e+02
-7.874787902832031250e+01
4.234616279602050781e+00
1.589492492675781250e+02
-1.691621826171875000e+03
1.070648803710937500e+03
-5.908899536132812500e+02
1.115419921875000000e+03
7.762423095703125000e+02
4.358207092285156250e+02
1.654626922607421875e+02
0.000000000000000000e+00
0.000000000000000000e+00
0.000000000000000000e+00
0.000000000000000000e+00
2.776575317382812500e+02
-5.023598632812500000e+02
1.756803466796875000e+03
4.356437683105468750e+02
-3.749125671386718750e+02
-1.227678833007812500e+02
7.842586059570312500e+02
1.482053833007812500e+03
1.458337402343750000e+02
-2.009297485351562500e+02
-1.890260467529296875e+02
6.750825195312500000e+02
5.079202651977539062e-01
4.147213745117187500e+02
0.000000000000000000e+00
5.881932373046875000e+02
7.295783081054687500e+02
-2.320365600585937500e+02
-3.910778503417968750e+02
-4.658531188964843750e+02
-1.038334121704101562e+02
-6.837534790039062500e+02
2.010514221191406250e+02
3.305199584960937500e+02
7.654044189453125000e+02
7.297934722900390625e+01
-4.814609069824218750e+02
1.077778442382812500e+03
0.000000000000000000e+00
0.000000000000000000e+00
0.000000000000000000e+00
0.000000000000000000e+00
4.952822570800781250e+02
1.667828674316406250e+02
-1.234829223632812500e+03
-9.867813110351562500e+02
2.540582031250000000e+03
-4.406660461425781250e+02
-4.758126525878906250e+02
-2.161217956542968750e+02
-7.028609466552734375e+01
-1.110994995117187500e+03
1.215021118164062500e+03
-9.946335601806640625e+01
-4.755324401855468750e+02
5.051645507812500000e+02
0.000000000000000000e+00
-5.824251708984375000e+02
5.109788513183593750e+02
-4.270961303710937500e+02
6.613488159179687500e+02
1.194038818359375000e+03
4.538343505859375000e+02
5.568093261718750000e+02
1.936321868896484375e+02
1.305214080810546875e+02
-7.670847778320312500e+02
3.347994995117187500e+02
1.041381591796875000e+03
-7.231154785156250000e+02
0.000000000000000000e+00
0.000000000000000000e+00
0.000000000000000000e+00
0.000000000000000000e+00
1.375831542968750000e+03
-1.107731445312500000e+03
-1.626162414550781250e+02
9.353735351562500000e+01
-5.048847351074218750e+02
-5.121068725585937500e+02
3.679193725585937500e+02
1.259840698242187500e+03
-1.304045776367187500e+03
2.119374694824218750e+02
-8.726612854003906250e+01
1.133227905273437500e+03
-3.056564331054687500e+02
-7.735210571289062500e+02
0.000000000000000000e+00
-4.048743896484375000e+02
-1.153967651367187500e+03
-3.658615722656250000e+02
6.835988769531250000e+02
4.672063293457031250e+02
1.283966217041015625e+02
-6.578238525390625000e+02
1.979898376464843750e+02
1.187093139648437500e+03
1.365575195312500000e+03
-8.290706787109375000e+02
1.657224884033203125e+02
5.494375000000000000e+02
0.000000000000000000e+00
0.000000000000000000e+00
0.000000000000000000e+00
0.000000000000000000e+00
1.085523071289062500e+03
1.009107849121093750e+03
-3.847057800292968750e+02
1.017255126953125000e+03
-2.364772491455078125e+02
-1.835116119384765625e+02
-2.907437438964843750e+02
1.038948364257812500e+03
6.267255859375000000e+02
2.733733520507812500e+02
1.987840423583984375e+02
2.876277160644531250e+02
3.433388061523437500e+02
4.688694458007812500e+02
0.000000000000000000e+00
1.053741088867187500e+03
1.002894714355468750e+03
-5.577126464843750000e+02
-6.448470458984375000e+02
-3.468081665039062500e+02
1.452370605468750000e+02
-1.265077148437500000e+03
6.140177154541015625e+01
4.725169677734375000e+02
-7.916962280273437500e+02
7.770651855468750000e+02
7.759689941406250000e+02
-4.081442565917968750e+02
0.000000000000000000e+00
0.000000000000000000e+00
0.000000000000000000e+00
0.000000000000000000e+00
6.112283935546875000e+02
1.165307495117187500e+03
1.394325561523437500e+02
-1.223639648437500000e+03
-3.841230163574218750e+02
1.714280395507812500e+02
6.823751831054687500e+02
-8.979020996093750000e+02
2.458809082031250000e+03
2.817968750000000000e+03
2.366563232421875000e+03
4.445323730468750000e+03
2.382171386718750000e+03
8.835320434570312500e+02
0.000000000000000000e+00
1.302149658203125000e+02
1.401456176757812500e+03
1.366093635559082031e+01
1.600629394531250000e+03
4.540538085937500000e+03
9.973448486328125000e+02
-5.180741577148437500e+02
1.157838378906250000e+03
1.209175170898437500e+03
3.476636962890625000e+02
3.420426940917968750e+01
5.408491210937500000e+02
-8.146649780273437500e+02
0.000000000000000000e+00
0.000000000000000000e+00
0.000000000000000000e+00
0.000000000000000000e+00
3.990141296386718750e+02
1.536049804687500000e+03
5.602568969726562500e+02
-1.049511795043945312e+02
2.299942779541015625e+02
2.785146179199218750e+02
8.477576293945312500e+02
2.077316162109375000e+03
1.849585449218750000e+03
7.876712646484375000e+02
1.539641601562500000e+03
-2.522710800170898438e+01
-1.585920867919921875e+02
2.722133789062500000e+02
0.000000000000000000e+00
6.511718139648437500e+02
6.103395385742187500e+02
-1.668317871093750000e+02
1.334677124023437500e+02
1.498615478515625000e+03
6.228002319335937500e+02
5.779619140625000000e+02
-4.193926391601562500e+02
8.635274047851562500e+02
2.198164794921875000e+03
5.535057373046875000e+02
-1.247496414184570312e+02
1.873755859375000000e+03
0.000000000000000000e+00
0.000000000000000000e+00
0.000000000000000000e+00
0.000000000000000000e+00
1.136459228515625000e+03
-1.096114013671875000e+03
9.828344726562500000e+02
-3.384147644042968750e+02
6.351302490234375000e+02
1.252928314208984375e+02
-2.886635131835937500e+02
1.231786621093750000e+03
6.999138183593750000e+02
1.087726196289062500e+03
-7.581614494323730469e+00
4.098473815917968750e+02
1.874851440429687500e+03
9.053323974609375000e+02
0.000000000000000000e+00
2.420252227783203125e+02
-1.946974182128906250e+02
7.272350463867187500e+02
-1.034043945312500000e+03
4.508639831542968750e+02
-6.377838134765625000e+02
3.484634094238281250e+02
4.990962219238281250e+02
-1.423511886596679688e+01
7.148269653320312500e+01
6.212770996093750000e+02
8.999595336914062500e+02
1.638523925781250000e+03
0.000000000000000000e+00
0.000000000000000000e+00
0.000000000000000000e+00
0.000000000000000000e+00
3.424829101562500000e+03
1.304251098632812500e+03
2.726420593261718750e+02
1.647253417968750000e+02
5.303815917968750000e+02
1.073657714843750000e+03
-6.590620422363281250e+01
4.074345397949218750e+02
-3.297716064453125000e+02
-8.757875366210937500e+02
2.255012695312500000e+03
-9.005912475585937500e+02
-2.925042343139648438e+01
-3.844460678100585938e+01
0.000000000000000000e+00
1.714843261718750000e+03
6.196768188476562500e+02
2.915260009765625000e+02
5.589286499023437500e+02
1.080847656250000000e+03
1.427518432617187500e+03
1.576437255859375000e+03
1.398483886718750000e+02
1.069978408813476562e+02
2.976370544433593750e+02
-7.750739135742187500e+02
3.972485961914062500e+02
-5.587088012695312500e+02
0.000000000000000000e+00
0.000000000000000000e+00
0.000000000000000000e+00
0.000000000000000000e+00
-2.377304649353027344e+01
9.578801879882812500e+02
1.020060668945312500e+03
-7.020170288085937500e+02
1.640763244628906250e+02
1.136493911743164062e+02
6.149080810546875000e+02
6.048635253906250000e+02
2.477856933593750000e+03
2.969234619140625000e+02
1.203738159179687500e+03
7.794631347656250000e+02
9.306142425537109375e+01
7.750460815429687500e+01
0.000000000000000000e+00
1.953804199218750000e+03
1.731543701171875000e+03
9.979061279296875000e+02
5.175624023437500000e+03
7.271463012695312500e+02
-3.366954956054687500e+02
6.459523925781250000e+02
6.435183105468750000e+02
6.446522827148437500e+02
2.608155517578125000e+02
2.461948089599609375e+02
9.957508850097656250e+01
-7.993580322265625000e+02
0.000000000000000000e+00
0.000000000000000000e+00
0.000000000000000000e+00
0.000000000000000000e+00
-1.741222229003906250e+02
-2.904273223876953125e+01
9.069855957031250000e+02
4.549605712890625000e+02
5.727646484375000000e+02
2.803258056640625000e+02
2.032358886718750000e+03
2.574922943115234375e+01
-8.131919555664062500e+02
1.519965209960937500e+03
1.446338958740234375e+02
2.107148437500000000e+03
1.198148437500000000e+03
1.268412353515625000e+03
0.000000000000000000e+00
8.733508911132812500e+02
3.565739135742187500e+02
3.350700988769531250e+02
5.673139648437500000e+02
2.861915771484375000e+03
5.345466308593750000e+02
7.659973754882812500e+02
5.895745849609375000e+02
-9.697792968750000000e+02
-2.215543975830078125e+02
1.857375183105468750e+02
1.717217529296875000e+03
2.193402099609375000e+03
0.000000000000000000e+00
0.000000000000000000e+00
0.000000000000000000e+00
0.000000000000000000e+00
9.498094482421875000e+02
6.384911499023437500e+02
4.307976684570312500e+02
5.056422729492187500e+02
3.586958251953125000e+03
6.753374633789062500e+02
8.711486053466796875e+01
2.049694061279296875e+02
-3.164621276855468750e+02
8.530791625976562500e+02
-6.146968994140625000e+02
-1.118995895385742188e+02
2.089033813476562500e+02
1.840563201904296875e+02
0.000000000000000000e+00
-4.814206542968750000e+02
-5.979418945312500000e+02
4.198141784667968750e+02
-6.161793823242187500e+02
-4.643151550292968750e+02
9.151307678222656250e+01
9.704938507080078125e+01
5.122123413085937500e+02
3.504666748046875000e+02
1.571276855468750000e+03
4.321428222656250000e+02
1.733897399902343750e+02
1.584044189453125000e+02
0.000000000000000000e+00
0.000000000000000000e+00
0.000000000000000000e+00
0.000000000000000000e+00
-2.935231399536132812e+01
1.463079681396484375e+02
4.241970214843750000e+03
1.018915832519531250e+03
5.453999023437500000e+02
9.746649780273437500e+02
-7.681774139404296875e+01
1.150591354370117188e+02
1.181251983642578125e+02
-8.386649322509765625e+01
7.423733520507812500e+02
2.061780853271484375e+02
-9.420153045654296875e+01
-2.646534423828125000e+02
0.000000000000000000e+00
2.123609924316406250e+02
6.711940307617187500e+02
1.123686767578125000e+03
9.959673309326171875e+01
1.724007263183593750e+02
-4.137651672363281250e+02
5.252813339233398438e+01
-2.917090332031250000e+03
1.897217102050781250e+02
1.551112213134765625e+02
-4.349743347167968750e+02
-2.672423706054687500e+02
6.067698974609375000e+02
0.000000000000000000e+00
0.000000000000000000e+00
0.000000000000000000e+00
0.000000000000000000e+00
1.758159667968750000e+03
1.132635742187500000e+03
-1.603587951660156250e+02
5.674569702148437500e+02
4.096699218750000000e+02
1.176006927490234375e+02
4.416598815917968750e+02
6.177047729492187500e+02
-1.047164306640625000e+03
1.057021026611328125e+02
3.029891601562500000e+03
7.323386230468750000e+02
7.101253662109375000e+02
1.166835693359375000e+03
0.000000000000000000e+00
-4.303646087646484375e-01
1.212916870117187500e+03
9.925152587890625000e+02
1.988287719726562500e+03
1.231174240112304688e+02
8.177712402343750000e+02
7.086026000976562500e+02
4.709444580078125000e+02
5.720440063476562500e+02
1.357284240722656250e+02
8.731290283203125000e+02
-4.170552673339843750e+02
-3.021147766113281250e+02
0.000000000000000000e+00
0.000000000000000000e+00
0.000000000000000000e+00
0.000000000000000000e+00
-2.656022949218750000e+02
-4.065644226074218750e+02
5.590395507812500000e+02
6.103922119140625000e+02
4.706756286621093750e+02
6.554581298828125000e+02
6.159843139648437500e+02
1.340466613769531250e+02
6.148728027343750000e+02
1.355275512695312500e+03
2.322696533203125000e+03
2.229139404296875000e+03
5.074888916015625000e+02
2.084544067382812500e+02
0.000000000000000000e+00
2.615947265625000000e+02
8.988095855712890625e+01
4.492248840332031250e+02
-1.263268310546875000e+03
1.156154327392578125e+02
-9.818934936523437500e+02
1.780756988525390625e+02
5.889493408203125000e+02
5.381283691406250000e+03
1.484578369140625000e+03
-1.687245635986328125e+02
3.774036254882812500e+02
3.003976135253906250e+02
0.000000000000000000e+00
0.000000000000000000e+00
0.000000000000000000e+00
0.000000000000000000e+00
9.974713745117187500e+02
5.113853027343750000e+03
2.405865722656250000e+03
1.375994750976562500e+03
1.198241699218750000e+03
1.408355255126953125e+02
1.121924682617187500e+03
1.204817733764648438e+02
6.892238616943359375e+01
-2.553299407958984375e+02
1.676135131835937500e+03
4.654520507812500000e+03
2.168541503906250000e+03
6.772891235351562500e+02
0.000000000000000000e+00
6.111621704101562500e+02
9.875614624023437500e+02
-5.413090209960937500e+02
2.702915344238281250e+02
1.017446777343750000e+03
7.350192260742187500e+01
4.222243164062500000e+03
1.118064208984375000e+03
2.328873291015625000e+03
2.419153320312500000e+03
4.239762573242187500e+02
2.976007080078125000e+03
1.976536987304687500e+03
0.000000000000000000e+00
0.000000000000000000e+00
