0.000000000000000000e+00
0.000000000000000000e+00
5.946940307617187500e+02
1.708848190307617188e+01
1.514804199218750000e+03
-9.039104614257812500e+02
2.577745971679687500e+02
4.819741821289062500e+02
-1.569023681640625000e+03
1.523336425781250000e+03
2.010379394531250000e+03
2.592937011718750000e+02
5.208590698242187500e+02
1.281667236328125000e+03
-2.823491210937500000e+02
2.285665527343750000e+03
0.000000000000000000e+00
4.686445312500000000e+02
7.063222045898437500e+02
-5.305460815429687500e+02
-3.564143066406250000e+02
-1.024002685546875000e+03
-3.265138549804687500e+02
-3.966979980468750000e+02
1.347889648437500000e+03
3.506091918945312500e+02
1.499759399414062500e+03
-7.134410400390625000e+02
1.015145751953125000e+03
2.473031494140625000e+03
0.000000000000000000e+00
0.000000000000000000e+00
0.000000000000000000e+00
0.000000000000000000e+00
4.525270462036132812e+01
-2.023400115966796875e+02
5.086729431152343750e+02
-2.743898010253906250e+02
4.174419860839843750e+02
1.227787353515625000e+03
8.263112182617187500e+02
-7.755513305664062500e+02
3.232218933105468750e+02
-4.324082031250000000e+02
-1.176329467773437500e+03
8.205281982421875000e+02
1.967238769531250000e+03
1.673798706054687500e+03
0.000000000000000000e+00
2.644115234375000000e+03
3.205875244140625000e+02
-2.281683197021484375e+02
8.826236572265625000e+02
-9.746259307861328125e+01
9.350993347167968750e+01
-1.088466918945312500e+03
7.806470947265625000e+02
1.673724243164062500e+03
-1.674052978515625000e+03
1.982151222229003906e+01
3.213759765625000000e+02
1.060829956054687500e+03
0.000000000000000000e+00
0.000000000000000000e+00
0.000000000000000000e+00
0.000000000000000000e+00
-5.947082519531250000e+02
7.659300537109375000e+02
-5.402932128906250000e+02
5.372291870117187500e+02
7.011226806640625000e+02
2.233077697753906250e+02
1.728716308593750000e+03
2.550361175537109375e+02
-2.897887573242187500e+02
8.299345703125000000e+02
8.812713623046875000e+02
-7.079852294921875000e+02
-8.099072875976562500e+02
8.909042968750000000e+02
0.000000000000000000e+00
-1.244503417968750000e+03
1.319287719726562500e+03
1.049176025390625000e+02
-9.628471069335937500e+02
-1.393011840820312500e+03
8.357600097656250000e+02
1.407139770507812500e+03
1.150617797851562500e+03
-1.553032531738281250e+02
1.247676269531250000e+03
-8.909392700195312500e+02
1.670619995117187500e+03
-7.541964111328125000e+02
0.000000000000000000e+00
0.000000000000000000e+00
0.000000000000000000e+00
0.000000000000000000e+00
4.816064453125000000e+02
1.676898193359375000e+03
8.033788452148437500e+02
-3.774821166992187500e+02
-8.324296875000000000e+02
7.216251220703125000e+02
1.088368453979492188e+02
-5.268645019531250000e+02
-4.183690490722656250e+02
7.353651733398437500e+02
4.342636108398437500e+02
2.658440246582031250e+02
-7.693102264404296875e+01
-3.287688598632812500e+02
0.000000000000000000e+00
8.262575683593750000e+02
-1.002663208007812500e+03
1.868546295166015625e+02
-3.872200317382812500e+02
1.364967407226562500e+03
-1.170549240112304688e+02
-6.105358886718750000e+02
-3.411607971191406250e+02
4.662051086425781250e+02
-7.098431396484375000e+02
-5.111724548339843750e+02
-1.769388732910156250e+02
4.648841552734375000e+02
0.000000000000000000e+00
0.000000000000000000e+00
0.000000000000000000e+00
0.000000000000000000e+00
-4.960915565490722656e+00
-1.429483032226562500e+03
4.785667037963867188e+01
-5.169660186767578125e+01
-6.476228637695312500e+02
1.501251525878906250e+02
5.286548461914062500e+02
-2.522805786132812500e+01
3.348208618164062500e+02
1.307807006835937500e+03
6.641843261718750000e+02
4.422956542968750000e+02
4.626904602050781250e+02
-2.414727935791015625e+02
0.000000000000000000e+00
-9.201024780273437500e+02
4.592656250000000000e+02
-1.193349914550781250e+02
1.035829849243164062e+02
1.417573730468750000e+03
7.895581665039062500e+02
6.157950439453125000e+02
3.415464172363281250e+02
-6.032434082031250000e+02
7.333811645507812500e+02
1.132433593750000000e+03
-2.641978759765625000e+02
1.482837890625000000e+03
0.000000000000000000e+00
0.000000000000000000e+00
0.000000000000000000e+00
0.000000000000000000e+00
4.647456054687500000e+02
5.031521911621093750e+02
1.346348144531250000e+03
5.859019775390625000e+02
1.649992179870605469e+01
1.916486694335937500e+03
7.259504699707031250e+01
-3.874460220336914062e+01
-7.887515258789062500e+02
7.767674255371093750e+01
-5.936596069335937500e+02
8.879559936523437500e+02
-8.335057983398437500e+02
9.739478149414062500e+02
0.000000000000000000e+00
1.214815795898437500e+03
-7.536334838867187500e+02
-2.648020324707031250e+02
-2.305466308593750000e+02
9.382234497070312500e+02
1.380804077148437500e+03
2.902377929687500000e+02
1.367208618164062500e+03
-7.808613281250000000e+02
3.680922546386718750e+02
-9.881599426269531250e+00
-8.823249511718750000e+02
-5.292969970703125000e+02
0.000000000000000000e+00
0.000000000000000000e+00
0.000000000000000000e+00
0.000000000000000000e+00
1.639939697265625000e+03
3.375450744628906250e+02
9.116908569335937500e+02
9.984091796875000000e+02
-2.135642395019531250e+02
-5.144891967773437500e+02
8.716868286132812500e+02
1.037207763671875000e+03
-1.962903930664062500e+03
-8.734320678710937500e+02
2.771312866210937500e+02
1.320043334960937500e+03
-3.386866760253906250e+02
1.587449645996093750e+02
0.000000000000000000e+00
5.983667602539062500e+02
-2.778595581054687500e+02
1.210315185546875000e+03
-1.039193237304687500e+03
1.500240844726562500e+03
1.307782077789306641e+01
1.208560714721679688e+02
3.229475097656250000e+02
-6.312613525390625000e+02
-3.452342529296875000e+02
1.289267089843750000e+03
3.441453247070312500e+02
6.369509277343750000e+02
0.000000000000000000e+00
0.000000000000000000e+00
0.000000000000000000e+00
0.000000000000000000e+00
-1.714639587402343750e+02
-1.007980468750000000e+03
4.464237670898437500e+02
3.121882247924804688e+01
-4.524455566406250000e+02
-1.201275390625000000e+03
1.111576171875000000e+03
-1.922185058593750000e+02
1.860947875976562500e+03
3.746726074218750000e+02
-1.970602111816406250e+02
-3.184831848144531250e+02
9.215036010742187500e+02
-5.962839965820312500e+02
0.000000000000000000e+00
3.619381408691406250e+02
5.833583984375000000e+02
-2.354763793945312500e+02
-3.454649353027343750e+02
-1.172755889892578125e+02
-1.237837066650390625e+02
3.366536254882812500e+02
7.120148925781250000e+02
5.904607391357421875e+01
6.880208129882812500e+02
7.025115966796875000e+02
2.322708282470703125e+02
7.122055664062500000e+02
0.000000000000000000e+00
0.000000000000000000e+00
0.000000000000000000e+00
0.000000000000000000e+00
-8.424110717773437500e+02
-1.811241455078125000e+02
-4.003428955078125000e+02
7.749031982421875000e+02
5.163245391845703125e+01
7.680761108398437500e+02
5.142756958007812500e+02
-9.726658935546875000e+02
1.060472778320312500e+03
8.529342041015625000e+02
-3.108711547851562500e+02
4.819345703125000000e+02
1.012253540039062500e+03
1.196590576171875000e+03
0.000000000000000000e+00
1.231326538085937500e+03
1.102321929931640625e+02
3.766489257812500000e+02
-5.510877685546875000e+02
-5.528796386718750000e+01
4.717040100097656250e+02
9.365366210937500000e+02
3.382746276855468750e+02
8.555974121093750000e+02
-6.587910156250000000e+02
-1.682979583740234375e+02
-2.238667144775390625e+02
1.175874862670898438e+02
0.000000000000000000e+00
0.000000000000000000e+00
0.000000000000000000e+00
0.000000000000000000e+00
2.061802520751953125e+02
1.403680908203125000e+03
3.358601074218750000e+03
-3.370161743164062500e+02
-2.223960418701171875e+02
-3.361836547851562500e+02
-3.175220336914062500e+02
-8.137515869140625000e+02
3.478522949218750000e+02
-1.168173522949218750e+02
-9.157280731201171875e+01
2.779290771484375000e+02
-2.023790283203125000e+02
9.362833862304687500e+02
0.000000000000000000e+00
5.987781372070312500e+02
-8.390352172851562500e+02
-8.676889038085937500e+01
-3.781710815429687500e+02
1.266774368286132812e+02
7.748005981445312500e+02
8.221068115234375000e+02
1.369463653564453125e+02
4.045328063964843750e+02
3.584624328613281250e+02
2.075094451904296875e+02
1.892015747070312500e+03
1.852693115234375000e+03
0.000000000000000000e+00
0.000000000000000000e+00
0.000000000000000000e+00
0.000000000000000000e+00
-1.265840759277343750e+02
1.013000244140625000e+03
5.731547241210937500e+02
3.115258789062500000e+02
1.751828369140625000e+03
1.033888427734375000e+03
-5.493040771484375000e+02
1.495195922851562500e+02
-5.891436767578125000e+01
3.078421630859375000e+02
2.447331085205078125e+02
-7.740087890625000000e+01
2.043834991455078125e+02
2.876583862304687500e+02
0.000000000000000000e+00
1.585491333007812500e+02
3.792582092285156250e+02
7.305731201171875000e+02
7.636132812500000000e+02
1.534978294372558594e+01
8.268970336914062500e+02
-3.538690185546875000e+01
6.651278686523437500e+01
2.274743804931640625e+02
7.776409912109375000e+02
4.868616943359375000e+02
8.215360717773437500e+02
7.597472534179687500e+02
0.000000000000000000e+00
0.000000000000000000e+00
0.000000000000000000e+00
0.000000000000000000e+00
-2.260656280517578125e+02
3.035964355468750000e+02
-1.188052368164062500e+03
-5.020891113281250000e+02
6.013686523437500000e+02
9.517366943359375000e+02
-1.230085372924804688e+02
-3.963379821777343750e+02
1.218555297851562500e+03
3.728216247558593750e+02
1.289383544921875000e+03
9.425483703613281250e+01
4.011843261718750000e+02
9.802101440429687500e+02
0.000000000000000000e+00
2.059960174560546875e+01
-4.785038757324218750e+02
1.933218078613281250e+02
2.901776123046875000e+02
-2.460357971191406250e+02
-1.246700561523437500e+03
2.377583160400390625e+02
-2.089002075195312500e+02
-4.537981262207031250e+02
9.154089355468750000e+02
8.273302612304687500e+02
1.393207275390625000e+03
-5.975517272949218750e+01
0.000000000000000000e+00
0.000000000000000000e+00
0.000000000000000000e+00
0.000000000000000000e+00
1.284333007812500000e+03
-1.384641876220703125e+02
2.188345031738281250e+02
1.248661376953125000e+03
9.710687255859375000e+02
5.955755004882812500e+02
1.567419677734375000e+03
1.207066406250000000e+03
3.753935546875000000e+03
-3.260908813476562500e+02
1.059851562500000000e+03
1.317699829101562500e+03
1.816090965270996094e+01
-9.330762939453125000e+02
0.000000000000000000e+00
7.387551879882812500e+02
7.467078247070312500e+02
1.710618774414062500e+03
7.913259124755859375e+01
-3.605717773437500000e+02
9.008479003906250000e+02
1.848300659179687500e+03
2.402702789306640625e+02
3.542088928222656250e+02
-4.118728942871093750e+02
2.388926239013671875e+02
-4.312120361328125000e+02
7.980037231445312500e+02
0.000000000000000000e+00
0.000000000000000000e+00
0.000000000000000000e+00
0.000000000000000000e+00
2.885135269165039062e+01
2.271620117187500000e+03
-5.835750732421875000e+02
2.561043701171875000e+02
7.577094116210937500e+02
9.753929443359375000e+02
3.306079101562500000e+02
9.317854003906250000e+02
4.667338378906250000e+03
6.715055175781250000e+03
2.752941406250000000e+03
1.806887329101562500e+03
9.528061523437500000e+02
1.125017547607421875e+02
0.000000000000000000e+00
-2.730728454589843750e+02
2.562047119140625000e+03
1.297355712890625000e+03
1.172824096679687500e+03
2.789986083984375000e+03
5.738712158203125000e+02
2.806030029296875000e+03
1.488731445312500000e+03
2.649642822265625000e+03
2.397813476562500000e+03
1.138782470703125000e+03
1.296120239257812500e+03
1.324444213867187500e+03
0.000000000000000000e+00
0.000000000000000000e+00
0.000000000000000000e+00
0.000000000000000000e+00
2.144934814453125000e+03
1.094887573242187500e+03
6.574833374023437500e+02
4.248730163574218750e+02
5.514472656250000000e+02
1.450185791015625000e+03
-2.249977722167968750e+02
-5.665046997070312500e+02
5.180108642578125000e+02
1.064628173828125000e+03
1.467160278320312500e+03
1.501344604492187500e+03
7.611691284179687500e+02
-1.298642578125000000e+02
0.000000000000000000e+00
1.661409912109375000e+03
4.936887207031250000e+02
1.334656127929687500e+03
6.861651611328125000e+02
5.535208129882812500e+02
2.407606124877929688e+01
1.074082275390625000e+03
4.637928771972656250e+02
6.320164184570312500e+02
1.012888366699218750e+03
8.310822753906250000e+02
5.265358886718750000e+02
-7.869064331054687500e+01
0.000000000000000000e+00
0.000000000000000000e+00
0.000000000000000000e+00
0.000000000000000000e+00
3.653701171875000000e+03
2.059476562500000000e+03
2.409034667968750000e+03
2.098648925781250000e+03
2.319268554687500000e+03
3.989472412109375000e+03
3.532248779296875000e+03
9.004222656250000000e+03
2.446969238281250000e+03
1.867669219970703125e+02
1.122831665039062500e+03
4.232409667968750000e+02
3.401162109375000000e+03
9.348415527343750000e+02
0.000000000000000000e+00
1.138229980468750000e+03
7.813102416992187500e+02
6.338399047851562500e+02
7.777244262695312500e+02
3.843535156250000000e+02
-3.464729614257812500e+02
-2.703854370117187500e+02
2.964355468750000000e+00
-8.885897827148437500e+01
4.873697204589843750e+02
2.302773681640625000e+03
1.097794067382812500e+03
1.441953613281250000e+03
0.000000000000000000e+00
0.000000000000000000e+00
0.000000000000000000e+00
0.000000000000000000e+00
7.288748168945312500e+02
4.631204223632812500e+02
2.137557678222656250e+02
1.409034790039062500e+03
-3.467832336425781250e+02
2.471343231201171875e+02
3.632075195312500000e+02
3.849327468872070312e+01
1.065576049804687500e+03
8.041818237304687500e+02
6.672409667968750000e+03
9.861647338867187500e+02
-6.332201004028320312e+01
1.228124755859375000e+03
0.000000000000000000e+00
1.445566772460937500e+03
1.456588623046875000e+03
2.309089660644531250e+02
-5.428579711914062500e+02
9.800859985351562500e+02
4.535322265625000000e+03
1.859535034179687500e+03
-1.213884643554687500e+03
1.788019561767578125e+02
1.283483764648437500e+03
1.437969116210937500e+03
1.231720825195312500e+03
-1.029394989013671875e+02
0.000000000000000000e+00
0.000000000000000000e+00
0.000000000000000000e+00
0.000000000000000000e+00
7.861261596679687500e+02
2.245241546630859375e+01
1.843839599609375000e+03
7.398899841308593750e+01
5.648839721679687500e+02
8.566181640625000000e+02
1.198473144531250000e+03
3.267390380859375000e+03
1.281986718750000000e+04
6.005722656250000000e+03
-8.280715942382812500e+01
1.915881347656250000e+03
8.816581420898437500e+02
6.742584228515625000e+02
0.000000000000000000e+00
1.023321899414062500e+03
4.224538879394531250e+02
1.073293334960937500e+03
1.132703222656250000e+04
1.934943359375000000e+03
7.014801025390625000e+01
1.242574920654296875e+02
6.280197143554687500e+02
7.313070068359375000e+02
-5.515933227539062500e+02
8.629019775390625000e+02
7.308362579345703125e+01
-3.737304992675781250e+02
0.000000000000000000e+00
0.000000000000000000e+00
0.000000000000000000e+00
0.000000000000000000e+00
-8.955034790039062500e+02
6.181785278320312500e+02
5.124181518554687500e+02
3.791054382324218750e+02
6.272083740234375000e+02
5.001361694335937500e+02
1.934524658203125000e+03
3.505490417480468750e+02
-2.565820312500000000e+02
5.635126342773437500e+02
4.959432983398437500e+01
8.967512512207031250e+01
-6.225712280273437500e+02
5.873439331054687500e+02
0.000000000000000000e+00
1.129930541992187500e+03
1.346851806640625000e+03
1.299810546875000000e+03
1.935970947265625000e+03
2.895188232421875000e+03
2.660702514648437500e+01
3.465476684570312500e+02
-9.211216430664062500e+02
1.002956909179687500e+03
2.021177368164062500e+03
7.881578979492187500e+02
9.453515625000000000e+03
3.533904296875000000e+03
0.000000000000000000e+00
0.000000000000000000e+00
0.000000000000000000e+00
0.000000000000000000e+00
-5.370977783203125000e+02
5.885836181640625000e+02
-2.637753601074218750e+02
2.485395263671875000e+03
1.022450683593750000e+04
2.921541748046875000e+03
8.884059906005859375e+01
5.778118896484375000e+02
1.204592285156250000e+03
5.022285461425781250e+02
-4.457499389648437500e+02
2.066308898925781250e+02
5.900441284179687500e+02
1.217452514648437500e+03
0.000000000000000000e+00
4.262742004394531250e+02
5.568764038085937500e+02
4.977781982421875000e+02
-3.385064392089843750e+02
6.615501708984375000e+02
3.278917236328125000e+02
7.553413696289062500e+02
-9.233461914062500000e+02
1.243407592773437500e+03
9.195681640625000000e+03
1.801966430664062500e+03
1.244577392578125000e+03
7.398693237304687500e+02
0.000000000000000000e+00
0.000000000000000000e+00
0.000000000000000000e+00
0.000000000000000000e+00
1.291163696289062500e+03
2.960173095703125000e+03
1.118077441406250000e+04
3.412954833984375000e+03
3.518481750488281250e+02
1.040250396728515625e+02
8.881291503906250000e+02
-2.290468750000000000e+03
4.527366638183593750e+02
1.100769805908203125e+01
3.439375915527343750e+02
9.957958984375000000e+02
8.013252563476562500e+02
7.376227416992187500e+02
0.000000000000000000e+00
5.660068969726562500e+02
1.188083496093750000e+03
7.589279785156250000e+02
-4.601931152343750000e+02
9.224033203125000000e+02
1.179579956054687500e+03
-2.722194519042968750e+02
-2.071143493652343750e+02
8.580493774414062500e+02
1.697128417968750000e+03
2.273783447265625000e+03
1.702964111328125000e+03
1.777586517333984375e+02
0.000000000000000000e+00
0.000000000000000000e+00
0.000000000000000000e+00
0.000000000000000000e+00
5.259967773437500000e+03
5.112200622558593750e+02
7.451057739257812500e+02
2.678964538574218750e+02
6.847220611572265625e+01
7.982946166992187500e+02
-1.279891967773437500e+02
5.108843383789062500e+02
-1.084555282592773438e+02
5.856171875000000000e+02
5.041286621093750000e+03
1.732331787109375000e+03
-1.622555084228515625e+02
1.187992431640625000e+03
0.000000000000000000e+00
5.305311584472656250e+01
2.342140045166015625e+02
1.533815307617187500e+03
4.164039062500000000e+03
9.782786865234375000e+02
6.298636718750000000e+03
1.613119873046875000e+03
6.576713256835937500e+02
7.096312255859375000e+02
-2.893378906250000000e+02
-2.705864562988281250e+02
4.247805786132812500e+01
3.144472351074218750e+02
0.000000000000000000e+00
0.000000000000000000e+00
0.000000000000000000e+00
0.000000000000000000e+00
1.023442077636718750e+03
7.863337402343750000e+02
2.434954528808593750e+02
3.545297363281250000e+03
2.028268188476562500e+03
3.233192138671875000e+02
9.924602661132812500e+02
1.612011474609375000e+03
1.089846582031250000e+04
2.934396484375000000e+03
2.994800048828125000e+03
3.211865478515625000e+03
1.105279296875000000e+03
1.564570434570312500e+03
0.000000000000000000e+00
1.281707458496093750e+02
3.042340087890625000e+02
3.464168395996093750e+02
6.886135253906250000e+03
1.534379516601562500e+03
3.228308715820312500e+02
-6.440976715087890625e+01
-1.677680053710937500e+02
1.920148193359375000e+03
8.625935668945312500e+02
1.102642211914062500e+03
-1.975297851562500000e+02
3.995302429199218750e+02
0.000000000000000000e+00
0.000000000000000000e+00
0.000000000000000000e+00
0.000000000000000000e+00
1.412892822265625000e+03
9.993458007812500000e+03
4.718918945312500000e+03
3.184947265625000000e+03
3.067241699218750000e+03
2.769232666015625000e+03
2.781104736328125000e+03
1.823204223632812500e+03
7.487307739257812500e+02
1.296390136718750000e+03
1.931041503906250000e+03
3.375263183593750000e+03
2.297073974609375000e+03
2.490970916748046875e+02
0.000000000000000000e+00
1.996484680175781250e+02
9.795194335937500000e+03
1.100033691406250000e+03
5.021992797851562500e+02
-4.067754821777343750e+02
-1.634352416992187500e+02
3.322665039062500000e+03
1.111642211914062500e+03
2.184968994140625000e+03
3.287170166015625000e+03
6.253612670898437500e+02
2.244819580078125000e+03
1.108650024414062500e+03
0.000000000000000000e+00
0.000000000000000000e+00
