0.000000000000000000e+00
0.000000000000000000e+00
-1.892806884765625000e+03
-1.240272949218750000e+03
-9.186235961914062500e+02
2.615248107910156250e+02
-1.252767456054687500e+03
-1.357689697265625000e+03
1.450166870117187500e+03
-1.248577514648437500e+03
-6.138831787109375000e+02
-3.783013916015625000e+02
-8.008239746093750000e+02
-5.492324218750000000e+02
1.211924316406250000e+03
-2.237116699218750000e+03
0.000000000000000000e+00
6.549694824218750000e+01
-4.600851745605468750e+02
-1.024157958984375000e+03
9.183769531250000000e+02
4.362489013671875000e+02
2.243864746093750000e+03
9.875066528320312500e+02
-7.863508300781250000e+02
-3.128531250000000000e+03
7.957412109375000000e+02
-1.501557250976562500e+03
-3.623330688476562500e+02
7.745921020507812500e+02
0.000000000000000000e+00
0.000000000000000000e+00
0.000000000000000000e+00
0.000000000000000000e+00
-2.489393615722656250e+02
-6.958093872070312500e+02
-1.939525604248046875e+02
6.654542236328125000e+02
1.086908325195312500e+03
3.623214416503906250e+02
5.419323730468750000e+02
8.242418212890625000e+02
-1.458437805175781250e+02
-3.682492980957031250e+02
-1.474773315429687500e+03
-1.174299316406250000e+03
-2.344581451416015625e+02
2.902405395507812500e+02
0.000000000000000000e+00
-6.891719970703125000e+02
-8.497941894531250000e+02
-2.454364013671875000e+02
-3.130776977539062500e+02
-8.387836914062500000e+02
2.106145019531250000e+03
5.619827880859375000e+02
-1.636517944335937500e+03
-8.865261230468750000e+02
-2.108079589843750000e+03
-2.444765625000000000e+02
1.149281494140625000e+03
1.433632659912109375e+02
0.000000000000000000e+00
0.000000000000000000e+00
0.000000000000000000e+00
0.000000000000000000e+00
2.044385986328125000e+02
2.357036437988281250e+02
-5.816196289062500000e+02
1.135209716796875000e+03
-3.734677124023437500e+02
1.792637573242187500e+03
-2.474678039550781250e+02
-5.451647949218750000e+02
2.016818603515625000e+03
-1.003264160156250000e+03
1.317798767089843750e+02
-2.045463623046875000e+03
6.995840454101562500e+02
-5.929908447265625000e+02
0.000000000000000000e+00
6.357744140625000000e+02
-4.230751037597656250e+01
-1.785000000000000000e+03
-9.097725219726562500e+02
8.207131958007812500e+02
4.756507568359375000e+02
-7.907177124023437500e+02
1.193095092773437500e+03
9.203955078125000000e+01
2.385438964843750000e+03
3.193134460449218750e+02
1.612846313476562500e+03
1.290830566406250000e+03
0.000000000000000000e+00
0.000000000000000000e+00
0.000000000000000000e+00
0.000000000000000000e+00
1.817780883789062500e+03
-1.650669433593750000e+03
9.237192382812500000e+02
-1.501320068359375000e+03
5.528248291015625000e+02
-2.830564697265625000e+03
7.009109497070312500e+00
-6.979889526367187500e+02
3.366531372070312500e+00
3.737858886718750000e+02
-3.591596221923828125e+01
1.004942016601562500e+02
-9.065408935546875000e+02
-1.113233520507812500e+03
0.000000000000000000e+00
9.656009521484375000e+02
5.263412475585937500e+02
-2.484923400878906250e+02
1.486703125000000000e+03
2.598362121582031250e+02
3.807850952148437500e+02
-2.006179199218750000e+03
-3.426592407226562500e+02
1.109738281250000000e+03
-4.846888732910156250e+01
2.108953369140625000e+03
1.119229736328125000e+03
-7.410906982421875000e+02
0.000000000000000000e+00
0.000000000000000000e+00
0.000000000000000000e+00
0.000000000000000000e+00
8.400554199218750000e+02
4.424205627441406250e+02
-5.959114990234375000e+02
1.286685180664062500e+03
3.156406860351562500e+02
7.691837158203125000e+02
1.572959228515625000e+03
-1.322967651367187500e+03
1.881655517578125000e+03
-1.068339599609375000e+03
2.039751098632812500e+03
-2.003218994140625000e+02
-6.138146972656250000e+01
8.758712768554687500e+01
0.000000000000000000e+00
7.613341674804687500e+02
-7.916652832031250000e+02
2.378506774902343750e+02
9.100078735351562500e+02
2.691955261230468750e+02
1.603818969726562500e+03
-1.901458862304687500e+03
-1.273449218750000000e+03
3.548344970703125000e+03
1.338708496093750000e+02
-6.480155029296875000e+02
6.187517089843750000e+02
-1.509918457031250000e+03
0.000000000000000000e+00
0.000000000000000000e+00
0.000000000000000000e+00
0.000000000000000000e+00
-4.207458496093750000e+00
2.031880371093750000e+03
1.943619873046875000e+03
-7.291713867187500000e+02
-4.121828613281250000e+02
-8.983060302734375000e+02
2.490795288085937500e+02
-2.817318420410156250e+02
7.147401733398437500e+02
4.736305541992187500e+02
-8.679105224609375000e+02
-6.691853027343750000e+02
4.474263000488281250e+02
1.573622802734375000e+03
0.000000000000000000e+00
-7.444377441406250000e+02
-9.067512207031250000e+02
1.121207641601562500e+03
8.961872558593750000e+02
1.915087432861328125e+02
2.201201660156250000e+03
2.692650146484375000e+02
-1.018876876831054688e+02
7.351651611328125000e+02
1.168477661132812500e+03
4.051771850585937500e+02
1.139925415039062500e+03
-2.017307617187500000e+03
0.000000000000000000e+00
0.000000000000000000e+00
0.000000000000000000e+00
0.000000000000000000e+00
4.252239379882812500e+02
-1.007726287841796875e+02
-2.262285644531250000e+03
-1.370198486328125000e+03
9.380850219726562500e+02
7.810706787109375000e+02
5.755742645263671875e+01
3.795223236083984375e+00
-1.379802856445312500e+02
2.488312377929687500e+02
2.523955078125000000e+03
2.240973968505859375e+02
8.873666992187500000e+02
7.279396972656250000e+02
0.000000000000000000e+00
-1.252895507812500000e+03
-1.764070434570312500e+02
1.124680053710937500e+03
1.922193145751953125e+02
3.845607910156250000e+02
-2.174458160400390625e+02
-7.458610839843750000e+02
-1.008134002685546875e+02
-2.379657592773437500e+02
4.995214080810546875e+01
9.228188476562500000e+02
-4.285529174804687500e+02
1.196492309570312500e+02
0.000000000000000000e+00
0.000000000000000000e+00
0.000000000000000000e+00
0.000000000000000000e+00
9.067083740234375000e+02
5.771788330078125000e+02
1.622827453613281250e+02
1.510002746582031250e+02
7.137416992187500000e+02
3.635851135253906250e+02
-1.112692871093750000e+03
-7.953411102294921875e+01
5.120485839843750000e+02
-2.237317352294921875e+02
1.169319091796875000e+03
4.396453247070312500e+02
5.067470092773437500e+02
9.887800903320312500e+02
0.000000000000000000e+00
1.010120971679687500e+03
1.439211669921875000e+03
-1.567020141601562500e+03
1.104260620117187500e+03
3.613963012695312500e+02
-6.352519531250000000e+02
1.406707458496093750e+02
8.000428466796875000e+02
-1.666070861816406250e+02
9.351903076171875000e+02
-4.929725952148437500e+02
-2.351439666748046875e+02
-8.282316284179687500e+02
0.000000000000000000e+00
0.000000000000000000e+00
0.000000000000000000e+00
0.000000000000000000e+00
1.655649414062500000e+02
-4.596157836914062500e+02
2.559398803710937500e+02
2.520010681152343750e+02
-2.031583404541015625e+02
1.079933105468750000e+03
1.084988891601562500e+03
9.165039062500000000e+02
-2.931994628906250000e+02
8.023038482666015625e+01
5.283125000000000000e+02
-6.071563720703125000e+01
-8.726912231445312500e+02
1.363243164062500000e+03
0.000000000000000000e+00
-7.864675903320312500e+02
8.733180541992187500e+02
-5.637832641601562500e+00
2.777251586914062500e+02
-2.835195312500000000e+02
7.796354980468750000e+02
-3.038651733398437500e+02
-1.525791473388671875e+02
1.303370056152343750e+02
-8.380692138671875000e+02
4.222755126953125000e+02
9.096415405273437500e+02
1.124520385742187500e+03
0.000000000000000000e+00
0.000000000000000000e+00
0.000000000000000000e+00
0.000000000000000000e+00
-1.380835083007812500e+03
2.241183349609375000e+03
1.747699462890625000e+03
-4.211596069335937500e+02
3.318386840820312500e+02
4.221969604492187500e+02
-1.437251708984375000e+03
-6.731842651367187500e+02
-4.006024780273437500e+02
-6.696060791015625000e+02
7.545311279296875000e+02
1.918163681030273438e+01
-9.818904418945312500e+02
-8.087207031250000000e+02
0.000000000000000000e+00
-6.529149780273437500e+02
-1.711776367187500000e+03
2.604190673828125000e+02
8.745093383789062500e+02
3.872007446289062500e+02
4.367765197753906250e+02
-9.568687133789062500e+02
3.094295043945312500e+02
9.604598999023437500e+01
8.179932250976562500e+02
9.493136596679687500e+01
1.503557861328125000e+03
-2.952314758300781250e+01
0.000000000000000000e+00
0.000000000000000000e+00
0.000000000000000000e+00
0.000000000000000000e+00
-3.149345703125000000e+02
-1.527761962890625000e+03
7.576663818359375000e+02
5.053911743164062500e+02
3.223488464355468750e+02
2.272574310302734375e+02
9.645926513671875000e+02
-6.212088623046875000e+02
2.812480926513671875e+01
7.751457519531250000e+02
-5.516752319335937500e+02
1.874651611328125000e+03
9.901101074218750000e+02
-3.411599731445312500e+02
0.000000000000000000e+00
-6.057785644531250000e+02
-1.896511535644531250e+02
6.610543823242187500e+02
1.079209747314453125e+02
-5.482310791015625000e+02
2.139416503906250000e+02
-2.135509796142578125e+02
2.887876281738281250e+02
8.505959472656250000e+02
1.515722656250000000e+02
4.311613464355468750e+02
-7.032350158691406250e+01
-9.866548461914062500e+02
0.000000000000000000e+00
0.000000000000000000e+00
0.000000000000000000e+00
0.000000000000000000e+00
-4.753898925781250000e+02
-1.402473876953125000e+03
1.071377807617187500e+03
1.587898925781250000e+03
4.320424804687500000e+02
-4.161811065673828125e+01
3.302556762695312500e+02
-9.568182373046875000e+02
9.670180053710937500e+02
-1.340522949218750000e+03
-5.226047363281250000e+02
-9.213148193359375000e+02
6.725644531250000000e+02
1.834112548828125000e+03
0.000000000000000000e+00
6.312628173828125000e+02
4.484725952148437500e+01
4.704851074218750000e+02
9.804131469726562500e+02
1.357749633789062500e+02
-5.890931396484375000e+02
1.324244384765625000e+03
9.377904663085937500e+02
-1.158111267089843750e+02
-3.489782714843750000e+02
1.237323730468750000e+03
8.091959838867187500e+02
1.310549194335937500e+03
0.000000000000000000e+00
0.000000000000000000e+00
0.000000000000000000e+00
0.000000000000000000e+00
3.171781005859375000e+02
-4.998524169921875000e+02
-2.169544525146484375e+02
8.149926147460937500e+02
1.957545776367187500e+02
1.265224853515625000e+03
-6.262957153320312500e+02
8.172818603515625000e+02
8.229201049804687500e+02
1.097703979492187500e+03
1.203459228515625000e+03
2.039722412109375000e+03
-2.023292999267578125e+02
8.530533447265625000e+02
0.000000000000000000e+00
1.148943847656250000e+03
1.155680419921875000e+03
3.764977722167968750e+02
2.336021240234375000e+03
-8.568960571289062500e+01
3.207593994140625000e+02
4.479333496093750000e+02
7.072947998046875000e+02
2.098576354980468750e+02
8.276470947265625000e+01
5.590781860351562500e+02
1.606063476562500000e+03
-7.601235351562500000e+02
0.000000000000000000e+00
0.000000000000000000e+00
0.000000000000000000e+00
0.000000000000000000e+00
2.378002929687500000e+03
8.005158691406250000e+02
5.027030029296875000e+02
-4.660741424560546875e+01
4.645416259765625000e+00
3.252518615722656250e+02
7.075666503906250000e+02
1.820445434570312500e+03
1.527649902343750000e+03
1.130287353515625000e+03
-4.142427978515625000e+02
3.039390136718750000e+03
1.379935546875000000e+03
-9.358869934082031250e+01
0.000000000000000000e+00
9.779285278320312500e+02
4.599368896484375000e+02
2.338129394531250000e+03
1.011184692382812500e+03
2.349217529296875000e+03
3.994455566406250000e+02
2.063620849609375000e+03
-2.363513488769531250e+02
6.480527343750000000e+02
-4.310179748535156250e+02
-4.365349426269531250e+02
6.232647705078125000e+02
-3.320079956054687500e+02
0.000000000000000000e+00
0.000000000000000000e+00
0.000000000000000000e+00
0.000000000000000000e+00
3.233271484375000000e+03
9.029935302734375000e+02
-4.260156555175781250e+02
3.618660278320312500e+02
7.201927490234375000e+02
-5.253624267578125000e+02
-9.807519531250000000e+02
-2.690485229492187500e+02
2.804118041992187500e+02
3.355125488281250000e+03
-5.661635131835937500e+02
-1.174868621826171875e+02
2.678334472656250000e+03
1.895962036132812500e+03
0.000000000000000000e+00
9.273107910156250000e+02
-7.514034423828125000e+02
5.098850708007812500e+02
2.337799560546875000e+03
2.663215087890625000e+03
1.852837036132812500e+03
1.529031250000000000e+03
-2.926534118652343750e+02
-2.041847229003906250e+01
-1.545345916748046875e+02
1.255696044921875000e+03
1.211565704345703125e+02
1.449040039062500000e+03
0.000000000000000000e+00
0.000000000000000000e+00
0.000000000000000000e+00
0.000000000000000000e+00
1.777994628906250000e+03
-1.049189086914062500e+03
5.221391601562500000e+02
1.055420654296875000e+03
1.023801879882812500e+03
1.458585083007812500e+03
1.286135986328125000e+03
5.371683593750000000e+03
2.228846191406250000e+03
8.203585815429687500e+01
1.038683105468750000e+03
2.831329956054687500e+02
3.087273437500000000e+03
1.089752197265625000e+03
0.000000000000000000e+00
-3.068480224609375000e+02
-3.458464050292968750e+02
2.128856201171875000e+02
-1.480467895507812500e+03
3.081670532226562500e+02
-9.886644744873046875e+01
-5.411171875000000000e+02
6.991568603515625000e+02
-2.235830230712890625e+02
5.479695434570312500e+02
3.472166503906250000e+03
1.524135009765625000e+03
1.372058227539062500e+03
0.000000000000000000e+00
0.000000000000000000e+00
0.000000000000000000e+00
0.000000000000000000e+00
7.578301757812500000e+03
2.689101562500000000e+03
9.492653808593750000e+02
4.799608459472656250e+02
1.022926208496093750e+03
1.220982177734375000e+03
-5.675231323242187500e+02
3.768591308593750000e+01
2.092409515380859375e+01
-6.405234985351562500e+02
4.023689941406250000e+03
9.080853881835937500e+02
1.121381958007812500e+03
-5.948223876953125000e+02
0.000000000000000000e+00
1.999159667968750000e+03
6.995399780273437500e+02
8.690872192382812500e+01
1.246856689453125000e+01
1.804959472656250000e+03
5.823959960937500000e+03
2.004694335937500000e+03
4.733660888671875000e+02
-9.074522705078125000e+02
8.919946289062500000e+01
2.039427734375000000e+03
8.672733154296875000e+02
-2.614167480468750000e+02
0.000000000000000000e+00
0.000000000000000000e+00
0.000000000000000000e+00
0.000000000000000000e+00
-6.770944213867187500e+02
-7.428330078125000000e+02
4.517615051269531250e+02
1.191830078125000000e+03
7.615297851562500000e+02
-4.579200363159179688e+01
1.601385009765625000e+03
1.107153442382812500e+03
8.333913085937500000e+03
3.319450927734375000e+03
4.701144104003906250e+02
9.590639038085937500e+02
9.653129272460937500e+02
1.055186233520507812e+02
0.000000000000000000e+00
1.867079345703125000e+03
1.753271972656250000e+03
4.477343750000000000e+02
2.293119628906250000e+03
2.318273620605468750e+02
1.316481689453125000e+03
-2.817486572265625000e+02
1.605806579589843750e+02
1.297889282226562500e+03
-9.553406524658203125e+01
7.014186401367187500e+02
-6.741929321289062500e+02
6.741271972656250000e+02
0.000000000000000000e+00
0.000000000000000000e+00
0.000000000000000000e+00
0.000000000000000000e+00
-5.923533325195312500e+02
1.662962524414062500e+03
-3.497163085937500000e+02
7.329578857421875000e+02
1.823195800781250000e+03
-5.811146240234375000e+02
1.165845092773437500e+03
2.091770019531250000e+03
1.242636840820312500e+03
-6.959550781250000000e+02
4.714491271972656250e+02
-6.040518798828125000e+02
-1.364509765625000000e+03
9.415328979492187500e+02
0.000000000000000000e+00
7.434774780273437500e+02
7.462347656250000000e+03
3.001634765625000000e+03
7.502779541015625000e+02
2.929246826171875000e+03
2.732088012695312500e+02
-2.802295227050781250e+02
-1.077489379882812500e+03
1.339066406250000000e+03
1.186933105468750000e+03
4.415050781250000000e+03
3.741580468750000000e+04
8.294423828125000000e+03
0.000000000000000000e+00
0.000000000000000000e+00
0.000000000000000000e+00
0.000000000000000000e+00
1.217178222656250000e+03
6.687558593750000000e+02
-4.534992980957031250e+01
9.609602050781250000e+02
9.486708984375000000e+03
2.204608642578125000e+03
1.281871093750000000e+03
-8.474143676757812500e+02
7.951586914062500000e+02
3.027158203125000000e+02
-2.969583435058593750e+02
2.209292968750000000e+03
5.624961914062500000e+03
3.723108520507812500e+02
0.000000000000000000e+00
1.240625854492187500e+03
2.835454406738281250e+02
-5.034577941894531250e+02
2.951290283203125000e+02
9.945880126953125000e+02
-2.005145568847656250e+02
6.846701660156250000e+02
-5.849503784179687500e+02
8.238214721679687500e+02
2.711422363281250000e+03
7.669243164062500000e+02
1.261295043945312500e+03
-2.857228393554687500e+02
0.000000000000000000e+00
0.000000000000000000e+00
0.000000000000000000e+00
0.000000000000000000e+00
4.440334472656250000e+02
1.648702636718750000e+03
4.931619628906250000e+03
3.037635986328125000e+03
6.051383056640625000e+02
4.235332641601562500e+02
1.525919189453125000e+03
-3.404892578125000000e+02
1.351229858398437500e+02
-2.043865661621093750e+02
-2.614013061523437500e+02
-3.683696594238281250e+02
2.235275390625000000e+03
2.209787292480468750e+02
0.000000000000000000e+00
4.498090515136718750e+02
4.729702758789062500e+02
7.087847290039062500e+02
1.000570495605468750e+03
7.238225097656250000e+02
-7.599326171875000000e+02
-5.682957077026367188e+01
-7.801707031250000000e+03
1.480571533203125000e+03
3.346098632812500000e+02
6.805524291992187500e+02
4.102624511718750000e+02
3.481862182617187500e+02
0.000000000000000000e+00
0.000000000000000000e+00
0.000000000000000000e+00
0.000000000000000000e+00
1.924585083007812500e+03
1.537738037109375000e+03
-9.614117431640625000e+02
-6.538607177734375000e+02
-5.379604492187500000e+02
-9.947814941406250000e-01
6.578355712890625000e+02
8.265607299804687500e+02
7.486862182617187500e+02
2.682710876464843750e+02
9.531582031250000000e+03
2.478602600097656250e+01
-5.497633056640625000e+02
3.302321166992187500e+02
0.000000000000000000e+00
2.342964172363281250e+01
1.680410278320312500e+03
8.981966796875000000e+03
1.307119335937500000e+04
2.422522949218750000e+03
2.055069824218750000e+03
8.356671752929687500e+02
7.830561828613281250e+01
-7.168828125000000000e+02
3.039320983886718750e+02
-9.393283081054687500e+01
-3.101334228515625000e+02
-1.472578887939453125e+02
0.000000000000000000e+00
0.000000000000000000e+00
0.000000000000000000e+00
0.000000000000000000e+00
-5.994500122070312500e+02
-3.326320190429687500e+02
1.146846923828125000e+03
7.163818969726562500e+02
-3.388250427246093750e+02
4.089662170410156250e+02
1.059325103759765625e+02
1.754138793945312500e+02
1.013421997070312500e+03
4.288919067382812500e+02
2.377240295410156250e+02
1.363676513671875000e+03
8.844213867187500000e+02
-1.788417358398437500e+02
0.000000000000000000e+00
5.386348266601562500e+02
1.734082794189453125e+02
-1.691475219726562500e+02
2.388113281250000000e+03
1.225149780273437500e+03
-9.093418579101562500e+02
-1.549510345458984375e+02
-1.102936553955078125e+01
1.664045166015625000e+03
4.068105468750000000e+02
1.055488586425781250e+00
-3.906480712890625000e+02
-4.869530029296875000e+02
0.000000000000000000e+00
0.000000000000000000e+00
0.000000000000000000e+00
0.000000000000000000e+00
1.748093261718750000e+03
3.755941650390625000e+03
8.069809570312500000e+02
-4.081683959960937500e+02
1.091850814819335938e+02
3.245730590820312500e+02
7.020735168457031250e+01
-1.614949951171875000e+02
8.738486328125000000e+02
-5.641565551757812500e+02
1.507809326171875000e+03
4.376520507812500000e+03
7.202474975585937500e+02
-2.917635192871093750e+02
0.000000000000000000e+00
9.167373046875000000e+02
1.549696289062500000e+03
5.340945434570312500e+01
-2.593009338378906250e+02
5.126444091796875000e+02
-2.116014404296875000e+02
7.603508789062500000e+03
1.991082641601562500e+03
1.098929077148437500e+03
4.051223144531250000e+03
3.469121704101562500e+02
1.771164916992187500e+03
3.932014770507812500e+02
0.000000000000000000e+00
0.000000000000000000e+00
