0.000000000000000000e+00
0.000000000000000000e+00
1.390112426757812500e+03
1.406737426757812500e+03
1.205235229492187500e+03
-3.263052978515625000e+02
2.174071289062500000e+03
7.966119995117187500e+02
2.230121582031250000e+03
-4.735056457519531250e+02
-3.116567382812500000e+02
2.032892089843750000e+03
9.962848510742187500e+02
2.723733215332031250e+02
-7.577047729492187500e+02
2.524939208984375000e+03
0.000000000000000000e+00
-7.983277587890625000e+02
-6.591744995117187500e+01
1.774615844726562500e+03
-4.974231567382812500e+02
-1.788497314453125000e+03
8.706373901367187500e+02
2.097874511718750000e+03
7.393472290039062500e+02
-1.239385253906250000e+03
-3.522443847656250000e+02
3.341182861328125000e+02
1.624670562744140625e+02
2.268204589843750000e+03
0.000000000000000000e+00
0.000000000000000000e+00
0.000000000000000000e+00
0.000000000000000000e+00
2.041303466796875000e+03
1.342173706054687500e+03
-9.127261352539062500e+02
-3.739341430664062500e+02
-3.322701110839843750e+02
-2.821049499511718750e+01
-5.998248291015625000e+02
1.285566772460937500e+03
-1.231239013671875000e+02
2.238055419921875000e+01
4.154494934082031250e+02
2.758693847656250000e+02
1.927775512695312500e+03
-1.077135864257812500e+03
0.000000000000000000e+00
4.991541137695312500e+02
-1.261864379882812500e+03
-1.287646972656250000e+03
1.079884765625000000e+03
8.265744628906250000e+02
-5.348966674804687500e+02
1.220477539062500000e+03
-6.846597290039062500e+01
2.181578613281250000e+03
1.319444580078125000e+03
-8.009102783203125000e+02
-1.908028564453125000e+03
-1.772313476562500000e+03
0.000000000000000000e+00
0.000000000000000000e+00
0.000000000000000000e+00
0.000000000000000000e+00
-1.858620605468750000e+02
-7.624563598632812500e+01
-1.453591308593750000e+03
1.602861206054687500e+03
3.400934753417968750e+02
1.605541015625000000e+03
-4.953823852539062500e+02
8.493240966796875000e+02
2.684913635253906250e+02
-8.230108642578125000e+02
-9.322752075195312500e+02
7.238439941406250000e+02
-1.397158935546875000e+03
5.340792236328125000e+02
0.000000000000000000e+00
-8.397235107421875000e+01
-3.277532958984375000e+02
8.982410888671875000e+02
1.786764648437500000e+03
3.929132995605468750e+02
-6.399941406250000000e+02
-1.819001464843750000e+03
-4.772771606445312500e+02
2.239141845703125000e+03
-2.706453857421875000e+02
-1.505545898437500000e+03
5.406372833251953125e+01
5.859387207031250000e+01
0.000000000000000000e+00
0.000000000000000000e+00
0.000000000000000000e+00
0.000000000000000000e+00
6.656338500976562500e+01
-1.050159606933593750e+02
-1.118580078125000000e+03
-1.512389038085937500e+03
-1.565738525390625000e+03
-1.857232177734375000e+03
1.330877929687500000e+03
-2.935107421875000000e+02
4.832559814453125000e+02
-7.007408447265625000e+02
-1.268762939453125000e+03
5.950578613281250000e+02
-1.884666442871093750e+02
2.001966308593750000e+03
0.000000000000000000e+00
2.152801269531250000e+03
-2.187456787109375000e+03
-1.353498535156250000e+03
1.699329589843750000e+03
4.017879333496093750e+02
3.711248474121093750e+02
-1.383445800781250000e+03
-9.269523925781250000e+02
1.193439819335937500e+03
-2.242763061523437500e+02
-1.082249633789062500e+03
1.739221191406250000e+03
1.377266845703125000e+03
0.000000000000000000e+00
0.000000000000000000e+00
0.000000000000000000e+00
0.000000000000000000e+00
-5.415118408203125000e+01
-1.112032958984375000e+03
9.808356933593750000e+02
-2.679346618652343750e+02
2.738214416503906250e+02
-1.344850708007812500e+03
-4.913763122558593750e+02
-1.333182250976562500e+03
5.828201293945312500e+02
-1.793714233398437500e+03
-4.318121337890625000e+02
9.683245849609375000e+02
1.003642883300781250e+02
7.753099975585937500e+02
0.000000000000000000e+00
-9.964296875000000000e+02
2.248864288330078125e+02
3.481046142578125000e+02
-4.977733764648437500e+02
1.237976562500000000e+03
-9.543629760742187500e+02
2.295313415527343750e+02
-9.363807678222656250e+01
5.842835693359375000e+02
9.981518554687500000e+02
-1.670930480957031250e+02
-1.493532348632812500e+03
-9.931726684570312500e+02
0.000000000000000000e+00
0.000000000000000000e+00
0.000000000000000000e+00
0.000000000000000000e+00
-5.128276367187500000e+02
-9.929686279296875000e+02
2.136729736328125000e+03
7.288730468750000000e+02
1.282817626953125000e+03
-1.030466552734375000e+03
3.681384765625000000e+03
1.593068359375000000e+03
5.946714477539062500e+02
-1.075334716796875000e+03
2.309510421752929688e+01
-5.934466552734375000e+02
1.858540954589843750e+02
2.562374877929687500e+02
0.000000000000000000e+00
-1.289947967529296875e+02
1.282867553710937500e+03
-4.025422973632812500e+02
4.124566040039062500e+02
1.038681884765625000e+03
3.107773132324218750e+02
-3.657593994140625000e+02
7.999511718750000000e+02
8.207439575195312500e+02
2.492861938476562500e+02
-1.288718627929687500e+03
-6.740932617187500000e+02
-1.605098571777343750e+02
0.000000000000000000e+00
0.000000000000000000e+00
0.000000000000000000e+00
0.000000000000000000e+00
9.112297973632812500e+02
8.135470581054687500e+01
4.176961364746093750e+02
-7.423013305664062500e+02
4.701846618652343750e+02
1.820355712890625000e+03
-1.286995483398437500e+03
6.219870605468750000e+02
-2.604802856445312500e+02
1.724511108398437500e+02
-1.759919189453125000e+03
-2.193320159912109375e+02
1.806398315429687500e+02
5.561766357421875000e+02
0.000000000000000000e+00
1.977722167968750000e+02
-1.032465667724609375e+02
-9.659895019531250000e+02
-9.529340820312500000e+02
7.203199462890625000e+02
-1.240965942382812500e+03
-1.898088500976562500e+03
2.451160430908203125e+02
-1.230780761718750000e+03
-4.921568603515625000e+02
-6.041651000976562500e+02
6.055379638671875000e+02
5.282381591796875000e+02
0.000000000000000000e+00
0.000000000000000000e+00
0.000000000000000000e+00
0.000000000000000000e+00
-3.390544433593750000e+02
5.893996582031250000e+02
7.122352294921875000e+02
6.659939575195312500e+02
2.570018310546875000e+02
-2.062409667968750000e+02
-7.294078979492187500e+02
5.346433715820312500e+02
1.409667968750000000e+03
5.437229003906250000e+02
-5.283756713867187500e+02
1.246810150146484375e+02
-5.172047119140625000e+02
1.362989990234375000e+03
0.000000000000000000e+00
-1.160788574218750000e+03
-6.735057373046875000e+02
4.039853820800781250e+02
5.975921630859375000e+02
-4.179641113281250000e+02
1.299399414062500000e+02
8.948234558105468750e+01
3.406613769531250000e+02
-9.861727294921875000e+02
4.862661437988281250e+02
8.250581665039062500e+02
1.055387695312500000e+03
7.271490478515625000e+02
0.000000000000000000e+00
0.000000000000000000e+00
0.000000000000000000e+00
0.000000000000000000e+00
-3.295352172851562500e+02
-7.539379119873046875e+01
1.447336914062500000e+03
-9.988664245605468750e+01
2.012393035888671875e+02
3.406692504882812500e+02
7.706565551757812500e+02
8.524425048828125000e+02
1.333099853515625000e+03
-3.297695922851562500e+01
-1.171574218750000000e+03
-5.588080444335937500e+02
7.673249511718750000e+02
-1.747017089843750000e+03
0.000000000000000000e+00
4.270884704589843750e+02
4.462455749511718750e+02
2.356127166748046875e+02
1.498478027343750000e+03
-5.010308227539062500e+02
9.529399108886718750e+01
5.159945068359375000e+02
2.067756958007812500e+02
8.274360961914062500e+02
-1.142528991699218750e+02
-1.114022705078125000e+03
-3.921215820312500000e+02
1.370440673828125000e+03
0.000000000000000000e+00
0.000000000000000000e+00
0.000000000000000000e+00
0.000000000000000000e+00
8.067802734375000000e+02
3.771706542968750000e+02
3.162426025390625000e+03
-1.058291503906250000e+03
-6.746115112304687500e+01
5.575506591796875000e+02
-7.674997558593750000e+02
1.096921310424804688e+02
3.820164794921875000e+02
1.176722045898437500e+03
-1.242297729492187500e+03
-9.672559356689453125e+01
-9.125948486328125000e+02
9.658218383789062500e+02
0.000000000000000000e+00
1.200117492675781250e+01
5.335167846679687500e+02
-9.261373901367187500e+01
-2.276663085937500000e+03
2.379640197753906250e+02
-6.997725219726562500e+02
-5.095789184570312500e+02
-6.895386962890625000e+02
5.341585083007812500e+02
6.885206604003906250e+01
-8.843542480468750000e+02
-1.838706298828125000e+03
-5.931060791015625000e+02
0.000000000000000000e+00
0.000000000000000000e+00
0.000000000000000000e+00
0.000000000000000000e+00
4.506499938964843750e+02
2.011388244628906250e+02
-1.027672485351562500e+03
-7.907932128906250000e+02
-6.037407226562500000e+02
-1.612551879882812500e+03
-1.018943603515625000e+03
4.456616821289062500e+02
-3.768610839843750000e+02
-2.127009887695312500e+02
-1.182073486328125000e+03
1.056594726562500000e+03
-7.415069580078125000e+00
-1.084539428710937500e+03
0.000000000000000000e+00
5.519631958007812500e+02
4.128687438964843750e+02
8.477684936523437500e+02
2.482360839843750000e+02
7.038007812500000000e+02
-1.522754150390625000e+03
-3.159151306152343750e+02
5.139743041992187500e+01
4.951404724121093750e+02
2.878354492187500000e+02
1.309506347656250000e+03
-1.300460205078125000e+03
-6.842125854492187500e+02
0.000000000000000000e+00
0.000000000000000000e+00
0.000000000000000000e+00
0.000000000000000000e+00
-5.275681152343750000e+02
3.755763854980468750e+02
-1.368131591796875000e+03
-1.809108642578125000e+03
-6.305304565429687500e+02
-1.167270385742187500e+03
-1.979557037353515625e+02
-1.216268157958984375e+02
1.450584228515625000e+03
-1.423001464843750000e+03
7.799755249023437500e+02
7.160819091796875000e+02
1.343238159179687500e+03
9.924470214843750000e+02
0.000000000000000000e+00
-4.619564208984375000e+02
-6.037818908691406250e+01
-7.550499877929687500e+02
7.067088623046875000e+02
-5.393313217163085938e+01
-1.385638549804687500e+03
-1.161079483032226562e+02
1.003025146484375000e+03
2.406101989746093750e+02
-5.977427368164062500e+02
1.220320800781250000e+03
1.478452026367187500e+03
-1.377190246582031250e+02
0.000000000000000000e+00
0.000000000000000000e+00
0.000000000000000000e+00
0.000000000000000000e+00
3.923723449707031250e+02
1.523567871093750000e+03
4.527354431152343750e+02
1.788932739257812500e+03
6.103819580078125000e+02
-4.434223937988281250e+02
1.137430297851562500e+03
1.453711914062500000e+03
8.783342285156250000e+02
1.388194091796875000e+03
-2.763629150390625000e+01
6.871769409179687500e+02
-2.417974243164062500e+02
-3.196979980468750000e+02
0.000000000000000000e+00
-4.453365783691406250e+02
3.887771911621093750e+02
6.613850097656250000e+02
1.946446899414062500e+03
1.389940490722656250e+02
1.167262329101562500e+03
-2.173827209472656250e+02
-1.244272003173828125e+02
4.069627685546875000e+02
-7.714077148437500000e+02
1.743670654296875000e+02
6.315912475585937500e+02
8.299758911132812500e+01
0.000000000000000000e+00
0.000000000000000000e+00
0.000000000000000000e+00
0.000000000000000000e+00
-1.114495605468750000e+03
5.527832031250000000e+02
-7.168997192382812500e+02
1.680395202636718750e+02
3.655902404785156250e+02
-5.989555664062500000e+02
2.048452148437500000e+02
-7.717313232421875000e+02
1.054934997558593750e+02
5.867281494140625000e+02
4.413295410156250000e+03
1.015404003906250000e+04
6.815881835937500000e+03
1.253745239257812500e+03
0.000000000000000000e+00
3.537742614746093750e+02
8.138925781250000000e+02
6.659547119140625000e+02
1.322499511718750000e+03
3.890642822265625000e+03
4.933932495117187500e+02
1.292120483398437500e+03
-1.592279785156250000e+03
-9.353801879882812500e+02
1.444036010742187500e+03
5.935408782958984375e+01
-6.509307861328125000e+02
1.075506103515625000e+03
0.000000000000000000e+00
0.000000000000000000e+00
0.000000000000000000e+00
0.000000000000000000e+00
2.268238769531250000e+03
3.265876464843750000e+02
1.142085723876953125e+02
5.650001220703125000e+02
1.014224121093750000e+03
-3.203767395019531250e+02
-1.338793334960937500e+02
-1.306655761718750000e+03
2.949529724121093750e+02
1.507364990234375000e+03
4.637163696289062500e+02
2.672090332031250000e+03
2.450149658203125000e+03
1.958442138671875000e+03
0.000000000000000000e+00
4.640897521972656250e+02
5.610762329101562500e+02
9.157628784179687500e+02
1.474767456054687500e+03
1.722518310546875000e+03
2.185051757812500000e+03
1.363639526367187500e+03
-6.135984802246093750e+01
1.248959960937500000e+03
8.410401000976562500e+02
1.678549804687500000e+03
-5.082385864257812500e+02
-2.991889953613281250e+01
0.000000000000000000e+00
0.000000000000000000e+00
0.000000000000000000e+00
0.000000000000000000e+00
3.088392089843750000e+03
1.543851165771484375e+02
-2.074163330078125000e+03
2.000350952148437500e+00
6.366436157226562500e+02
2.498966979980468750e+02
2.414633300781250000e+03
4.116422363281250000e+03
1.340855712890625000e+03
1.169232421875000000e+03
2.515032958984375000e+03
8.937818603515625000e+02
4.428382812500000000e+03
8.623180541992187500e+02
0.000000000000000000e+00
1.074324096679687500e+03
1.010311584472656250e+03
-4.776813049316406250e+02
-4.476087341308593750e+02
-6.249592895507812500e+02
3.940551757812500000e+02
-3.083086242675781250e+02
-9.169733886718750000e+02
-2.143393707275390625e+02
-3.835211944580078125e+01
1.598727783203125000e+03
4.353312072753906250e+02
2.352144531250000000e+03
0.000000000000000000e+00
0.000000000000000000e+00
0.000000000000000000e+00
0.000000000000000000e+00
1.485191992187500000e+04
6.765643554687500000e+03
-4.473788757324218750e+02
1.151310058593750000e+03
1.194294189453125000e+03
8.411173095703125000e+02
-2.349479827880859375e+02
2.334138031005859375e+02
4.836630249023437500e+02
2.442837066650390625e+02
3.963505859375000000e+03
9.064678344726562500e+02
-4.204697265625000000e+02
-1.459411621093750000e+02
0.000000000000000000e+00
2.092053833007812500e+02
1.844090576171875000e+02
1.315092529296875000e+03
1.259623291015625000e+03
3.077360351562500000e+03
8.134937500000000000e+03
3.131896728515625000e+03
-1.017520141601562500e+02
1.831214904785156250e+00
1.393706054687500000e+03
1.143989379882812500e+03
3.373538208007812500e+02
-3.370575256347656250e+02
0.000000000000000000e+00
0.000000000000000000e+00
0.000000000000000000e+00
0.000000000000000000e+00
-7.021579589843750000e+02
-2.350854003906250000e+03
-2.117173767089843750e+01
1.549170898437500000e+03
-2.452346649169921875e+02
3.425568237304687500e+02
-1.563047027587890625e+02
2.350974731445312500e+02
9.363623046875000000e+03
2.801585449218750000e+03
1.329773803710937500e+03
2.495515747070312500e+02
-1.506002441406250000e+03
-7.455599365234375000e+02
0.000000000000000000e+00
1.122174987792968750e+02
-3.838445434570312500e+02
6.570426940917968750e+01
6.095610351562500000e+03
7.946386718750000000e+02
-1.684994506835937500e+01
8.557144775390625000e+02
4.813807373046875000e+02
8.413071289062500000e+02
7.843309326171875000e+02
-5.325736999511718750e+01
-1.375820556640625000e+03
1.514527893066406250e+02
0.000000000000000000e+00
0.000000000000000000e+00
0.000000000000000000e+00
0.000000000000000000e+00
4.641969909667968750e+02
1.021558532714843750e+03
-2.844407348632812500e+02
9.809669189453125000e+02
1.778656616210937500e+03
5.261582641601562500e+02
8.241218261718750000e+02
-2.342949523925781250e+02
-9.064895629882812500e+01
9.897507324218750000e+02
-4.052072906494140625e+01
-9.312072753906250000e+01
1.078254028320312500e+03
3.756508789062500000e+02
0.000000000000000000e+00
6.981562500000000000e+02
7.839695312500000000e+03
2.370531738281250000e+03
2.428038818359375000e+03
1.619759033203125000e+03
-6.127647094726562500e+02
8.040058135986328125e+00
-3.464666748046875000e+02
-7.461326904296875000e+02
-1.336214447021484375e+02
2.921744628906250000e+03
2.323426953125000000e+04
8.881192382812500000e+03
0.000000000000000000e+00
0.000000000000000000e+00
0.000000000000000000e+00
0.000000000000000000e+00
-1.065319458007812500e+03
1.145834350585937500e+02
7.545989990234375000e+02
8.029854125976562500e+02
9.785147460937500000e+03
1.276953125000000000e+02
2.708817138671875000e+02
8.116846923828125000e+02
4.552336425781250000e+02
6.428396606445312500e+01
-6.976912231445312500e+02
1.877894775390625000e+03
4.710736328125000000e+03
9.539034423828125000e+02
0.000000000000000000e+00
2.598055419921875000e+02
5.556069335937500000e+02
7.439142456054687500e+02
4.731383132934570312e+01
3.387195129394531250e+02
-9.810452270507812500e+02
1.172487792968750000e+03
1.620661926269531250e+02
9.176204833984375000e+02
6.809437500000000000e+03
2.114517578125000000e+03
-3.865603027343750000e+02
1.984329833984375000e+02
0.000000000000000000e+00
0.000000000000000000e+00
0.000000000000000000e+00
0.000000000000000000e+00
2.655184326171875000e+02
1.761407226562500000e+03
8.712910156250000000e+03
2.457207519531250000e+03
-1.548504791259765625e+02
4.653870544433593750e+02
-5.761011962890625000e+02
6.093581542968750000e+02
1.476182128906250000e+03
-1.627239074707031250e+02
3.987274169921875000e+02
4.149966430664062500e+02
1.528357177734375000e+03
6.037697143554687500e+02
0.000000000000000000e+00
1.524022521972656250e+02
-8.801209716796875000e+02
-7.708809814453125000e+02
-1.696297607421875000e+02
-1.104526489257812500e+03
5.841071777343750000e+02
1.294252929687500000e+03
-6.052675781250000000e+02
6.082550781250000000e+03
1.597793701171875000e+03
3.233303527832031250e+02
-3.482529296875000000e+02
-1.129232421875000000e+03
0.000000000000000000e+00
0.000000000000000000e+00
0.000000000000000000e+00
0.000000000000000000e+00
1.381025024414062500e+03
6.447154235839843750e+01
-1.186578369140625000e+02
4.912053527832031250e+02
-2.678033447265625000e+02
1.443840637207031250e+02
-8.600455322265625000e+02
-6.760058593750000000e+02
-4.512933349609375000e+02
-5.707658081054687500e+02
1.081054492187500000e+04
1.200445800781250000e+03
3.943437194824218750e+02
4.271657409667968750e+02
0.000000000000000000e+00
-2.819749145507812500e+02
1.482422729492187500e+03
4.681487304687500000e+03
7.111847167968750000e+03
1.707052001953125000e+03
9.746724243164062500e+02
5.573425292968750000e+01
5.573078918457031250e+01
-3.151819458007812500e+02
1.045384521484375000e+03
1.792177246093750000e+03
7.343276367187500000e+02
-1.621374511718750000e+01
0.000000000000000000e+00
0.000000000000000000e+00
0.000000000000000000e+00
0.000000000000000000e+00
-2.372971191406250000e+02
-4.023267822265625000e+02
9.528378906250000000e+02
1.058348876953125000e+03
6.999966430664062500e+02
-5.996889038085937500e+02
1.382890747070312500e+03
-3.927794799804687500e+02
6.000369873046875000e+02
1.824311523437500000e+02
6.210418701171875000e+02
1.752158355712890625e+01
-1.749469726562500000e+03
5.524753417968750000e+02
0.000000000000000000e+00
7.402684326171875000e+02
4.300485534667968750e+02
8.304216308593750000e+02
9.338474609375000000e+03
1.197461059570312500e+03
2.336340789794921875e+02
6.014833374023437500e+02
4.708999023437500000e+02
2.356144866943359375e+02
3.480309295654296875e+01
-4.160578918457031250e+02
-1.278077697753906250e+02
9.057079467773437500e+02
0.000000000000000000e+00
0.000000000000000000e+00
0.000000000000000000e+00
0.000000000000000000e+00
2.427721862792968750e+02
1.544874755859375000e+03
-4.266983032226562500e+02
-1.019637512207031250e+03
4.012554931640625000e+02
5.444382324218750000e+02
1.488250732421875000e+03
7.601762695312500000e+02
7.001877441406250000e+02
-2.113680267333984375e+02
1.389578002929687500e+03
4.355734375000000000e+03
8.044334716796875000e+02
4.039276733398437500e+02
0.000000000000000000e+00
-4.140356445312500000e+02
8.674505615234375000e+02
2.947268981933593750e+02
6.845811767578125000e+02
9.412427978515625000e+02
1.202678680419921875e+02
5.987829101562500000e+03
2.632446044921875000e+03
1.374205810546875000e+03
3.095905273437500000e+03
4.976813964843750000e+02
1.364151123046875000e+03
8.724185180664062500e+01
0.000000000000000000e+00
0.000000000000000000e+00
