0.000000000000000000e+00
0.000000000000000000e+00
3.350104064941406250e+02
-3.550407470703125000e+03
-6.746949462890625000e+02
-1.548321899414062500e+03
-1.941087188720703125e+02
-7.487673950195312500e+01
1.191294921875000000e+03
-1.386359863281250000e+02
8.438964843750000000e+02
1.192719970703125000e+03
1.708708862304687500e+03
-6.201453857421875000e+02
1.493348144531250000e+03
-7.951121520996093750e+01
0.000000000000000000e+00
1.524661865234375000e+03
1.066246459960937500e+03
-3.542421875000000000e+02
-1.189276123046875000e+03
-1.705439208984375000e+03
-9.324473876953125000e+02
1.037569091796875000e+03
-2.814719543457031250e+02
-6.645103759765625000e+02
6.297167968750000000e+01
-1.139194335937500000e+03
2.138883789062500000e+03
5.263814697265625000e+02
0.000000000000000000e+00
0.000000000000000000e+00
0.000000000000000000e+00
0.000000000000000000e+00
4.045772705078125000e+02
-3.102764648437500000e+03
-2.636152099609375000e+03
1.463965698242187500e+03
-7.795858154296875000e+02
-5.739553222656250000e+02
1.044220947265625000e+03
1.263053222656250000e+03
-1.245193847656250000e+03
-7.257709960937500000e+02
-8.795736083984375000e+02
-5.339508056640625000e+02
-9.189633789062500000e+02
2.866482543945312500e+02
0.000000000000000000e+00
-5.458726501464843750e+01
-1.853402832031250000e+03
2.726697998046875000e+02
-3.411028747558593750e+02
-1.581186035156250000e+03
-1.054319213867187500e+03
-1.053870239257812500e+03
-1.727528320312500000e+03
-1.898969238281250000e+03
1.466243164062500000e+03
-1.060962158203125000e+03
1.179224975585937500e+03
7.942702636718750000e+02
0.000000000000000000e+00
0.000000000000000000e+00
0.000000000000000000e+00
0.000000000000000000e+00
-5.628049316406250000e+02
-1.131504638671875000e+03
-5.928687744140625000e+02
2.078180908203125000e+03
6.298526000976562500e+02
-6.131759033203125000e+02
2.908693542480468750e+02
-2.088843750000000000e+03
5.699078369140625000e+02
-2.730615234375000000e+02
-4.151135864257812500e+02
1.796956054687500000e+03
-2.447810791015625000e+03
1.107947265625000000e+03
0.000000000000000000e+00
1.710942871093750000e+03
1.612183593750000000e+03
8.642532958984375000e+02
9.142442626953125000e+02
1.361122894287109375e+02
-3.020775756835937500e+02
2.218857910156250000e+03
1.941128173828125000e+03
-1.361433471679687500e+03
-9.105398559570312500e+02
-1.203686279296875000e+03
1.588352172851562500e+03
-1.509882324218750000e+03
0.000000000000000000e+00
0.000000000000000000e+00
0.000000000000000000e+00
0.000000000000000000e+00
1.950135040283203125e+02
9.785353393554687500e+02
3.466401062011718750e+02
2.061329345703125000e+03
-1.147017333984375000e+03
1.208616821289062500e+03
4.293405151367187500e+02
-2.329365966796875000e+03
2.063764160156250000e+03
-6.203956298828125000e+02
1.298455078125000000e+03
-5.362410888671875000e+02
2.624997253417968750e+02
1.026534179687500000e+03
0.000000000000000000e+00
-1.934692687988281250e+02
-9.063190917968750000e+02
7.093422851562500000e+02
-1.479032226562500000e+03
9.902282104492187500e+02
-1.286014526367187500e+03
-2.017114410400390625e+02
4.947205810546875000e+02
-2.453617858886718750e+02
5.851945800781250000e+02
-1.935943359375000000e+03
-1.087398193359375000e+03
1.041464111328125000e+03
0.000000000000000000e+00
0.000000000000000000e+00
0.000000000000000000e+00
0.000000000000000000e+00
9.675488891601562500e+02
-3.775581665039062500e+02
-3.300147094726562500e+02
-2.037624511718750000e+03
-1.033907714843750000e+03
1.994540771484375000e+03
-7.500974121093750000e+02
3.224467773437500000e+02
-5.106596374511718750e+02
-5.319036865234375000e+02
1.195966430664062500e+03
-9.168702392578125000e+02
-4.317041015625000000e+02
-1.093291992187500000e+03
0.000000000000000000e+00
-2.308645629882812500e+02
-5.112547302246093750e+02
-1.741724975585937500e+03
2.354251708984375000e+03
1.277812988281250000e+03
4.789524230957031250e+02
-2.232946289062500000e+03
3.081252441406250000e+02
1.251985351562500000e+03
-1.212176635742187500e+03
-5.401893920898437500e+02
-1.705594970703125000e+03
-2.378071289062500000e+03
0.000000000000000000e+00
0.000000000000000000e+00
0.000000000000000000e+00
0.000000000000000000e+00
1.712046386718750000e+03
4.402082519531250000e+02
-1.088306396484375000e+03
-3.841308593750000000e+00
1.344864257812500000e+03
-1.575968139648437500e+03
-3.823747253417968750e+02
-7.219024658203125000e+02
-1.391443603515625000e+03
-1.340503295898437500e+03
-8.627308349609375000e+02
-1.943875732421875000e+03
-5.422346191406250000e+02
-9.934216918945312500e+02
0.000000000000000000e+00
7.148063354492187500e+02
-2.564407714843750000e+03
-2.100629882812500000e+03
-1.560004394531250000e+03
-6.283201904296875000e+02
-8.470201416015625000e+02
-9.122095947265625000e+02
-8.288388061523437500e+02
1.518985748291015625e+02
1.611527465820312500e+03
-7.165832519531250000e+01
-6.013620758056640625e+01
8.249632263183593750e+01
0.000000000000000000e+00
0.000000000000000000e+00
0.000000000000000000e+00
0.000000000000000000e+00
-9.379665527343750000e+02
-1.928924407958984375e+02
-2.415717773437500000e+03
-1.953810272216796875e+02
-9.728749389648437500e+02
6.365452880859375000e+02
5.441645507812500000e+02
-7.019189453125000000e+02
1.220950012207031250e+02
4.741101684570312500e+02
2.476427612304687500e+02
2.618043212890625000e+02
1.951261138916015625e+02
1.897233154296875000e+03
0.000000000000000000e+00
-1.373956298828125000e+02
3.271599426269531250e+02
8.697531738281250000e+02
-6.808474121093750000e+02
-1.750085449218750000e+01
-8.329509277343750000e+02
-4.737431640625000000e+02
7.523140258789062500e+02
-4.043699035644531250e+02
7.573627929687500000e+02
-5.347493286132812500e+02
-7.391754150390625000e+02
-1.374874267578125000e+03
0.000000000000000000e+00
0.000000000000000000e+00
0.000000000000000000e+00
0.000000000000000000e+00
1.196354522705078125e+02
1.824208251953125000e+03
-1.169859375000000000e+03
1.457054901123046875e+01
5.858219604492187500e+02
1.499442626953125000e+03
-3.664625244140625000e+02
-2.307805480957031250e+02
-3.869283447265625000e+02
-4.676353149414062500e+02
1.398709106445312500e+01
2.255368896484375000e+03
-4.884422302246093750e+02
-2.167380523681640625e+02
0.000000000000000000e+00
-8.515697021484375000e+02
6.367845458984375000e+02
-2.898824462890625000e+02
5.830318603515625000e+02
6.490704345703125000e+02
-6.175827636718750000e+02
-2.623015747070312500e+02
2.461590332031250000e+03
3.588598937988281250e+02
-1.652610839843750000e+03
7.158793334960937500e+02
-1.284283935546875000e+03
3.974713134765625000e+02
0.000000000000000000e+00
0.000000000000000000e+00
0.000000000000000000e+00
0.000000000000000000e+00
-1.339249389648437500e+03
-6.499556274414062500e+02
-4.042856216430664062e+01
-7.359295654296875000e+02
3.442328186035156250e+02
-8.670684814453125000e+02
-6.560960693359375000e+02
1.414470825195312500e+02
-5.637664184570312500e+02
8.446686401367187500e+02
1.233911132812500000e+03
-1.778608154296875000e+03
-1.765156982421875000e+03
-4.005386657714843750e+02
0.000000000000000000e+00
4.438035888671875000e+02
-7.789620971679687500e+01
-3.895158996582031250e+02
1.302606567382812500e+03
-4.532767944335937500e+02
1.227721099853515625e+02
-6.553760375976562500e+02
4.032207946777343750e+02
1.735261962890625000e+03
-4.000791015625000000e+02
-2.157354736328125000e+02
-1.148940185546875000e+03
6.169001464843750000e+02
0.000000000000000000e+00
0.000000000000000000e+00
0.000000000000000000e+00
0.000000000000000000e+00
1.309293212890625000e+03
-1.166757690429687500e+03
2.635768066406250000e+03
3.615961914062500000e+02
8.371714477539062500e+02
-7.370531005859375000e+02
3.137351074218750000e+02
-1.256412841796875000e+03
-9.188100585937500000e+02
-6.859124755859375000e+02
1.701362915039062500e+02
-9.635786132812500000e+02
-6.512604370117187500e+02
-3.754870605468750000e+02
0.000000000000000000e+00
9.284257812500000000e+02
7.565932006835937500e+02
-1.366007324218750000e+03
1.343452026367187500e+03
-9.367731933593750000e+02
5.878182373046875000e+02
-2.175922851562500000e+03
7.455935668945312500e+01
-4.273149108886718750e+01
-3.885042419433593750e+02
1.321665039062500000e+02
1.614709167480468750e+02
1.465401611328125000e+03
0.000000000000000000e+00
0.000000000000000000e+00
0.000000000000000000e+00
0.000000000000000000e+00
8.559488525390625000e+02
-1.301701416015625000e+03
3.053683776855468750e+02
9.784880371093750000e+02
-1.476701416015625000e+03
7.203875732421875000e+01
-5.418050537109375000e+02
1.974123840332031250e+02
-5.561840820312500000e+02
2.091602783203125000e+02
5.400468750000000000e+02
-1.578968200683593750e+02
2.037496337890625000e+03
-8.330539703369140625e+01
0.000000000000000000e+00
-2.752267761230468750e+02
-9.031864166259765625e+01
1.247632568359375000e+03
5.397543945312500000e+02
2.304723815917968750e+02
-8.457052612304687500e+01
-9.317252807617187500e+02
9.506420898437500000e+02
-8.475634765625000000e+02
5.883169555664062500e+01
-1.085133056640625000e+03
2.740525817871093750e+02
-4.794011230468750000e+02
0.000000000000000000e+00
0.000000000000000000e+00
0.000000000000000000e+00
0.000000000000000000e+00
1.516523681640625000e+03
-1.400856689453125000e+03
-2.096349182128906250e+02
3.585792541503906250e+01
3.763394775390625000e+02
-3.573959655761718750e+02
-1.789724731445312500e+01
-2.615067443847656250e+02
1.627187011718750000e+03
-4.159584960937500000e+02
9.189505004882812500e+01
-2.696229858398437500e+02
-2.142717742919921875e+02
-2.297024841308593750e+02
0.000000000000000000e+00
-3.469210205078125000e+02
4.637309875488281250e+02
9.640908203125000000e+02
-1.025893554687500000e+03
-2.318013153076171875e+02
6.034993896484375000e+02
1.333583679199218750e+02
1.124295883178710938e+02
-2.090379943847656250e+02
1.246093994140625000e+03
-3.260347290039062500e+02
-8.083057861328125000e+02
6.884078369140625000e+02
0.000000000000000000e+00
0.000000000000000000e+00
0.000000000000000000e+00
0.000000000000000000e+00
6.557653808593750000e+02
1.077503173828125000e+03
1.329904541015625000e+03
1.403949951171875000e+03
9.428295898437500000e+01
-8.623644256591796875e+01
2.060319335937500000e+03
9.477173461914062500e+02
2.314451171875000000e+03
-9.632772827148437500e+02
1.027606689453125000e+03
-6.469816894531250000e+02
-1.761519622802734375e+02
-5.676807861328125000e+02
0.000000000000000000e+00
-3.182225036621093750e+01
-7.586138916015625000e+02
4.800753479003906250e+02
1.738960937500000000e+03
-1.552483825683593750e+02
2.634176330566406250e+02
-5.020968627929687500e+01
5.488481445312500000e+02
-8.961445617675781250e+01
-1.007641357421875000e+03
9.882216796875000000e+02
2.037435791015625000e+03
2.568029785156250000e+01
0.000000000000000000e+00
0.000000000000000000e+00
0.000000000000000000e+00
0.000000000000000000e+00
-1.179483642578125000e+02
2.337890625000000000e+02
-9.097069091796875000e+02
3.484050292968750000e+02
1.365443359375000000e+03
-1.979938598632812500e+03
-4.399170532226562500e+02
7.079521484375000000e+02
6.874976196289062500e+02
-6.673757171630859375e+01
7.987692260742187500e+02
1.947686279296875000e+03
2.048532470703125000e+03
1.537239257812500000e+03
0.000000000000000000e+00
1.322553710937500000e+03
2.534198486328125000e+03
2.338278808593750000e+03
2.670504760742187500e+02
1.303268798828125000e+03
-4.702494506835937500e+02
2.143430175781250000e+03
-5.251730957031250000e+02
-6.542999267578125000e+02
-1.733466491699218750e+02
-4.887598571777343750e+02
-3.978816833496093750e+02
-9.378530273437500000e+02
0.000000000000000000e+00
0.000000000000000000e+00
0.000000000000000000e+00
0.000000000000000000e+00
3.493533691406250000e+03
1.213473754882812500e+03
9.222130126953125000e+02
-2.194496307373046875e+02
5.049066162109375000e+02
-7.656878051757812500e+02
-2.659994201660156250e+02
-2.651830139160156250e+02
1.146568725585937500e+03
1.333170166015625000e+03
5.257692260742187500e+02
-5.246256103515625000e+02
1.453042114257812500e+03
2.074399414062500000e+03
0.000000000000000000e+00
1.825991210937500000e+02
4.044062194824218750e+02
8.232586669921875000e+02
1.210246337890625000e+03
4.702818603515625000e+02
2.007021179199218750e+02
5.133735351562500000e+02
1.627274169921875000e+03
7.839341430664062500e+02
2.838743652343750000e+03
1.501619873046875000e+03
-1.574109649658203125e+02
-1.202517578125000000e+03
0.000000000000000000e+00
0.000000000000000000e+00
0.000000000000000000e+00
0.000000000000000000e+00
1.425848999023437500e+03
-2.956169433593750000e+02
1.147128540039062500e+03
9.620046386718750000e+02
2.817196289062500000e+03
3.973596679687500000e+03
1.272837646484375000e+03
3.650398437500000000e+03
1.066119018554687500e+03
-4.519751892089843750e+02
7.283864746093750000e+02
7.968540039062500000e+02
1.589342529296875000e+03
1.334444885253906250e+02
0.000000000000000000e+00
1.014839782714843750e+02
6.375089263916015625e+01
7.487742614746093750e+01
2.606460571289062500e+02
-7.668541870117187500e+02
7.941600341796875000e+02
3.005882263183593750e+02
5.376488037109375000e+02
1.118624343872070312e+02
1.629783813476562500e+03
2.107277587890625000e+03
8.996674194335937500e+02
1.800091674804687500e+03
0.000000000000000000e+00
0.000000000000000000e+00
0.000000000000000000e+00
0.000000000000000000e+00
5.153319335937500000e+03
3.415870849609375000e+03
1.434924804687500000e+03
2.421625488281250000e+03
1.252372436523437500e+03
2.105045471191406250e+02
1.052826416015625000e+03
-1.512888183593750000e+02
4.808250732421875000e+02
6.169783935546875000e+02
4.812211303710937500e+02
5.443637084960937500e+02
-1.011002807617187500e+03
5.346940917968750000e+02
0.000000000000000000e+00
1.298251037597656250e+02
1.059034729003906250e+02
-7.567343750000000000e+02
9.604806518554687500e+02
2.362251464843750000e+03
8.288494140625000000e+03
3.018610839843750000e+03
1.569563598632812500e+02
6.863541259765625000e+02
2.321588867187500000e+03
8.128302734375000000e+03
1.617125488281250000e+03
-1.471357879638671875e+02
0.000000000000000000e+00
0.000000000000000000e+00
0.000000000000000000e+00
0.000000000000000000e+00
-1.103623291015625000e+03
7.180825805664062500e+01
-4.069336853027343750e+02
1.028633422851562500e+03
1.027686889648437500e+03
-4.380718383789062500e+02
1.539895507812500000e+03
4.459667968750000000e+03
1.332759863281250000e+04
6.377382812500000000e+03
1.766106689453125000e+03
5.790181884765625000e+02
-3.909085845947265625e+01
3.547496643066406250e+02
0.000000000000000000e+00
1.166281860351562500e+03
1.942100585937500000e+03
1.066429687500000000e+03
1.506722851562500000e+04
2.700407714843750000e+03
1.933623962402343750e+02
1.239583740234375000e+03
-4.443812561035156250e+02
7.738239746093750000e+02
1.341556396484375000e+03
1.080410400390625000e+03
8.022131347656250000e+02
1.693927246093750000e+03
0.000000000000000000e+00
0.000000000000000000e+00
0.000000000000000000e+00
0.000000000000000000e+00
4.297961120605468750e+02
5.881881103515625000e+02
8.908116455078125000e+02
-5.011683959960937500e+02
-5.105192565917968750e+02
-4.035727844238281250e+02
-1.126005981445312500e+03
9.749843750000000000e+02
-7.517677612304687500e+02
5.556888427734375000e+02
-1.856656036376953125e+02
-1.045359802246093750e+02
4.027610778808593750e+02
1.139383911132812500e+03
0.000000000000000000e+00
1.124394683837890625e+02
2.548641357421875000e+03
1.405883789062500000e+03
6.027104492187500000e+02
3.773776855468750000e+03
1.092116821289062500e+03
6.084705078125000000e+03
6.488178100585937500e+02
-1.925804443359375000e+02
1.778657104492187500e+03
5.392100097656250000e+03
2.268916015625000000e+04
1.030728613281250000e+04
0.000000000000000000e+00
0.000000000000000000e+00
0.000000000000000000e+00
0.000000000000000000e+00
9.989077148437500000e+02
-1.948861846923828125e+02
-5.190655136108398438e+01
1.631181640625000000e+02
3.498656494140625000e+03
4.125769958496093750e+02
-4.524705200195312500e+02
6.539547119140625000e+02
-7.567114257812500000e+01
5.601747131347656250e+01
1.226862792968750000e+02
1.481124877929687500e+00
1.211931991577148438e+02
6.970895996093750000e+02
0.000000000000000000e+00
8.817136230468750000e+02
-3.288015136718750000e+02
8.088442993164062500e+02
-1.084659805297851562e+02
7.516796112060546875e+01
1.888979187011718750e+02
6.560172729492187500e+02
-1.585780944824218750e+02
2.266379547119140625e+01
7.620481445312500000e+03
1.428586181640625000e+03
1.166521240234375000e+03
4.428192138671875000e+02
0.000000000000000000e+00
0.000000000000000000e+00
0.000000000000000000e+00
0.000000000000000000e+00
1.306282958984375000e+03
3.647204589843750000e+03
3.504576562500000000e+04
5.734365234375000000e+03
1.854707519531250000e+03
3.021453857421875000e+02
-1.198015594482421875e+02
4.472684326171875000e+02
3.900879211425781250e+02
3.035783386230468750e+02
3.237971191406250000e+02
9.612894897460937500e+02
2.296401123046875000e+03
1.398005126953125000e+03
0.000000000000000000e+00
1.054732421875000000e+03
1.006656616210937500e+03
1.883992431640625000e+03
1.692397155761718750e+02
3.889082946777343750e+02
-4.483888549804687500e+02
1.701417694091796875e+02
-1.360220898437500000e+04
1.589134277343750000e+03
1.330019531250000000e+03
2.444064453125000000e+03
2.535390472412109375e+02
4.745895385742187500e+01
0.000000000000000000e+00
0.000000000000000000e+00
0.000000000000000000e+00
0.000000000000000000e+00
6.420089843750000000e+03
1.984737792968750000e+03
-4.120577697753906250e+02
1.040702880859375000e+03
-8.988477783203125000e+02
1.473220703125000000e+03
1.042362792968750000e+03
-1.032939819335937500e+03
-6.554389190673828125e+01
1.110430541992187500e+03
8.368116210937500000e+03
2.427968750000000000e+03
6.007769165039062500e+02
1.027215332031250000e+03
0.000000000000000000e+00
1.744898681640625000e+02
7.833075561523437500e+02
3.031192382812500000e+03
6.532612304687500000e+03
1.038915161132812500e+03
3.003390625000000000e+03
7.351453857421875000e+02
-1.308913085937500000e+03
6.523914794921875000e+02
6.787230224609375000e+02
1.312844116210937500e+03
-3.260923156738281250e+02
5.419173583984375000e+02
0.000000000000000000e+00
0.000000000000000000e+00
0.000000000000000000e+00
0.000000000000000000e+00
-6.874714660644531250e+01
-4.028321228027343750e+02
1.094435791015625000e+03
4.708358764648437500e+02
6.218566284179687500e+02
3.091872558593750000e+02
-1.799669189453125000e+02
6.072679443359375000e+02
4.477117675781250000e+03
2.409935607910156250e+02
1.741018310546875000e+03
3.420571777343750000e+03
2.696481018066406250e+02
3.915490722656250000e+01
0.000000000000000000e+00
-7.526174926757812500e+02
1.608198242187500000e+03
7.332066650390625000e+02
3.329967285156250000e+03
1.140554199218750000e+03
-1.036724700927734375e+02
7.868565673828125000e+02
1.259255615234375000e+03
2.298266113281250000e+03
-5.246704101562500000e+02
5.870583496093750000e+02
8.641303710937500000e+02
1.220353698730468750e+02
0.000000000000000000e+00
0.000000000000000000e+00
0.000000000000000000e+00
0.000000000000000000e+00
2.369461914062500000e+03
1.075641503906250000e+04
5.258308593750000000e+03
1.621102539062500000e+03
1.205177856445312500e+03
-9.652620849609375000e+02
1.575791259765625000e+03
3.349355468750000000e+02
7.972427978515625000e+02
2.156280670166015625e+02
2.897541992187500000e+03
6.420348632812500000e+03
3.866461425781250000e+03
7.968569335937500000e+02
0.000000000000000000e+00
8.410401153564453125e+01
5.187548339843750000e+03
1.385177124023437500e+03
-2.007507324218750000e+02
-4.596735534667968750e+02
1.470777587890625000e+03
1.103043164062500000e+04
5.626423828125000000e+03
6.019875000000000000e+03
7.937010253906250000e+03
1.166926391601562500e+03
3.078570312500000000e+03
1.196051635742187500e+03
0.000000000000000000e+00
0.000000000000000000e+00
