0.000000000000000000e+00
0.000000000000000000e+00
-3.812816772460937500e+02
-8.407653045654296875e+01
4.627993164062500000e+02
4.947479629516601562e+01
-2.121855621337890625e+02
-2.662444763183593750e+02
-1.042606964111328125e+02
-1.211739959716796875e+02
-5.577159881591796875e+01
-3.099290466308593750e+02
-5.221036987304687500e+02
1.411338500976562500e+02
-1.883351745605468750e+02
-2.367859954833984375e+02
0.000000000000000000e+00
8.549780273437500000e+01
-2.869504737854003906e+01
-3.049535560607910156e+01
2.302622528076171875e+02
-2.776665954589843750e+02
1.798708343505859375e+02
8.613049316406250000e+01
-1.593036193847656250e+02
6.306235504150390625e+01
-2.381940155029296875e+02
1.695136718750000000e+02
1.147965698242187500e+02
1.097025756835937500e+02
0.000000000000000000e+00
0.000000000000000000e+00
0.000000000000000000e+00
0.000000000000000000e+00
1.157530593872070312e+02
3.223023681640625000e+02
-4.105440673828125000e+02
-4.126474609375000000e+02
2.758427429199218750e+02
2.273557128906250000e+02
-1.392837219238281250e+02
-1.691096191406250000e+02
-4.134515686035156250e+02
-3.007887573242187500e+02
1.745855255126953125e+02
2.225206146240234375e+02
1.884530181884765625e+02
-1.148163909912109375e+02
0.000000000000000000e+00
-6.478738403320312500e+01
5.845188903808593750e+01
-1.015595397949218750e+02
1.723875122070312500e+02
-1.182626037597656250e+02
-8.583708190917968750e+01
-1.408603820800781250e+02
-1.794607391357421875e+02
8.398844909667968750e+01
4.302368927001953125e+01
1.007552566528320312e+02
-1.283534851074218750e+02
-2.218670043945312500e+02
0.000000000000000000e+00
0.000000000000000000e+00
0.000000000000000000e+00
0.000000000000000000e+00
2.274857711791992188e+01
1.609363174438476562e+01
2.476561584472656250e+02
2.836800537109375000e+02
1.506098175048828125e+02
1.042978134155273438e+02
-2.764343566894531250e+02
1.389428100585937500e+02
-1.777913360595703125e+02
-1.601323852539062500e+02
-1.786209259033203125e+02
1.875643310546875000e+02
2.905616760253906250e+02
5.255342102050781250e+01
0.000000000000000000e+00
-1.891392517089843750e+01
-7.293604278564453125e+01
-1.488115692138671875e+02
1.223186340332031250e+02
3.663664340972900391e+00
-5.600565338134765625e+01
7.192611694335937500e+01
1.179365692138671875e+02
1.027153167724609375e+02
4.371916961669921875e+01
-6.653244018554687500e+01
4.726210594177246094e+00
-1.341958312988281250e+02
0.000000000000000000e+00
0.000000000000000000e+00
0.000000000000000000e+00
0.000000000000000000e+00
-8.434613037109375000e+01
1.686323699951171875e+02
-3.870537185668945312e+01
-3.553884582519531250e+02
-1.389762268066406250e+02
-1.708546905517578125e+02
1.832454681396484375e+02
-2.186652679443359375e+02
8.745385742187500000e+01
2.557663116455078125e+02
-2.085807800292968750e+02
1.047906646728515625e+02
2.482302246093750000e+02
7.452160835266113281e+00
0.000000000000000000e+00
-1.788134460449218750e+02
-1.759362792968750000e+02
-1.992232818603515625e+02
1.712749633789062500e+02
-1.880997009277343750e+02
3.154382705688476562e+00
1.356318817138671875e+02
1.296050109863281250e+02
-1.824995727539062500e+02
7.196766662597656250e+01
-2.141098175048828125e+02
3.722362136840820312e+01
-4.972166061401367188e+01
0.000000000000000000e+00
0.000000000000000000e+00
0.000000000000000000e+00
0.000000000000000000e+00
-1.396257019042968750e+02
-5.176838874816894531e+00
-1.674688110351562500e+02
-1.911454772949218750e+02
-3.123016357421875000e-01
-2.061540603637695312e+01
-7.422209262847900391e+00
4.375433349609375000e+01
1.863953247070312500e+02
-2.190940246582031250e+02
1.468787384033203125e+02
2.813136596679687500e+02
4.015645446777343750e+02
-1.737372741699218750e+02
0.000000000000000000e+00
1.692513427734375000e+02
2.409778137207031250e+02
2.014202423095703125e+02
5.685372924804687500e+01
1.796958465576171875e+02
8.803149414062500000e+01
6.683322906494140625e+00
-1.931095695495605469e+01
-1.282499237060546875e+02
-1.515979919433593750e+02
-5.809268188476562500e+01
3.182904357910156250e+02
5.417797851562500000e+02
0.000000000000000000e+00
0.000000000000000000e+00
0.000000000000000000e+00
0.000000000000000000e+00
-3.786750793457031250e+02
3.964950256347656250e+02
1.668896179199218750e+02
-6.383797073364257812e+01
-1.045971298217773438e+01
1.164030609130859375e+02
-3.604514770507812500e+02
-6.939022827148437500e+01
-2.707575988769531250e+02
-3.418649902343750000e+02
-1.063467102050781250e+02
-1.554821777343750000e+02
4.068148040771484375e+01
-1.003823852539062500e+02
0.000000000000000000e+00
1.209861373901367188e+01
1.302786865234375000e+02
1.834960021972656250e+02
2.172955513000488281e+00
-4.038570861816406250e+02
-1.460004711151123047e+01
-2.484673461914062500e+02
-6.646537780761718750e+01
-1.267883758544921875e+02
-1.070613098144531250e+01
-1.213235549926757812e+02
-1.342271728515625000e+02
1.438460540771484375e+02
0.000000000000000000e+00
0.000000000000000000e+00
0.000000000000000000e+00
0.000000000000000000e+00
-1.041791152954101562e+02
-2.987769165039062500e+02
1.138071746826171875e+02
-2.532274246215820312e+01
1.725333709716796875e+02
-4.616316833496093750e+02
1.675305786132812500e+02
5.070608139038085938e+01
-6.554945373535156250e+01
5.840785217285156250e+01
-1.217639389038085938e+02
1.107196197509765625e+02
1.480357666015625000e+02
1.023797378540039062e+02
0.000000000000000000e+00
1.246200714111328125e+02
1.641121673583984375e+02
-2.078690185546875000e+02
-3.648498229980468750e+02
-2.851541519165039062e+01
-1.566209106445312500e+02
-5.824440765380859375e+01
9.955076599121093750e+01
-1.390523529052734375e+02
1.231261825561523438e+01
-1.035884780883789062e+02
1.109904479980468750e+02
-4.278375625610351562e+01
0.000000000000000000e+00
0.000000000000000000e+00
0.000000000000000000e+00
0.000000000000000000e+00
-1.049847106933593750e+02
-1.067985725402832031e+01
2.717255859375000000e+02
1.500304718017578125e+02
2.436250305175781250e+02
-9.316306304931640625e+01
2.671717071533203125e+01
-2.090695381164550781e+01
9.817916107177734375e+01
1.202810897827148438e+02
-3.176813697814941406e+01
2.069190368652343750e+02
-3.509758758544921875e+01
-6.959810733795166016e+00
0.000000000000000000e+00
1.522915649414062500e+02
9.001417541503906250e+01
-9.027921295166015625e+01
-6.787467002868652344e-01
-3.130220642089843750e+02
8.053649902343750000e+00
-1.833889617919921875e+02
-1.096781311035156250e+02
1.376331520080566406e+01
-2.505337677001953125e+02
6.547943115234375000e+01
1.517911148071289062e+01
-3.205286254882812500e+02
0.000000000000000000e+00
0.000000000000000000e+00
0.000000000000000000e+00
0.000000000000000000e+00
-1.102604675292968750e+01
2.378986740112304688e+01
3.333283996582031250e+01
2.059158706665039062e+01
-1.615473327636718750e+02
-4.162587738037109375e+01
-1.123738174438476562e+02
1.436159515380859375e+02
2.614989280700683594e+00
-1.166699504852294922e+01
4.429981689453125000e+02
-2.376995239257812500e+02
-2.710006408691406250e+02
-1.661909484863281250e+02
0.000000000000000000e+00
1.092513275146484375e+02
2.664344482421875000e+02
-2.874190673828125000e+02
-5.252272033691406250e+01
1.923363952636718750e+02
4.640048217773437500e+01
-1.910367584228515625e+01
7.925643920898437500e+01
6.027012634277343750e+01
-4.076365280151367188e+01
-2.146202087402343750e+01
-1.896313629150390625e+02
-1.572863464355468750e+02
0.000000000000000000e+00
0.000000000000000000e+00
0.000000000000000000e+00
0.000000000000000000e+00
1.356658325195312500e+02
1.787273025512695312e+01
2.066047210693359375e+02
3.577307891845703125e+01
-2.965948867797851562e+01
-6.801325225830078125e+01
1.119998245239257812e+02
-1.543089389801025391e+01
-3.745217895507812500e+01
-1.492656860351562500e+02
2.890946655273437500e+02
-7.410951995849609375e+01
3.246966857910156250e+02
2.392395324707031250e+02
0.000000000000000000e+00
3.414421081542968750e+01
-6.769731140136718750e+01
9.757606506347656250e+01
-1.559420776367187500e+02
4.454721832275390625e+01
-2.218336029052734375e+02
-1.835519409179687500e+02
6.836035919189453125e+01
2.601867065429687500e+02
-1.024759597778320312e+02
-1.797684669494628906e+01
-6.907749938964843750e+01
-6.776077270507812500e+01
0.000000000000000000e+00
0.000000000000000000e+00
0.000000000000000000e+00
0.000000000000000000e+00
3.854299163818359375e+01
-1.085757446289062500e+02
-2.720537719726562500e+02
3.129397392272949219e+01
-2.138761596679687500e+02
3.559483718872070312e+01
1.830317230224609375e+02
2.387787818908691406e+01
2.403040313720703125e+02
3.459946289062500000e+02
7.729612731933593750e+01
-2.097989196777343750e+02
3.258739929199218750e+02
-1.495279235839843750e+02
0.000000000000000000e+00
5.723506164550781250e+01
-9.735126495361328125e+01
-1.161796493530273438e+02
2.608357810974121094e+01
4.719361114501953125e+01
-1.346570281982421875e+02
4.230051422119140625e+01
-1.474912109375000000e+02
-3.161586303710937500e+02
1.832438812255859375e+02
1.242306060791015625e+02
-3.414289855957031250e+01
-1.359799041748046875e+02
0.000000000000000000e+00
0.000000000000000000e+00
0.000000000000000000e+00
0.000000000000000000e+00
7.798507690429687500e+01
-2.021368713378906250e+02
1.954678649902343750e+02
-1.446736450195312500e+02
-1.377532196044921875e+02
2.765441589355468750e+02
1.858518981933593750e+02
1.293764801025390625e+02
2.336138153076171875e+02
-1.553020019531250000e+02
-4.024127960205078125e+01
-7.293121337890625000e+01
-4.626929473876953125e+01
5.759989547729492188e+01
0.000000000000000000e+00
4.562492370605468750e-01
9.495384979248046875e+01
-1.003757095336914062e+02
-7.997873687744140625e+01
-8.660642242431640625e+01
-3.259330368041992188e+01
-1.673136596679687500e+02
-7.153437805175781250e+01
-4.798794937133789062e+01
8.891955566406250000e+01
-3.462889099121093750e+01
-1.199750671386718750e+02
1.145534362792968750e+02
0.000000000000000000e+00
0.000000000000000000e+00
0.000000000000000000e+00
0.000000000000000000e+00
4.288136291503906250e+01
7.311262512207031250e+01
8.061666870117187500e+01
2.576983261108398438e+01
-1.921235961914062500e+02
2.038465690612792969e+01
1.910745391845703125e+02
-8.687648773193359375e+01
-4.286231231689453125e+01
3.310775756835937500e+00
9.425585937500000000e+01
1.574499893188476562e+01
2.171333770751953125e+02
2.367593688964843750e+02
0.000000000000000000e+00
-3.173776435852050781e+01
-2.259484100341796875e+01
9.048635864257812500e+01
-8.021871948242187500e+01
-6.784461975097656250e+01
1.959926452636718750e+02
-1.700833282470703125e+02
-1.018123779296875000e+02
-4.559614562988281250e+01
1.154450683593750000e+02
6.455944824218750000e+01
-1.458414306640625000e+02
3.076264190673828125e+01
0.000000000000000000e+00
0.000000000000000000e+00
0.000000000000000000e+00
0.000000000000000000e+00
3.707405090332031250e+01
6.199068832397460938e+01
-1.727556457519531250e+02
1.235038070678710938e+02
4.060459518432617188e+01
5.524884414672851562e+01
1.993760299682617188e+01
-1.437815856933593750e+02
8.941033172607421875e+01
-1.996457824707031250e+02
7.180082702636718750e+01
2.272027206420898438e+01
1.621476135253906250e+02
1.050293579101562500e+02
0.000000000000000000e+00
-1.940112762451171875e+02
9.451251220703125000e+01
-8.756169891357421875e+01
-2.255426025390625000e+01
4.880099487304687500e+01
1.445676803588867188e+01
2.486526184082031250e+02
3.249986267089843750e+02
-7.179753112792968750e+01
1.928819274902343750e+02
1.790863494873046875e+02
-4.289722442626953125e+01
2.800516052246093750e+02
0.000000000000000000e+00
0.000000000000000000e+00
0.000000000000000000e+00
0.000000000000000000e+00
-4.773628997802734375e+01
8.575134277343750000e+01
6.999412536621093750e+01
-8.489027023315429688e+00
-4.052072143554687500e+01
-3.757002639770507812e+01
1.388210868835449219e+01
3.343669891357421875e+01
-2.059020080566406250e+02
1.249433898925781250e+02
-2.652229499816894531e+01
-1.425635375976562500e+02
2.318088531494140625e+02
2.691883850097656250e+01
0.000000000000000000e+00
-6.711814880371093750e+00
6.245063018798828125e+01
1.273394317626953125e+02
-1.181271362304687500e+02
-9.862329483032226562e+00
1.252822341918945312e+02
-1.921869506835937500e+02
-7.441155242919921875e+01
1.756986541748046875e+02
1.916852416992187500e+02
7.395758056640625000e+01
-1.229944458007812500e+02
-2.714113769531250000e+02
0.000000000000000000e+00
0.000000000000000000e+00
0.000000000000000000e+00
0.000000000000000000e+00
1.407201843261718750e+02
1.479507446289062500e+00
-6.627055358886718750e+01
8.602558898925781250e+01
3.958550262451171875e+01
9.354046630859375000e+01
-3.194421386718750000e+02
-1.157506637573242188e+02
-3.497873306274414062e+00
-8.965209197998046875e+01
-1.567134246826171875e+02
1.466405944824218750e+02
-2.050484924316406250e+02
1.235832748413085938e+02
0.000000000000000000e+00
-1.086665420532226562e+02
7.207901763916015625e+01
2.074966278076171875e+02
1.837639465332031250e+02
-2.219715690612792969e+01
2.144437866210937500e+02
9.923034667968750000e+01
-2.097882385253906250e+02
1.004039306640625000e+02
1.574969177246093750e+02
1.395079650878906250e+02
-9.476369476318359375e+01
-3.586418914794921875e+01
0.000000000000000000e+00
0.000000000000000000e+00
0.000000000000000000e+00
0.000000000000000000e+00
2.828303222656250000e+02
3.284925842285156250e+01
3.216376495361328125e+01
8.787979888916015625e+01
1.850612640380859375e+01
-1.406686248779296875e+02
2.615821533203125000e+02
-1.562380790710449219e+01
1.406688995361328125e+02
-5.004415893554687500e+01
-6.905156707763671875e+01
7.300056457519531250e+01
-2.585555648803710938e+01
-6.226847839355468750e+01
0.000000000000000000e+00
3.639134597778320312e+01
1.003381500244140625e+02
1.595894927978515625e+02
1.064773330688476562e+02
-6.466673278808593750e+01
1.413460083007812500e+02
-1.486565551757812500e+02
-1.097221527099609375e+02
-1.053875274658203125e+02
-1.275185241699218750e+02
-1.245004119873046875e+02
-3.447677612304687500e+01
-6.858735656738281250e+01
0.000000000000000000e+00
0.000000000000000000e+00
0.000000000000000000e+00
0.000000000000000000e+00
2.587385368347167969e+01
9.389373016357421875e+01
1.682945632934570312e+01
1.771994781494140625e+02
1.097831954956054688e+02
-1.488849029541015625e+02
1.432335357666015625e+02
5.657441711425781250e+01
-1.685204696655273438e+01
-4.173114299774169922e+00
1.835718078613281250e+02
1.172587127685546875e+02
3.509868240356445312e+01
-9.320713806152343750e+01
0.000000000000000000e+00
5.178647994995117188e+00
1.382353057861328125e+02
-8.585367584228515625e+01
4.962537384033203125e+01
-1.626607208251953125e+02
-7.265302276611328125e+01
-1.352806091308593750e+00
8.865106201171875000e+01
-1.523895072937011719e+01
-5.108366394042968750e+01
4.716582489013671875e+01
1.302460632324218750e+02
4.658977890014648438e+01
0.000000000000000000e+00
0.000000000000000000e+00
0.000000000000000000e+00
0.000000000000000000e+00
-2.045675659179687500e+01
-9.923677062988281250e+01
9.246237182617187500e+01
5.371449279785156250e+01
-4.047813892364501953e+00
6.498204040527343750e+01
1.475791320800781250e+02
1.852986907958984375e+02
1.211808681488037109e+01
1.986081695556640625e+02
-6.908259582519531250e+01
-1.629421997070312500e+02
2.976568031311035156e+01
1.774590301513671875e+02
0.000000000000000000e+00
2.098243865966796875e+02
1.220680236816406250e+02
7.369051361083984375e+01
1.294577789306640625e+02
1.027696151733398438e+02
1.835148315429687500e+02
-1.024483184814453125e+02
-4.087790679931640625e+01
-1.089181671142578125e+02
-1.676597900390625000e+02
-6.790067291259765625e+01
-1.201219970703125000e+03
6.831830024719238281e+00
0.000000000000000000e+00
0.000000000000000000e+00
0.000000000000000000e+00
0.000000000000000000e+00
8.263450622558593750e+01
-1.616812286376953125e+02
4.107260894775390625e+01
-1.495394706726074219e+00
-2.687436485290527344e+01
-2.606009483337402344e+00
-4.520502853393554688e+01
3.326306915283203125e+01
1.286649322509765625e+02
-3.776982498168945312e+01
-1.513049697875976562e+01
5.926870727539062500e+01
2.991651535034179688e+01
-8.236607360839843750e+01
0.000000000000000000e+00
1.022103958129882812e+02
-2.356272583007812500e+02
-7.177302551269531250e+01
1.177779464721679688e+02
-2.439819488525390625e+02
-1.613172454833984375e+02
2.099361419677734375e-01
9.521720123291015625e+01
1.532569427490234375e+02
-1.806344146728515625e+02
1.765980834960937500e+02
-5.937155151367187500e+01
1.088235702514648438e+02
0.000000000000000000e+00
0.000000000000000000e+00
0.000000000000000000e+00
0.000000000000000000e+00
1.511033439636230469e+01
1.550943298339843750e+02
-1.082360687255859375e+02
-1.425944976806640625e+02
-2.718897094726562500e+02
-1.762472381591796875e+02
5.908191680908203125e+01
2.116253051757812500e+02
1.784870147705078125e+00
1.499600982666015625e+02
1.313618621826171875e+02
8.778900909423828125e+01
-1.300903930664062500e+02
2.026391601562500000e+02
0.000000000000000000e+00
1.157774581909179688e+02
3.031867065429687500e+02
7.038899230957031250e+01
9.020015716552734375e+00
5.227077484130859375e+01
9.624171447753906250e+01
1.675950012207031250e+02
-6.439857910156250000e+03
1.511284179687500000e+02
2.442436981201171875e+02
-1.193080749511718750e+02
-1.302028198242187500e+02
-1.399421691894531250e+02
0.000000000000000000e+00
0.000000000000000000e+00
0.000000000000000000e+00
0.000000000000000000e+00
9.446407318115234375e+01
-4.899195480346679688e+01
5.195626831054687500e+01
-2.428376770019531250e+01
-1.898915100097656250e+01
1.298220520019531250e+02
-2.569414138793945312e+01
2.483705139160156250e+01
8.658068847656250000e+01
1.552848205566406250e+02
-6.454061126708984375e+01
-1.672994537353515625e+02
1.807114410400390625e+01
1.179889907836914062e+02
0.000000000000000000e+00
2.050678863525390625e+02
1.161936416625976562e+02
-1.154338836669921875e+00
-8.020792388916015625e+01
-2.089972229003906250e+02
-2.713845825195312500e+01
-1.927023925781250000e+02
-1.025028228759765625e+00
1.181345977783203125e+02
-2.255832290649414062e+01
-3.347524642944335938e+01
-4.337350463867187500e+01
-1.532653503417968750e+02
0.000000000000000000e+00
0.000000000000000000e+00
0.000000000000000000e+00
0.000000000000000000e+00
1.211680603027343750e+02
1.149130859375000000e+02
1.460332641601562500e+02
-2.069255981445312500e+02
-1.298757324218750000e+02
6.647758483886718750e-01
-1.024063491821289062e+01
-7.462013244628906250e+00
9.385850524902343750e+01
-8.990621185302734375e+01
3.842689895629882812e+01
2.260758972167968750e+01
-6.086618423461914062e+01
1.256796417236328125e+02
0.000000000000000000e+00
6.136858367919921875e+01
1.588596343994140625e+00
1.350272827148437500e+02
2.336097106933593750e+02
-2.778518676757812500e+00
2.772657394409179688e+01
-1.048524169921875000e+02
-7.400951385498046875e+00
-3.557239151000976562e+01
-1.582340240478515625e+02
1.621693038940429688e+01
1.198387222290039062e+02
-3.871625137329101562e+01
0.000000000000000000e+00
0.000000000000000000e+00
0.000000000000000000e+00
0.000000000000000000e+00
2.819597244262695312e+01
-8.502231597900390625e+01
1.278627166748046875e+02
3.705125808715820312e+01
1.599105377197265625e+02
1.278278808593750000e+02
-7.771660614013671875e+01
9.994422912597656250e+01
-5.529869079589843750e+01
-1.854083251953125000e+02
1.509429168701171875e+02
-6.896653747558593750e+01
1.243182067871093750e+02
5.993984222412109375e+00
0.000000000000000000e+00
-9.216618347167968750e+01
-7.987450408935546875e+01
2.160236740112304688e+01
-1.475253601074218750e+02
4.436931610107421875e-01
8.037013244628906250e+01
-2.843082809448242188e+01
-1.666943206787109375e+02
-7.677571105957031250e+01
7.616914367675781250e+01
-1.393079071044921875e+02
-2.285982513427734375e+01
-1.368385009765625000e+02
0.000000000000000000e+00
0.000000000000000000e+00
