0.000000000000000000e+00
0.000000000000000000e+00
-1.175808620452880859e+01
3.703686141967773438e+01
2.323940124511718750e+02
1.959022827148437500e+02
1.407001800537109375e+02
1.209789428710937500e+02
-6.976851654052734375e+01
1.423365783691406250e+02
-7.028577423095703125e+01
1.839571380615234375e+01
-7.662487030029296875e-01
7.334146118164062500e+01
-1.318992462158203125e+02
-9.426306915283203125e+01
0.000000000000000000e+00
1.898367919921875000e+02
1.018165817260742188e+02
-4.998742294311523438e+01
5.208232116699218750e+01
-2.912649230957031250e+02
-9.105520629882812500e+01
8.316075897216796875e+01
6.160596466064453125e+01
-1.237230491638183594e+01
-1.230007362365722656e+01
3.903247833251953125e+01
-3.240192260742187500e+02
-1.519767608642578125e+02
0.000000000000000000e+00
0.000000000000000000e+00
0.000000000000000000e+00
0.000000000000000000e+00
1.353195953369140625e+02
-1.263825836181640625e+02
7.135609436035156250e+01
-1.106891174316406250e+02
-3.475257873535156250e+02
-5.484370040893554688e+01
-1.432412109375000000e+02
6.672055816650390625e+01
2.559071960449218750e+02
-2.835209465026855469e+01
1.636973266601562500e+02
1.816217193603515625e+02
-1.905178222656250000e+02
1.720861206054687500e+02
0.000000000000000000e+00
-4.714636230468750000e+01
-4.839208602905273438e+00
-1.549859008789062500e+02
1.979795646667480469e+01
1.918345031738281250e+02
4.546273040771484375e+01
-3.785791397094726562e-01
8.100694274902343750e+01
-1.114066696166992188e+02
-4.836680221557617188e+01
-6.009744644165039062e+00
-3.085548019409179688e+01
-4.175215911865234375e+01
0.000000000000000000e+00
0.000000000000000000e+00
0.000000000000000000e+00
0.000000000000000000e+00
-9.208068084716796875e+01
-7.279091644287109375e+01
3.846235275268554688e+01
3.386436080932617188e+01
4.439244461059570312e+01
-7.513795471191406250e+01
-1.352843379974365234e+01
1.153573074340820312e+02
5.865771102905273438e+01
7.592727661132812500e+01
-4.167702865600585938e+01
-7.882614135742187500e+01
7.878875732421875000e+01
6.724916839599609375e+01
0.000000000000000000e+00
1.655578308105468750e+02
-6.887202453613281250e+01
-1.046092529296875000e+02
6.478592681884765625e+01
5.011060714721679688e+00
-1.508797359466552734e+01
-1.451442146301269531e+01
9.930120849609375000e+01
8.052722167968750000e+01
4.395295715332031250e+01
6.247663879394531250e+01
1.563450927734375000e+02
3.427899169921875000e+01
0.000000000000000000e+00
0.000000000000000000e+00
0.000000000000000000e+00
0.000000000000000000e+00
6.184051513671875000e+01
1.471773681640625000e+02
6.673828887939453125e+01
1.606214904785156250e+02
2.272663497924804688e+01
7.713853454589843750e+01
1.174297790527343750e+02
-1.093108444213867188e+02
8.300942993164062500e+01
-1.041126708984375000e+02
-2.659090805053710938e+01
-5.522341918945312500e+01
5.840174865722656250e+01
-1.324175720214843750e+02
0.000000000000000000e+00
-1.429559173583984375e+02
1.004371795654296875e+02
-1.888118362426757812e+01
8.543163299560546875e+00
-1.489666938781738281e+01
-1.370828399658203125e+02
-1.521864128112792969e+01
-1.272297058105468750e+02
-1.675788307189941406e+01
3.990191650390625000e+01
-2.311428642272949219e+01
-9.271183776855468750e+01
-4.554602813720703125e+01
0.000000000000000000e+00
0.000000000000000000e+00
0.000000000000000000e+00
0.000000000000000000e+00
1.291846275329589844e+01
5.164583969116210938e+01
-2.564687156677246094e+01
-7.772829055786132812e+00
-1.781406402587890625e+00
1.816148185729980469e+01
-1.657723999023437500e+02
6.455954742431640625e+01
6.143415832519531250e+01
1.309084777832031250e+02
9.532367706298828125e+01
1.253231964111328125e+02
-1.183200683593750000e+02
2.684008789062500000e+01
0.000000000000000000e+00
-1.345092315673828125e+02
4.500776672363281250e+01
4.341446304321289062e+01
-1.029249725341796875e+02
-5.973319530487060547e+00
-3.658809661865234375e+01
9.984463500976562500e+01
4.473014831542968750e+01
9.188454437255859375e+01
1.073356018066406250e+02
6.692733764648437500e+01
3.537242889404296875e+01
6.748809051513671875e+01
0.000000000000000000e+00
0.000000000000000000e+00
0.000000000000000000e+00
0.000000000000000000e+00
1.053138122558593750e+02
5.441329956054687500e+01
-1.715405273437500000e+02
-1.161811447143554688e+02
8.096229553222656250e+00
-8.044049072265625000e+01
-6.056188964843750000e+01
4.341502380371093750e+01
-3.496102905273437500e+01
3.151210594177246094e+01
-1.115520286560058594e+01
-1.245430145263671875e+02
8.053577423095703125e+00
-1.662154388427734375e+01
0.000000000000000000e+00
1.410046539306640625e+02
-9.582133483886718750e+01
9.591201019287109375e+01
-2.459859085083007812e+01
-1.437126464843750000e+02
6.024674987792968750e+01
-1.713709259033203125e+01
8.551758575439453125e+01
-1.210426521301269531e+01
-5.978958511352539062e+01
8.434449005126953125e+01
-1.838381195068359375e+01
4.894329071044921875e+00
0.000000000000000000e+00
0.000000000000000000e+00
0.000000000000000000e+00
0.000000000000000000e+00
5.132349395751953125e+01
-6.527772903442382812e+00
1.115661621093750000e+01
3.102561759948730469e+01
-2.641945457458496094e+01
8.307712554931640625e+01
7.116916656494140625e+00
-2.951466369628906250e+01
-8.113879394531250000e+01
9.832598114013671875e+01
1.991315841674804688e+01
4.047137832641601562e+01
2.337577056884765625e+01
2.527184104919433594e+01
0.000000000000000000e+00
-1.968803787231445312e+01
-4.820929336547851562e+01
6.125410461425781250e+01
1.809467315673828125e+01
-1.700970268249511719e+01
1.151080245971679688e+02
-1.473244628906250000e+02
-7.994315624237060547e+00
3.023107719421386719e+01
3.542166709899902344e+00
1.436005783081054688e+01
-2.677861213684082031e+01
-9.898057556152343750e+01
0.000000000000000000e+00
0.000000000000000000e+00
0.000000000000000000e+00
0.000000000000000000e+00
2.631645965576171875e+01
-7.893826293945312500e+01
-6.738040924072265625e+00
-1.485396099090576172e+01
-6.925460052490234375e+01
-1.263309326171875000e+02
-1.677614212036132812e+00
7.448809814453125000e+01
-4.250873947143554688e+01
-1.943121795654296875e+02
3.586897659301757812e+01
9.186299133300781250e+01
8.838780403137207031e+00
8.090860748291015625e+01
0.000000000000000000e+00
-8.047898864746093750e+01
-8.035089111328125000e+01
2.681974887847900391e+00
1.435996704101562500e+02
-4.257061004638671875e+01
7.581229400634765625e+01
-1.210026264190673828e+01
6.114473342895507812e+01
1.806744003295898438e+01
2.679575729370117188e+01
-4.338552474975585938e+01
3.157987022399902344e+01
3.403523635864257812e+01
0.000000000000000000e+00
0.000000000000000000e+00
0.000000000000000000e+00
0.000000000000000000e+00
-4.119719314575195312e+01
-3.449375152587890625e+00
-5.786703872680664062e+01
-1.307754364013671875e+02
6.154023361206054688e+01
-9.950778007507324219e+00
5.726481246948242188e+01
-3.333620452880859375e+01
-1.115345916748046875e+02
7.800983428955078125e+00
-3.847170257568359375e+01
-5.641182708740234375e+01
3.982755661010742188e+00
-4.709994506835937500e+01
0.000000000000000000e+00
-3.522514724731445312e+01
1.240038604736328125e+02
-8.414448547363281250e+01
-6.996486663818359375e+00
-1.976973152160644531e+01
-6.151194763183593750e+01
1.057981872558593750e+02
9.022814941406250000e+01
5.078760528564453125e+01
-1.343759155273437500e+02
2.044992065429687500e+01
-6.028557968139648438e+01
-1.589205780029296875e+02
0.000000000000000000e+00
0.000000000000000000e+00
0.000000000000000000e+00
0.000000000000000000e+00
5.312936782836914062e+00
-6.819882202148437500e+01
6.742973327636718750e+00
-8.534964752197265625e+01
-2.804284286499023438e+01
-4.315761947631835938e+01
-8.098707580566406250e+01
-5.370705413818359375e+01
-4.323343276977539062e+01
-1.237178649902343750e+02
3.024823379516601562e+01
-3.517563629150390625e+01
3.075214195251464844e+01
3.703964996337890625e+01
0.000000000000000000e+00
-7.844335556030273438e+00
1.932563400268554688e+01
6.223265838623046875e+01
-9.186611175537109375e-01
1.087575225830078125e+02
3.539759063720703125e+01
2.378754234313964844e+01
2.479218864440917969e+01
-8.495394897460937500e+01
5.717281723022460938e+01
-1.965938262939453125e+02
1.065258026123046875e+02
-4.361874008178710938e+01
0.000000000000000000e+00
0.000000000000000000e+00
0.000000000000000000e+00
0.000000000000000000e+00
-1.380940246582031250e+02
-3.919931793212890625e+01
3.051284027099609375e+01
2.798745346069335938e+01
6.205083465576171875e+01
-1.132745590209960938e+02
-5.148906707763671875e+00
-3.121696853637695312e+01
-3.870130538940429688e+01
-2.228419494628906250e+01
-1.171083068847656250e+02
-5.119658660888671875e+01
6.955421447753906250e+00
1.933881759643554688e+01
0.000000000000000000e+00
-5.542910766601562500e+01
1.247448272705078125e+02
-2.314007949829101562e+01
-2.552002716064453125e+01
2.125819091796875000e+02
9.610083007812500000e+01
8.601258850097656250e+01
-1.919403648376464844e+01
7.993540954589843750e+01
-1.641383743286132812e+01
-1.113895568847656250e+02
1.005039749145507812e+02
7.907604217529296875e+00
0.000000000000000000e+00
0.000000000000000000e+00
0.000000000000000000e+00
0.000000000000000000e+00
-7.789507293701171875e+01
5.468768692016601562e+01
-4.835623550415039062e+01
-1.245216369628906250e+00
-1.603520965576171875e+01
-6.283025741577148438e+00
-3.237095642089843750e+01
-8.166076660156250000e+00
-4.007041168212890625e+01
-2.510264205932617188e+01
6.844906616210937500e+01
7.820512771606445312e+00
-5.031603240966796875e+01
-2.355208015441894531e+01
0.000000000000000000e+00
6.825336456298828125e+00
-5.816989517211914062e+01
-1.228429794311523438e+01
1.245675506591796875e+02
4.513114166259765625e+01
-3.908267974853515625e+01
3.786199569702148438e+01
-5.744186019897460938e+01
-5.778813552856445312e+01
-4.246542358398437500e+01
1.917237281799316406e+01
3.428364562988281250e+01
-1.625752105712890625e+02
0.000000000000000000e+00
0.000000000000000000e+00
0.000000000000000000e+00
0.000000000000000000e+00
-1.234321441650390625e+02
-3.849081802368164062e+01
-6.401962280273437500e+01
1.647631225585937500e+02
3.745138931274414062e+01
-5.049928283691406250e+01
1.370487785339355469e+01
-2.777516555786132812e+01
7.091813659667968750e+01
-2.498401641845703125e+01
-1.100865936279296875e+01
-4.528009796142578125e+01
-5.202218627929687500e+01
4.592015838623046875e+01
0.000000000000000000e+00
1.475972900390625000e+02
2.025493011474609375e+02
1.113039398193359375e+02
-4.143012237548828125e+01
-4.527072906494140625e+00
2.420883560180664062e+01
-7.617591857910156250e+01
-3.343126678466796875e+01
1.104259948730468750e+02
5.807065582275390625e+01
1.350453948974609375e+01
3.843860244750976562e+01
2.318474388122558594e+01
0.000000000000000000e+00
0.000000000000000000e+00
0.000000000000000000e+00
0.000000000000000000e+00
-1.024075984954833984e+01
4.434334564208984375e+01
3.866612625122070312e+01
-1.730783462524414062e+00
-9.924967956542968750e+01
-2.151371574401855469e+01
-3.094671630859375000e+01
7.386631774902343750e+01
5.171907806396484375e+01
-1.301277160644531250e+00
6.815991210937500000e+01
-3.182153320312500000e+01
7.739349365234375000e+00
-3.832706451416015625e+01
0.000000000000000000e+00
-7.890910339355468750e+01
3.467277526855468750e+01
6.664808654785156250e+01
-1.369781799316406250e+02
3.533227539062500000e+01
-1.111477813720703125e+02
-1.002199325561523438e+02
-6.609308624267578125e+01
-7.972263336181640625e+00
-3.513871002197265625e+01
-4.715399932861328125e+01
-5.887700653076171875e+01
1.840390968322753906e+01
0.000000000000000000e+00
0.000000000000000000e+00
0.000000000000000000e+00
0.000000000000000000e+00
3.701521682739257812e+01
-3.469023132324218750e+01
-3.309698867797851562e+01
-5.589463806152343750e+01
-8.670269966125488281e+00
-1.338774871826171875e+02
1.191485519409179688e+02
-5.771953201293945312e+01
4.584672927856445312e+00
1.690105438232421875e+00
-3.165298843383789062e+01
-4.958995437622070312e+01
1.169449005126953125e+02
-2.723600387573242188e+01
0.000000000000000000e+00
2.408804321289062500e+01
1.296013069152832031e+01
-2.750178909301757812e+01
-5.691084861755371094e+00
-2.983938980102539062e+01
-2.862828826904296875e+01
-7.015940093994140625e+01
-9.723555564880371094e+00
-4.246160888671875000e+01
7.964331150054931641e+00
-1.336816024780273438e+01
2.273332977294921875e+01
-4.073589324951171875e+01
0.000000000000000000e+00
0.000000000000000000e+00
0.000000000000000000e+00
0.000000000000000000e+00
-9.768984985351562500e+01
-5.073102951049804688e+00
3.876812362670898438e+01
3.306106185913085938e+01
5.390442276000976562e+01
-2.397408485412597656e-01
-9.013442993164062500e+01
-5.515597915649414062e+01
-1.152307319641113281e+01
7.377960968017578125e+01
-7.207621765136718750e+01
4.633421325683593750e+01
4.306060409545898438e+01
2.778039550781250000e+01
0.000000000000000000e+00
9.142002105712890625e+00
7.525300598144531250e+01
-2.192766952514648438e+01
3.035387611389160156e+01
-3.016816902160644531e+01
2.421866416931152344e+01
4.615917205810546875e+01
-4.450265502929687500e+01
1.266062140464782715e+00
5.507596206665039062e+01
-1.057499008178710938e+02
-2.153076553344726562e+01
5.001563072204589844e+00
0.000000000000000000e+00
0.000000000000000000e+00
0.000000000000000000e+00
0.000000000000000000e+00
8.676342010498046875e+01
6.447463226318359375e+01
3.344323158264160156e+00
-5.330688476562500000e+01
2.352004623413085938e+01
-1.333116455078125000e+02
1.787267303466796875e+01
2.178237724304199219e+01
-3.865051269531250000e+01
4.390822982788085938e+01
8.881884574890136719e+00
-4.534906005859375000e+01
3.223703002929687500e+01
-4.434609222412109375e+01
0.000000000000000000e+00
5.155764770507812500e+01
-1.136284637451171875e+02
-7.382640075683593750e+01
6.733581542968750000e+01
4.670291519165039062e+01
7.210617065429687500e+00
-1.254520034790039062e+01
3.789283990859985352e+00
-5.234077835083007812e+01
-1.293859100341796875e+01
7.921668243408203125e+01
-2.867536544799804688e+01
-1.699856948852539062e+01
0.000000000000000000e+00
0.000000000000000000e+00
0.000000000000000000e+00
0.000000000000000000e+00
-9.966195678710937500e+01
-4.079277038574218750e+00
7.013191223144531250e+01
8.449256896972656250e+01
2.387020111083984375e+01
1.311685943603515625e+02
8.454632568359375000e+01
1.072534179687500000e+01
1.162914123535156250e+02
5.532219696044921875e+01
3.819983673095703125e+01
-3.670598983764648438e+01
1.042617492675781250e+02
8.111232757568359375e+01
0.000000000000000000e+00
-1.115147304534912109e+01
-2.303782463073730469e+01
9.696620941162109375e+01
1.824798202514648438e+01
2.652593231201171875e+01
-6.303364562988281250e+01
6.943544769287109375e+01
-2.429081153869628906e+01
-4.716445922851562500e+01
2.360184097290039062e+01
4.678289031982421875e+01
-4.191889190673828125e+01
2.945057678222656250e+01
0.000000000000000000e+00
0.000000000000000000e+00
0.000000000000000000e+00
0.000000000000000000e+00
-8.757746124267578125e+01
-1.632713890075683594e+01
-6.760711669921875000e-01
-4.746021270751953125e+00
6.054283142089843750e+01
2.720597267150878906e+01
7.389677429199218750e+01
-2.989689254760742188e+01
6.144960021972656250e+01
-3.509528732299804688e+01
5.759041976928710938e+01
1.705620765686035156e+01
-4.621104431152343750e+01
1.788183975219726562e+01
0.000000000000000000e+00
5.288811874389648438e+01
1.171880722045898438e+01
5.407279586791992188e+01
-2.220111846923828125e+01
4.687542724609375000e+01
6.104084014892578125e+00
1.146160964965820312e+02
1.147810592651367188e+02
-2.155490875244140625e+00
-1.358663940429687500e+01
-7.788829803466796875e+01
-7.670684814453125000e+02
3.071347808837890625e+01
0.000000000000000000e+00
0.000000000000000000e+00
0.000000000000000000e+00
0.000000000000000000e+00
3.643939971923828125e+01
-2.826732635498046875e+00
7.514769744873046875e+01
4.982802581787109375e+01
2.042247581481933594e+01
-4.320499420166015625e+00
3.428425216674804688e+01
5.520399856567382812e+01
-3.102877807617187500e+01
1.901643371582031250e+01
-4.790169143676757812e+01
-3.445109176635742188e+01
-9.344102478027343750e+01
-3.030325317382812500e+01
0.000000000000000000e+00
9.862125396728515625e+00
-3.324703979492187500e+01
5.495174407958984375e+01
8.537300109863281250e+01
-7.378683471679687500e+01
-7.822143554687500000e+00
7.293159484863281250e+00
2.836614608764648438e+01
4.758882904052734375e+01
-9.412322998046875000e+00
1.085847091674804688e+01
4.829605102539062500e+00
-2.074460983276367188e+01
0.000000000000000000e+00
0.000000000000000000e+00
0.000000000000000000e+00
0.000000000000000000e+00
-1.599646148681640625e+02
-1.434555664062500000e+02
5.626082763671875000e+02
1.405830383300781250e+02
-6.538199615478515625e+01
-4.065358352661132812e+01
2.765378570556640625e+01
4.150363159179687500e+01
3.255626296997070312e+01
2.179855346679687500e+01
-7.635498046875000000e+00
-3.843666076660156250e+00
1.516563415527343750e+01
2.409495162963867188e+01
0.000000000000000000e+00
-1.422435760498046875e+01
-2.608725738525390625e+01
6.477626037597656250e+01
1.214477157592773438e+01
-5.103703689575195312e+01
-8.647079467773437500e-01
-4.617102432250976562e+01
-4.605948242187500000e+03
-3.139184570312500000e+01
-1.800063705444335938e+01
-1.012265014648437500e+01
-2.860923385620117188e+01
2.496763420104980469e+01
0.000000000000000000e+00
0.000000000000000000e+00
0.000000000000000000e+00
0.000000000000000000e+00
7.214363098144531250e+00
-1.931117630004882812e+01
-5.150280761718750000e+01
-2.862372970581054688e+01
3.588867187500000000e-02
5.254922103881835938e+01
-1.293556213378906250e+00
-4.087290191650390625e+01
6.137308120727539062e+01
-1.964024353027343750e+01
1.510177459716796875e+02
2.048388671875000000e+01
-2.760839843750000000e+01
3.230625152587890625e+00
0.000000000000000000e+00
-1.089287567138671875e+01
1.999571228027343750e+01
9.972049713134765625e+00
6.588279724121093750e+01
2.447288513183593750e+00
-1.558079910278320312e+01
-2.639491653442382812e+01
2.001328659057617188e+01
-7.942723083496093750e+01
-4.316764450073242188e+01
1.715560531616210938e+01
2.177462768554687500e+01
1.022206115722656250e+01
0.000000000000000000e+00
0.000000000000000000e+00
0.000000000000000000e+00
0.000000000000000000e+00
3.354860305786132812e+01
-2.928893661499023438e+01
-5.494824600219726562e+01
9.185371398925781250e+00
-2.136839675903320312e+01
1.128099441528320312e+01
1.847046661376953125e+01
4.961609649658203125e+01
4.398277282714843750e+00
-4.282112121582031250e-01
-6.673680114746093750e+01
1.160207366943359375e+01
4.193421936035156250e+01
-6.893521881103515625e+01
0.000000000000000000e+00
2.968850326538085938e+01
-8.660971069335937500e+01
3.334501266479492188e+01
-1.841993255615234375e+02
9.123535156250000000e+00
-1.644044113159179688e+01
7.416197204589843750e+01
-2.919243621826171875e+01
5.879502868652343750e+01
2.468135452270507812e+01
9.024047851562500000e+01
-1.296418762207031250e+01
-4.529116821289062500e+01
0.000000000000000000e+00
0.000000000000000000e+00
0.000000000000000000e+00
0.000000000000000000e+00
-1.276662826538085938e+01
5.206305694580078125e+01
-3.494853973388671875e+00
-1.071846771240234375e+01
4.875753784179687500e+01
1.906268310546875000e+01
-3.651405334472656250e+01
-7.187454223632812500e+01
2.074787139892578125e+00
-2.292161178588867188e+01
-1.173648071289062500e+01
2.892134094238281250e+01
-3.113953399658203125e+01
-3.289619445800781250e+01
0.000000000000000000e+00
8.936774444580078125e+01
-2.100765228271484375e+00
-1.329314727783203125e+02
5.965458679199218750e+01
3.153499603271484375e+00
7.569567871093750000e+01
3.758821487426757812e+01
-1.259784698486328125e+00
6.059329605102539062e+01
-2.525087738037109375e+01
1.807296562194824219e+01
-5.225901794433593750e+01
-3.968424224853515625e+01
0.000000000000000000e+00
0.000000000000000000e+00
