0.000000000000000000e+00
0.000000000000000000e+00
5.456024551391601562e+01
-6.005809402465820312e+01
1.533735961914062500e+02
3.478307495117187500e+02
-1.179907989501953125e+02
6.823400115966796875e+01
-1.633772735595703125e+02
1.185926589965820312e+02
1.848568725585937500e+02
1.753577880859375000e+02
4.067932128906250000e+02
8.951521301269531250e+01
-1.650245056152343750e+02
-1.448982543945312500e+02
0.000000000000000000e+00
3.799679946899414062e+01
2.064257431030273438e+01
-1.655464477539062500e+02
1.964239501953125000e+01
3.151147460937500000e+02
3.274252319335937500e+01
-1.377987365722656250e+02
-6.043508148193359375e+01
-1.836474609375000000e+02
4.470462036132812500e+01
-1.816411437988281250e+02
1.870552215576171875e+02
3.147931823730468750e+02
0.000000000000000000e+00
0.000000000000000000e+00
0.000000000000000000e+00
0.000000000000000000e+00
1.950799942016601562e+01
8.189183044433593750e+01
-2.347300720214843750e+02
-5.182036590576171875e+01
-3.379026794433593750e+02
-2.333137130737304688e+01
5.430368423461914062e+00
-2.142133026123046875e+02
2.729170227050781250e+02
-7.209976196289062500e+01
4.661221694946289062e+01
-3.787355957031250000e+02
-6.461956024169921875e+01
4.348341369628906250e+01
0.000000000000000000e+00
9.748877716064453125e+01
1.644017791748046875e+02
-7.699693298339843750e+01
4.141357803344726562e+01
-2.970955505371093750e+02
6.037683105468750000e+01
-5.003961181640625000e+01
-1.842105865478515625e+02
1.258913421630859375e+02
-9.809976577758789062e+00
2.139437103271484375e+01
-2.826604003906250000e+02
8.552736663818359375e+01
0.000000000000000000e+00
0.000000000000000000e+00
0.000000000000000000e+00
0.000000000000000000e+00
1.557569732666015625e+02
-1.437019958496093750e+02
1.607117156982421875e+02
8.650795745849609375e+01
-8.210777282714843750e+01
-2.295405883789062500e+02
-1.524842071533203125e+01
-2.015199432373046875e+02
-9.705226135253906250e+01
-1.663981170654296875e+02
1.317381591796875000e+02
2.477317962646484375e+02
-2.569971923828125000e+02
1.995379333496093750e+02
0.000000000000000000e+00
-1.736004943847656250e+02
2.295293731689453125e+02
-8.301551818847656250e+01
-1.407205963134765625e+02
6.882366943359375000e+01
1.151279449462890625e+02
7.336039733886718750e+01
-4.537789306640625000e+02
-1.347108917236328125e+02
2.402525634765625000e+02
1.589196777343750000e+01
1.698177490234375000e+02
-4.151875305175781250e+01
0.000000000000000000e+00
0.000000000000000000e+00
0.000000000000000000e+00
0.000000000000000000e+00
-3.027831420898437500e+02
1.621330566406250000e+02
-4.097953033447265625e+01
-4.115751647949218750e+01
8.575115966796875000e+01
-1.187012252807617188e+02
3.001740112304687500e+02
-1.811905975341796875e+02
2.576880187988281250e+02
3.416332244873046875e+01
-1.624629211425781250e+02
-1.914625091552734375e+02
-1.010398330688476562e+02
1.775621337890625000e+02
0.000000000000000000e+00
-4.199151992797851562e+00
-1.647037506103515625e+02
-1.372373046875000000e+02
-4.266410522460937500e+02
-1.473913116455078125e+02
1.192954483032226562e+02
-2.865148162841796875e+01
-3.806196212768554688e+01
-9.559328460693359375e+01
1.416973266601562500e+02
2.191114807128906250e+02
-1.985799255371093750e+02
-1.091564483642578125e+02
0.000000000000000000e+00
0.000000000000000000e+00
0.000000000000000000e+00
0.000000000000000000e+00
-1.578173522949218750e+02
-1.113380432128906250e+02
1.140120086669921875e+02
2.030077056884765625e+02
-1.333387603759765625e+02
-1.788312530517578125e+01
1.504220886230468750e+02
5.811190605163574219e+00
-3.282606506347656250e+02
1.727839050292968750e+02
2.016330566406250000e+02
6.867171478271484375e+01
-1.038345794677734375e+02
6.351058959960937500e+00
0.000000000000000000e+00
5.756069183349609375e+01
3.525653381347656250e+02
2.515161037445068359e+00
-1.099173583984375000e+02
8.291239166259765625e+01
6.482521057128906250e+00
-2.025223693847656250e+02
-8.286032867431640625e+01
-1.294417877197265625e+02
1.020183563232421875e+02
-1.171080474853515625e+02
-5.751143264770507812e+01
-2.207468109130859375e+02
0.000000000000000000e+00
0.000000000000000000e+00
0.000000000000000000e+00
0.000000000000000000e+00
2.620401306152343750e+02
-3.534454040527343750e+02
1.863921051025390625e+02
-1.765987586975097656e+01
2.267645568847656250e+02
5.599051666259765625e+01
4.771103210449218750e+02
-2.283287658691406250e+02
-1.034439849853515625e+02
-7.172520446777343750e+01
6.283137512207031250e+01
3.814168395996093750e+02
-4.589200592041015625e+01
-8.778618621826171875e+01
0.000000000000000000e+00
-1.637434692382812500e+02
4.739186477661132812e+01
5.736734390258789062e+01
-3.193243103027343750e+02
-1.052938385009765625e+02
2.864617919921875000e+02
1.646528434753417969e+01
-3.394715881347656250e+01
4.811145782470703125e+01
8.588356781005859375e+01
-4.235946655273437500e+01
-2.624104003906250000e+02
-3.151737976074218750e+02
0.000000000000000000e+00
0.000000000000000000e+00
0.000000000000000000e+00
0.000000000000000000e+00
5.462357330322265625e+01
1.474016418457031250e+02
1.735149841308593750e+02
1.432999572753906250e+02
-7.054488372802734375e+01
-1.038187103271484375e+02
1.245530395507812500e+02
-5.477118682861328125e+01
-9.097920989990234375e+01
8.343397521972656250e+01
-6.291322326660156250e+01
9.438482666015625000e+01
7.426481246948242188e-01
2.590720214843750000e+02
0.000000000000000000e+00
-1.089047927856445312e+02
7.710218429565429688e-01
3.913650131225585938e+01
1.317077636718750000e+02
-4.038926696777343750e+01
3.694062423706054688e+01
2.594905471801757812e+01
8.483973503112792969e+00
2.693647384643554688e+01
3.777290649414062500e+02
1.312061920166015625e+02
-1.826209869384765625e+02
3.351776123046875000e+00
0.000000000000000000e+00
0.000000000000000000e+00
0.000000000000000000e+00
0.000000000000000000e+00
4.605281982421875000e+02
3.953732681274414062e+01
1.641228866577148438e+01
1.696155548095703125e+02
3.977168579101562500e+02
8.926713562011718750e+01
-1.799383850097656250e+02
2.684417724609375000e+01
2.810362815856933594e+01
-2.330233612060546875e+02
-7.338364410400390625e+01
3.423467254638671875e+01
-4.295836639404296875e+01
1.269890670776367188e+02
0.000000000000000000e+00
1.627791290283203125e+02
-8.182888793945312500e+01
5.417827606201171875e+01
-2.239747238159179688e+01
-6.113500595092773438e+01
2.738215942382812500e+02
-1.598674774169921875e+02
1.419560699462890625e+02
1.178886566162109375e+02
1.304411773681640625e+02
9.388474273681640625e+01
2.676174926757812500e+02
1.499704284667968750e+02
0.000000000000000000e+00
0.000000000000000000e+00
0.000000000000000000e+00
0.000000000000000000e+00
-7.709067535400390625e+01
1.093711547851562500e+02
-1.078794860839843750e+02
-4.260561370849609375e+01
2.114365196228027344e+01
-1.127042007446289062e+02
-2.313701171875000000e+02
-6.297954177856445312e+01
-2.542944946289062500e+02
2.070370101928710938e+01
-2.685340881347656250e+01
-9.583865356445312500e+01
-2.767177734375000000e+02
2.788277282714843750e+02
0.000000000000000000e+00
1.168854370117187500e+02
-1.149093933105468750e+02
-1.400232849121093750e+02
-2.034614562988281250e+02
-1.245181941986083984e+01
7.222654724121093750e+01
1.637330017089843750e+02
4.538572692871093750e+01
1.727592468261718750e+02
2.165950012207031250e+02
7.323163986206054688e+00
-1.658906707763671875e+02
2.618917465209960938e+01
0.000000000000000000e+00
0.000000000000000000e+00
0.000000000000000000e+00
0.000000000000000000e+00
-2.964250183105468750e+02
-1.083693695068359375e+02
2.645997314453125000e+02
-1.560161285400390625e+02
-1.337582550048828125e+02
2.993790283203125000e+02
1.481279602050781250e+02
5.464814758300781250e+01
-1.536216430664062500e+02
-5.810767745971679688e+01
-4.236652526855468750e+02
-3.483595275878906250e+01
8.578519439697265625e+01
-7.707112121582031250e+01
0.000000000000000000e+00
-8.796959686279296875e+01
4.520508956909179688e+01
4.748590850830078125e+01
-9.607860565185546875e+01
1.474930267333984375e+02
1.018053817749023438e+02
3.843752288818359375e+01
-2.426465988159179688e+00
-8.879533386230468750e+01
1.963892364501953125e+02
9.560128021240234375e+01
7.787981414794921875e+01
-2.872355957031250000e+02
0.000000000000000000e+00
0.000000000000000000e+00
0.000000000000000000e+00
0.000000000000000000e+00
2.969746093750000000e+02
-3.677999877929687500e+02
1.398362579345703125e+02
-1.493300476074218750e+02
2.024255065917968750e+02
-4.230109214782714844e+00
-8.104074478149414062e+00
1.580012664794921875e+02
4.134644699096679688e+01
2.409755859375000000e+02
5.139812469482421875e+01
1.116979064941406250e+02
-1.893869972229003906e+01
-8.593683624267578125e+01
0.000000000000000000e+00
-1.076465606689453125e+01
2.106950378417968750e+02
6.638864135742187500e+01
-1.255264968872070312e+02
3.213261413574218750e+02
-1.973071441650390625e+02
3.149776000976562500e+02
1.633328704833984375e+02
-1.754173278808593750e+02
-1.864308471679687500e+02
3.863921737670898438e+01
-3.078423156738281250e+02
-2.453785552978515625e+02
0.000000000000000000e+00
0.000000000000000000e+00
0.000000000000000000e+00
0.000000000000000000e+00
-2.470220947265625000e+02
-6.533877563476562500e+01
3.841662979125976562e+01
4.365626144409179688e+01
-6.860973358154296875e+00
-6.211730575561523438e+01
1.079236145019531250e+02
-1.125175781250000000e+02
-1.962157821655273438e+01
-2.783109092712402344e+01
-2.262307586669921875e+02
9.471914291381835938e+00
-6.949687194824218750e+01
1.768144989013671875e+02
0.000000000000000000e+00
-1.333296203613281250e+02
1.903433609008789062e+01
1.899117584228515625e+02
-4.727926254272460938e+00
1.517269592285156250e+02
9.438621520996093750e+01
-6.574171447753906250e+01
1.345595703125000000e+02
-1.949037322998046875e+02
-6.657418823242187500e+01
4.592048645019531250e+01
1.773353004455566406e+01
1.501730499267578125e+02
0.000000000000000000e+00
0.000000000000000000e+00
0.000000000000000000e+00
0.000000000000000000e+00
-2.093760223388671875e+02
4.940450668334960938e+01
2.528869628906250000e+02
-1.743995513916015625e+02
5.491368484497070312e+01
2.405933227539062500e+02
-1.030130386352539062e+01
1.924460601806640625e+02
1.803268127441406250e+02
-3.697729110717773438e+01
1.953851699829101562e+01
1.752825469970703125e+02
9.999408721923828125e+00
-1.801916503906250000e+02
0.000000000000000000e+00
-1.896306304931640625e+02
9.449131774902343750e+01
8.958219146728515625e+01
-3.909471750259399414e+00
1.773396873474121094e+01
1.975829925537109375e+02
7.427909088134765625e+01
1.071956443786621094e+01
-8.478446960449218750e+01
2.866805725097656250e+02
-9.368069458007812500e+01
2.622809982299804688e+01
-5.641273498535156250e+00
0.000000000000000000e+00
0.000000000000000000e+00
0.000000000000000000e+00
0.000000000000000000e+00
-1.220043945312500000e+02
1.212660446166992188e+02
3.948735427856445312e+01
8.947221374511718750e+01
-1.446649169921875000e+02
1.099006118774414062e+02
1.374375457763671875e+02
-3.597851181030273438e+01
1.712137794494628906e+01
4.252064132690429688e+01
-9.164414978027343750e+01
1.496129760742187500e+02
3.068992614746093750e+01
5.251788330078125000e+01
0.000000000000000000e+00
-3.241953430175781250e+02
7.568043518066406250e+01
1.460392608642578125e+02
-2.888531875610351562e+01
2.094689025878906250e+02
-1.053323669433593750e+02
2.042781829833984375e+02
-4.717338180541992188e+01
-9.939996719360351562e+00
-5.321857070922851562e+01
-1.698898696899414062e+01
1.516370849609375000e+02
-1.678617477416992188e+01
0.000000000000000000e+00
0.000000000000000000e+00
0.000000000000000000e+00
0.000000000000000000e+00
3.089531898498535156e+00
-3.286331176757812500e+00
-2.883708801269531250e+02
1.901744842529296875e+02
3.821397399902343750e+01
-1.196860046386718750e+02
-1.775113220214843750e+02
-6.267981719970703125e+01
-7.780004119873046875e+01
-2.029465103149414062e+01
6.126512908935546875e+01
7.298131561279296875e+01
7.472575378417968750e+01
-1.847111663818359375e+02
0.000000000000000000e+00
-2.132029266357421875e+02
-1.830233154296875000e+02
-1.792256622314453125e+02
-1.917223968505859375e+02
-2.634719848632812500e+01
2.413606719970703125e+02
-1.017333679199218750e+02
1.497420806884765625e+02
-8.581238555908203125e+01
-7.513242340087890625e+01
2.012067565917968750e+02
-1.852907562255859375e+02
8.966645050048828125e+01
0.000000000000000000e+00
0.000000000000000000e+00
0.000000000000000000e+00
0.000000000000000000e+00
-5.187822341918945312e+00
6.144256591796875000e+01
-6.639590454101562500e+01
4.425048828125000000e-02
-6.975573730468750000e+01
-1.636736297607421875e+01
7.230243682861328125e+00
-8.029817962646484375e+01
-7.455804443359375000e+01
1.178551788330078125e+02
3.122486114501953125e+01
-9.194053649902343750e+01
-4.170044326782226562e+01
-9.295449829101562500e+01
0.000000000000000000e+00
-4.018786621093750000e+01
9.489440917968750000e+01
1.238642196655273438e+02
9.578610229492187500e+01
-8.093338012695312500e-01
1.511356811523437500e+02
-7.249650573730468750e+01
-1.165569992065429688e+02
1.954136276245117188e+01
-2.289466857910156250e-01
-1.754790191650390625e+02
1.444285888671875000e+02
-5.833611297607421875e+01
0.000000000000000000e+00
0.000000000000000000e+00
0.000000000000000000e+00
0.000000000000000000e+00
-1.095374679565429688e+01
-7.210391235351562500e+01
3.013388824462890625e+01
-9.760031127929687500e+01
-2.906772232055664062e+01
-8.025350952148437500e+01
1.076794738769531250e+02
9.097903442382812500e+01
1.171026153564453125e+02
-3.027926635742187500e+01
-1.297468719482421875e+02
1.654349060058593750e+02
2.696571350097656250e+02
-1.365192413330078125e+02
0.000000000000000000e+00
2.270567321777343750e+01
-1.508755035400390625e+02
2.128256378173828125e+02
2.019696350097656250e+02
7.526737976074218750e+01
1.820425796508789062e+01
-7.782379150390625000e+01
-1.390912246704101562e+01
-1.931967163085937500e+02
4.990272521972656250e-01
-1.050079498291015625e+02
-3.056385803222656250e+01
-1.107081604003906250e+02
0.000000000000000000e+00
0.000000000000000000e+00
0.000000000000000000e+00
0.000000000000000000e+00
-2.050590515136718750e+00
-1.442877960205078125e+01
2.924206542968750000e+01
1.567248840332031250e+02
-1.459971923828125000e+02
-5.206602096557617188e+00
1.234391632080078125e+02
1.011974029541015625e+02
-8.689618682861328125e+01
1.401977233886718750e+02
1.553431549072265625e+02
-2.333304977416992188e+01
2.113479919433593750e+02
8.951252746582031250e+01
0.000000000000000000e+00
1.246899566650390625e+02
2.608745002746582031e+01
5.429355239868164062e+01
6.398978271484375000e+02
-6.112881469726562500e+01
-1.382079772949218750e+02
-1.160978698730468750e+01
-1.384050140380859375e+02
-1.415213623046875000e+02
-3.886531829833984375e+01
-1.812502288818359375e+02
1.857026519775390625e+02
-1.871418609619140625e+02
0.000000000000000000e+00
0.000000000000000000e+00
0.000000000000000000e+00
0.000000000000000000e+00
-8.577671813964843750e+01
1.447050857543945312e+01
-2.937940216064453125e+01
2.575927734375000000e+00
1.483563995361328125e+02
-3.709531784057617188e+00
-2.826529312133789062e+01
2.523775634765625000e+02
-6.045009231567382812e+01
1.192536468505859375e+02
-7.752307128906250000e+01
1.866412544250488281e+01
2.585765991210937500e+02
1.266803359985351562e+02
0.000000000000000000e+00
4.261417770385742188e+01
-1.149075622558593750e+02
-4.326558685302734375e+01
-1.398664855957031250e+02
8.279766082763671875e+01
-2.213465118408203125e+01
1.547413330078125000e+02
6.542499542236328125e+01
1.465201110839843750e+02
-1.354958496093750000e+02
1.416174774169921875e+02
-7.699984130859375000e+02
-4.861202392578125000e+02
0.000000000000000000e+00
0.000000000000000000e+00
0.000000000000000000e+00
0.000000000000000000e+00
1.328572082519531250e+02
-3.348288345336914062e+01
-2.897195816040039062e+01
-2.879459838867187500e+02
-5.066022109985351562e+01
-2.847771301269531250e+02
7.269410705566406250e+01
-3.554714584350585938e+01
1.297650299072265625e+02
2.777848434448242188e+01
1.282670440673828125e+02
1.355370025634765625e+02
-8.975737762451171875e+01
-3.972384262084960938e+01
0.000000000000000000e+00
2.977231597900390625e+01
2.440661163330078125e+02
3.055218505859375000e+01
6.813402175903320312e+00
4.925035095214843750e+01
-6.327699661254882812e+01
1.178444900512695312e+02
3.286395874023437500e+02
-8.037433624267578125e+01
-1.161729965209960938e+02
-1.617191467285156250e+02
6.020370483398437500e+00
6.748863220214843750e+01
0.000000000000000000e+00
0.000000000000000000e+00
0.000000000000000000e+00
0.000000000000000000e+00
1.211754417419433594e+01
4.015417480468750000e+02
4.288862304687500000e+02
1.909815979003906250e+02
-1.117844848632812500e+02
5.177808380126953125e+01
6.124086380004882812e+01
2.510417175292968750e+02
1.304621696472167969e+01
1.673214111328125000e+02
-2.141327514648437500e+02
-1.166510009765625000e+02
-1.403523864746093750e+02
-8.292885589599609375e+01
0.000000000000000000e+00
2.015753784179687500e+02
1.581392364501953125e+02
5.036244583129882812e+01
-2.236573791503906250e+01
5.474433517456054688e+01
-6.153567123413085938e+01
-1.405379104614257812e+01
7.081223754882812500e+02
1.842922401428222656e+01
2.372146606445312500e+01
-6.206629180908203125e+01
7.103233337402343750e+01
-3.927914428710937500e+01
0.000000000000000000e+00
0.000000000000000000e+00
0.000000000000000000e+00
0.000000000000000000e+00
6.127746200561523438e+01
-6.038920593261718750e+01
1.193567657470703125e+01
5.779938507080078125e+01
-3.298778915405273438e+01
7.371206665039062500e+01
-1.005892944335937500e+02
-7.613596343994140625e+01
-1.294948730468750000e+02
-1.696657714843750000e+02
1.945281524658203125e+02
-8.529626464843750000e+01
-2.736438751220703125e+01
1.435924377441406250e+02
0.000000000000000000e+00
1.093662643432617188e+01
3.188546180725097656e+01
-7.105719757080078125e+01
-5.378108501434326172e+00
1.381907501220703125e+02
-3.621276473999023438e+01
-4.135129165649414062e+01
7.835762786865234375e+01
2.972977828979492188e+01
-1.074530563354492188e+02
2.262683563232421875e+02
-1.470746154785156250e+02
1.904852294921875000e+02
0.000000000000000000e+00
0.000000000000000000e+00
0.000000000000000000e+00
0.000000000000000000e+00
-2.009642639160156250e+02
1.068180465698242188e+02
9.192666625976562500e+01
1.446993064880371094e+01
1.815101242065429688e+01
-8.344517517089843750e+01
7.472790527343750000e+01
1.365361938476562500e+02
-9.763878631591796875e+01
1.977432060241699219e+01
-9.288826751708984375e+01
2.078390197753906250e+02
1.275119323730468750e+02
-2.042072296142578125e+01
0.000000000000000000e+00
-7.563432312011718750e+01
5.290437316894531250e+01
6.776423645019531250e+01
3.806156311035156250e+02
1.210539150238037109e+01
-1.615779266357421875e+02
-5.719247817993164062e+01
1.983978729248046875e+02
3.114303779602050781e+01
5.994223785400390625e+01
5.153187942504882812e+01
1.074425430297851562e+02
2.522603988647460938e+01
0.000000000000000000e+00
0.000000000000000000e+00
0.000000000000000000e+00
0.000000000000000000e+00
1.594125080108642578e+01
8.089970397949218750e+01
3.803329849243164062e+01
2.982524414062500000e+02
9.626991271972656250e+01
4.747586441040039062e+01
-3.437635421752929688e+01
4.021891021728515625e+01
-9.597406387329101562e+00
-4.364883041381835938e+01
-2.157326507568359375e+01
1.006518325805664062e+02
-1.634510040283203125e+00
2.132051086425781250e+02
0.000000000000000000e+00
-3.526715469360351562e+01
-7.722667694091796875e+01
-1.547040939331054688e+01
1.355335617065429688e+01
-9.129898071289062500e+00
-6.329212188720703125e+01
-1.367359619140625000e+02
-1.585841674804687500e+02
-7.287559509277343750e+01
-1.028055725097656250e+02
6.195711517333984375e+01
5.831327056884765625e+01
-3.935435867309570312e+01
0.000000000000000000e+00
0.000000000000000000e+00
