0.000000000000000000e+00
0.000000000000000000e+00
5.432849731445312500e+02
-6.783760375976562500e+02
1.131247924804687500e+03
5.637150878906250000e+02
-1.955984741210937500e+03
6.326605224609375000e+02
1.075032104492187500e+03
1.318764801025390625e+02
5.986643066406250000e+02
-4.536899719238281250e+02
-3.482467651367187500e+02
-1.662900512695312500e+03
-4.075870666503906250e+02
5.554897460937500000e+02
0.000000000000000000e+00
-1.201495117187500000e+03
1.937058715820312500e+02
1.969222564697265625e+02
-3.636615600585937500e+02
2.112185302734375000e+03
1.233272338867187500e+03
8.256372680664062500e+02
9.828623046875000000e+02
-6.746898803710937500e+02
6.779541778564453125e+01
-5.016752319335937500e+02
-1.736307983398437500e+03
3.656293334960937500e+02
0.000000000000000000e+00
0.000000000000000000e+00
0.000000000000000000e+00
0.000000000000000000e+00
-8.455457763671875000e+02
1.339792602539062500e+03
-6.610173950195312500e+02
2.802688598632812500e+02
6.367695312500000000e+02
-9.981981201171875000e+02
-8.398005371093750000e+02
1.318303222656250000e+03
5.817636108398437500e+01
-2.321339599609375000e+03
-5.460745239257812500e+02
1.243888183593750000e+03
1.826580322265625000e+03
1.397001464843750000e+03
0.000000000000000000e+00
-4.998139953613281250e+02
-1.725350341796875000e+03
6.693928527832031250e+01
-5.678577270507812500e+02
-6.261670532226562500e+02
-5.185206909179687500e+02
5.450971069335937500e+02
-1.104022216796875000e+03
-3.077370605468750000e+02
-9.216345214843750000e+02
1.908674682617187500e+03
-9.939671630859375000e+02
-5.940998840332031250e+01
0.000000000000000000e+00
0.000000000000000000e+00
0.000000000000000000e+00
0.000000000000000000e+00
7.933355712890625000e+02
1.703026855468750000e+03
5.204307861328125000e+02
-2.561708374023437500e+02
7.025297851562500000e+02
1.142903564453125000e+03
-1.236623153686523438e+02
-1.085724487304687500e+03
-8.293350830078125000e+02
-2.233789062500000000e+02
1.094916748046875000e+03
5.945196533203125000e+02
8.857025909423828125e+01
-4.667789001464843750e+02
0.000000000000000000e+00
7.255671386718750000e+02
-6.483346557617187500e+01
3.365624694824218750e+02
3.502467651367187500e+02
4.492063293457031250e+02
7.803424682617187500e+02
-2.142384490966796875e+02
7.093016967773437500e+02
7.507207031250000000e+02
9.965258789062500000e+02
-6.619010009765625000e+02
1.782584594726562500e+03
-1.193841857910156250e+02
0.000000000000000000e+00
0.000000000000000000e+00
0.000000000000000000e+00
0.000000000000000000e+00
-7.936019897460937500e+02
-5.377344970703125000e+02
2.172153808593750000e+03
-8.339190673828125000e+01
-3.564010925292968750e+02
-7.691414794921875000e+02
-1.375537597656250000e+03
1.058324584960937500e+03
-3.236922912597656250e+02
-3.915361633300781250e+02
6.214046630859375000e+02
8.609064331054687500e+02
6.939824829101562500e+02
1.179529296875000000e+03
0.000000000000000000e+00
5.190260009765625000e+02
4.541704406738281250e+02
3.387870483398437500e+02
-5.658202514648437500e+02
1.926776885986328125e+02
5.931728515625000000e+02
1.894116210937500000e+02
1.463632568359375000e+03
-1.516420654296875000e+03
1.429103851318359375e+02
-2.179267272949218750e+02
1.485156250000000000e+03
-7.551325683593750000e+02
0.000000000000000000e+00
0.000000000000000000e+00
0.000000000000000000e+00
0.000000000000000000e+00
1.142858886718750000e+02
-1.697484008789062500e+03
-6.788908081054687500e+02
9.314134521484375000e+02
-6.478713989257812500e+01
-5.185122070312500000e+02
2.728496398925781250e+02
-1.100716674804687500e+03
-4.692706680297851562e+01
-6.561168823242187500e+02
-1.195762695312500000e+03
2.646892700195312500e+02
-4.192285156250000000e+02
-3.559718017578125000e+02
0.000000000000000000e+00
3.021198425292968750e+02
-2.244458251953125000e+03
8.667437744140625000e+02
3.435940856933593750e+02
9.124973754882812500e+02
2.968397216796875000e+02
-4.486712951660156250e+02
-8.522958374023437500e+01
-1.871585693359375000e+02
-8.420233154296875000e+02
2.471184158325195312e+01
-8.964851684570312500e+02
-8.069921264648437500e+02
0.000000000000000000e+00
0.000000000000000000e+00
0.000000000000000000e+00
0.000000000000000000e+00
1.335778198242187500e+03
-9.338139648437500000e+02
-1.161237670898437500e+03
1.190159057617187500e+03
3.294947509765625000e+02
-7.387854614257812500e+02
1.241314697265625000e+03
1.615466308593750000e+02
4.946976928710937500e+02
-9.732619018554687500e+02
-2.431933746337890625e+02
-4.524526062011718750e+02
-1.918437500000000000e+03
1.734080444335937500e+03
0.000000000000000000e+00
-1.085336791992187500e+03
-2.811118469238281250e+02
7.293369750976562500e+02
1.067135742187500000e+03
-1.397340454101562500e+03
-4.438052673339843750e+02
3.178215026855468750e+02
-2.317232971191406250e+02
1.080571655273437500e+03
-1.637556762695312500e+03
8.367198486328125000e+02
1.064625000000000000e+03
1.369027862548828125e+02
0.000000000000000000e+00
0.000000000000000000e+00
0.000000000000000000e+00
0.000000000000000000e+00
-2.845526733398437500e+02
3.626215820312500000e+02
-1.043191986083984375e+02
-4.581330871582031250e+02
5.219880981445312500e+02
1.070965003967285156e+01
6.608868408203125000e+02
-7.307045288085937500e+02
-1.409002929687500000e+03
1.422629028320312500e+03
-1.370515625000000000e+03
7.569569702148437500e+02
-4.151353759765625000e+02
-2.057320709228515625e+02
0.000000000000000000e+00
-6.296449584960937500e+02
1.967595367431640625e+02
-1.049854614257812500e+03
5.738769531250000000e+02
-8.187188720703125000e+02
-1.085734375000000000e+03
-1.124737548828125000e+03
8.674013061523437500e+02
-1.896811523437500000e+03
5.085182189941406250e+01
-1.749109344482421875e+02
2.195980529785156250e+02
1.205501785278320312e+02
0.000000000000000000e+00
0.000000000000000000e+00
0.000000000000000000e+00
0.000000000000000000e+00
2.996181488037109375e+00
-5.726007080078125000e+02
-6.901428222656250000e+01
-5.857841796875000000e+02
-9.272051391601562500e+02
-5.583091735839843750e+01
-4.268069458007812500e+02
-1.644327148437500000e+03
-5.718268432617187500e+02
-2.170684814453125000e+01
-4.815789184570312500e+02
-1.642706298828125000e+02
1.094452148437500000e+03
8.768788452148437500e+02
0.000000000000000000e+00
8.649594116210937500e+02
-1.266234619140625000e+03
-7.621430664062500000e+02
-3.914464721679687500e+02
-1.417138061523437500e+02
7.815260009765625000e+02
-3.484642028808593750e+02
1.520312309265136719e+00
-8.172310180664062500e+02
-4.015660400390625000e+02
1.285830444335937500e+03
3.259734802246093750e+02
-8.675377807617187500e+02
0.000000000000000000e+00
0.000000000000000000e+00
0.000000000000000000e+00
0.000000000000000000e+00
5.897197265625000000e+02
-5.322293701171875000e+02
-2.426106414794921875e+02
-4.713152160644531250e+02
1.046413085937500000e+03
-7.272631225585937500e+02
2.873978576660156250e+02
-8.526315917968750000e+02
6.929613647460937500e+02
-1.037517700195312500e+03
-1.598723632812500000e+03
6.202713012695312500e+02
7.610387420654296875e+01
7.747810668945312500e+02
0.000000000000000000e+00
-1.079601928710937500e+03
7.541772460937500000e+02
1.193362792968750000e+03
-7.499910888671875000e+02
6.121771240234375000e+02
-1.287378883361816406e+01
-3.450510559082031250e+02
-1.201048828125000000e+03
3.269074096679687500e+02
-9.518026733398437500e+01
-8.223374633789062500e+02
-7.893113708496093750e+01
-9.641033935546875000e+02
0.000000000000000000e+00
0.000000000000000000e+00
0.000000000000000000e+00
0.000000000000000000e+00
3.905997924804687500e+02
-7.846442871093750000e+02
1.665975341796875000e+03
-4.579122543334960938e+01
3.468681030273437500e+02
1.318175659179687500e+03
-3.592488403320312500e+02
-1.766153106689453125e+02
-1.481703033447265625e+02
-2.932838439941406250e+02
4.945379638671875000e+02
8.285992431640625000e+02
3.963378906250000000e+01
-1.274889404296875000e+03
0.000000000000000000e+00
-2.504031982421875000e+02
3.946077270507812500e+02
3.605146179199218750e+02
-7.033864746093750000e+02
1.517949096679687500e+03
9.829238281250000000e+02
5.289931640625000000e+02
-4.959882202148437500e+02
2.209645843505859375e+02
1.659754943847656250e+02
4.251848602294921875e+01
3.378565979003906250e+01
5.886754150390625000e+02
0.000000000000000000e+00
0.000000000000000000e+00
0.000000000000000000e+00
0.000000000000000000e+00
-2.144503021240234375e+02
7.473294067382812500e+01
1.610191162109375000e+03
-1.391021118164062500e+03
-7.106691894531250000e+02
3.049732589721679688e+01
-3.213699035644531250e+02
-6.156751708984375000e+02
-8.001076660156250000e+02
-1.229421539306640625e+02
6.044924316406250000e+02
2.599054565429687500e+02
1.110194580078125000e+03
-1.042826004028320312e+02
0.000000000000000000e+00
3.728572692871093750e+02
-1.328106994628906250e+02
-4.367738952636718750e+02
4.048853149414062500e+02
-6.232618408203125000e+02
2.944006347656250000e+02
-2.287404823303222656e+01
2.761582336425781250e+02
-1.639492797851562500e+02
8.027684326171875000e+02
-1.455953216552734375e+01
1.859296112060546875e+02
4.370089416503906250e+02
0.000000000000000000e+00
0.000000000000000000e+00
0.000000000000000000e+00
0.000000000000000000e+00
4.887193298339843750e+02
-1.239038696289062500e+03
-2.152967834472656250e+02
-9.776174926757812500e+02
1.705093750000000000e+03
9.364173583984375000e+02
-1.413797729492187500e+03
1.858178863525390625e+02
-2.436154174804687500e+01
1.079099243164062500e+03
-2.032994842529296875e+02
6.479371948242187500e+02
-6.887278442382812500e+02
-2.617182922363281250e+02
0.000000000000000000e+00
9.590516357421875000e+02
5.542157592773437500e+02
2.046708221435546875e+02
-2.562707328796386719e+01
7.389853515625000000e+02
-8.689296875000000000e+02
9.427635955810546875e+01
-1.782926940917968750e+02
-8.300258636474609375e+00
1.366972412109375000e+03
-1.226165866851806641e+01
1.831357116699218750e+02
-9.273358345031738281e+00
0.000000000000000000e+00
0.000000000000000000e+00
0.000000000000000000e+00
0.000000000000000000e+00
-1.606316528320312500e+02
2.087273437500000000e+03
8.544384155273437500e+02
1.704042114257812500e+03
-3.799102478027343750e+02
4.278785400390625000e+02
1.507798950195312500e+03
-3.772656250000000000e+02
7.922743530273437500e+02
-1.311338958740234375e+02
9.868780517578125000e+01
9.490863037109375000e+02
-1.123790527343750000e+03
-7.044048309326171875e+01
0.000000000000000000e+00
-4.653620147705078125e+01
-1.151314926147460938e+02
-2.721066284179687500e+02
-2.575214233398437500e+02
-2.601846313476562500e+02
8.278510742187500000e+02
-7.040104370117187500e+02
3.448145751953125000e+02
3.519711303710937500e+02
6.111726074218750000e+02
8.516893920898437500e+02
5.120167236328125000e+02
2.591995544433593750e+02
0.000000000000000000e+00
0.000000000000000000e+00
0.000000000000000000e+00
0.000000000000000000e+00
8.588858032226562500e+02
-4.939099731445312500e+02
3.765093383789062500e+02
1.168167724609375000e+03
1.216902343750000000e+03
6.637103881835937500e+02
-9.705497436523437500e+02
6.964483642578125000e+02
2.577407226562500000e+02
1.789917114257812500e+03
4.637407226562500000e+03
7.042059570312500000e+03
7.004591796875000000e+03
1.515354370117187500e+03
0.000000000000000000e+00
1.003426391601562500e+03
2.888414306640625000e+02
3.408294067382812500e+02
-4.873503112792968750e+02
3.200833740234375000e+02
2.343073844909667969e+01
3.053314514160156250e+02
-8.236074829101562500e+01
-3.974414672851562500e+02
1.480206054687500000e+03
3.584666137695312500e+02
1.070534667968750000e+03
-1.680939788818359375e+02
0.000000000000000000e+00
0.000000000000000000e+00
0.000000000000000000e+00
0.000000000000000000e+00
1.743243652343750000e+03
-3.966284790039062500e+02
5.592142944335937500e+02
7.444733886718750000e+02
2.342417297363281250e+02
-3.615573501586914062e+01
-2.929059753417968750e+02
-5.436813354492187500e+02
-6.061003875732421875e+01
8.082120971679687500e+02
1.262732788085937500e+03
1.173459472656250000e+03
2.346637115478515625e+02
1.604831665039062500e+03
0.000000000000000000e+00
6.932940063476562500e+02
-2.796430358886718750e+02
2.312130889892578125e+02
2.075640716552734375e+02
2.070583984375000000e+03
7.470598144531250000e+02
1.370936279296875000e+02
3.405846557617187500e+02
-8.122949218750000000e+02
8.003473510742187500e+02
6.305704345703125000e+02
2.413172454833984375e+02
2.353183135986328125e+02
0.000000000000000000e+00
0.000000000000000000e+00
0.000000000000000000e+00
0.000000000000000000e+00
1.624835357666015625e+02
-8.884272575378417969e+00
-3.628837280273437500e+02
3.205984802246093750e+02
1.270493286132812500e+03
9.851863403320312500e+02
7.995169677734375000e+02
5.052691955566406250e+02
8.502348327636718750e+01
5.713711547851562500e+02
1.704282348632812500e+03
6.405579833984375000e+02
4.242735351562500000e+03
7.095204467773437500e+02
0.000000000000000000e+00
-4.862434082031250000e+02
6.223245849609375000e+02
-9.710781250000000000e+02
-9.280053100585937500e+02
2.230525665283203125e+02
1.105511718750000000e+03
4.172648315429687500e+02
7.353210449218750000e+02
7.279841918945312500e+02
7.752256774902343750e+01
1.419286743164062500e+03
1.144582290649414062e+02
5.833676757812500000e+02
0.000000000000000000e+00
0.000000000000000000e+00
0.000000000000000000e+00
0.000000000000000000e+00
1.142559960937500000e+04
6.199046875000000000e+03
4.954260559082031250e+02
1.194811035156250000e+03
-2.714825744628906250e+02
1.016628265380859375e+01
-7.176663970947265625e+01
8.454072875976562500e+02
-1.042355224609375000e+03
-1.019233322143554688e+02
-1.138085250854492188e+02
-6.603668823242187500e+02
-1.565327453613281250e+02
-3.160118713378906250e+02
0.000000000000000000e+00
2.924696044921875000e+02
-6.673173217773437500e+02
4.077951660156250000e+02
-3.893357849121093750e+01
4.408816894531250000e+03
8.601562500000000000e+03
4.757619628906250000e+03
1.227943191528320312e+02
-6.856401977539062500e+02
-6.610550537109375000e+02
1.618894287109375000e+03
3.320633239746093750e+02
1.533490905761718750e+02
0.000000000000000000e+00
0.000000000000000000e+00
0.000000000000000000e+00
0.000000000000000000e+00
-1.168911972045898438e+02
1.424965332031250000e+03
1.709961509704589844e+01
5.960583114624023438e+01
-1.367390441894531250e+02
3.776007843017578125e+01
-1.853035278320312500e+02
2.846177001953125000e+03
1.355717089843750000e+04
5.143179199218750000e+03
6.426453247070312500e+02
6.757926635742187500e+02
4.610477294921875000e+02
3.168665771484375000e+02
0.000000000000000000e+00
-2.704978637695312500e+02
-1.747243881225585938e+01
4.851380310058593750e+02
1.029471972656250000e+04
2.498531005859375000e+03
-7.662266540527343750e+01
1.052859863281250000e+03
-5.674090576171875000e+02
4.856066589355468750e+02
4.483280639648437500e+02
7.206569213867187500e+02
-2.467216949462890625e+02
1.003289794921875000e+03
0.000000000000000000e+00
0.000000000000000000e+00
0.000000000000000000e+00
0.000000000000000000e+00
6.933273315429687500e+02
2.960764160156250000e+02
-2.178179168701171875e+02
7.151110839843750000e+02
3.343979187011718750e+02
7.362953491210937500e+02
2.101641693115234375e+02
1.292765136718750000e+03
5.224114379882812500e+02
6.300814208984375000e+02
2.048681335449218750e+02
-4.922968750000000000e+02
1.637753105163574219e+01
6.381478881835937500e+02
0.000000000000000000e+00
1.560802734375000000e+03
5.121057617187500000e+03
1.563134521484375000e+03
4.797648925781250000e+02
7.132522583007812500e+02
5.859975433349609375e+01
3.341045837402343750e+02
-7.708574218750000000e+02
-1.809321880340576172e+00
5.131405029296875000e+02
4.646174804687500000e+03
7.238319335937500000e+03
5.863159667968750000e+03
0.000000000000000000e+00
0.000000000000000000e+00
0.000000000000000000e+00
0.000000000000000000e+00
-7.981968383789062500e+02
6.127125854492187500e+02
6.826873168945312500e+02
2.082897338867187500e+02
1.291755078125000000e+04
4.917575683593750000e+02
-5.098962402343750000e+02
-1.026426391601562500e+03
4.620240783691406250e+01
6.600871582031250000e+02
9.001398315429687500e+02
1.604205200195312500e+03
1.597062133789062500e+03
4.563620605468750000e+02
0.000000000000000000e+00
5.107731246948242188e+01
-9.147359008789062500e+02
2.052776184082031250e+02
-7.498074951171875000e+02
-2.944017944335937500e+02
-7.827668457031250000e+02
-1.781046600341796875e+02
-6.419455566406250000e+02
5.632870483398437500e+02
4.441861328125000000e+03
8.001346435546875000e+02
-3.774581604003906250e+02
-2.137127685546875000e+02
0.000000000000000000e+00
0.000000000000000000e+00
0.000000000000000000e+00
0.000000000000000000e+00
-7.040196533203125000e+02
5.272728515625000000e+03
1.197538574218750000e+04
6.958612304687500000e+03
-2.298266296386718750e+02
1.110668090820312500e+03
3.678554687500000000e+02
-5.912275390625000000e+02
6.318478393554687500e+02
-1.570092620849609375e+02
-2.354833984375000000e+02
6.933343505859375000e+02
2.137936035156250000e+03
7.367682495117187500e+02
0.000000000000000000e+00
-1.637336349487304688e+01
-4.053512878417968750e+02
2.386921081542968750e+02
7.159588012695312500e+02
6.514971733093261719e+00
-5.821721801757812500e+02
9.645374298095703125e+00
-1.053492578125000000e+04
1.816799682617187500e+03
6.801745605468750000e+02
1.211515014648437500e+03
5.025216064453125000e+02
8.211010742187500000e+02
0.000000000000000000e+00
0.000000000000000000e+00
0.000000000000000000e+00
0.000000000000000000e+00
4.736250976562500000e+03
1.639609130859375000e+03
-1.282159118652343750e+02
1.641073303222656250e+02
-6.657728881835937500e+02
-1.040174682617187500e+03
6.719395751953125000e+02
1.395790161132812500e+03
-1.526139984130859375e+02
2.726425781250000000e+02
5.436265136718750000e+03
9.893496093750000000e+02
-4.922777709960937500e+02
-5.525098266601562500e+02
0.000000000000000000e+00
1.687681121826171875e+02
2.339529609680175781e+01
3.399767578125000000e+03
4.745811523437500000e+03
1.046827758789062500e+03
2.647264648437500000e+03
7.429057121276855469e+00
8.117727050781250000e+02
-1.974076538085937500e+02
-6.777550659179687500e+02
8.413945312500000000e+02
7.152642822265625000e+02
3.462696228027343750e+02
0.000000000000000000e+00
0.000000000000000000e+00
0.000000000000000000e+00
0.000000000000000000e+00
-6.142442626953125000e+02
1.715779571533203125e+02
-3.387289123535156250e+02
7.100607299804687500e+02
1.193537292480468750e+02
2.655879516601562500e+02
-1.441941223144531250e+02
-7.192296142578125000e+02
4.262255554199218750e+02
1.881930541992187500e+02
7.277435913085937500e+02
4.137669982910156250e+02
-1.495424041748046875e+02
8.264191894531250000e+02
0.000000000000000000e+00
3.273862915039062500e+02
-1.313255310058593750e+02
-6.466861724853515625e+01
1.013662207031250000e+04
7.783756103515625000e+02
-4.468258056640625000e+02
1.757579040527343750e+02
-3.974058227539062500e+02
9.352383422851562500e+02
-5.019268493652343750e+02
-8.256298217773437500e+02
3.616163024902343750e+02
-3.841053466796875000e+02
0.000000000000000000e+00
0.000000000000000000e+00
0.000000000000000000e+00
0.000000000000000000e+00
9.420773315429687500e+01
3.050576477050781250e+02
1.643328552246093750e+02
-2.746731758117675781e+01
-5.772702026367187500e+02
7.229902954101562500e+02
5.025890502929687500e+02
9.835578613281250000e+02
-6.303042602539062500e+02
1.169496383666992188e+02
8.654568481445312500e+02
1.590789794921875000e+03
1.179484497070312500e+03
-2.502448425292968750e+02
0.000000000000000000e+00
-6.784003295898437500e+02
1.232359252929687500e+03
4.940038146972656250e+02
9.800283203125000000e+02
-2.217413787841796875e+02
6.690589141845703125e+01
9.168791992187500000e+03
1.285028198242187500e+03
-3.970351409912109375e+01
3.623412780761718750e+02
-1.382246551513671875e+02
1.140906250000000000e+03
5.057048950195312500e+02
0.000000000000000000e+00
0.000000000000000000e+00
