0.000000000000000000e+00
0.000000000000000000e+00
-5.867382202148437500e+02
4.301864242553710938e+01
-3.487276000976562500e+02
7.469643554687500000e+02
3.806419982910156250e+02
-7.300964355468750000e+01
-2.898004760742187500e+02
5.014290466308593750e+02
-1.800403747558593750e+02
2.041500244140625000e+02
-5.139672851562500000e+01
-3.634601745605468750e+02
-3.488391418457031250e+02
-5.371389770507812500e+02
0.000000000000000000e+00
5.836224365234375000e+02
-2.879677124023437500e+02
3.235872497558593750e+02
6.997139892578125000e+02
7.922972412109375000e+02
-1.417139816284179688e+01
8.691505432128906250e+01
4.104685058593750000e+02
1.804775085449218750e+02
2.839455871582031250e+02
1.216832275390625000e+03
-1.510718078613281250e+02
3.456976318359375000e+02
0.000000000000000000e+00
0.000000000000000000e+00
0.000000000000000000e+00
0.000000000000000000e+00
-4.808694458007812500e+02
4.227225875854492188e+01
2.753096313476562500e+02
-2.603693771362304688e+01
3.001407165527343750e+02
6.574564208984375000e+02
-5.481914672851562500e+02
2.049322967529296875e+02
-9.994421386718750000e+01
-1.064641723632812500e+03
6.943523406982421875e+01
-1.962169494628906250e+02
-6.069837036132812500e+02
-1.695915985107421875e+02
0.000000000000000000e+00
7.102192382812500000e+02
6.226238403320312500e+02
-3.093800354003906250e+02
3.700909729003906250e+02
3.814411621093750000e+02
8.014092407226562500e+02
-3.054461975097656250e+02
7.129633178710937500e+02
3.968046875000000000e+02
-5.279819335937500000e+02
-2.043784179687500000e+02
-2.964462280273437500e+02
1.317586212158203125e+02
0.000000000000000000e+00
0.000000000000000000e+00
0.000000000000000000e+00
0.000000000000000000e+00
3.571475524902343750e+02
3.600338363647460938e+01
9.641882934570312500e+02
-2.231753387451171875e+02
-1.123568344116210938e+02
2.065104980468750000e+02
-2.071904144287109375e+02
5.631827545166015625e+01
-1.987943420410156250e+02
9.004356079101562500e+02
1.214541244506835938e+01
4.824532165527343750e+02
-2.538530273437500000e+02
1.586661376953125000e+02
0.000000000000000000e+00
3.462540283203125000e+02
-3.162700500488281250e+02
-4.804658508300781250e+02
3.020087280273437500e+02
-3.112501525878906250e+02
-6.233918457031250000e+02
-4.685556030273437500e+02
2.867839965820312500e+02
4.561149978637695312e+01
-8.636435546875000000e+02
-5.917699584960937500e+02
4.077551879882812500e+02
1.942904853820800781e+01
0.000000000000000000e+00
0.000000000000000000e+00
0.000000000000000000e+00
0.000000000000000000e+00
2.288560485839843750e+02
7.139756774902343750e+01
-5.190144042968750000e+02
2.158117065429687500e+02
7.034866333007812500e+02
-8.709419555664062500e+02
-2.825367126464843750e+02
-9.809030914306640625e+01
-1.386035537719726562e+01
6.367880249023437500e+02
-6.018521499633789062e+01
3.701138916015625000e+02
-6.192290039062500000e+02
3.191248474121093750e+02
0.000000000000000000e+00
4.549496154785156250e+02
7.972517700195312500e+02
1.245851440429687500e+02
-1.768584899902343750e+02
2.602330322265625000e+02
-8.839417724609375000e+02
-1.918487243652343750e+02
2.659901123046875000e+02
-2.997555236816406250e+02
6.229935302734375000e+02
1.075515991210937500e+03
-2.404506530761718750e+02
-6.274365234375000000e+02
0.000000000000000000e+00
0.000000000000000000e+00
0.000000000000000000e+00
0.000000000000000000e+00
1.100716857910156250e+02
-1.647621154785156250e+02
4.592651977539062500e+02
5.234456176757812500e+02
-1.209007415771484375e+02
9.721007080078125000e+02
2.807010192871093750e+02
-1.512738800048828125e+02
1.589323120117187500e+02
1.882626647949218750e+02
-1.676878814697265625e+02
3.120008544921875000e+02
2.096585845947265625e+02
6.933590698242187500e+02
0.000000000000000000e+00
-3.870618896484375000e+02
1.721285858154296875e+02
6.188880004882812500e+02
1.170962524414062500e+01
-2.235790405273437500e+02
1.207016372680664062e+01
-1.461320648193359375e+02
1.598806152343750000e+02
-2.263560943603515625e+02
-1.795854339599609375e+02
7.155717773437500000e+02
9.767041015625000000e+02
-6.043936767578125000e+02
0.000000000000000000e+00
0.000000000000000000e+00
0.000000000000000000e+00
0.000000000000000000e+00
-3.001310424804687500e+02
-3.590958862304687500e+02
6.363899536132812500e+02
7.701256713867187500e+02
-3.650231933593750000e+02
4.254109802246093750e+02
-1.271001586914062500e+02
-6.999130249023437500e+02
-2.247355651855468750e+02
-1.707245635986328125e+01
-3.898268127441406250e+02
-4.733132934570312500e+01
-2.381464080810546875e+02
-5.457768630981445312e+01
0.000000000000000000e+00
-4.483248901367187500e+02
1.731846313476562500e+02
2.476949768066406250e+02
3.336873245239257812e+01
-2.032294616699218750e+02
1.236572189331054688e+02
-4.243923339843750000e+02
-3.051983261108398438e+01
6.874061279296875000e+02
9.269827880859375000e+02
-6.688100585937500000e+02
2.707338256835937500e+02
5.275696411132812500e+02
0.000000000000000000e+00
0.000000000000000000e+00
0.000000000000000000e+00
0.000000000000000000e+00
5.280965576171875000e+02
-5.934106445312500000e+01
3.075023269653320312e+01
-7.146439361572265625e+01
1.674045104980468750e+02
-7.061149597167968750e+01
-6.894251708984375000e+02
-2.961418457031250000e+02
-9.381967926025390625e+01
-1.294439239501953125e+02
-6.731937408447265625e+00
7.001270751953125000e+02
3.870363616943359375e+01
3.634425659179687500e+02
0.000000000000000000e+00
3.165453186035156250e+02
3.690805664062500000e+02
-4.736719131469726562e+00
-5.967542724609375000e+02
3.230397949218750000e+02
-3.616696548461914062e+01
4.455016784667968750e+02
-2.914053955078125000e+02
2.808031616210937500e+02
-3.751625976562500000e+02
4.593791809082031250e+02
-2.248736114501953125e+02
8.943193435668945312e+00
0.000000000000000000e+00
0.000000000000000000e+00
0.000000000000000000e+00
0.000000000000000000e+00
-1.628350372314453125e+02
1.844413299560546875e+02
-3.887559204101562500e+02
-3.373218994140625000e+02
3.911883239746093750e+02
7.401951599121093750e+01
1.767362976074218750e+02
-5.038804321289062500e+02
-2.180389862060546875e+02
2.296999053955078125e+02
2.655155944824218750e+02
-4.811650390625000000e+02
-4.174639282226562500e+02
3.734200134277343750e+02
0.000000000000000000e+00
-3.540039978027343750e+02
-6.856405639648437500e+02
-3.354062500000000000e+02
3.121529235839843750e+02
1.724555587768554688e+01
-1.856476287841796875e+02
3.151346130371093750e+02
-1.263916320800781250e+02
4.914193115234375000e+02
-2.278325271606445312e+01
2.008273620605468750e+02
-1.500762634277343750e+02
4.494524536132812500e+02
0.000000000000000000e+00
0.000000000000000000e+00
0.000000000000000000e+00
0.000000000000000000e+00
3.002543029785156250e+02
4.641531677246093750e+02
-5.994273681640625000e+02
-1.248576202392578125e+02
-2.121346588134765625e+02
4.133791198730468750e+02
9.070172119140625000e+01
4.656232299804687500e+02
-6.892058715820312500e+02
5.471804809570312500e+02
-1.468321037292480469e+01
1.570168457031250000e+02
3.698114929199218750e+02
2.721043395996093750e+02
0.000000000000000000e+00
-2.810366821289062500e+02
4.042768554687500000e+02
-1.949940490722656250e+02
1.771458282470703125e+02
-4.037731933593750000e+02
5.452207641601562500e+02
-1.222613037109375000e+03
5.667294311523437500e+02
-1.239069580078125000e+03
2.643950653076171875e+01
-4.871212005615234375e+01
5.867422485351562500e+02
-1.119612579345703125e+02
0.000000000000000000e+00
0.000000000000000000e+00
0.000000000000000000e+00
0.000000000000000000e+00
4.257068481445312500e+02
-2.312498779296875000e+02
1.792429046630859375e+02
-1.139792785644531250e+02
-8.056420898437500000e+01
-7.134944152832031250e+01
-2.119792480468750000e+02
1.148660888671875000e+02
-1.436287536621093750e+02
-3.835036468505859375e+01
2.549168777465820312e+01
3.423876342773437500e+02
1.547681045532226562e+01
5.003942489624023438e+01
0.000000000000000000e+00
-3.758092346191406250e+02
2.150134582519531250e+02
1.730157623291015625e+02
2.377683868408203125e+02
6.337970581054687500e+02
-1.710251922607421875e+02
-2.327914428710937500e+02
-2.173438415527343750e+02
-8.879224395751953125e+01
-4.812704467773437500e+02
3.939846801757812500e+01
-6.579760742187500000e+01
4.703034057617187500e+02
0.000000000000000000e+00
0.000000000000000000e+00
0.000000000000000000e+00
0.000000000000000000e+00
-3.965418090820312500e+02
-6.301470947265625000e+02
-2.480611419677734375e+02
-2.564041748046875000e+02
-8.414987945556640625e+01
-1.187938308715820312e+02
2.331773986816406250e+02
3.674317626953125000e+02
-2.817904663085937500e+01
1.912891540527343750e+02
6.093883132934570312e+01
1.227304229736328125e+02
-2.245549011230468750e+02
-2.284046936035156250e+02
0.000000000000000000e+00
2.443187408447265625e+02
6.413644409179687500e+02
7.314757690429687500e+02
9.527032470703125000e+01
-2.381549072265625000e+02
-2.215625915527343750e+02
-9.361672973632812500e+02
-3.679042816162109375e+01
-2.712318115234375000e+02
-1.616265411376953125e+02
4.036045532226562500e+02
-5.623887939453125000e+02
3.747680053710937500e+02
0.000000000000000000e+00
0.000000000000000000e+00
0.000000000000000000e+00
0.000000000000000000e+00
-4.348383483886718750e+02
4.708208618164062500e+02
-3.012891540527343750e+02
3.732862243652343750e+02
-2.943866271972656250e+02
2.706929626464843750e+02
2.506898040771484375e+02
3.840589904785156250e+02
-4.804144592285156250e+02
4.352891845703125000e+02
-1.774685516357421875e+02
-2.901703491210937500e+02
-8.933463134765625000e+02
-1.733879699707031250e+02
0.000000000000000000e+00
-4.186868286132812500e+02
-5.250385284423828125e+01
1.441658172607421875e+02
-4.415672683715820312e+01
6.717171020507812500e+02
1.564778900146484375e+02
4.531125793457031250e+02
-8.386260223388671875e+01
-7.942309570312500000e+01
4.584742126464843750e+02
-2.836247863769531250e+02
-2.744071655273437500e+02
1.366033782958984375e+02
0.000000000000000000e+00
0.000000000000000000e+00
0.000000000000000000e+00
0.000000000000000000e+00
3.017077026367187500e+02
4.332166137695312500e+02
1.885875549316406250e+02
3.307026977539062500e+02
3.189234924316406250e+02
2.179141235351562500e+02
3.335392456054687500e+02
-4.639382324218750000e+02
1.325598754882812500e+02
3.494307861328125000e+02
-5.780770874023437500e+02
1.808540039062500000e+02
-2.843751220703125000e+02
2.257271423339843750e+02
0.000000000000000000e+00
3.072354736328125000e+02
-1.471329345703125000e+02
-2.581386718750000000e+02
-4.859308471679687500e+02
-4.977415771484375000e+02
-4.495630645751953125e+01
3.049526672363281250e+02
3.310403137207031250e+02
1.673933410644531250e+02
-3.330752258300781250e+02
-7.406806640625000000e+02
3.088719482421875000e+02
3.015139160156250000e+02
0.000000000000000000e+00
0.000000000000000000e+00
0.000000000000000000e+00
0.000000000000000000e+00
-2.137894744873046875e+02
-2.522335433959960938e+01
-6.144733428955078125e+00
-6.119477539062500000e+02
8.283106079101562500e+02
-1.743702697753906250e+02
-5.308068847656250000e+02
-2.855466918945312500e+02
7.996014404296875000e+02
2.758205566406250000e+02
3.844865036010742188e+01
-2.058474731445312500e+02
5.499769287109375000e+02
-5.196787719726562500e+02
0.000000000000000000e+00
-2.794363708496093750e+02
-1.862067260742187500e+02
4.713775634765625000e+02
5.266453933715820312e+01
1.006343841552734375e+02
-7.588414001464843750e+01
-2.351358795166015625e+02
-2.257104797363281250e+02
-1.908683624267578125e+02
-3.974270324707031250e+02
-7.097255859375000000e+02
2.391382293701171875e+02
7.050754547119140625e+01
0.000000000000000000e+00
0.000000000000000000e+00
0.000000000000000000e+00
0.000000000000000000e+00
-5.420985717773437500e+02
7.525073242187500000e+01
-7.241223144531250000e+01
6.419953613281250000e+02
-9.003794860839843750e+01
7.419725799560546875e+01
-3.905538635253906250e+02
8.720170898437500000e+02
2.653340148925781250e+02
3.549798889160156250e+02
5.637622070312500000e+02
2.540527954101562500e+02
-2.523171386718750000e+02
4.458271484375000000e+02
0.000000000000000000e+00
2.627307128906250000e+01
7.379116821289062500e+01
2.275212402343750000e+02
-1.212817840576171875e+02
-3.186299743652343750e+02
1.453631591796875000e+02
4.454082641601562500e+02
1.045520782470703125e+02
2.152956237792968750e+02
4.330730590820312500e+02
1.319645843505859375e+02
-1.883868408203125000e+02
1.140711517333984375e+02
0.000000000000000000e+00
0.000000000000000000e+00
0.000000000000000000e+00
0.000000000000000000e+00
-5.472451171875000000e+02
1.760289001464843750e+02
-3.169118041992187500e+02
-5.225405273437500000e+02
-4.548897552490234375e+01
4.077913665771484375e+01
-4.688206787109375000e+02
-4.364367675781250000e+02
2.512471160888671875e+02
-3.195162353515625000e+02
1.862512054443359375e+02
-2.061174774169921875e+01
5.495138168334960938e+00
-4.403772277832031250e+02
0.000000000000000000e+00
-1.247573852539062500e+02
-1.440561580657958984e+01
8.205436401367187500e+02
3.442893371582031250e+02
3.173768615722656250e+02
9.404292602539062500e+02
-6.345768432617187500e+02
1.708423805236816406e+01
-8.660398101806640625e+01
-3.562539062500000000e+02
3.741238708496093750e+02
4.357903442382812500e+02
2.930378723144531250e+02
0.000000000000000000e+00
0.000000000000000000e+00
0.000000000000000000e+00
0.000000000000000000e+00
2.424182891845703125e+02
-5.797908401489257812e+01
3.657723999023437500e+02
1.535560150146484375e+02
1.064296188354492188e+02
1.746931838989257812e+01
2.390037231445312500e+02
-6.530703735351562500e+01
-5.353920288085937500e+02
-9.129666137695312500e+01
2.105222015380859375e+02
6.685357666015625000e+02
2.104025726318359375e+02
-3.499033508300781250e+02
0.000000000000000000e+00
-4.033753204345703125e+01
-4.772751235961914062e+01
-3.506442565917968750e+02
1.347593841552734375e+02
-5.368694458007812500e+02
-2.583637084960937500e+02
-2.792714881896972656e+01
2.075830230712890625e+02
-5.410152587890625000e+02
-2.992085571289062500e+02
-1.071727371215820312e+01
-3.158258361816406250e+02
-3.891789855957031250e+02
0.000000000000000000e+00
0.000000000000000000e+00
0.000000000000000000e+00
0.000000000000000000e+00
-7.595530700683593750e+01
-2.215389709472656250e+02
-1.287675018310546875e+02
1.757410278320312500e+02
1.542769927978515625e+02
-2.872721557617187500e+02
2.966626892089843750e+02
5.264434051513671875e+01
-3.486148071289062500e+01
4.776080932617187500e+02
-1.547287368774414062e+01
6.361091613769531250e+01
2.925243835449218750e+02
6.449061584472656250e+01
0.000000000000000000e+00
3.642376098632812500e+02
-3.351275634765625000e+02
-8.665457153320312500e+02
7.811271362304687500e+02
3.970523986816406250e+02
3.645093688964843750e+02
-1.903694763183593750e+02
-3.607022705078125000e+02
2.363340148925781250e+02
5.849872436523437500e+02
-2.857493286132812500e+02
6.259562377929687500e+02
1.502596130371093750e+02
0.000000000000000000e+00
0.000000000000000000e+00
0.000000000000000000e+00
0.000000000000000000e+00
8.056166076660156250e+01
4.895717468261718750e+02
-3.675511779785156250e+02
2.831488952636718750e+02
8.008854675292968750e+01
2.848532104492187500e+01
2.210137329101562500e+02
-4.390685119628906250e+02
3.210834655761718750e+02
2.227992858886718750e+02
3.025406074523925781e+01
-5.315660095214843750e+01
-1.134562835693359375e+02
-1.382398834228515625e+02
0.000000000000000000e+00
-1.140301666259765625e+02
-2.875124511718750000e+02
2.555919342041015625e+02
-4.946933288574218750e+02
1.442355499267578125e+02
-2.466547546386718750e+02
4.300036926269531250e+02
-3.578079528808593750e+02
1.110800933837890625e+02
2.482676239013671875e+02
1.226305160522460938e+02
9.682505493164062500e+02
-4.377716979980468750e+02
0.000000000000000000e+00
0.000000000000000000e+00
0.000000000000000000e+00
0.000000000000000000e+00
6.300387573242187500e+02
8.189428710937500000e+01
-2.343120956420898438e+01
7.093299865722656250e+01
-1.471451416015625000e+02
-1.742962341308593750e+02
-1.123368301391601562e+02
3.213414611816406250e+02
-5.817971191406250000e+02
-6.628913879394531250e+01
-3.116535339355468750e+02
-5.751168823242187500e+01
-4.430531921386718750e+02
-1.758456420898437500e+02
0.000000000000000000e+00
5.652612915039062500e+02
3.034155578613281250e+02
-6.372182006835937500e+02
-2.697633666992187500e+02
-5.259333496093750000e+02
-8.595631408691406250e+01
-2.474175262451171875e+02
4.288083496093750000e+02
2.502586059570312500e+02
1.485063476562500000e+02
1.933637847900390625e+02
-8.337034301757812500e+02
-9.805579376220703125e+01
0.000000000000000000e+00
0.000000000000000000e+00
0.000000000000000000e+00
0.000000000000000000e+00
3.805604858398437500e+02
8.881929931640625000e+02
-1.881294799804687500e+03
-7.291641845703125000e+02
2.954073791503906250e+02
-2.016467895507812500e+02
-1.281258239746093750e+02
2.035553344726562500e+03
-1.513912658691406250e+02
3.456076660156250000e+02
-4.656965026855468750e+02
-1.565713043212890625e+02
6.589901733398437500e+02
7.119883728027343750e+01
0.000000000000000000e+00
2.013190307617187500e+02
7.333883056640625000e+02
-1.173272323608398438e+01
-2.477955780029296875e+02
-6.419355010986328125e+01
-1.658870239257812500e+02
3.502065734863281250e+02
-1.201055078125000000e+04
3.935628662109375000e+02
-7.303025817871093750e+01
4.056584472656250000e+02
1.413778076171875000e+02
-4.615735626220703125e+01
0.000000000000000000e+00
0.000000000000000000e+00
0.000000000000000000e+00
0.000000000000000000e+00
-2.477729339599609375e+02
1.532960968017578125e+02
-5.847454452514648438e+01
-1.389056091308593750e+02
3.583259277343750000e+02
9.739801788330078125e+01
-6.735400390625000000e+01
-1.036278381347656250e+02
-1.927283477783203125e+02
3.958489379882812500e+02
-1.656994628906250000e+02
1.954469451904296875e+02
-2.362919921875000000e+02
-6.852775268554687500e+02
0.000000000000000000e+00
-2.071884918212890625e+01
-8.093222045898437500e+01
-1.150706253051757812e+02
5.088699951171875000e+02
-7.310040893554687500e+02
-1.944862365722656250e+02
-1.150975494384765625e+02
-1.909842224121093750e+02
3.010590744018554688e+01
2.654300231933593750e+02
2.556591796875000000e+02
-5.280886459350585938e+01
-5.710706176757812500e+02
0.000000000000000000e+00
0.000000000000000000e+00
0.000000000000000000e+00
0.000000000000000000e+00
-2.593572998046875000e+02
9.181839752197265625e+01
-2.438591003417968750e+01
4.171844100952148438e+01
-7.618981933593750000e+02
1.421024608612060547e+01
5.562242126464843750e+01
-2.875336914062500000e+02
-6.164791870117187500e+01
1.441168518066406250e+02
5.366839599609375000e+02
3.728371276855468750e+02
-1.798755073547363281e+01
-1.382651519775390625e+02
0.000000000000000000e+00
-3.863066864013671875e+01
-5.178628540039062500e+02
1.675959167480468750e+02
-4.185440368652343750e+02
5.049088134765625000e+02
-1.153271331787109375e+02
-2.002669525146484375e+02
1.878845596313476562e+01
2.438109893798828125e+02
-7.009600067138671875e+01
2.928523559570312500e+02
4.676656494140625000e+02
4.293354187011718750e+02
0.000000000000000000e+00
0.000000000000000000e+00
0.000000000000000000e+00
0.000000000000000000e+00
-2.941487426757812500e+02
-7.392921447753906250e-01
-4.147673339843750000e+02
1.454024353027343750e+02
7.285382080078125000e+01
3.297628784179687500e+01
-3.554165039062500000e+02
1.656009063720703125e+02
1.372380523681640625e+02
-4.164267578125000000e+02
-4.745240783691406250e+02
1.294638824462890625e+01
9.444080352783203125e+01
2.035736236572265625e+02
0.000000000000000000e+00
-1.264615173339843750e+02
2.101097869873046875e+01
-4.285121154785156250e+02
2.318040313720703125e+02
1.162606201171875000e+02
-3.580713806152343750e+02
-3.010378723144531250e+02
-1.648696594238281250e+02
5.389551925659179688e+01
1.523965148925781250e+02
-2.183358383178710938e+01
2.324020195007324219e+01
3.432119445800781250e+02
0.000000000000000000e+00
0.000000000000000000e+00
