0.000000000000000000e+00
0.000000000000000000e+00
5.835314941406250000e+01
1.606137207031250000e+03
4.779994201660156250e+02
-1.952102661132812500e+00
1.315889404296875000e+03
-4.373160095214843750e+02
-1.446864379882812500e+03
-2.166240234375000000e+03
-5.319448242187500000e+02
8.020075073242187500e+02
-1.043497924804687500e+03
-1.241683837890625000e+03
2.868555664062500000e+03
-1.731494750976562500e+03
0.000000000000000000e+00
1.430049072265625000e+03
7.193464965820312500e+02
1.533639831542968750e+02
-4.385103759765625000e+02
3.242583923339843750e+02
-1.494450439453125000e+03
-7.592659301757812500e+02
1.407575073242187500e+03
-4.813984680175781250e+02
1.289940307617187500e+03
-5.841929931640625000e+02
-2.157832031250000000e+03
1.653936035156250000e+03
0.000000000000000000e+00
0.000000000000000000e+00
0.000000000000000000e+00
0.000000000000000000e+00
-4.528234863281250000e+02
-6.243710327148437500e+02
2.322951171875000000e+03
-2.555542907714843750e+02
5.785406494140625000e+02
-1.254088867187500000e+03
-8.629245605468750000e+02
-9.175171508789062500e+02
-2.051416748046875000e+03
-6.040754394531250000e+02
3.199731140136718750e+02
-7.401475219726562500e+02
1.022655029296875000e+03
-1.322725585937500000e+03
0.000000000000000000e+00
-1.472623291015625000e+03
7.788631591796875000e+02
5.840856933593750000e+02
-2.256245605468750000e+03
1.174338745117187500e+03
-1.867750976562500000e+03
8.233552856445312500e+02
-7.840252075195312500e+02
-5.496760253906250000e+02
-1.882664794921875000e+03
-5.583998413085937500e+02
1.874900878906250000e+03
-1.150879882812500000e+03
0.000000000000000000e+00
0.000000000000000000e+00
0.000000000000000000e+00
0.000000000000000000e+00
-1.753241210937500000e+03
-6.654817199707031250e+01
-1.360413085937500000e+03
-1.011109313964843750e+03
1.100054565429687500e+03
-1.984112243652343750e+02
1.188547851562500000e+03
5.725725097656250000e+02
-1.464546020507812500e+03
4.680167236328125000e+02
2.773096191406250000e+03
-1.317961914062500000e+03
2.227055358886718750e+01
1.380147949218750000e+03
0.000000000000000000e+00
9.255996704101562500e+01
4.067303161621093750e+02
-3.540604248046875000e+02
-1.360629638671875000e+03
-7.536097412109375000e+02
-1.740570678710937500e+02
-4.440591430664062500e+02
9.892375488281250000e+02
-2.272053466796875000e+03
6.475540161132812500e+01
-2.799148437500000000e+03
1.329746093750000000e+03
8.870604248046875000e+02
0.000000000000000000e+00
0.000000000000000000e+00
0.000000000000000000e+00
0.000000000000000000e+00
1.866468200683593750e+02
-3.316109313964843750e+02
-5.228118286132812500e+02
4.006169433593750000e+02
-4.344532470703125000e+02
-1.329977661132812500e+03
-1.141593261718750000e+03
6.836683959960937500e+02
3.413458251953125000e+01
-2.207673034667968750e+02
-6.710986328125000000e+02
1.319340820312500000e+03
-1.743394409179687500e+03
1.693466064453125000e+03
0.000000000000000000e+00
-9.632511596679687500e+02
1.457593261718750000e+03
-2.522975097656250000e+03
2.512072143554687500e+02
-2.370937805175781250e+02
-6.269810791015625000e+02
-1.486851806640625000e+03
6.522718505859375000e+02
7.617819824218750000e+02
1.101398681640625000e+03
-2.993408203125000000e+02
9.368897705078125000e+02
8.775399169921875000e+02
0.000000000000000000e+00
0.000000000000000000e+00
0.000000000000000000e+00
0.000000000000000000e+00
-1.104974853515625000e+03
1.132940673828125000e+03
7.982261962890625000e+02
7.526746826171875000e+02
-7.484520874023437500e+02
-8.990775146484375000e+02
-3.664255981445312500e+02
4.999986267089843750e+02
1.119207397460937500e+03
-1.585593017578125000e+03
-5.655158691406250000e+02
8.337368164062500000e+02
-1.945911865234375000e+02
-1.724542236328125000e+03
0.000000000000000000e+00
-2.116906738281250000e+03
-5.133941650390625000e+02
-8.083344116210937500e+02
6.717908935546875000e+02
-5.521014404296875000e+01
3.134282226562500000e+02
8.497031250000000000e+02
-1.743608520507812500e+03
-2.118563537597656250e+02
2.304071777343750000e+03
-5.170326538085937500e+02
-1.714573852539062500e+03
2.446445617675781250e+02
0.000000000000000000e+00
0.000000000000000000e+00
0.000000000000000000e+00
0.000000000000000000e+00
3.669026794433593750e+02
2.012890014648437500e+02
-3.000272216796875000e+03
1.070586181640625000e+03
-1.327272460937500000e+03
-5.244064941406250000e+02
-8.458737182617187500e+01
-3.835670776367187500e+02
8.350288696289062500e+02
5.044993896484375000e+02
-6.886364746093750000e+02
6.927288208007812500e+02
2.542091796875000000e+03
-8.208222961425781250e+01
0.000000000000000000e+00
-1.745941894531250000e+03
-1.677241699218750000e+03
6.300506591796875000e+02
-5.395783081054687500e+02
8.622704467773437500e+02
-1.227882324218750000e+03
1.702758300781250000e+03
-1.382643554687500000e+03
-5.080656738281250000e+02
-7.270464477539062500e+02
-3.871550292968750000e+02
-1.563889404296875000e+03
-9.583741760253906250e+01
0.000000000000000000e+00
0.000000000000000000e+00
0.000000000000000000e+00
0.000000000000000000e+00
1.815805175781250000e+03
1.217326293945312500e+03
-2.374457397460937500e+02
-2.051128906250000000e+03
6.289627075195312500e+02
7.934402465820312500e+02
2.301341857910156250e+02
-6.180175781250000000e+02
-2.153582763671875000e+01
-6.501395263671875000e+02
-2.958349304199218750e+02
-1.157791748046875000e+03
-5.355079956054687500e+02
-1.408191894531250000e+03
0.000000000000000000e+00
-3.341407775878906250e+02
-1.274364929199218750e+02
1.108855102539062500e+03
5.874742431640625000e+02
2.553923828125000000e+03
-9.271551513671875000e+02
9.980692138671875000e+02
9.758004760742187500e+02
-7.180893554687500000e+02
-2.312403564453125000e+03
1.390920166015625000e+03
-1.556041992187500000e+03
-7.888082275390625000e+02
0.000000000000000000e+00
0.000000000000000000e+00
0.000000000000000000e+00
0.000000000000000000e+00
1.213547851562500000e+03
-7.823222656250000000e+02
-1.377405517578125000e+03
4.523937988281250000e+02
-1.656544952392578125e+02
-7.349526367187500000e+02
1.724883178710937500e+03
-6.907531738281250000e+02
1.682374725341796875e+02
-1.165733276367187500e+03
-4.014146118164062500e+02
-2.344226379394531250e+02
6.220909423828125000e+02
1.137048263549804688e+02
0.000000000000000000e+00
-3.557949829101562500e+02
-6.450939941406250000e+01
1.234808471679687500e+03
-6.710787963867187500e+02
-1.544430541992187500e+03
-4.190246276855468750e+02
-2.018793334960937500e+03
-3.526419677734375000e+02
-1.073872314453125000e+03
-2.043969238281250000e+03
2.595630187988281250e+02
9.666567382812500000e+02
-1.130236083984375000e+03
0.000000000000000000e+00
0.000000000000000000e+00
0.000000000000000000e+00
0.000000000000000000e+00
1.016834838867187500e+03
-1.074406982421875000e+03
-1.249957519531250000e+03
-1.336294708251953125e+02
-1.145891601562500000e+03
5.266502075195312500e+02
2.528936279296875000e+03
-1.328541259765625000e+03
-1.113523193359375000e+03
-8.214592895507812500e+02
-1.086864257812500000e+03
6.593981323242187500e+02
-2.936417236328125000e+02
1.141491622924804688e+02
0.000000000000000000e+00
-1.142072021484375000e+03
-1.582135986328125000e+03
1.344238525390625000e+03
6.169777832031250000e+02
1.144309692382812500e+02
8.403111572265625000e+02
4.214599609375000000e+00
-1.157551269531250000e+03
1.828902587890625000e+02
-1.302567871093750000e+03
-5.794318847656250000e+02
-5.443453979492187500e+02
-8.601568603515625000e+01
0.000000000000000000e+00
0.000000000000000000e+00
0.000000000000000000e+00
0.000000000000000000e+00
1.218289916992187500e+03
-9.171434326171875000e+02
3.152220703125000000e+03
-1.562518310546875000e+02
-3.820770263671875000e+00
4.232353210449218750e+02
-4.372927246093750000e+02
-3.633914794921875000e+02
-3.886440734863281250e+02
-1.163368896484375000e+03
-1.336536865234375000e+03
-6.480592651367187500e+02
5.472114257812500000e+02
8.021336059570312500e+02
0.000000000000000000e+00
5.750122070312500000e+02
8.633175659179687500e+02
1.990265502929687500e+03
-1.776446411132812500e+03
-7.422512207031250000e+02
-6.611547851562500000e+02
2.934946899414062500e+02
6.924534912109375000e+02
-8.899954223632812500e+01
2.835333862304687500e+02
3.809700317382812500e+02
5.243820800781250000e+02
-2.702486267089843750e+02
0.000000000000000000e+00
0.000000000000000000e+00
0.000000000000000000e+00
0.000000000000000000e+00
9.607288360595703125e+01
-1.603402221679687500e+03
2.282088928222656250e+02
-2.887919921875000000e+03
1.581412048339843750e+02
-6.239557495117187500e+02
-1.796353912353515625e+01
-5.515228881835937500e+02
-1.683651611328125000e+03
-1.404138031005859375e+02
-1.628555664062500000e+03
1.013844360351562500e+03
6.944537353515625000e+02
-7.186072998046875000e+02
0.000000000000000000e+00
-9.723786010742187500e+02
-1.949382812500000000e+03
8.107264404296875000e+02
-3.517027893066406250e+02
-5.808161621093750000e+02
-6.060192871093750000e+02
-9.476914062500000000e+02
-3.810209350585937500e+02
7.961472167968750000e+02
-7.913046875000000000e+02
-7.257141113281250000e+02
-6.022773437500000000e+02
7.371403198242187500e+02
0.000000000000000000e+00
0.000000000000000000e+00
0.000000000000000000e+00
0.000000000000000000e+00
4.019920043945312500e+02
-7.552304077148437500e+01
2.521606445312500000e+00
-5.027153015136718750e+02
-6.189700927734375000e+02
-1.404487060546875000e+03
6.711647949218750000e+02
-8.166370849609375000e+02
-9.143260498046875000e+02
1.666886596679687500e+03
-1.440258911132812500e+03
1.487525024414062500e+02
3.068550720214843750e+02
-1.705902099609375000e+03
0.000000000000000000e+00
1.093508300781250000e+03
2.763179931640625000e+02
-6.399865112304687500e+02
2.288568115234375000e+01
-5.848285522460937500e+02
8.278843994140625000e+02
-1.982646728515625000e+03
4.183058166503906250e+01
-1.148193115234375000e+03
-1.978804077148437500e+03
4.939889526367187500e+02
6.058256225585937500e+02
-9.508442993164062500e+02
0.000000000000000000e+00
0.000000000000000000e+00
0.000000000000000000e+00
0.000000000000000000e+00
5.462145996093750000e+01
1.335066162109375000e+03
-7.851546630859375000e+02
4.299263671875000000e+03
1.100954101562500000e+03
1.103203491210937500e+03
1.218342163085937500e+03
8.856813964843750000e+02
9.031900634765625000e+02
3.805103759765625000e+02
5.518886718750000000e+02
-1.570793334960937500e+03
-7.298008422851562500e+02
-1.458173339843750000e+03
0.000000000000000000e+00
-6.574345703125000000e+02
-8.180919647216796875e+01
1.181623046875000000e+03
-1.615916381835937500e+03
-1.007152648925781250e+03
-1.296127685546875000e+03
-6.211657104492187500e+02
-3.368233032226562500e+02
7.494780273437500000e+02
-2.747353515625000000e+02
1.331279296875000000e+03
-8.656313476562500000e+02
-1.388760498046875000e+03
0.000000000000000000e+00
0.000000000000000000e+00
0.000000000000000000e+00
0.000000000000000000e+00
1.045684814453125000e+03
1.155745361328125000e+03
1.532951904296875000e+03
2.088527679443359375e+01
-1.445530395507812500e+02
-6.572748565673828125e+01
2.101416992187500000e+03
2.606620178222656250e+02
4.485749023437500000e+03
7.098337402343750000e+03
3.017323974609375000e+03
4.484511230468750000e+03
2.510076171875000000e+03
-1.142994537353515625e+02
0.000000000000000000e+00
6.759575195312500000e+02
1.479319824218750000e+03
2.556985473632812500e+02
4.670628662109375000e+02
5.373051269531250000e+03
-4.297467041015625000e+02
1.155524902343750000e+02
3.444290161132812500e+02
-9.591918945312500000e+02
8.786086425781250000e+02
-2.119047851562500000e+02
3.814028625488281250e+02
-1.503075927734375000e+03
0.000000000000000000e+00
0.000000000000000000e+00
0.000000000000000000e+00
0.000000000000000000e+00
3.012569427490234375e+01
9.684812011718750000e+02
-9.302982177734375000e+02
-4.581350708007812500e+01
4.019305419921875000e+02
-5.038966369628906250e+02
1.085477539062500000e+03
-3.290646972656250000e+02
9.384346923828125000e+02
1.207752685546875000e+03
4.977453308105468750e+02
1.002675476074218750e+03
6.587493133544921875e+01
1.558464355468750000e+03
0.000000000000000000e+00
1.212423217773437500e+03
-6.375283050537109375e+01
5.380246582031250000e+02
1.193316406250000000e+03
1.632059082031250000e+03
2.718098144531250000e+03
7.871683349609375000e+02
7.738446655273437500e+02
3.478154907226562500e+02
1.577495605468750000e+03
3.388200683593750000e+02
1.258609497070312500e+03
1.892689514160156250e+02
0.000000000000000000e+00
0.000000000000000000e+00
0.000000000000000000e+00
0.000000000000000000e+00
4.893678710937500000e+03
-6.052133178710937500e+02
3.085602416992187500e+02
-4.265224914550781250e+02
8.176358642578125000e+02
8.830209960937500000e+02
1.505870117187500000e+03
8.164415039062500000e+03
1.534592529296875000e+03
5.516835021972656250e+01
1.528966796875000000e+03
-3.701856994628906250e+01
5.084598632812500000e+03
2.430139648437500000e+03
0.000000000000000000e+00
1.794456542968750000e+03
1.480194396972656250e+02
-3.374476013183593750e+02
-1.064339355468750000e+03
-1.242555908203125000e+03
-3.298189697265625000e+02
-2.432428222656250000e+03
1.103346801757812500e+03
-5.545889282226562500e+01
1.265446472167968750e+01
5.160618164062500000e+03
3.559967956542968750e+02
3.713377929687500000e+03
0.000000000000000000e+00
0.000000000000000000e+00
0.000000000000000000e+00
0.000000000000000000e+00
6.468789062500000000e+03
1.390730224609375000e+03
1.346836791992187500e+03
2.890053222656250000e+03
2.953427734375000000e+03
1.600679687500000000e+04
6.181073242187500000e+03
8.920483398437500000e+01
-1.314169433593750000e+03
-2.986792907714843750e+02
1.002246484375000000e+04
7.538140869140625000e+01
-4.791663208007812500e+02
4.628449401855468750e+02
0.000000000000000000e+00
3.898385742187500000e+03
2.716958496093750000e+03
1.398856353759765625e+02
-1.755496826171875000e+03
1.706975555419921875e+02
3.778960449218750000e+03
1.288310058593750000e+03
-1.071357421875000000e+03
-2.551565551757812500e+02
1.180686914062500000e+04
-4.076704345703125000e+03
6.224184570312500000e+03
5.744663085937500000e+02
0.000000000000000000e+00
0.000000000000000000e+00
0.000000000000000000e+00
0.000000000000000000e+00
-1.784763946533203125e+02
-4.709858398437500000e+02
-1.146150817871093750e+02
-4.148690185546875000e+02
-4.252209167480468750e+02
1.030095703125000000e+03
5.198764038085937500e+02
1.629292480468750000e+03
8.594805664062500000e+03
2.416729980468750000e+03
1.916753173828125000e+03
-4.390864562988281250e+02
-6.563182983398437500e+02
1.780023193359375000e+02
0.000000000000000000e+00
-4.559856567382812500e+02
9.083317871093750000e+02
-2.157483520507812500e+02
5.653381347656250000e+03
2.014885009765625000e+03
-7.948630371093750000e+02
-4.294597473144531250e+02
-1.119953491210937500e+03
-3.080331726074218750e+02
1.000188720703125000e+03
2.359747558593750000e+03
-4.911991271972656250e+02
5.352185668945312500e+02
0.000000000000000000e+00
0.000000000000000000e+00
0.000000000000000000e+00
0.000000000000000000e+00
-1.083016967773437500e+03
2.691155517578125000e+03
1.416110595703125000e+03
6.463245849609375000e+02
9.161538085937500000e+02
6.056463623046875000e+01
7.815098266601562500e+02
1.243464584350585938e+02
-3.102794189453125000e+02
3.745103149414062500e+02
-1.195401611328125000e+03
2.661707458496093750e+02
-1.044437988281250000e+03
4.409843444824218750e+02
0.000000000000000000e+00
3.398784179687500000e+02
8.166258544921875000e+02
-1.932365570068359375e+02
1.984772338867187500e+03
2.866411621093750000e+03
6.120062866210937500e+02
8.858599853515625000e+02
-2.312109680175781250e+02
-3.714606628417968750e+02
-8.685314941406250000e+02
3.204155761718750000e+03
1.443949414062500000e+04
3.493734375000000000e+03
0.000000000000000000e+00
0.000000000000000000e+00
0.000000000000000000e+00
0.000000000000000000e+00
2.444845428466796875e+02
-7.208030395507812500e+02
-1.279198608398437500e+03
-5.392368164062500000e+02
3.283576416015625000e+03
1.115414428710937500e+02
-1.582424926757812500e+02
-1.940943115234375000e+03
-7.046338500976562500e+02
1.944678649902343750e+02
2.416160583496093750e+02
1.221595230102539062e+02
-1.541333984375000000e+03
1.140724365234375000e+03
0.000000000000000000e+00
-1.032328857421875000e+03
3.418479614257812500e+02
-2.986730041503906250e+02
-1.006169006347656250e+03
7.832729492187500000e+02
5.889890136718750000e+02
1.477935546875000000e+03
6.074334716796875000e+01
-7.556211547851562500e+02
-3.487559509277343750e+01
-6.590842895507812500e+02
4.852275085449218750e+01
5.575947265625000000e+02
0.000000000000000000e+00
0.000000000000000000e+00
0.000000000000000000e+00
0.000000000000000000e+00
-4.616728210449218750e+02
7.497418212890625000e+02
4.498985351562500000e+03
4.085367187500000000e+03
1.922044433593750000e+03
-4.135832214355468750e+01
-1.612192840576171875e+02
-7.263541259765625000e+02
-5.249275207519531250e+00
-1.035012573242187500e+03
-1.745274047851562500e+02
-7.627388763427734375e+01
-8.879650268554687500e+02
2.781395568847656250e+02
0.000000000000000000e+00
-1.223615722656250000e+02
2.848543701171875000e+02
1.619581787109375000e+03
7.243834838867187500e+02
-5.865600585937500000e+02
4.633065185546875000e+02
-1.098488159179687500e+03
6.698197265625000000e+03
8.514798583984375000e+02
5.295193481445312500e+02
8.079806518554687500e+02
-2.296843566894531250e+02
1.528238983154296875e+02
0.000000000000000000e+00
0.000000000000000000e+00
0.000000000000000000e+00
0.000000000000000000e+00
1.444211181640625000e+03
3.206456604003906250e+02
-1.678603515625000000e+03
-8.452114257812500000e+02
-8.716614990234375000e+02
-6.312908935546875000e+02
6.232610473632812500e+02
2.430962219238281250e+02
3.092732238769531250e+02
-2.086223602294921875e+02
5.606975585937500000e+03
7.860417480468750000e+02
8.913046875000000000e+02
2.242788574218750000e+03
0.000000000000000000e+00
6.215428466796875000e+02
4.684748535156250000e+02
9.049240234375000000e+03
1.018063574218750000e+04
2.544153808593750000e+03
2.804869873046875000e+03
-2.016276550292968750e+02
1.547486267089843750e+02
-4.831242065429687500e+02
1.474923828125000000e+03
1.181469970703125000e+03
1.028562255859375000e+03
3.747417297363281250e+02
0.000000000000000000e+00
0.000000000000000000e+00
0.000000000000000000e+00
0.000000000000000000e+00
-4.704233703613281250e+02
7.918486328125000000e+02
7.176480712890625000e+02
8.439020385742187500e+02
2.452183074951171875e+02
1.309832885742187500e+03
1.893295532226562500e+03
9.396772460937500000e+02
3.017170898437500000e+03
1.035510742187500000e+03
6.801274414062500000e+02
1.383421875000000000e+03
6.935502319335937500e+02
6.014114761352539062e+01
0.000000000000000000e+00
1.631138305664062500e+02
8.989464111328125000e+02
1.848992614746093750e+02
6.533017578125000000e+03
1.956375366210937500e+03
6.340347900390625000e+02
-2.203999328613281250e+02
5.303108520507812500e+02
8.046541015625000000e+03
4.784093933105468750e+02
1.518233489990234375e+02
1.918150329589843750e+02
8.216644897460937500e+02
0.000000000000000000e+00
0.000000000000000000e+00
0.000000000000000000e+00
0.000000000000000000e+00
4.426269836425781250e+02
5.426973632812500000e+03
2.521035644531250000e+03
1.045944580078125000e+03
1.918943847656250000e+03
-9.726008605957031250e+01
1.560270751953125000e+03
5.757211303710937500e+02
7.789082641601562500e+02
1.302595581054687500e+03
4.439965820312500000e+03
8.860332031250000000e+03
5.615841796875000000e+03
-1.239533996582031250e+01
0.000000000000000000e+00
7.591772460937500000e+02
4.619904296875000000e+03
7.370875854492187500e+02
1.743973541259765625e+02
5.220208740234375000e+02
1.191319885253906250e+02
7.679775390625000000e+03
3.880110839843750000e+03
1.604730712890625000e+03
7.995573120117187500e+02
5.062165527343750000e+02
8.718673095703125000e+02
1.256361328125000000e+03
0.000000000000000000e+00
0.000000000000000000e+00
