0.000000000000000000e+00
0.000000000000000000e+00
-1.441864585876464844e+01
-7.966369628906250000e+01
1.387741394042968750e+02
-2.804710083007812500e+02
2.369982299804687500e+02
-2.522085418701171875e+02
-4.889259948730468750e+02
-2.068623809814453125e+02
-1.623240051269531250e+02
1.245419845581054688e+02
-8.676807403564453125e+00
1.826571350097656250e+02
6.004658126831054688e+01
-9.641435241699218750e+01
0.000000000000000000e+00
1.501692199707031250e+02
-4.051831665039062500e+02
-1.843633880615234375e+02
3.797019348144531250e+02
-3.521408996582031250e+02
-2.350922393798828125e+02
-4.289442749023437500e+02
8.272749328613281250e+01
1.135492706298828125e+02
-2.431253662109375000e+02
5.909835052490234375e+01
-1.323344116210937500e+02
2.221432495117187500e+02
0.000000000000000000e+00
0.000000000000000000e+00
0.000000000000000000e+00
0.000000000000000000e+00
-4.097287902832031250e+02
-1.707679138183593750e+02
3.868991088867187500e+02
-4.594083404541015625e+01
-3.298563537597656250e+02
1.657200927734375000e+02
-8.239402770996093750e+01
-2.728548889160156250e+02
3.754080505371093750e+02
1.591119232177734375e+02
6.805923461914062500e+01
-9.259477233886718750e+01
1.036092681884765625e+02
-3.667722320556640625e+01
0.000000000000000000e+00
1.015584182739257812e+02
-1.601842651367187500e+02
-5.505931472778320312e+01
-3.827653198242187500e+02
-2.207569885253906250e+02
4.965600280761718750e+02
-3.366434326171875000e+02
-7.795610046386718750e+01
1.970888214111328125e+02
-3.985454101562500000e+02
1.838271331787109375e+02
-8.861832427978515625e+01
3.117319869995117188e+01
0.000000000000000000e+00
0.000000000000000000e+00
0.000000000000000000e+00
0.000000000000000000e+00
-2.517400360107421875e+02
-1.821723632812500000e+02
-2.904772949218750000e+02
-1.193133544921875000e+02
-3.336591491699218750e+02
2.376235656738281250e+02
1.973161926269531250e+02
2.798857116699218750e+02
-2.195107269287109375e+01
9.065988159179687500e+01
-2.741189575195312500e+01
-3.933259963989257812e+01
1.828519287109375000e+02
-4.573049926757812500e+02
0.000000000000000000e+00
-5.505438613891601562e+01
-6.639300537109375000e+01
-1.608479690551757812e+01
-4.673398590087890625e+01
1.472003784179687500e+02
-2.070506668090820312e+01
-1.162667160034179688e+02
-1.545036125183105469e+01
-1.240408325195312500e+02
1.616740722656250000e+02
5.733309936523437500e+01
1.536498107910156250e+02
1.471706542968750000e+02
0.000000000000000000e+00
0.000000000000000000e+00
0.000000000000000000e+00
0.000000000000000000e+00
3.443403015136718750e+02
-9.493621063232421875e+01
-4.002221679687500000e+01
-4.844261932373046875e+01
7.288411712646484375e+01
-1.147292900085449219e+01
1.468734359741210938e+01
-1.083613357543945312e+02
-1.474657745361328125e+02
-3.918193817138671875e+00
1.448742675781250000e+02
-3.208296966552734375e+01
-3.035638732910156250e+02
-1.551132202148437500e-01
0.000000000000000000e+00
-8.689414215087890625e+01
2.873993835449218750e+02
1.579268798828125000e+02
1.916270141601562500e+02
2.197453308105468750e+02
-1.491126060485839844e+01
2.935148620605468750e+01
3.825490417480468750e+02
-2.082223510742187500e+02
-1.368979339599609375e+02
1.708955230712890625e+02
-7.625977325439453125e+01
2.065163726806640625e+02
0.000000000000000000e+00
0.000000000000000000e+00
0.000000000000000000e+00
0.000000000000000000e+00
2.557000274658203125e+02
7.296104431152343750e+00
-1.983822250366210938e+01
9.485934448242187500e+01
-1.490247497558593750e+02
1.962006988525390625e+02
7.499417114257812500e+01
1.264673614501953125e+02
4.212925720214843750e+01
-2.019769592285156250e+02
3.887973937988281250e+02
6.130949974060058594e+00
-1.705997467041015625e+00
2.099346466064453125e+02
0.000000000000000000e+00
6.187143707275390625e+01
-3.342668914794921875e+01
-6.872106933593750000e+01
1.471386718750000000e+02
4.455846023559570312e+01
-1.418002014160156250e+02
-1.823987121582031250e+02
-1.358316497802734375e+02
-6.789321899414062500e+00
9.091035842895507812e+00
1.523911132812500000e+02
-1.528320159912109375e+02
-2.710662231445312500e+02
0.000000000000000000e+00
0.000000000000000000e+00
0.000000000000000000e+00
0.000000000000000000e+00
-1.413890838623046875e+02
-1.491178283691406250e+02
-1.707489166259765625e+02
5.088336944580078125e+01
4.474230575561523438e+01
-4.944221496582031250e+01
9.753987121582031250e+01
-1.341592216491699219e+01
-1.318772888183593750e+02
-8.721333312988281250e+01
-2.135764923095703125e+02
-4.501685714721679688e+01
-2.352194366455078125e+02
-6.369675445556640625e+01
0.000000000000000000e+00
3.821868896484375000e+02
-4.840533065795898438e+01
-8.402716064453125000e+01
-9.413029479980468750e+01
-2.294364776611328125e+02
-3.317307128906250000e+02
8.632441711425781250e+01
9.247611999511718750e+01
-2.161219635009765625e+02
-6.937098693847656250e+01
-2.960219421386718750e+02
3.133705749511718750e+02
-4.444494018554687500e+02
0.000000000000000000e+00
0.000000000000000000e+00
0.000000000000000000e+00
0.000000000000000000e+00
1.478857421875000000e+02
-2.405414123535156250e+02
-6.621195220947265625e+01
-2.299597473144531250e+02
-7.538377380371093750e+01
3.435233688354492188e+01
3.994721984863281250e+02
-1.089992523193359375e+02
2.895190429687500000e+02
4.803457641601562500e+01
1.947508811950683594e+01
-1.190734767913818359e+01
1.314819335937500000e+00
-1.767573165893554688e+01
0.000000000000000000e+00
-1.593359680175781250e+02
-1.085632781982421875e+02
4.824295806884765625e+01
-4.588650512695312500e+01
-1.621770477294921875e+02
7.481188201904296875e+01
-3.449940185546875000e+02
-7.880257415771484375e+01
-1.421043586730957031e+01
6.444793701171875000e+01
-8.890557861328125000e+01
-8.401625061035156250e+01
-1.775208282470703125e+01
0.000000000000000000e+00
0.000000000000000000e+00
0.000000000000000000e+00
0.000000000000000000e+00
1.801892547607421875e+02
-2.465760231018066406e+01
-9.427022552490234375e+01
6.665962219238281250e+01
4.115042877197265625e+01
9.079002380371093750e+01
-8.279270935058593750e+01
5.140680694580078125e+01
4.187785339355468750e+01
1.297419281005859375e+02
2.280915832519531250e+01
-4.829096984863281250e+01
6.762480163574218750e+01
2.887265625000000000e+02
0.000000000000000000e+00
-3.285153579711914062e+01
-2.670062866210937500e+02
-8.854914093017578125e+01
-1.115155181884765625e+02
1.280226287841796875e+02
-2.217952423095703125e+02
3.737324829101562500e+02
-2.604366455078125000e+02
-4.387065124511718750e+01
1.193242874145507812e+02
-2.449833068847656250e+02
-1.645007781982421875e+02
-3.138025665283203125e+01
0.000000000000000000e+00
0.000000000000000000e+00
0.000000000000000000e+00
0.000000000000000000e+00
-8.661009216308593750e+01
1.307867584228515625e+02
2.235905609130859375e+02
-1.663274993896484375e+02
2.534633026123046875e+02
-6.172373580932617188e+01
-5.165079116821289062e+01
7.051902008056640625e+01
-4.280890464782714844e+00
2.034504089355468750e+02
-1.377724456787109375e+02
2.695857238769531250e+02
1.599162960052490234e+01
-3.667939758300781250e+02
0.000000000000000000e+00
-4.117610473632812500e+02
-8.068769836425781250e+01
1.009993553161621094e+01
1.869472503662109375e+02
-7.139958953857421875e+01
2.295888061523437500e+02
8.897970581054687500e+01
-1.956757049560546875e+02
1.240935821533203125e+02
2.041887092590332031e+01
6.202465057373046875e+00
1.639587974548339844e+01
5.965638732910156250e+01
0.000000000000000000e+00
0.000000000000000000e+00
0.000000000000000000e+00
0.000000000000000000e+00
1.965917205810546875e+02
3.596566200256347656e+00
-1.113740997314453125e+02
-5.656050109863281250e+01
1.089143295288085938e+02
3.124686279296875000e+02
7.975120544433593750e+00
-2.084964294433593750e+02
-1.471967315673828125e+02
1.024648742675781250e+02
-2.524985809326171875e+02
-1.212502746582031250e+02
-1.041318664550781250e+02
6.508730316162109375e+01
0.000000000000000000e+00
-1.906616210937500000e+02
8.984178924560546875e+01
-1.172267684936523438e+02
1.477235565185546875e+02
-2.090408782958984375e+02
7.855999755859375000e+01
1.682859420776367188e+00
-1.466214294433593750e+02
-1.311919403076171875e+02
-2.788189392089843750e+02
-1.142175388336181641e+01
1.619449234008789062e+01
-3.224438171386718750e+02
0.000000000000000000e+00
0.000000000000000000e+00
0.000000000000000000e+00
0.000000000000000000e+00
-1.207768554687500000e+02
-9.378885650634765625e+01
-1.227895355224609375e+02
-1.211642456054687500e+02
-3.066615676879882812e+01
2.805508422851562500e+01
-1.848315582275390625e+02
-2.120382537841796875e+02
8.298429870605468750e+01
-1.214449005126953125e+02
7.352892303466796875e+01
1.044230194091796875e+02
3.354986953735351562e+01
5.836256027221679688e+01
0.000000000000000000e+00
2.190874328613281250e+02
-4.762995910644531250e+01
1.100864028930664062e+01
2.072721405029296875e+02
8.222778320312500000e+01
-1.396558837890625000e+02
-1.827550048828125000e+02
-2.111280250549316406e+01
1.826176910400390625e+02
-1.001510772705078125e+02
1.160399932861328125e+02
2.442620391845703125e+02
9.489772033691406250e+01
0.000000000000000000e+00
0.000000000000000000e+00
0.000000000000000000e+00
0.000000000000000000e+00
3.438959350585937500e+02
5.421394348144531250e+01
2.232636871337890625e+02
-1.463062858581542969e+01
8.542508697509765625e+01
1.826330718994140625e+02
1.356697463989257812e+01
-1.250089874267578125e+02
1.991446533203125000e+02
-5.567256927490234375e+01
-2.465382537841796875e+02
-2.575942382812500000e+02
1.907670135498046875e+02
-1.451085815429687500e+02
0.000000000000000000e+00
8.479095458984375000e+01
-1.179971008300781250e+02
-9.639492797851562500e+01
6.327051544189453125e+01
1.474009552001953125e+02
-3.903630828857421875e+01
5.312268829345703125e+01
-9.494979858398437500e+01
-1.677814865112304688e+01
-1.565436096191406250e+02
3.769346618652343750e+01
-1.273643798828125000e+02
-4.501972961425781250e+01
0.000000000000000000e+00
0.000000000000000000e+00
0.000000000000000000e+00
0.000000000000000000e+00
-4.633325958251953125e+01
2.550928497314453125e+01
-1.129438018798828125e+02
1.126449050903320312e+02
1.243389663696289062e+02
1.059941787719726562e+02
-2.604518432617187500e+02
1.174267272949218750e+02
9.375512695312500000e+01
2.562766418457031250e+02
-5.715024185180664062e+01
1.448313293457031250e+02
1.841050148010253906e+01
-2.405544891357421875e+02
0.000000000000000000e+00
-2.614743652343750000e+02
1.555890045166015625e+02
-2.491013183593750000e+02
7.242231750488281250e+01
-3.579173583984375000e+02
-1.872965621948242188e+01
-6.437954711914062500e+01
1.119183349609375000e+02
-6.270312500000000000e+01
-1.016681747436523438e+02
2.797396850585937500e+02
1.076116256713867188e+02
-1.389448852539062500e+02
0.000000000000000000e+00
0.000000000000000000e+00
0.000000000000000000e+00
0.000000000000000000e+00
1.288327884674072266e+01
4.985858154296875000e+01
8.304630279541015625e+01
-2.576293945312500000e+02
-3.756122589111328125e+01
-8.737564086914062500e+01
2.713697509765625000e+02
-2.914816284179687500e+01
-6.673824310302734375e+01
2.991611862182617188e+01
1.440924682617187500e+02
-2.329893188476562500e+02
-1.412571563720703125e+02
4.226179504394531250e+01
0.000000000000000000e+00
-2.297951698303222656e+01
-4.989561080932617188e+01
-2.985615234375000000e+02
-4.017469406127929688e+01
4.335993194580078125e+01
-1.541620159149169922e+01
2.355876922607421875e+02
-5.585797500610351562e+01
1.006827621459960938e+02
1.674925384521484375e+02
1.873053283691406250e+02
-9.143777465820312500e+01
2.007633666992187500e+02
0.000000000000000000e+00
0.000000000000000000e+00
0.000000000000000000e+00
0.000000000000000000e+00
-1.841395568847656250e+02
1.824829406738281250e+02
-1.443710479736328125e+02
8.889993286132812500e+01
8.282130432128906250e+01
3.239879989624023438e+01
-1.045153045654296875e+02
4.253748703002929688e+01
1.514193439483642578e+01
-1.719764404296875000e+02
1.143731384277343750e+02
1.526264648437500000e+02
3.020633850097656250e+02
3.078211975097656250e+02
0.000000000000000000e+00
-9.105295181274414062e+00
7.921808624267578125e+01
-3.422534942626953125e+01
4.455927848815917969e+00
1.092390670776367188e+02
1.397335968017578125e+02
-1.234496994018554688e+02
5.113426589965820312e+01
-4.787574005126953125e+01
-7.062940597534179688e+00
-1.681462249755859375e+02
-7.357591629028320312e+00
1.229837799072265625e+02
0.000000000000000000e+00
0.000000000000000000e+00
0.000000000000000000e+00
0.000000000000000000e+00
-3.785930480957031250e+02
-1.107912597656250000e+02
1.517171173095703125e+02
-1.135103149414062500e+02
-2.161322937011718750e+02
-1.335395507812500000e+02
-1.177117004394531250e+02
8.664497375488281250e+01
1.373630523681640625e+01
-2.667520751953125000e+02
-1.680407714843750000e+02
4.538042449951171875e+01
-4.513007354736328125e+01
9.998512268066406250e-01
0.000000000000000000e+00
-3.130622100830078125e+01
-6.335694122314453125e+01
2.377443885803222656e+01
-2.225278015136718750e+02
1.216582031250000000e+02
6.772606658935546875e+01
3.168251647949218750e+02
-1.201926422119140625e+02
1.259451217651367188e+02
5.299213409423828125e+00
1.277859039306640625e+02
-1.682485580444335938e+01
-2.162761497497558594e+01
0.000000000000000000e+00
0.000000000000000000e+00
0.000000000000000000e+00
0.000000000000000000e+00
1.985792160034179688e+01
1.441235809326171875e+02
1.423365325927734375e+02
2.012207489013671875e+02
-1.181516494750976562e+02
-1.499538269042968750e+02
-2.353369750976562500e+02
9.090724945068359375e+01
1.800366020202636719e+01
-1.218711166381835938e+02
1.937369842529296875e+02
1.172000656127929688e+02
-4.219425201416015625e+01
-2.358189964294433594e+01
0.000000000000000000e+00
4.822672271728515625e+01
1.300465087890625000e+02
3.737010955810546875e+01
1.976287078857421875e+01
-1.073799438476562500e+02
-2.757842826843261719e+01
-1.664105377197265625e+02
-1.306878051757812500e+02
-7.414153289794921875e+01
2.053416900634765625e+02
-2.063388366699218750e+02
1.546220092773437500e+02
-1.517046813964843750e+02
0.000000000000000000e+00
0.000000000000000000e+00
0.000000000000000000e+00
0.000000000000000000e+00
1.324828948974609375e+02
-1.594283142089843750e+02
5.739669799804687500e+00
-1.521331024169921875e+02
1.352923278808593750e+02
-1.553902587890625000e+02
-9.938306808471679688e-01
-1.085130538940429688e+02
-1.697004699707031250e+02
-6.778694915771484375e+01
6.967977142333984375e+01
-1.642104644775390625e+02
-1.149911651611328125e+02
2.431686859130859375e+02
0.000000000000000000e+00
9.100843048095703125e+01
-1.122731246948242188e+02
-3.396107482910156250e+01
-4.472351989746093750e+02
2.215286636352539062e+01
-1.874851989746093750e+02
-1.746409759521484375e+02
4.010616302490234375e+01
-1.032452850341796875e+02
9.257037353515625000e+01
-7.537912750244140625e+01
6.586551666259765625e+00
-1.158972015380859375e+02
0.000000000000000000e+00
0.000000000000000000e+00
0.000000000000000000e+00
0.000000000000000000e+00
-1.686823425292968750e+02
-3.963897705078125000e+00
2.017089843750000000e+00
9.338986206054687500e+01
1.036998748779296875e+00
5.858784484863281250e+01
1.111304931640625000e+02
-2.076609802246093750e+01
2.293833160400390625e+02
-6.053010940551757812e+01
-1.676692047119140625e+02
-9.730746459960937500e+01
1.994808197021484375e+00
9.981176757812500000e+01
0.000000000000000000e+00
-2.065277099609375000e+02
-9.508503723144531250e+01
9.618935394287109375e+01
-1.395085449218750000e+02
-2.229666900634765625e+02
1.291997833251953125e+02
-7.878467559814453125e+01
-1.678056182861328125e+02
-9.986991882324218750e-01
-2.087677001953125000e+02
1.985410690307617188e+01
-1.543150634765625000e+02
1.953670959472656250e+02
0.000000000000000000e+00
0.000000000000000000e+00
0.000000000000000000e+00
0.000000000000000000e+00
-7.347927856445312500e+01
-2.522807006835937500e+02
-7.596358489990234375e+01
1.731490898132324219e+01
-2.645243530273437500e+02
7.771398162841796875e+01
-1.699174499511718750e+01
7.882248687744140625e+01
-1.596511077880859375e+02
3.119850921630859375e+01
1.152735900878906250e+02
-2.408764648437500000e+01
1.373030395507812500e+02
8.974234008789062500e+01
0.000000000000000000e+00
-3.097265625000000000e+01
1.199680137634277344e+01
3.538822174072265625e+01
3.232544860839843750e+02
-3.472022247314453125e+01
-9.035661315917968750e+01
-2.315963897705078125e+02
-9.520684814453125000e+01
2.280004501342773438e+01
1.371183471679687500e+02
3.313821105957031250e+02
-1.838280029296875000e+02
5.745971679687500000e+00
0.000000000000000000e+00
0.000000000000000000e+00
0.000000000000000000e+00
0.000000000000000000e+00
-2.753369445800781250e+02
1.596041259765625000e+02
-1.936750183105468750e+02
-6.345253753662109375e+01
2.888476257324218750e+02
2.582430725097656250e+02
4.754356765747070312e+01
4.611217498779296875e+01
-2.787409667968750000e+02
-1.470627593994140625e+01
-2.058932037353515625e+02
1.350153255462646484e+01
9.123786926269531250e+01
1.765236091613769531e+01
0.000000000000000000e+00
1.271258316040039062e+02
1.058798122406005859e+01
-1.845995788574218750e+02
1.249242305755615234e+01
6.972720336914062500e+01
1.413007202148437500e+02
-8.361372375488281250e+01
-1.550885375976562500e+03
-1.009894790649414062e+02
4.298413848876953125e+01
-1.465548706054687500e+02
-6.427441596984863281e+00
-1.752722015380859375e+02
0.000000000000000000e+00
0.000000000000000000e+00
0.000000000000000000e+00
0.000000000000000000e+00
-9.045275878906250000e+01
-6.662678527832031250e+01
1.591271972656250000e+02
1.381002426147460938e+01
8.176008224487304688e+00
3.842422485351562500e+00
7.183065795898437500e+01
1.433734741210937500e+02
1.306525707244873047e+01
-2.447969818115234375e+01
-7.508103179931640625e+01
5.642491912841796875e+01
-6.807096862792968750e+01
6.534270477294921875e+01
0.000000000000000000e+00
8.161128997802734375e+01
-4.707436370849609375e+01
2.302687072753906250e+01
1.343909606933593750e+02
8.510257720947265625e+01
-1.930855712890625000e+02
-3.144081687927246094e+01
-1.463409118652343750e+02
-1.243802642822265625e+02
-7.252682495117187500e+01
6.131643676757812500e+01
3.923197174072265625e+01
1.583091125488281250e+02
0.000000000000000000e+00
0.000000000000000000e+00
0.000000000000000000e+00
0.000000000000000000e+00
1.423813629150390625e+02
3.859035873413085938e+01
3.723368072509765625e+01
6.451520538330078125e+01
-1.314030609130859375e+02
-2.902494201660156250e+02
1.016347961425781250e+02
7.183340454101562500e+01
1.648249816894531250e+02
-3.219465637207031250e+01
5.069610977172851562e+01
1.177959747314453125e+02
4.212077331542968750e+01
6.435123443603515625e+00
0.000000000000000000e+00
-9.094734954833984375e+01
1.760777282714843750e+02
5.261210441589355469e+00
-4.572333984375000000e+02
1.323616943359375000e+02
-3.027326965332031250e+01
-5.902305221557617188e+01
-1.420854949951171875e+02
-3.831559753417968750e+01
9.784510803222656250e+01
-5.472352600097656250e+01
3.465134811401367188e+01
-9.129959106445312500e+00
0.000000000000000000e+00
0.000000000000000000e+00
0.000000000000000000e+00
0.000000000000000000e+00
-8.560538482666015625e+01
-7.438471221923828125e+01
-1.231047630310058594e+01
6.075329589843750000e+01
4.672770690917968750e+01
3.776831054687500000e+01
-1.044794654846191406e+01
-1.081105422973632812e+02
-9.459173583984375000e+01
1.114180088043212891e+00
-5.232894134521484375e+01
-1.190593032836914062e+02
7.681774902343750000e+01
8.878954315185546875e+01
0.000000000000000000e+00
2.171726226806640625e+01
-1.325805969238281250e+02
1.288046417236328125e+02
-1.097494888305664062e+02
-5.743521881103515625e+01
2.114338226318359375e+02
8.352561950683593750e+01
9.699406433105468750e+01
-3.230784225463867188e+01
9.140966033935546875e+01
6.584545898437500000e+01
1.845374603271484375e+02
-3.422676849365234375e+01
0.000000000000000000e+00
0.000000000000000000e+00
