0.000000000000000000e+00
0.000000000000000000e+00
5.676676025390625000e+02
2.800472412109375000e+02
-6.302434921264648438e+01
5.682065429687500000e+02
9.460083618164062500e+02
1.880331039428710938e+01
2.832198486328125000e+02
1.496677856445312500e+02
-1.729121704101562500e+02
1.951644897460937500e+02
7.258323669433593750e+01
8.849729919433593750e+01
1.303026123046875000e+02
-4.761148376464843750e+02
0.000000000000000000e+00
-2.506216430664062500e+02
-1.902577362060546875e+02
-2.180263671875000000e+02
6.412545776367187500e+02
6.816594238281250000e+02
5.537089843750000000e+02
2.413117675781250000e+02
1.278996658325195312e+02
3.892908935546875000e+02
4.549895629882812500e+02
1.106349792480468750e+02
4.219109497070312500e+02
5.221615982055664062e+01
0.000000000000000000e+00
0.000000000000000000e+00
0.000000000000000000e+00
0.000000000000000000e+00
-7.424714355468750000e+02
-2.936894226074218750e+02
2.324026489257812500e+02
2.342246093750000000e+02
-1.314619293212890625e+02
6.278229713439941406e+00
2.639310073852539062e+01
8.043236083984375000e+02
-5.403722534179687500e+02
4.234147338867187500e+02
-1.023768463134765625e+02
8.784452819824218750e+01
5.653588256835937500e+02
-4.620112609863281250e+02
0.000000000000000000e+00
3.950762329101562500e+02
4.266423339843750000e+02
-1.843855743408203125e+02
-5.967270660400390625e+01
7.757957458496093750e+01
5.480731201171875000e+02
-1.527943115234375000e+02
1.566303710937500000e+02
1.490193023681640625e+02
5.509336547851562500e+02
5.928250732421875000e+02
6.113599853515625000e+02
6.793714141845703125e+01
0.000000000000000000e+00
0.000000000000000000e+00
0.000000000000000000e+00
0.000000000000000000e+00
-2.336325683593750000e+02
-1.067068359375000000e+03
-3.758839111328125000e+02
-5.130585937500000000e+02
-6.951399536132812500e+02
3.127403564453125000e+02
-2.311577758789062500e+02
-3.604504394531250000e+02
9.586041259765625000e+01
4.286860351562500000e+02
-3.618235473632812500e+02
4.136773300170898438e+01
-1.293523559570312500e+02
-2.999977416992187500e+02
0.000000000000000000e+00
-6.918601226806640625e+01
2.089716033935546875e+02
-3.242542114257812500e+02
2.857232971191406250e+02
-1.615633850097656250e+02
-6.531021728515625000e+02
4.994284362792968750e+02
3.836625061035156250e+02
-1.943554687500000000e+02
1.633225708007812500e+02
-1.637387390136718750e+02
5.496491088867187500e+02
-4.873369216918945312e+00
0.000000000000000000e+00
0.000000000000000000e+00
0.000000000000000000e+00
0.000000000000000000e+00
2.918765258789062500e+02
4.402778625488281250e+02
4.671023941040039062e+01
-4.902890396118164062e+01
2.867002868652343750e+02
3.730344543457031250e+02
1.041558227539062500e+02
-3.938442230224609375e+00
3.456779785156250000e+02
-1.097610473632812500e+02
-2.012171020507812500e+02
6.678124389648437500e+02
1.837375488281250000e+02
-5.923714599609375000e+02
0.000000000000000000e+00
1.314328002929687500e+02
2.667426147460937500e+02
-1.259141311645507812e+02
-1.163421936035156250e+02
-3.719994812011718750e+02
-3.056157531738281250e+02
2.182618408203125000e+02
2.256076660156250000e+02
5.105522155761718750e+00
-1.761246185302734375e+02
4.120263977050781250e+02
-4.473260498046875000e+02
-3.377265014648437500e+02
0.000000000000000000e+00
0.000000000000000000e+00
0.000000000000000000e+00
0.000000000000000000e+00
-2.953508911132812500e+02
-3.977370910644531250e+02
7.271984863281250000e+02
-1.158700561523437500e+02
6.645230102539062500e+01
-1.413946533203125000e+02
-7.862461090087890625e+01
-9.138644409179687500e+01
-1.846694374084472656e+01
-4.835856628417968750e+02
2.205197753906250000e+02
3.568032836914062500e+02
2.706462402343750000e+02
-3.997974853515625000e+02
0.000000000000000000e+00
3.610037612915039062e+01
-7.990074157714843750e+00
-2.019873352050781250e+02
-2.990038681030273438e+01
1.233981933593750000e+02
1.416266250610351562e+01
3.201391601562500000e+02
-6.728941650390625000e+02
2.749044227600097656e+01
-4.116960449218750000e+02
2.195504760742187500e+02
4.402851867675781250e+01
2.366940002441406250e+02
0.000000000000000000e+00
0.000000000000000000e+00
0.000000000000000000e+00
0.000000000000000000e+00
-1.127024993896484375e+02
5.943880004882812500e+02
5.849399414062500000e+02
5.884755859375000000e+02
-1.036631164550781250e+02
3.880418701171875000e+02
4.212352905273437500e+02
4.537630004882812500e+02
-4.359547119140625000e+02
-5.866306762695312500e+02
-3.138630371093750000e+02
2.258670043945312500e+02
-1.974896850585937500e+02
-3.085177612304687500e+02
0.000000000000000000e+00
-5.729193878173828125e+01
7.147501373291015625e+01
-1.478487701416015625e+02
-3.530593109130859375e+01
2.125966949462890625e+02
1.107097625732421875e+01
1.375389099121093750e-01
-4.594604873657226562e+01
3.297231674194335938e+01
-1.583493652343750000e+02
-9.588613891601562500e+01
1.298729095458984375e+02
-1.408061981201171875e+01
0.000000000000000000e+00
0.000000000000000000e+00
0.000000000000000000e+00
0.000000000000000000e+00
-1.342675933837890625e+02
-3.870303955078125000e+02
2.387736511230468750e+02
-8.056643676757812500e+01
-2.514494781494140625e+02
-2.025761413574218750e+02
-5.399802246093750000e+02
6.337625503540039062e+01
-2.924121093750000000e+02
1.414889678955078125e+02
1.258945846557617188e+02
2.335566558837890625e+02
-3.192271118164062500e+02
4.637071228027343750e+02
0.000000000000000000e+00
-1.195299301147460938e+02
-1.329662704467773438e+01
-1.226948089599609375e+02
-2.084001159667968750e+02
-3.692562255859375000e+02
1.256310348510742188e+02
4.042727966308593750e+02
3.164787292480468750e+02
2.962581634521484375e+00
3.205457153320312500e+02
3.007278442382812500e+02
-1.517321929931640625e+02
5.214717102050781250e+01
0.000000000000000000e+00
0.000000000000000000e+00
0.000000000000000000e+00
0.000000000000000000e+00
5.170296020507812500e+02
-8.800759124755859375e+01
1.259448394775390625e+02
-1.191845989227294922e+01
-4.727739257812500000e+02
-1.443126220703125000e+02
-4.933254623413085938e+01
2.298340301513671875e+02
4.019995117187500000e+02
-2.028184051513671875e+02
-1.976548614501953125e+02
4.187471923828125000e+02
3.644845581054687500e+02
3.257719726562500000e+02
0.000000000000000000e+00
-1.774427642822265625e+02
8.695536041259765625e+01
2.857980651855468750e+02
4.277510833740234375e+01
-3.623045043945312500e+02
-1.330794067382812500e+02
-8.963636016845703125e+01
2.392084808349609375e+02
-8.734676361083984375e+00
2.418114013671875000e+02
1.711495399475097656e+01
2.814528503417968750e+02
5.465619506835937500e+02
0.000000000000000000e+00
0.000000000000000000e+00
0.000000000000000000e+00
0.000000000000000000e+00
-1.270364685058593750e+02
-2.495696411132812500e+02
-1.182067260742187500e+02
-1.746785736083984375e+02
2.567674560546875000e+02
3.719924926757812500e+01
-1.110706176757812500e+02
3.664638671875000000e+02
-4.017181091308593750e+02
-7.346511077880859375e+01
1.851518440246582031e+01
3.470758056640625000e+02
-5.421119384765625000e+02
7.265562133789062500e+02
0.000000000000000000e+00
-5.876819992065429688e+01
-8.172674560546875000e+01
-2.257424316406250000e+02
3.360269775390625000e+02
-4.259512329101562500e+02
7.572721862792968750e+01
2.339893493652343750e+02
4.447595825195312500e+02
2.538852081298828125e+02
-2.397625122070312500e+02
3.487046508789062500e+02
3.385320434570312500e+02
-1.837888183593750000e+02
0.000000000000000000e+00
0.000000000000000000e+00
0.000000000000000000e+00
0.000000000000000000e+00
1.284217834472656250e+02
-1.134734497070312500e+02
6.395139312744140625e+01
5.262513351440429688e+01
-2.705716552734375000e+02
2.930816268920898438e+01
7.469951629638671875e+01
-4.055928344726562500e+02
9.006600952148437500e+02
1.469903182983398438e+01
-7.327227020263671875e+01
-2.527353057861328125e+02
-1.707762908935546875e+02
3.173452148437500000e+02
0.000000000000000000e+00
-5.588735580444335938e+01
1.718892517089843750e+02
-1.371580810546875000e+02
-1.563073730468750000e+02
2.254196014404296875e+02
-4.853409423828125000e+02
-1.684401702880859375e+02
-3.575799179077148438e+01
1.655899658203125000e+02
-2.332398834228515625e+02
-2.647964859008789062e+01
-2.328173828125000000e+02
2.257487182617187500e+02
0.000000000000000000e+00
0.000000000000000000e+00
0.000000000000000000e+00
0.000000000000000000e+00
-1.522206268310546875e+02
-1.696387023925781250e+02
3.625338745117187500e+02
1.633685913085937500e+02
-2.505116577148437500e+02
-4.632482604980468750e+02
-2.967746887207031250e+02
5.825258255004882812e+01
-1.934608764648437500e+02
-4.457902908325195312e+00
2.406061248779296875e+02
-1.474145050048828125e+02
-2.421993408203125000e+02
-3.140625610351562500e+02
0.000000000000000000e+00
-1.908545684814453125e+02
4.224834594726562500e+02
-5.423551559448242188e+00
1.305723857879638672e+01
-2.850337982177734375e+01
8.545079803466796875e+01
2.702255249023437500e+02
1.041379089355468750e+02
-1.373437194824218750e+02
-1.921513824462890625e+02
-1.431167602539062500e+02
-4.615007400512695312e+01
3.729138183593750000e+01
0.000000000000000000e+00
0.000000000000000000e+00
0.000000000000000000e+00
0.000000000000000000e+00
5.309318847656250000e+02
2.940558471679687500e+02
-2.680023498535156250e+02
-2.862645263671875000e+02
-1.382138519287109375e+02
-9.900240325927734375e+01
1.119691276550292969e+01
-1.850698242187500000e+02
-1.634995727539062500e+02
-2.574398803710937500e+02
-1.198607025146484375e+02
3.634476928710937500e+02
-7.436672210693359375e+01
-6.681901855468750000e+02
0.000000000000000000e+00
-4.154647445678710938e+01
-4.181341552734375000e+02
2.538922424316406250e+02
-3.682297058105468750e+02
1.889980010986328125e+02
4.546076202392578125e+01
3.571247253417968750e+02
5.043487548828125000e+01
1.065861663818359375e+02
-1.915682220458984375e+01
-3.160981750488281250e+02
1.008840332031250000e+02
-2.083694763183593750e+02
0.000000000000000000e+00
0.000000000000000000e+00
0.000000000000000000e+00
0.000000000000000000e+00
3.875732421875000000e+01
4.497778320312500000e+01
-1.721878814697265625e+01
-3.999908142089843750e+02
6.151296234130859375e+01
-3.899523925781250000e+02
2.497195739746093750e+02
2.974620361328125000e+02
-2.574640197753906250e+02
1.396193847656250000e+02
2.192652435302734375e+02
-3.408305358886718750e+01
6.801309204101562500e+01
-5.933878784179687500e+02
0.000000000000000000e+00
2.554457702636718750e+02
2.418702697753906250e+02
2.194254760742187500e+02
-1.112650909423828125e+02
2.110804138183593750e+02
-2.453362731933593750e+02
1.086500396728515625e+02
-6.462430953979492188e+00
-1.731784057617187500e+02
4.303999633789062500e+02
-5.216022872924804688e+01
2.977741394042968750e+02
7.180749511718750000e+01
0.000000000000000000e+00
0.000000000000000000e+00
0.000000000000000000e+00
0.000000000000000000e+00
1.495493469238281250e+02
3.209847106933593750e+02
5.615162963867187500e+02
-3.672203369140625000e+02
-4.219282226562500000e+02
-7.816167449951171875e+01
8.347817993164062500e+01
4.513591766357421875e+01
-3.364847412109375000e+02
2.154614562988281250e+02
1.045056457519531250e+02
3.897276611328125000e+02
-1.713545227050781250e+02
-2.045443572998046875e+02
0.000000000000000000e+00
2.562704467773437500e+02
-6.567630004882812500e+01
-5.945184326171875000e+01
2.814612426757812500e+02
-2.072835540771484375e+02
2.649737854003906250e+02
2.730371284484863281e+01
8.506483459472656250e+01
5.001130676269531250e+01
-1.205011901855468750e+02
-1.715123291015625000e+02
-7.036460113525390625e+01
-1.149666900634765625e+02
0.000000000000000000e+00
0.000000000000000000e+00
0.000000000000000000e+00
0.000000000000000000e+00
3.261170959472656250e+02
3.047446060180664062e+01
2.614934692382812500e+02
-1.315152282714843750e+02
2.743437500000000000e+02
4.087551879882812500e+02
3.247694778442382812e+01
1.449832916259765625e+02
-1.751223907470703125e+02
-3.157698974609375000e+02
3.958268432617187500e+02
7.519960021972656250e+01
1.525732269287109375e+02
-6.177852783203125000e+02
0.000000000000000000e+00
-1.709387817382812500e+02
1.654443359375000000e+02
-1.477130432128906250e+02
2.710188903808593750e+02
1.336363067626953125e+02
-1.813219604492187500e+02
4.624306488037109375e+01
6.548451232910156250e+01
2.847617797851562500e+02
-1.404278259277343750e+02
-2.445015869140625000e+02
5.011916351318359375e+01
-8.869963073730468750e+01
0.000000000000000000e+00
0.000000000000000000e+00
0.000000000000000000e+00
0.000000000000000000e+00
1.866002502441406250e+02
5.668668365478515625e+01
5.689693069458007812e+01
2.796187973022460938e+01
-1.600359039306640625e+02
-9.436214447021484375e+01
-1.590153961181640625e+02
1.293011169433593750e+02
2.582767639160156250e+02
-1.849746704101562500e+02
2.942875671386718750e+02
2.497691345214843750e+02
1.119534378051757812e+02
1.855592651367187500e+02
0.000000000000000000e+00
-1.529605407714843750e+02
-1.125731201171875000e+02
-1.687307891845703125e+02
-2.316475677490234375e+02
-1.725887451171875000e+02
-3.804615783691406250e+02
1.159520111083984375e+02
-1.503518486022949219e+01
9.456121826171875000e+01
3.454010009765625000e+00
-2.152586975097656250e+02
-1.390147247314453125e+02
-4.471744537353515625e+01
0.000000000000000000e+00
0.000000000000000000e+00
0.000000000000000000e+00
0.000000000000000000e+00
2.326958465576171875e+01
1.458854980468750000e+02
-2.357747650146484375e+02
-1.111503524780273438e+02
2.610223999023437500e+02
3.079971313476562500e+02
2.767789001464843750e+02
-1.948917083740234375e+02
-2.459226684570312500e+02
-8.095059204101562500e+01
-2.636054077148437500e+02
9.345788574218750000e+01
2.964017333984375000e+02
3.007527160644531250e+02
0.000000000000000000e+00
3.119759826660156250e+02
-2.297130432128906250e+02
9.043081665039062500e+01
5.232568740844726562e+00
-1.318424987792968750e+02
8.435480499267578125e+01
3.006251335144042969e+00
3.480252075195312500e+02
-9.512926101684570312e+00
7.976246643066406250e+01
-1.459838256835937500e+02
6.011314697265625000e+02
-7.104095458984375000e+01
0.000000000000000000e+00
0.000000000000000000e+00
0.000000000000000000e+00
0.000000000000000000e+00
-2.121324768066406250e+02
-2.359758605957031250e+02
2.252996063232421875e+02
-2.173727874755859375e+02
2.075369415283203125e+02
-1.948381195068359375e+02
1.667654418945312500e+02
-1.178421783447265625e+02
-1.128031158447265625e+02
1.967251281738281250e+02
1.191953125000000000e+02
-5.943320846557617188e+01
-1.628470306396484375e+02
1.420090484619140625e+02
0.000000000000000000e+00
2.983636283874511719e+01
2.315970611572265625e+02
-2.164611434936523438e+01
-4.899137573242187500e+02
4.436958923339843750e+02
7.480947875976562500e+01
3.121401596069335938e+01
-3.707831420898437500e+02
-7.220219421386718750e+01
-1.403772277832031250e+02
1.541115722656250000e+02
2.499353027343750000e+02
9.080675506591796875e+01
0.000000000000000000e+00
0.000000000000000000e+00
0.000000000000000000e+00
0.000000000000000000e+00
3.719585571289062500e+02
-1.815296173095703125e+02
-1.067881774902343750e+01
3.438796234130859375e+01
1.417552185058593750e+02
9.927177429199218750e+00
-1.284150695800781250e+02
-2.534009094238281250e+02
8.579837036132812500e+01
6.121501159667968750e+01
2.247469177246093750e+02
3.508574829101562500e+02
2.297619323730468750e+02
2.287738037109375000e+02
0.000000000000000000e+00
9.018006896972656250e+01
2.572438964843750000e+02
1.834244689941406250e+02
1.351550292968750000e+02
-9.496669769287109375e+00
2.680683288574218750e+02
-2.513280944824218750e+02
2.117193222045898438e+00
4.309436035156250000e+01
-2.480256652832031250e+02
1.073155403137207031e+01
-4.441526855468750000e+03
-1.860240325927734375e+02
0.000000000000000000e+00
0.000000000000000000e+00
0.000000000000000000e+00
0.000000000000000000e+00
1.157849731445312500e+02
2.941689453125000000e+02
2.773853759765625000e+02
-1.784973297119140625e+02
2.014923095703125000e+01
-2.221310997009277344e+01
1.037896423339843750e+02
-4.298242950439453125e+01
-4.800869750976562500e+01
-3.202635498046875000e+02
-1.354250946044921875e+02
8.771831512451171875e+01
1.212288284301757812e+01
8.199243164062500000e+01
0.000000000000000000e+00
-1.461695098876953125e+02
-1.236990928649902344e+01
3.030200805664062500e+02
-4.996853637695312500e+01
-1.083732070922851562e+02
-8.045790100097656250e+01
1.716404113769531250e+02
-2.314613342285156250e+01
2.102960662841796875e+02
-2.993905029296875000e+02
1.041599349975585938e+02
1.958441467285156250e+02
2.933787841796875000e+02
0.000000000000000000e+00
0.000000000000000000e+00
0.000000000000000000e+00
0.000000000000000000e+00
-7.087347412109375000e+01
-1.373236083984375000e+02
1.047457397460937500e+03
-1.506671905517578125e+01
2.868847351074218750e+02
-3.505935058593750000e+02
2.514941101074218750e+02
7.782450561523437500e+02
-7.643375396728515625e-01
1.705097351074218750e+02
4.744360733032226562e+01
7.776328277587890625e+01
-2.916625366210937500e+02
-2.302365570068359375e+02
0.000000000000000000e+00
-3.616616516113281250e+02
-1.648443908691406250e+02
-8.867052459716796875e+01
-5.190467834472656250e+01
9.668050384521484375e+01
1.415706176757812500e+02
1.036566925048828125e+02
4.534112304687500000e+03
-7.321716308593750000e+01
-5.353292465209960938e+01
2.542531967163085938e+01
-3.716089477539062500e+02
-1.141179809570312500e+02
0.000000000000000000e+00
0.000000000000000000e+00
0.000000000000000000e+00
0.000000000000000000e+00
1.791905822753906250e+02
8.768711090087890625e-01
1.363633880615234375e+02
1.132864990234375000e+02
2.190410614013671875e+02
1.154247589111328125e+02
2.254669036865234375e+02
3.524765014648437500e+02
-1.065308151245117188e+02
-1.209945449829101562e+02
3.413649291992187500e+02
8.170361328125000000e+01
1.209083557128906250e+02
-2.680111083984375000e+02
0.000000000000000000e+00
4.071111297607421875e+01
-1.415891113281250000e+02
-3.948760986328125000e+00
1.261860809326171875e+02
1.177545471191406250e+02
2.545309143066406250e+02
-1.223629150390625000e+02
-3.373255920410156250e+01
-4.390841674804687500e+01
-1.943754577636718750e+02
2.920797424316406250e+02
-1.974485778808593750e+02
3.066152343750000000e+02
0.000000000000000000e+00
0.000000000000000000e+00
0.000000000000000000e+00
0.000000000000000000e+00
-1.205981903076171875e+02
-4.883528137207031250e+02
-3.713011169433593750e+01
-1.228781051635742188e+02
1.120499572753906250e+02
4.298810119628906250e+02
2.585178833007812500e+02
7.779301452636718750e+01
2.403298034667968750e+02
1.134329986572265625e+02
5.218156433105468750e+01
-2.367104644775390625e+02
-7.530419921875000000e+01
-1.819502563476562500e+02
0.000000000000000000e+00
-2.897295951843261719e+01
1.362225952148437500e+02
-2.072991943359375000e+02
-4.790549926757812500e+02
2.142430419921875000e+02
-2.537419128417968750e+02
1.616524353027343750e+02
-3.111487007141113281e+01
1.438087615966796875e+02
1.152873687744140625e+02
-7.769810485839843750e+01
-1.481413574218750000e+02
1.693252868652343750e+02
0.000000000000000000e+00
0.000000000000000000e+00
0.000000000000000000e+00
0.000000000000000000e+00
5.997452545166015625e+01
3.067266464233398438e+01
1.221367187500000000e+02
-1.791908264160156250e+01
-4.097610855102539062e+01
-2.491775512695312500e+02
7.566433715820312500e+01
-4.205313415527343750e+02
-3.366270141601562500e+02
-3.262301254272460938e+01
7.987643241882324219e+00
1.751677856445312500e+02
-2.466291503906250000e+02
2.913019104003906250e+02
0.000000000000000000e+00
-8.918086242675781250e+01
1.808228302001953125e+01
-2.135786437988281250e+02
-2.851075439453125000e+02
5.134774398803710938e+01
7.619736480712890625e+01
1.595625610351562500e+02
-3.361391067504882812e+00
1.358920898437500000e+02
-7.169496154785156250e+01
8.748432159423828125e+01
1.137562942504882812e+02
2.391068649291992188e+01
0.000000000000000000e+00
0.000000000000000000e+00
