0.000000000000000000e+00
0.000000000000000000e+00
9.900086059570312500e+02
-8.715386962890625000e+02
-8.169851684570312500e+02
9.451506805419921875e+01
5.895507202148437500e+02
-5.112476806640625000e+02
-8.146260986328125000e+02
-3.335207519531250000e+02
-3.199339904785156250e+02
-5.772223663330078125e+01
-2.845206909179687500e+02
9.271777954101562500e+02
-1.520799255371093750e+01
9.056380462646484375e+01
0.000000000000000000e+00
-6.268405761718750000e+02
7.724069824218750000e+02
-1.036800048828125000e+03
-6.070205688476562500e+02
4.401931762695312500e+02
1.115858032226562500e+03
9.117838745117187500e+02
-1.770953826904296875e+02
-4.860482177734375000e+02
-9.423234252929687500e+02
-8.613171386718750000e+02
-8.404791259765625000e+02
6.610264282226562500e+02
0.000000000000000000e+00
0.000000000000000000e+00
0.000000000000000000e+00
0.000000000000000000e+00
-1.369516723632812500e+03
-2.770266418457031250e+02
1.161303344726562500e+03
-1.586427368164062500e+03
9.435634765625000000e+02
4.176592407226562500e+02
8.105692749023437500e+02
-5.543969116210937500e+02
8.005006713867187500e+02
9.516156005859375000e+02
-2.007704223632812500e+03
-3.926762390136718750e+02
4.792633056640625000e+01
-3.336583251953125000e+02
0.000000000000000000e+00
-4.607887268066406250e+02
1.084642211914062500e+03
-3.355158081054687500e+02
-2.693477783203125000e+02
-3.200831604003906250e+02
2.659512023925781250e+02
-8.574595336914062500e+02
-2.327926330566406250e+02
-4.549717330932617188e+01
3.071946105957031250e+02
7.104986572265625000e+02
-1.015518737792968750e+03
7.154627685546875000e+02
0.000000000000000000e+00
0.000000000000000000e+00
0.000000000000000000e+00
0.000000000000000000e+00
-9.943225708007812500e+02
1.345600585937500000e+03
3.710338134765625000e+02
5.059842529296875000e+02
-6.136113891601562500e+02
-4.481037902832031250e+02
-2.788784790039062500e+02
2.462220306396484375e+02
5.906896362304687500e+02
6.326204833984375000e+02
-2.146627426147460938e+01
-2.040172119140625000e+02
-1.986089630126953125e+02
-6.116505737304687500e+02
0.000000000000000000e+00
7.792671508789062500e+02
4.420675048828125000e+02
3.850632934570312500e+02
1.023034240722656250e+03
1.037927734375000000e+03
1.556028594970703125e+02
3.986993408203125000e+02
-2.096459960937500000e+02
-1.054399291992187500e+03
-6.339504394531250000e+02
-4.241836547851562500e+00
4.787617187500000000e+02
2.498174438476562500e+02
0.000000000000000000e+00
0.000000000000000000e+00
0.000000000000000000e+00
0.000000000000000000e+00
3.294588012695312500e+02
-1.353808593750000000e+03
3.255325622558593750e+02
1.264020019531250000e+03
-8.570606079101562500e+02
8.164622802734375000e+02
4.321194458007812500e+02
1.138393798828125000e+03
-4.110433959960937500e+02
1.536726806640625000e+03
3.251503295898437500e+02
-2.845367431640625000e+02
-1.947111816406250000e+02
6.474953613281250000e+02
0.000000000000000000e+00
3.347908630371093750e+02
8.337246704101562500e+02
1.777817993164062500e+03
3.648068618774414062e+01
-5.694941406250000000e+02
3.817418823242187500e+02
-6.806785278320312500e+02
-1.240638275146484375e+02
-2.231285858154296875e+02
-2.071866912841796875e+02
7.874625854492187500e+02
-4.273031005859375000e+02
-1.051723999023437500e+03
0.000000000000000000e+00
0.000000000000000000e+00
0.000000000000000000e+00
0.000000000000000000e+00
1.641465911865234375e+02
-1.898934478759765625e+02
-3.836580200195312500e+02
-5.021179504394531250e+02
-1.424728088378906250e+02
3.402278137207031250e+02
3.339573974609375000e+02
-9.577014160156250000e+01
4.890340881347656250e+02
-2.500222015380859375e+02
-1.816505737304687500e+02
1.029981201171875000e+03
5.070391540527343750e+02
-1.167725219726562500e+03
0.000000000000000000e+00
2.903454284667968750e+02
-1.542894172668457031e+01
5.505730438232421875e+01
6.855202026367187500e+02
-6.466004638671875000e+02
1.374510955810546875e+02
1.253517700195312500e+03
4.372774658203125000e+02
-1.539505615234375000e+02
-2.704654541015625000e+02
-8.064341430664062500e+02
-7.517125244140625000e+02
-3.035745544433593750e+02
0.000000000000000000e+00
0.000000000000000000e+00
0.000000000000000000e+00
0.000000000000000000e+00
-6.203255615234375000e+02
5.124983520507812500e+02
8.885739746093750000e+02
2.426116638183593750e+02
-8.476362915039062500e+02
1.249713256835937500e+03
8.462076416015625000e+02
-7.667879486083984375e+01
7.409798583984375000e+02
1.018615234375000000e+03
-1.831083869934082031e+01
-1.190891601562500000e+03
-1.316117553710937500e+02
2.904852905273437500e+02
0.000000000000000000e+00
9.792191162109375000e+02
-1.240026245117187500e+03
2.349808502197265625e+02
5.792497634887695312e+01
2.806029357910156250e+02
-8.081453247070312500e+02
-1.903272857666015625e+02
-1.088611984252929688e+02
-2.384487915039062500e+02
2.118988342285156250e+02
-4.782832031250000000e+02
-2.110283355712890625e+02
2.016691589355468750e+01
0.000000000000000000e+00
0.000000000000000000e+00
0.000000000000000000e+00
0.000000000000000000e+00
-1.303757324218750000e+02
3.337814025878906250e+02
-5.319404296875000000e+02
1.335065185546875000e+03
1.038338256835937500e+03
-7.365333557128906250e+00
4.336943359375000000e+02
2.976931190490722656e+01
3.144895553588867188e+01
-5.056427917480468750e+02
8.365325927734375000e+02
-4.640111389160156250e+02
1.366367950439453125e+02
7.059978027343750000e+02
0.000000000000000000e+00
4.671791381835937500e+02
3.992823181152343750e+02
8.081275024414062500e+02
5.062828063964843750e+02
3.668381347656250000e+02
3.465010070800781250e+01
-3.363284301757812500e+02
1.674901580810546875e+02
2.823191223144531250e+02
8.131284179687500000e+02
1.019605529785156250e+03
7.761796264648437500e+02
-1.447249267578125000e+03
0.000000000000000000e+00
0.000000000000000000e+00
0.000000000000000000e+00
0.000000000000000000e+00
3.365436706542968750e+02
8.732743835449218750e+01
-7.810490722656250000e+02
8.284433746337890625e+01
-2.460557250976562500e+02
-3.682892456054687500e+02
3.121547851562500000e+02
-1.742167663574218750e+02
5.149308471679687500e+02
2.053189392089843750e+02
-6.892107543945312500e+02
1.938333892822265625e+02
-7.262089233398437500e+02
-8.069699096679687500e+02
0.000000000000000000e+00
9.992088623046875000e+02
-1.178180084228515625e+02
-7.899824218750000000e+02
-4.969493713378906250e+02
-3.604595947265625000e+02
-4.245899963378906250e+01
7.431806945800781250e+01
4.503783569335937500e+02
-1.266183662414550781e+01
-4.624965820312500000e+02
2.054138031005859375e+02
-3.453984451293945312e+01
-4.281416320800781250e+02
0.000000000000000000e+00
0.000000000000000000e+00
0.000000000000000000e+00
0.000000000000000000e+00
-8.720711669921875000e+02
3.635216979980468750e+02
6.360111618041992188e+01
1.552662506103515625e+02
-3.062703552246093750e+02
-5.848371582031250000e+02
-1.040117553710937500e+03
6.068625488281250000e+02
-1.734190368652343750e+02
1.894396667480468750e+02
-3.417868652343750000e+02
1.300462646484375000e+02
-1.176718521118164062e+01
1.041540145874023438e+00
0.000000000000000000e+00
5.527357788085937500e+02
-7.960733642578125000e+02
-8.410784912109375000e+02
5.123240966796875000e+02
7.773301696777343750e+01
-1.431092407226562500e+03
1.143805541992187500e+02
-1.968630676269531250e+02
1.068366241455078125e+02
1.287962890625000000e+03
-5.700052642822265625e+01
-4.520022888183593750e+02
-3.024479675292968750e+02
0.000000000000000000e+00
0.000000000000000000e+00
0.000000000000000000e+00
0.000000000000000000e+00
1.646569824218750000e+01
-3.144112243652343750e+02
5.319957275390625000e+02
-3.032599487304687500e+02
-7.364875488281250000e+02
6.013793945312500000e-01
-1.472618865966796875e+02
-3.783567199707031250e+02
2.874354171752929688e+01
5.232269287109375000e+02
-4.012676086425781250e+02
-3.639548339843750000e+02
-2.625188827514648438e+01
-1.830453109741210938e+01
0.000000000000000000e+00
9.445180053710937500e+02
6.144650650024414062e+01
6.532413940429687500e+02
-7.620710449218750000e+02
-2.959019165039062500e+02
2.711941909790039062e+01
1.977357788085937500e+02
6.500434570312500000e+02
4.889456787109375000e+02
3.166646118164062500e+02
-3.938401184082031250e+02
1.576774139404296875e+02
6.475260009765625000e+02
0.000000000000000000e+00
0.000000000000000000e+00
0.000000000000000000e+00
0.000000000000000000e+00
-4.748757629394531250e+02
-1.051836181640625000e+03
6.384523925781250000e+02
1.073005065917968750e+02
4.882879943847656250e+02
4.939773254394531250e+02
5.533790283203125000e+02
2.743179016113281250e+02
-2.992750549316406250e+02
-6.373356933593750000e+02
2.585387573242187500e+02
-1.568929443359375000e+02
4.344056320190429688e+01
5.464666748046875000e+02
0.000000000000000000e+00
-9.490475463867187500e+01
2.143246002197265625e+02
3.558893127441406250e+02
7.522349548339843750e+01
-2.437519989013671875e+02
6.379108276367187500e+02
-8.595886840820312500e+02
-5.485906982421875000e+02
-1.286119689941406250e+02
-3.419946594238281250e+02
-6.088611450195312500e+02
-4.101679077148437500e+02
4.105325012207031250e+02
0.000000000000000000e+00
0.000000000000000000e+00
0.000000000000000000e+00
0.000000000000000000e+00
-1.048570068359375000e+03
9.975426635742187500e+02
3.407196350097656250e+02
-3.832617492675781250e+02
1.122860473632812500e+03
7.535415649414062500e+02
-1.192650299072265625e+02
9.989932250976562500e+01
-4.593710632324218750e+02
-1.708858489990234375e+02
-2.319206085205078125e+02
4.673025512695312500e+02
2.389964904785156250e+02
-9.978830718994140625e+01
0.000000000000000000e+00
3.781583251953125000e+02
2.353664093017578125e+02
8.252340698242187500e+02
1.350504760742187500e+02
-1.379983825683593750e+02
6.369023437500000000e+02
-5.359967041015625000e+02
6.174362182617187500e+02
5.151194458007812500e+02
6.244573974609375000e+02
-4.699042968750000000e+02
1.872545471191406250e+02
9.233559570312500000e+02
0.000000000000000000e+00
0.000000000000000000e+00
0.000000000000000000e+00
0.000000000000000000e+00
-4.495565185546875000e+02
4.113800964355468750e+02
9.148501586914062500e+02
6.381920776367187500e+02
5.485055541992187500e+02
1.453534393310546875e+02
9.385742187500000000e+02
6.336016235351562500e+02
1.779920043945312500e+02
1.876281433105468750e+02
1.501032066345214844e+01
1.818171844482421875e+02
3.256593627929687500e+02
-1.950222473144531250e+02
0.000000000000000000e+00
6.390472412109375000e+02
3.275838317871093750e+02
-1.321628173828125000e+03
-2.937405395507812500e+02
2.845597534179687500e+02
1.579511260986328125e+02
6.207499389648437500e+02
-8.452161254882812500e+02
1.738115844726562500e+02
-6.461024169921875000e+02
-7.498334960937500000e+02
-1.946309509277343750e+02
-2.636871948242187500e+02
0.000000000000000000e+00
0.000000000000000000e+00
0.000000000000000000e+00
0.000000000000000000e+00
1.216949707031250000e+03
8.954796142578125000e+02
2.834414672851562500e+02
-1.131017379760742188e+02
-6.365634536743164062e+01
4.249459838867187500e+02
-2.906636619567871094e+01
6.892885131835937500e+02
5.974004364013671875e+01
-1.788436126708984375e+02
1.864019165039062500e+02
3.998620300292968750e+02
7.411235046386718750e+01
-3.160714111328125000e+02
0.000000000000000000e+00
-5.904240722656250000e+02
5.150357666015625000e+02
1.954423675537109375e+02
8.148627319335937500e+02
1.694046630859375000e+03
6.563853759765625000e+02
-4.402669372558593750e+02
-2.145143127441406250e+01
-8.971162414550781250e+01
-5.601618652343750000e+02
-1.441995697021484375e+02
-2.680725097656250000e+02
8.100831031799316406e+00
0.000000000000000000e+00
0.000000000000000000e+00
0.000000000000000000e+00
0.000000000000000000e+00
1.212012939453125000e+03
5.285765380859375000e+02
3.265270996093750000e+02
-3.275504150390625000e+02
3.524177856445312500e+02
-1.396468353271484375e+02
-2.516820220947265625e+02
2.045354919433593750e+02
2.915115356445312500e+02
4.605267028808593750e+02
1.286910247802734375e+01
-2.859801483154296875e+01
-9.426916503906250000e+02
-2.820636291503906250e+02
0.000000000000000000e+00
-3.952237319946289062e+01
6.833854980468750000e+02
-2.567384643554687500e+02
6.640288085937500000e+02
-5.385371093750000000e+02
6.881027832031250000e+02
9.925795288085937500e+02
-1.342539367675781250e+02
8.146309814453125000e+02
7.837914428710937500e+02
5.268931274414062500e+02
-2.743680419921875000e+02
-6.522518920898437500e+02
0.000000000000000000e+00
0.000000000000000000e+00
0.000000000000000000e+00
0.000000000000000000e+00
2.886845397949218750e+02
-2.411004791259765625e+02
8.189326782226562500e+02
-1.377895965576171875e+02
9.152952880859375000e+02
6.392927856445312500e+02
5.492029418945312500e+02
-4.718397903442382812e+01
5.063990173339843750e+02
2.383116149902343750e+02
6.388737182617187500e+02
8.123387145996093750e+01
3.886359252929687500e+02
8.949246215820312500e+01
0.000000000000000000e+00
2.165648651123046875e+02
2.200597686767578125e+02
5.891838989257812500e+02
-8.298468627929687500e+02
-4.126617736816406250e+02
-8.075987243652343750e+01
-1.711924896240234375e+02
6.911967163085937500e+02
-3.329855041503906250e+02
7.085447998046875000e+02
-2.083928833007812500e+02
1.312000122070312500e+02
5.247389526367187500e+02
0.000000000000000000e+00
0.000000000000000000e+00
0.000000000000000000e+00
0.000000000000000000e+00
8.731371459960937500e+02
5.943756103515625000e+02
5.127373046875000000e+02
4.068295898437500000e+02
2.639729309082031250e+02
5.672246093750000000e+02
7.200470581054687500e+02
-4.999098815917968750e+02
-8.052473449707031250e+01
-9.081435394287109375e+01
2.963812255859375000e+01
8.116291046142578125e+01
-5.277041015625000000e+02
1.991502990722656250e+02
0.000000000000000000e+00
4.173444213867187500e+02
4.972868041992187500e+02
4.390414123535156250e+02
5.358364257812500000e+02
5.570004882812500000e+02
2.094837799072265625e+02
2.039492492675781250e+02
-8.957518768310546875e+01
-6.955610351562500000e+02
3.936180114746093750e+02
3.778859710693359375e+01
2.374759826660156250e+02
-4.237669677734375000e+02
0.000000000000000000e+00
0.000000000000000000e+00
0.000000000000000000e+00
0.000000000000000000e+00
-1.652326202392578125e+02
6.530381011962890625e+01
-1.403572692871093750e+02
-5.611465454101562500e+00
-2.377249755859375000e+02
-6.641969299316406250e+01
4.472811889648437500e+02
5.918149414062500000e+02
6.755243530273437500e+02
-2.783936157226562500e+02
-1.616020507812500000e+02
6.668298339843750000e+02
-1.184864349365234375e+02
1.631287689208984375e+02
0.000000000000000000e+00
6.127549743652343750e+01
-7.057155609130859375e+00
-1.220175857543945312e+02
1.382076293945312500e+03
1.201141967773437500e+03
3.903193359375000000e+02
-3.148530578613281250e+02
3.881578674316406250e+02
-2.025505828857421875e+01
6.951829223632812500e+02
2.589947814941406250e+02
9.038085937500000000e+02
3.723013610839843750e+02
0.000000000000000000e+00
0.000000000000000000e+00
0.000000000000000000e+00
0.000000000000000000e+00
3.406304626464843750e+02
1.883250122070312500e+02
6.117123413085937500e+01
7.931238555908203125e+01
1.103764648437500000e+02
-2.485538940429687500e+02
4.072680053710937500e+02
2.482358551025390625e+02
4.683783264160156250e+02
-1.764786376953125000e+02
-3.247522583007812500e+02
8.139134979248046875e+01
-4.214108657836914062e+01
2.740534667968750000e+02
0.000000000000000000e+00
5.205219726562500000e+02
-4.273767089843750000e+01
1.315805053710937500e+02
3.026273925781250000e+03
5.389070800781250000e+03
8.361409301757812500e+02
1.904166564941406250e+02
2.407131500244140625e+02
-1.661708068847656250e+01
7.411067504882812500e+02
-2.912048339843750000e+02
4.480742675781250000e+03
-1.029923583984375000e+03
0.000000000000000000e+00
0.000000000000000000e+00
0.000000000000000000e+00
0.000000000000000000e+00
8.819501495361328125e+01
1.400448608398437500e+02
-1.635001983642578125e+02
-8.429631958007812500e+02
-6.109127044677734375e+01
-5.537707519531250000e+01
-2.347731323242187500e+02
-1.158309326171875000e+02
4.521139831542968750e+02
-2.932395935058593750e+00
-3.256535339355468750e+02
8.588113403320312500e+02
9.139677734375000000e+02
-9.790150451660156250e+01
0.000000000000000000e+00
6.108544311523437500e+02
4.245745849609375000e+01
-4.502337036132812500e+02
-4.208565673828125000e+02
7.650795898437500000e+02
2.435775146484375000e+02
-9.690904235839843750e+01
8.574617004394531250e+01
-1.100435256958007812e+00
-3.439210510253906250e+02
-9.142030334472656250e+01
-5.047807922363281250e+02
-3.174996948242187500e+02
0.000000000000000000e+00
0.000000000000000000e+00
0.000000000000000000e+00
0.000000000000000000e+00
4.151291847229003906e+00
1.410361450195312500e+03
1.315528442382812500e+03
-7.424262084960937500e+02
1.721672973632812500e+02
1.424323272705078125e+01
2.037261962890625000e+02
6.701927490234375000e+02
7.274480590820312500e+02
-9.708644409179687500e+02
1.024959472656250000e+03
-1.247802490234375000e+03
6.533627929687500000e+02
7.428193969726562500e+02
0.000000000000000000e+00
4.049580078125000000e+02
-2.479399414062500000e+02
-1.490015563964843750e+02
1.332782440185546875e+02
4.899979248046875000e+02
4.280316162109375000e+02
1.585813446044921875e+02
2.574736328125000000e+02
7.606926879882812500e+02
1.620066833496093750e+02
8.344752197265625000e+02
6.643000030517578125e+01
-2.706307067871093750e+02
0.000000000000000000e+00
0.000000000000000000e+00
0.000000000000000000e+00
0.000000000000000000e+00
3.377008361816406250e+02
-5.432905883789062500e+02
4.270885314941406250e+02
1.297869491577148438e+01
1.644259338378906250e+02
-2.102852935791015625e+02
1.939441680908203125e+00
7.027512817382812500e+02
2.053523254394531250e+02
-2.835986709594726562e+01
-7.281072998046875000e+01
1.352398834228515625e+02
1.457769927978515625e+02
-3.400704345703125000e+02
0.000000000000000000e+00
-5.372429199218750000e+02
3.760709838867187500e+02
2.331796630859375000e+03
3.266765380859375000e+03
4.350080566406250000e+02
1.174061355590820312e+02
1.454541320800781250e+02
-2.720278930664062500e+02
-9.669097900390625000e+01
4.251295166015625000e+02
-1.159658355712890625e+02
4.574444274902343750e+02
7.438475952148437500e+02
0.000000000000000000e+00
0.000000000000000000e+00
0.000000000000000000e+00
0.000000000000000000e+00
-3.593804931640625000e+01
3.280717773437500000e+02
3.576623535156250000e+02
3.785307922363281250e+02
2.500442199707031250e+02
1.523838806152343750e+02
4.406004028320312500e+02
3.655396728515625000e+02
7.401094055175781250e+01
-3.985416259765625000e+02
2.376734130859375000e+03
3.753675292968750000e+03
1.022082153320312500e+03
2.886289367675781250e+02
0.000000000000000000e+00
9.513210296630859375e+01
-7.836019515991210938e+00
-6.148940277099609375e+01
1.351026489257812500e+03
-2.425315551757812500e+02
-2.041911773681640625e+02
7.761223144531250000e+02
-6.082497558593750000e+02
2.802133789062500000e+02
-2.081598510742187500e+02
-2.674932556152343750e+02
-1.797291717529296875e+02
-7.329503173828125000e+02
0.000000000000000000e+00
0.000000000000000000e+00
0.000000000000000000e+00
0.000000000000000000e+00
-1.520751342773437500e+02
8.306983947753906250e+01
5.256481323242187500e+02
5.442721557617187500e+02
1.301885681152343750e+02
4.885067443847656250e+02
1.155938568115234375e+02
-2.176551513671875000e+02
-8.830530166625976562e+00
7.293299560546875000e+02
2.177743072509765625e+02
1.553845672607421875e+02
1.091330718994140625e+02
1.633908843994140625e+02
0.000000000000000000e+00
3.890960388183593750e+02
6.144804687500000000e+02
6.847015380859375000e+01
-3.580206909179687500e+02
-6.088123779296875000e+02
4.444695739746093750e+02
-2.037986450195312500e+02
-3.450503158569335938e+01
4.195795593261718750e+02
1.563720703125000000e+02
4.317388305664062500e+02
2.393737335205078125e+02
4.334103698730468750e+02
0.000000000000000000e+00
0.000000000000000000e+00
