0.000000000000000000e+00
0.000000000000000000e+00
-9.580615234375000000e+02
2.071350402832031250e+02
-2.249846191406250000e+02
-3.469608154296875000e+02
4.286159667968750000e+02
6.531607818603515625e+01
4.232672424316406250e+02
-1.275364837646484375e+02
7.379626464843750000e+01
4.007297973632812500e+02
-5.538576889038085938e+01
-1.251542205810546875e+02
-4.926347351074218750e+02
4.698267211914062500e+02
0.000000000000000000e+00
1.090195159912109375e+02
7.578648681640625000e+02
-2.100616302490234375e+02
5.985910644531250000e+02
-3.881673889160156250e+02
-7.883151245117187500e+01
-3.966276855468750000e+02
2.138310852050781250e+02
-1.347570190429687500e+02
1.473671722412109375e+01
7.312889099121093750e+00
3.889573364257812500e+02
-3.291728515625000000e+02
0.000000000000000000e+00
0.000000000000000000e+00
0.000000000000000000e+00
0.000000000000000000e+00
1.937476654052734375e+02
3.059059448242187500e+02
-3.856461791992187500e+02
-1.765236206054687500e+02
-2.275935363769531250e+02
4.652228546142578125e+01
4.670945434570312500e+02
-1.008037948608398438e+01
3.605638122558593750e+02
-5.488832397460937500e+02
-1.551965179443359375e+02
-3.212069396972656250e+02
-4.689643554687500000e+02
-1.083203277587890625e+02
0.000000000000000000e+00
-1.486196517944335938e+01
2.885728149414062500e+02
-4.402890319824218750e+02
-1.234429321289062500e+02
3.891129760742187500e+02
-3.734154357910156250e+02
3.932539062500000000e+02
4.830180969238281250e+02
-1.605573654174804688e+01
-9.850813293457031250e+01
-3.109792480468750000e+02
-5.480716552734375000e+02
2.329792785644531250e+01
0.000000000000000000e+00
0.000000000000000000e+00
0.000000000000000000e+00
0.000000000000000000e+00
2.469413566589355469e+01
-4.216743469238281250e+02
3.179764404296875000e+02
-5.692180175781250000e+02
-6.225483703613281250e+01
-1.014458618164062500e+03
-8.505119323730468750e+01
4.122376098632812500e+02
2.417502441406250000e+02
1.481714019775390625e+02
-1.804619407653808594e+01
2.876403198242187500e+02
-1.638640899658203125e+02
-1.869436340332031250e+02
0.000000000000000000e+00
8.686482238769531250e+01
-7.892533111572265625e+01
1.690749969482421875e+02
-2.066046447753906250e+02
1.022183380126953125e+02
4.148382873535156250e+02
3.281618347167968750e+02
2.565109558105468750e+02
1.427158660888671875e+02
4.730671310424804688e+01
-5.404357910156250000e-01
-3.197946166992187500e+02
-3.725919799804687500e+02
0.000000000000000000e+00
0.000000000000000000e+00
0.000000000000000000e+00
0.000000000000000000e+00
5.288572692871093750e+01
2.281896209716796875e+01
-3.734600067138671875e+00
1.454858551025390625e+02
5.081730651855468750e+01
-4.338186645507812500e+02
1.901077270507812500e+02
3.379622802734375000e+02
6.995339202880859375e+01
-7.773371887207031250e+01
1.752592315673828125e+02
2.583929748535156250e+02
-2.424591217041015625e+02
2.044735107421875000e+02
0.000000000000000000e+00
-7.670715332031250000e+01
-5.372615356445312500e+02
-2.817779541015625000e+02
1.520976257324218750e+01
-2.087655792236328125e+02
-5.521203231811523438e+01
1.910558166503906250e+02
-6.759594726562500000e+01
-1.400551147460937500e+02
9.233531494140625000e+02
3.636398010253906250e+02
1.340622253417968750e+02
-2.689833374023437500e+02
0.000000000000000000e+00
0.000000000000000000e+00
0.000000000000000000e+00
0.000000000000000000e+00
1.249398803710937500e+02
-4.600690002441406250e+02
2.215256958007812500e+02
6.005183715820312500e+02
3.776815795898437500e+02
5.200418090820312500e+02
1.991518249511718750e+02
3.687397460937500000e+02
7.721955108642578125e+01
-5.496477890014648438e+01
4.162856750488281250e+02
-1.059883193969726562e+02
-6.285924072265625000e+02
7.241447448730468750e+01
0.000000000000000000e+00
2.055086212158203125e+02
-4.600203857421875000e+02
3.038795471191406250e+01
3.826616821289062500e+02
-6.884315490722656250e+01
5.021077728271484375e+01
-7.873602294921875000e+02
5.616696777343750000e+02
3.594222412109375000e+02
1.949755554199218750e+02
8.466409301757812500e+01
-4.984389953613281250e+02
-3.438206176757812500e+02
0.000000000000000000e+00
0.000000000000000000e+00
0.000000000000000000e+00
0.000000000000000000e+00
1.594840087890625000e+02
-6.984384155273437500e+01
-1.637899475097656250e+02
-3.427575073242187500e+02
1.659735870361328125e+02
4.318770141601562500e+02
-5.256061401367187500e+02
2.443209686279296875e+02
1.482609863281250000e+02
-3.682785034179687500e+02
8.614919281005859375e+01
-4.158740539550781250e+02
6.875690460205078125e+01
1.824469451904296875e+02
0.000000000000000000e+00
3.955029907226562500e+02
-1.697214050292968750e+02
8.009319305419921875e-01
-4.289922332763671875e+01
-1.609450378417968750e+02
1.961587982177734375e+02
7.930590820312500000e+01
-2.040532836914062500e+02
1.464074707031250000e+02
2.791772460937500000e+02
3.144478759765625000e+02
6.052034759521484375e+01
-3.525611572265625000e+02
0.000000000000000000e+00
0.000000000000000000e+00
0.000000000000000000e+00
0.000000000000000000e+00
2.930920104980468750e+02
1.552874298095703125e+02
1.950426330566406250e+02
5.255592041015625000e+02
1.535079345703125000e+02
-2.364805450439453125e+02
2.815219726562500000e+02
1.511690521240234375e+02
1.233514633178710938e+02
-1.135536575317382812e+01
7.973795318603515625e+01
-2.651863708496093750e+02
-2.141489868164062500e+02
-1.065766906738281250e+02
0.000000000000000000e+00
2.876197814941406250e+02
-1.257751617431640625e+02
-2.644415283203125000e+02
1.102181930541992188e+02
-3.825748291015625000e+02
-4.713823852539062500e+02
5.057625732421875000e+02
2.797258911132812500e+02
3.669591979980468750e+02
-3.515563659667968750e+02
1.043309402465820312e+01
-6.556944274902343750e+01
1.968851089477539062e+01
0.000000000000000000e+00
0.000000000000000000e+00
0.000000000000000000e+00
0.000000000000000000e+00
1.700609741210937500e+02
-9.615360260009765625e+00
1.041681594848632812e+02
-3.823126220703125000e+02
-3.645524978637695312e+01
-3.550058898925781250e+02
1.212015380859375000e+02
1.640809936523437500e+02
-2.479026222229003906e+01
4.543142700195312500e+02
-2.318992919921875000e+02
2.539789581298828125e+01
-2.357039260864257812e+01
4.210256958007812500e+01
0.000000000000000000e+00
3.867698287963867188e+01
-3.463254547119140625e+01
-7.463710784912109375e+01
-8.504025268554687500e+01
3.840329895019531250e+02
-1.164043273925781250e+02
1.525247802734375000e+02
2.444866180419921875e+02
1.058186569213867188e+02
-3.394263610839843750e+02
6.244864501953125000e+02
-1.832738037109375000e+02
-2.054970703125000000e+02
0.000000000000000000e+00
0.000000000000000000e+00
0.000000000000000000e+00
0.000000000000000000e+00
-2.162176818847656250e+02
2.256587219238281250e+02
-1.291947479248046875e+02
3.142336654663085938e+01
-4.969137954711914062e+01
-9.201908874511718750e+01
-5.274387359619140625e+00
-5.941367797851562500e+02
-2.305473327636718750e+02
-1.455465850830078125e+02
-2.996005859375000000e+02
-6.455938720703125000e+01
9.993008422851562500e+01
9.202780914306640625e+01
0.000000000000000000e+00
-1.496729431152343750e+02
-8.848233032226562500e+01
4.084324951171875000e+02
-4.268309402465820312e+01
-1.272447967529296875e+01
6.475890502929687500e+02
1.145967178344726562e+02
1.226304016113281250e+02
2.285562133789062500e+02
-2.633479919433593750e+02
5.667055130004882812e+01
1.847641906738281250e+02
-1.292788391113281250e+02
0.000000000000000000e+00
0.000000000000000000e+00
0.000000000000000000e+00
0.000000000000000000e+00
2.576017456054687500e+02
1.636085662841796875e+02
-8.046273803710937500e+01
3.117924804687500000e+02
-4.524190139770507812e+01
1.483626365661621094e+01
1.371059608459472656e+01
1.154397125244140625e+02
-9.699713706970214844e+00
-1.045637283325195312e+02
-3.068139953613281250e+02
-1.670661315917968750e+02
3.982793579101562500e+02
3.880102233886718750e+02
0.000000000000000000e+00
8.823802185058593750e+01
-1.807524261474609375e+02
3.127534179687500000e+02
1.903696250915527344e+01
3.934858398437500000e+02
2.450354766845703125e+02
1.235933780670166016e+01
2.925832824707031250e+02
-3.763223648071289062e+01
1.663179779052734375e+02
2.705895385742187500e+02
2.709754333496093750e+02
-3.443145141601562500e+02
0.000000000000000000e+00
0.000000000000000000e+00
0.000000000000000000e+00
0.000000000000000000e+00
6.424686431884765625e+01
4.955619812011718750e+02
7.278158569335937500e+01
5.901552200317382812e+01
-5.599526367187500000e+02
-3.516875076293945312e+01
2.508277740478515625e+02
-4.783619308471679688e+01
-3.452904129028320312e+01
2.541180992126464844e+01
-3.121313171386718750e+02
-1.063862991333007812e+02
-5.579963684082031250e+01
9.473466491699218750e+01
0.000000000000000000e+00
-3.712798118591308594e+00
-2.315145111083984375e+02
-4.433514404296875000e+01
4.558320236206054688e+01
-3.593710327148437500e+01
-3.817485351562500000e+02
-2.921453857421875000e+02
-1.979318542480468750e+02
-3.220379638671875000e+02
-1.600955810546875000e+02
-3.166845092773437500e+02
3.296465454101562500e+02
6.721508026123046875e+00
0.000000000000000000e+00
0.000000000000000000e+00
0.000000000000000000e+00
0.000000000000000000e+00
-5.900097045898437500e+02
2.863586730957031250e+02
7.290434265136718750e+01
1.639307861328125000e+02
-1.706686859130859375e+02
-1.454414520263671875e+02
6.143365478515625000e+01
-3.221212158203125000e+02
-1.080843658447265625e+02
1.087190704345703125e+02
3.379499511718750000e+02
-1.421444702148437500e+02
1.327333679199218750e+02
-8.301876068115234375e+01
0.000000000000000000e+00
1.235308990478515625e+02
-1.301473083496093750e+02
-1.516630249023437500e+02
3.545005187988281250e+02
-5.227609863281250000e+02
-1.868423271179199219e+01
2.053114318847656250e+02
-6.223275146484375000e+02
-1.452534332275390625e+02
-5.055236816406250000e+02
-1.810300598144531250e+02
-1.318364257812500000e+02
-2.635844039916992188e+01
0.000000000000000000e+00
0.000000000000000000e+00
0.000000000000000000e+00
0.000000000000000000e+00
-3.074923706054687500e+02
-1.548032188415527344e+01
-2.038576965332031250e+02
2.874902343750000000e+02
1.873952484130859375e+02
-5.858664550781250000e+02
1.321792984008789062e+01
-7.399679565429687500e+01
1.131835174560546875e+02
3.445653991699218750e+02
1.336367187500000000e+02
2.410498046875000000e+02
-4.049614715576171875e+01
2.648823547363281250e+02
0.000000000000000000e+00
2.540002899169921875e+02
-2.394401702880859375e+02
-8.970899963378906250e+01
9.122365570068359375e+01
1.739229125976562500e+02
8.386620521545410156e+00
-2.913579101562500000e+02
2.464550781250000000e+02
2.218459777832031250e+02
-2.207984771728515625e+02
6.824291992187500000e+02
1.864317169189453125e+02
1.211760139465332031e+01
0.000000000000000000e+00
0.000000000000000000e+00
0.000000000000000000e+00
0.000000000000000000e+00
-1.845545654296875000e+02
9.519802093505859375e+01
-1.961392364501953125e+02
3.079568176269531250e+02
-2.633983764648437500e+02
-1.912691345214843750e+02
1.390312194824218750e+02
4.212691040039062500e+02
-2.069553985595703125e+02
-1.128085784912109375e+02
-3.195548095703125000e+02
4.410758056640625000e+02
1.787927818298339844e+01
-8.559429931640625000e+01
0.000000000000000000e+00
-3.360903320312500000e+02
-4.513020019531250000e+02
2.385019683837890625e+02
2.625959777832031250e+02
5.027764511108398438e+01
-2.373592987060546875e+02
-1.315424804687500000e+02
1.027451019287109375e+02
-2.164738006591796875e+02
4.839201049804687500e+02
-1.788556213378906250e+02
2.343546142578125000e+02
6.139501571655273438e+01
0.000000000000000000e+00
0.000000000000000000e+00
0.000000000000000000e+00
0.000000000000000000e+00
3.441237487792968750e+02
-4.102243041992187500e+02
2.082137870788574219e+01
-9.384780883789062500e+01
2.405529327392578125e+02
2.085138702392578125e+02
-1.470763092041015625e+02
-1.065707244873046875e+02
-5.154957580566406250e+01
-2.022659301757812500e+02
8.336920928955078125e+01
-3.207302856445312500e+01
2.148819885253906250e+02
-1.876558494567871094e+01
0.000000000000000000e+00
1.274129028320312500e+02
-4.406159057617187500e+02
-1.284210777282714844e+01
2.943732299804687500e+02
1.071060333251953125e+02
2.816543579101562500e+02
1.491052246093750000e+01
2.499386901855468750e+02
-3.003656616210937500e+02
6.237872695922851562e+01
4.077600479125976562e+01
6.141649246215820312e+01
-5.176871948242187500e+02
0.000000000000000000e+00
0.000000000000000000e+00
0.000000000000000000e+00
0.000000000000000000e+00
-2.964990844726562500e+02
2.240139465332031250e+02
4.998217163085937500e+02
6.403344726562500000e+02
1.647763671875000000e+02
2.386322212219238281e+01
2.782140502929687500e+02
-1.777659301757812500e+02
-3.502610397338867188e+01
-2.917078552246093750e+02
-1.703745574951171875e+02
-1.674468688964843750e+02
1.525935363769531250e+02
1.265694580078125000e+02
0.000000000000000000e+00
1.911403656005859375e+02
3.857815246582031250e+02
-4.142253723144531250e+02
-4.470975112915039062e+01
-1.888401031494140625e+02
-2.456841583251953125e+02
3.536972045898437500e+02
1.965982666015625000e+02
2.168192138671875000e+02
2.336373748779296875e+02
5.938342285156250000e+01
-2.882960205078125000e+02
3.380415039062500000e+02
0.000000000000000000e+00
0.000000000000000000e+00
0.000000000000000000e+00
0.000000000000000000e+00
2.725015258789062500e+02
1.269624023437500000e+02
3.641431579589843750e+02
-4.279315185546875000e+01
1.361220397949218750e+02
-6.062149810791015625e+01
-3.737973785400390625e+01
1.921224975585937500e+02
1.333667907714843750e+02
-1.354515991210937500e+02
-3.227024078369140625e+01
1.048892974853515625e+02
-3.443635559082031250e+02
-4.609190750122070312e+01
0.000000000000000000e+00
1.398757324218750000e+02
2.976405639648437500e+02
1.476874389648437500e+02
8.145311737060546875e+01
4.201018905639648438e+01
-5.062900543212890625e+01
-2.219595947265625000e+02
-7.089233398437500000e+01
-2.497986450195312500e+02
2.522259216308593750e+02
-1.871099472045898438e+01
-2.418293609619140625e+02
2.422714843750000000e+02
0.000000000000000000e+00
0.000000000000000000e+00
0.000000000000000000e+00
0.000000000000000000e+00
2.504066772460937500e+02
-4.787325286865234375e+01
-1.236572113037109375e+02
1.993319320678710938e+01
-5.569945526123046875e+01
4.571631240844726562e+01
-8.413329315185546875e+01
-4.163783264160156250e+01
-3.711600341796875000e+02
2.589861450195312500e+02
1.190621337890625000e+02
-3.980297241210937500e+02
3.986814880371093750e+01
3.206275939941406250e+02
0.000000000000000000e+00
-1.082647552490234375e+02
-3.353733215332031250e+02
1.023363571166992188e+02
1.106559448242187500e+02
-3.760599975585937500e+02
1.004195709228515625e+02
-1.110615921020507812e+01
1.777599334716796875e+01
-2.875413894653320312e+01
5.042240905761718750e+01
-1.608590698242187500e+02
-1.150433807373046875e+02
2.956724929809570312e+01
0.000000000000000000e+00
0.000000000000000000e+00
0.000000000000000000e+00
0.000000000000000000e+00
-3.542847290039062500e+02
-4.870286254882812500e+02
-1.651761627197265625e+02
1.545796203613281250e+02
-1.301010437011718750e+02
-1.415869750976562500e+02
9.061518859863281250e+01
4.084804153442382812e+01
6.447099304199218750e+01
2.163800811767578125e+02
5.074498291015625000e+02
1.714667663574218750e+02
-2.496710052490234375e+02
7.084229278564453125e+01
0.000000000000000000e+00
-6.299819183349609375e+01
-1.272603893280029297e+01
1.319907569885253906e+01
6.677960968017578125e+01
-1.111367416381835938e+02
-7.591625976562500000e+01
-1.876874542236328125e+02
-2.772772521972656250e+02
1.699872436523437500e+02
-1.636078796386718750e+02
-3.556283569335937500e+02
4.199629882812500000e+03
-2.777435302734375000e+02
0.000000000000000000e+00
0.000000000000000000e+00
0.000000000000000000e+00
0.000000000000000000e+00
-3.545784912109375000e+02
5.269360351562500000e+01
3.712338256835937500e+01
-1.067910842895507812e+02
3.070381469726562500e+02
1.031251754760742188e+02
1.805129699707031250e+02
-5.827147293090820312e+01
-3.352722778320312500e+02
2.785026855468750000e+02
2.067498207092285156e+01
2.991172790527343750e+01
-3.108187866210937500e+02
1.178247451782226562e+01
0.000000000000000000e+00
-1.167524566650390625e+02
1.879973449707031250e+02
3.267247200012207031e+00
-2.992332153320312500e+02
1.289723205566406250e+02
-1.947053146362304688e+01
-3.632030334472656250e+02
1.757859191894531250e+02
1.712715454101562500e+02
-2.751069641113281250e+02
-3.080902404785156250e+02
-2.761052551269531250e+02
-1.116255874633789062e+02
0.000000000000000000e+00
0.000000000000000000e+00
0.000000000000000000e+00
0.000000000000000000e+00
-2.180387420654296875e+02
3.131793518066406250e+02
-1.409024047851562500e+02
3.711103439331054688e+01
1.366437530517578125e+02
-1.303060913085937500e+02
-2.179827499389648438e+01
4.144662780761718750e+02
-9.359269714355468750e+01
-1.546119689941406250e+02
-9.296473693847656250e+01
-4.322230148315429688e+01
6.879343414306640625e+01
7.515339660644531250e+01
0.000000000000000000e+00
-1.069522933959960938e+02
-7.310579299926757812e+00
-9.374954986572265625e+01
2.967544250488281250e+02
-1.718988342285156250e+02
1.700523376464843750e+02
8.990858459472656250e+01
2.663102539062500000e+03
-2.406462707519531250e+02
-1.624683380126953125e+02
1.632384643554687500e+02
1.091578216552734375e+02
-2.339968414306640625e+02
0.000000000000000000e+00
0.000000000000000000e+00
0.000000000000000000e+00
0.000000000000000000e+00
3.041479873657226562e+01
-3.265609741210937500e+02
9.597611999511718750e+01
9.666577148437500000e+01
-2.438074645996093750e+02
8.001371002197265625e+01
-7.895208740234375000e+01
-1.804101409912109375e+02
-1.111674346923828125e+02
-7.225252151489257812e+00
-3.191472473144531250e+02
2.726042785644531250e+02
-3.793625488281250000e+02
2.209083709716796875e+02
0.000000000000000000e+00
-6.351151275634765625e+01
-1.788038330078125000e+02
-4.350452423095703125e+01
-1.264164733886718750e+02
-4.131775665283203125e+01
1.522460937500000000e+02
3.786570434570312500e+02
-1.109591369628906250e+02
6.895518493652343750e+01
2.960650024414062500e+02
-8.606658172607421875e+01
-2.349020538330078125e+02
2.248012084960937500e+02
0.000000000000000000e+00
0.000000000000000000e+00
0.000000000000000000e+00
0.000000000000000000e+00
2.260048828125000000e+02
-4.078777465820312500e+02
-3.631048583984375000e+01
1.920842170715332031e+01
1.759148559570312500e+02
-3.680782470703125000e+02
-1.386626892089843750e+02
2.280150756835937500e+02
-2.194311523437500000e+02
1.539083557128906250e+02
-1.721448364257812500e+02
1.179600219726562500e+02
-2.874289855957031250e+02
1.948608245849609375e+02
0.000000000000000000e+00
2.359947814941406250e+02
-3.802072143554687500e+01
-8.297317504882812500e+01
-2.295773773193359375e+02
-3.977863464355468750e+02
2.565904617309570312e+00
3.348524475097656250e+01
1.045356369018554688e+01
7.229423522949218750e+01
-8.352853393554687500e+01
1.848147583007812500e+01
2.522811508178710938e+01
-2.482213973999023438e+00
0.000000000000000000e+00
0.000000000000000000e+00
0.000000000000000000e+00
0.000000000000000000e+00
1.862445068359375000e+02
7.864939117431640625e+01
1.673658752441406250e+01
8.638361358642578125e+01
2.343499908447265625e+02
1.337039184570312500e+02
2.466262664794921875e+02
-4.337081909179687500e+01
1.324998168945312500e+02
-3.476356811523437500e+02
1.007778778076171875e+02
-2.088367767333984375e+02
4.876811981201171875e+00
2.378234100341796875e+02
0.000000000000000000e+00
-2.898172187805175781e+01
-1.804769744873046875e+02
-3.768389282226562500e+02
3.822657470703125000e+02
3.114198608398437500e+02
-3.284456176757812500e+02
1.897786560058593750e+02
-3.575598144531250000e+02
-3.254058456420898438e+01
-3.743931198120117188e+01
-2.457357940673828125e+02
1.121358871459960938e+00
-1.389774932861328125e+02
0.000000000000000000e+00
0.000000000000000000e+00
