nan
nan
5.207063713852240205e-01
-1.458840954060457162e-01
3.024024866065200615e-02
-9.684819591288663931e-02
1.798031670706612684e-01
3.125883803075673595e-01
2.884856632777622609e-01
-3.422252888582190677e-01
1.140825115904516018e-02
8.036270141601562500e-01
2.806272433728588048e-03
1.468625282754703498e+00
4.307580286142777548e-01
7.013167556451291862e-01
nan
-3.866690421590999738e-01
-6.570272640306122902e-01
4.880230280817771105e-02
6.013932130774672924e-01
6.417620133380500524e-01
1.905670555270448097e-01
4.864203783930564629e-01
-9.329679839465082614e-01
1.248182374603894335e-01
-2.887273321346360833e-01
-1.706116150836555212e-01
2.144446470299545549e-01
4.612071368159080254e-01
nan
nan
nan
nan
3.122171479828503848e-01
6.493158924336336346e-01
1.902362667784398831e-01
-8.601066044398716914e-02
9.284515770114197541e-02
4.690176126908283116e-01
4.817779696717554017e-01
-9.547860281808036309e-02
1.638938164224429950e-01
-4.336823054722377391e-01
-4.974069789964325472e-01
3.162559587128308536e-01
-3.055655226415517345e-01
5.920767881432358326e-01
nan
4.589299571757413654e-01
-6.971158786695830223e-02
1.826475688389369301e-01
-6.547599422688386850e-02
9.298212479571906774e-01
-6.486822634327168435e-01
-7.649845979651626049e-02
-3.426758902413504226e-01
-6.975094542211416337e-01
-7.036508346090511457e-02
-1.830040484058613748e-01
2.576863619745994316e-01
1.601746422903878309e-01
nan
nan
nan
nan
-3.179320705180265216e-01
-1.303606072250677705e+00
4.423761951680086346e-01
-1.664638713914520785e-01
4.396858215332031250e-01
4.732390423210299790e-01
-7.072887031399474056e-01
-6.487867783526984899e-02
5.114206975820113632e-01
-3.011238526324836462e-01
3.128809588296072725e-02
7.498304405990912080e-01
3.373659094985650420e-01
-4.196323083371532037e-01
nan
1.482678335540148773e-01
1.821233788315130830e-01
-7.860113649952168435e-01
-3.621786857137874738e-01
-3.218699669351383075e-01
-4.074768144257214647e-02
-4.167411959901147767e-01
-8.141550336565289703e-01
-3.794295641840720879e-01
1.558259944526516616e-01
-5.789689823072783348e-01
8.588155629683513759e-01
4.345076035480109899e-01
nan
nan
nan
nan
-1.802619233423349843e-01
-1.003778807970942211e+00
-5.308901728415975629e-01
-6.192849606883769065e-01
-9.138471253064213429e-02
6.415086084482620743e-01
5.086226949886399895e-01
-3.756085999157963706e-01
-3.048612633529974580e-01
-3.605594245754942806e-01
-5.214542077512157592e-01
-2.093683943456532970e-01
-4.000017205063177705e-01
-2.471161667181520916e-01
nan
7.595927958585777517e-01
-2.290927390662991434e-02
-2.723321720045440153e-01
4.056884999177893802e-01
-7.705205314013423290e-02
5.878427077312858851e-01
8.559613325157944264e-02
-5.052753370635363339e-01
-2.482908015348473385e-01
7.853338280502630830e-01
1.668245938359474712e-01
1.504909651620047473e-01
-2.727612086704799266e-01
nan
nan
nan
nan
4.016483316616135946e-02
5.609663165345483982e-02
-1.072655113375916791e+00
6.970785491320551364e-01
-6.055690998933753733e-01
-1.693200870436065153e-01
1.162575702277981460e+00
-1.812236163080954976e-01
5.497368014588648322e-01
-1.007563065509406997e+00
1.450376705247528597e-01
4.699591811822385057e-01
2.033391874663683929e-01
-1.450928473959163800e-01
nan
-6.383801966297383834e-02
-1.720586115000199423e-01
7.391689066984215017e-01
-6.869856386768574685e-01
6.684411496532206565e-01
1.426195125190579116e-01
-2.348480175952522009e-02
-3.131759799256616517e-01
-5.444043509814203846e-02
-1.001419923743423146e+00
3.171860441869618907e-01
3.168265478951590164e-01
-1.405610162384655915e-01
nan
nan
nan
nan
-9.274159645547672137e-02
7.931180681501116547e-01
1.827618151294941873e-01
2.993759817006636514e-01
5.416720643335458663e-01
-5.621653187031648846e-01
3.380381915034080254e-01
2.648246531583824948e-01
1.344044938379404530e-01
-8.564259276098135087e-01
7.551616551924725251e-02
3.070380347115652664e-01
-9.155432253467793435e-01
-3.014149763146225514e-01
nan
-1.203787044602997458e+00
7.910574212366221214e-02
5.161224676638233033e-01
-1.314463907358597861e-01
1.114668398487324685e+00
3.587746522864516674e-01
5.460385303108059585e-01
-1.652778314084422939e-01
-7.533217449577487290e-01
8.229917409468670009e-01
-7.386420113699776469e-01
-1.255659920828682941e+00
-1.325219212746133746e-01
nan
nan
nan
nan
7.595853221659757404e-01
-4.002318868831712395e-01
5.501415096983617303e-01
-8.759211326132014808e-01
4.019300499740912080e-01
4.703639283472177968e-01
1.695933147352568851e-02
2.161670412336076930e-01
-4.716004741435148029e-01
5.624669133400430621e-01
-8.814441914461096372e-02
5.779977234042420892e-02
-5.447777339390346141e-01
-5.032349411322145638e-01
nan
4.213592470908651688e-02
-6.165918233443279384e-01
8.068318269690688549e-02
-4.362044042470503702e-01
4.806568184677435102e-02
5.422703879220145406e-01
-2.073902791860152139e-01
1.533525427993462920e-01
-3.657196589878627391e-01
-6.681524782764668435e-01
3.755987517687739419e-01
6.512563666518853545e-01
-1.689660208565848254e-01
nan
nan
nan
nan
2.783046693217997719e-02
3.117688432031748280e-01
3.090521754050741254e-01
-2.287801820404675446e-01
6.392829272211814073e-01
2.590583489865672662e-01
3.702663110227000787e-01
-1.087573207154565874e-01
-1.057193522550621712e+00
-2.270004506013831302e-01
-2.683160159052634941e-01
-1.336039951869419706e+00
-5.805187614596619694e-01
-4.285280655841438024e-01
nan
6.012874136165696770e-01
2.372506005423409559e-01
6.271728690789669936e-02
9.174319675990513234e-01
8.077550615583147797e-01
2.815168341811822295e-01
8.216781032328702994e-02
7.401933475416533348e-01
-2.283381053379603676e-01
3.669804164341518016e-01
-6.906994410923549266e-01
2.798782270781847714e-01
4.517427950489277810e-01
nan
nan
nan
nan
-6.038167525310905726e-01
4.276685520094268278e-01
1.459557474875936567e-01
3.070734179749780579e-01
2.925006710753148831e-02
-1.518994156195192791e-01
3.421170760174186976e-01
-7.275960494060905726e-01
8.742363598881935927e-01
-7.880945011061064598e-01
1.604026969598264241e-01
5.458249364580426699e-02
4.247779067681760057e-01
3.113636873206313549e-01
nan
4.807109832763671875e-01
-1.314297423070790893e+00
9.744847356056680621e-01
5.522698382942043960e-01
3.824857059790163355e-02
-3.228962956642618121e-01
2.090130046922333493e-02
-4.136845724923269851e-01
2.458212132356604740e-01
-5.225948800846021980e-01
6.476282781484176132e-01
4.072250833316725105e-01
4.356610434395926101e-01
nan
nan
nan
nan
5.492314708476163654e-01
-6.253733732262436451e-01
1.441452182069116628e+00
-6.664841321049904677e-01
-5.405650820050920957e-02
1.084121198070292502e-01
6.409054580999880013e-01
-4.139449061179647504e-01
-4.012395836869064696e-03
-6.369761544830944422e-02
1.571969499393385261e-01
1.518092350083954378e-01
2.689678620318977087e-01
4.150288640236368121e-01
nan
-1.210932634314712264e-01
5.911900267309072587e-01
5.830760099449936451e-01
9.902165860545877885e-02
2.022930262040118776e-01
4.255640068832708955e-01
3.434073000538105935e-01
-1.990808759416852758e-01
2.352377054642657839e-01
-3.260959703095105411e-01
1.290363194991131224e-01
6.837272644042968750e-01
4.244519447793765887e-01
nan
nan
nan
nan
1.677819076849489666e-01
-2.360949418982681014e-01
-4.669219815001195983e-01
5.077341819296077308e-01
-5.400052751813616547e-01
2.684599623388173595e-01
-2.104059336136798464e-01
-2.587365325616330369e-01
5.835517571896923217e-01
4.466792515345981984e-01
-3.138004614382374213e-01
-1.645548295001594274e-01
-5.026302337646484375e-01
1.765266924488301248e-01
nan
4.779120367400500197e-02
-9.298681726261061320e-02
-3.518367300228196770e-01
5.455773022710060927e-01
5.727204303352200210e-01
-6.562841765734613864e-01
1.759996219557158903e-01
-9.168190469547193855e-01
1.551991482170260728e-01
7.720220137615593226e-01
-3.766050144117705778e-01
-3.842629036124871507e-03
1.119580560800980562e+00
nan
nan
nan
nan
-4.463198136310188024e-01
-1.776375454299303908e-02
4.826337464001714123e-02
4.041723523821149633e-01
1.463441556813765421e-01
-1.614184632593271607e+00
-9.737936525928730935e-01
-2.280913567056461200e-02
1.720895767211914062e-01
8.097801403123505715e-02
-3.129318782261439891e-01
5.901894861338089493e-01
2.366389255134426772e-01
9.824230233017279545e-02
nan
8.369173322405133453e-01
-3.302281827342753440e-01
2.001081072554296292e-02
-6.295878060010014210e-02
8.059690047283561976e-01
4.480196505176777810e-01
1.381679092134748162e-02
8.423162966358418435e-01
-3.091741873293507026e-01
4.327962447185905726e-01
-1.109973265200245168e-01
-9.754374562477578781e-02
5.190181732177734375e-02
nan
nan
nan
nan
8.872731267189493121e-01
8.387089943399235192e-01
7.716602403290417911e-01
1.271861329370615357e+00
7.848690577915736766e-01
-1.395010704896887908e-02
7.630809083276864913e-01
-4.155568103401028335e-01
2.134675317881058465e+00
1.068994950275031997e+00
1.887712478637695312e-01
4.483419924366230935e-01
3.873051234654018016e-01
-1.883190699986048988e-01
nan
8.700467323770328942e-01
9.847542898995536031e-01
1.408843215630978918e+00
8.835421970912388234e-01
3.503214777732381879e-01
5.417816395662269358e-01
7.432970319475445953e-01
7.207235024899852349e-02
2.645200028711435780e-01
2.131524134655388147e-02
-1.249355296699368179e-01
4.190017155238560109e-01
9.807891845703125000e-01
nan
nan
nan
nan
-3.190697455892757290e-03
7.338898327885842177e-01
-3.336803280577367858e-01
3.155140390201490730e-01
2.037765347227758206e-01
-2.195900897590481460e-01
5.567234973518215835e-01
1.061832972935267794e+00
2.163270599988042164e+00
3.644083451251594497e+00
1.519983875508211124e+00
3.633433127889827752e+00
1.366981194943797773e+00
-5.058482033865792094e-01
nan
1.101904654989437127e+00
1.679118409448740357e+00
8.471397088498485717e-01
1.477320612693319601e+00
5.406922632334183909e+00
4.398459609673947557e-01
7.984625368702168435e-01
6.151162750866948636e-01
4.326814048144281971e-02
5.448390415736606984e-01
2.285889995341398306e-01
-2.820086381873305736e-01
-1.039742995281608628e+00
nan
nan
nan
nan
4.092607692796356722e-01
6.507152245969188842e-01
4.676019707504583955e-01
4.132049326993981198e-01
1.733925177126514727e+00
1.285084782814492899e+00
-6.621704101562500000e-01
-6.683292778170838444e-01
-8.862649178018375262e-02
8.892000159438775420e-01
6.998242748026944904e-01
9.139121697873485717e-01
3.106047377294423595e-01
-2.990768393691705107e-01
nan
8.155153235610650420e-01
-2.625298013492506355e-01
1.000804589719188398e+00
1.428605527293925315e+00
1.081375394548688557e-01
2.142327172415597059e-01
3.355198685003786818e-01
2.282943920213348910e-01
2.951229251160913392e-01
1.092363552171356833e+00
1.723059985102439517e+00
3.645426302540059060e-01
1.045717667560188247e+00
nan
nan
nan
nan
1.262448447091238934e+00
6.911313582439811976e-01
6.297174570511798741e-01
5.929032929089604886e-01
6.642189804388551888e-01
6.211397209945990205e-01
1.741385167958785063e+00
5.098650873923788573e+00
2.235454170071348834e+00
3.956144293960259795e-01
1.385425840105329320e-01
1.652895090531329769e+00
2.400022545639349580e+00
1.382019510074537605e+00
nan
1.273601609833386439e+00
4.372602190290178492e-01
-5.491712628578652999e-02
-1.156678491709183659e-02
-7.038177957340162605e-01
-3.498408989030487443e-02
-3.940347554732341884e-01
8.811826900560029152e-01
1.997515814644949816e-01
-9.227569735780054572e-01
2.357865596304134503e-02
1.259977223921795231e+00
2.435465287189094497e+00
nan
nan
nan
nan
3.700669891980229664e+00
1.557939490493462920e+00
-1.449587272138011702e-02
2.991522757374510261e-03
2.098105917171555923e+00
9.655476472815688993e+00
3.590084153778699161e+00
1.950342217270208955e-01
1.652370569657306276e-01
1.753285466408242899e+00
3.771309054627710378e+00
6.052947920195910214e-01
4.022360821159518540e-01
-1.216670688317746454e-02
nan
2.258004480478714715e+00
1.812199183872767794e+00
8.104729944345901993e-01
3.745011310188137710e-01
4.944089772749920009e-01
2.692847738460618423e+00
1.227661444216358477e+00
3.829212577975526360e-02
-3.671392324019451259e-01
5.578643176020408490e+00
-1.688558928820551586e+00
5.904461296237244916e+00
-2.183399978949099041e-01
nan
nan
nan
nan
-8.324566276705994694e-01
9.813947093730070181e-02
-5.779206022924306962e-01
7.922269081582828942e-01
-1.684779342339963459e-01
2.401702647306481198e-01
8.452401453134964493e-01
3.306480329863878964e-01
5.341773831114476678e+00
2.099318679498166418e+00
-1.677192181957011252e-01
7.478109865772480935e-01
6.185238118074378733e-01
1.451632597008529979e+00
nan
9.750536704549983558e-01
6.231890308613680096e-01
9.705352004693479362e-01
2.526188597387196921e+00
1.159416743687220919e+00
1.286215645926339191e+00
4.179772746806241779e-01
-6.321978277089644882e-01
6.310179574148995219e-01
-2.428711482456752113e-01
1.124984974763831413e+00
1.485942042603784763e-01
2.508627249270069526e-01
nan
nan
nan
nan
1.020563787343550688e+00
3.016025153958067584e+00
1.943778991699218750e-01
-3.301706606028031316e-02
3.500684621382732509e-01
1.847723162904077732e-01
1.938448341525330909e-01
-5.068110251913264808e-01
4.662245147082270669e-01
1.003555297851562500e+00
1.122385141800860964e-01
1.372944267428651166e+00
1.654553627481265998e+00
8.045184077048788129e-01
nan
8.838943948551100105e-01
1.529230078872369170e+00
6.471034847960179803e-01
2.560999189104352869e+00
5.008462088448660587e+00
1.046816767478475851e+00
6.969555446079799266e-01
2.301715539426219814e-01
-4.961934381601761784e-02
4.558028007040218488e-01
2.229938896334901166e+00
-6.945059640066963969e-01
2.212467738560267794e+00
nan
nan
nan
nan
4.359103611537388234e-01
3.280645876514668435e-01
-9.831931445063376573e-01
3.195699964250837133e-01
4.846925696548150420e+00
1.167245748091717106e+00
-6.436223010627590835e-01
-4.844938005719866270e-02
3.439371926443917649e-01
-1.903340670527244038e-01
5.986574912557796058e-01
8.712292885293766442e-01
9.923956734793526469e-01
-3.953698995162029384e-01
nan
-2.064802208725287080e-01
-2.693188531058175461e-01
7.429253714425223531e-01
5.494982661033163129e-01
-2.867655656775649486e-01
-1.530586748707051248e-01
6.772668021065848531e-01
-1.099454918686224442e-01
-2.847045781661052821e-01
2.080935108418367374e+00
1.646306174142020129e-01
1.444634418098293960e+00
8.841312174894371267e-01
nan
nan
nan
nan
4.682892001405054017e-01
-1.284129279000418566e-01
2.642302843989158045e+00
1.704857028260522878e+00
-1.425170801123794295e-01
3.684606357496612028e-01
6.523041238590162605e-01
4.367793336206553245e-02
-1.728789465767996691e-01
-1.297194714448889896e-01
2.734765617214903743e-01
4.200125324482820721e-01
1.324363085688377017e+00
9.687285131337691757e-01
nan
-2.785036320589026615e-01
6.052255825120576027e-01
1.515069611218510914e+00
1.788518282831931538e-01
-1.688948212837686202e-02
-2.982703228386081040e-01
1.253497688137755084e+00
2.938992247289540782e-01
2.337496076311384119e+00
3.634091747050382626e+00
3.831196064851722038e+00
1.787791816555723834e+00
4.988580820511798741e-01
nan
nan
nan
nan
1.533951739875637710e+00
3.767686571393694117e-01
-3.510103031080596403e-01
6.464848421057876049e-01
2.193677911953050355e-02
1.525437491280692059e+00
1.416263093753736824e-01
-3.040800289231903597e-01
1.129425496471171408e-01
1.128766974624322295e+00
5.095552094128667164e+00
2.229417761977837920e+00
4.011259740712691091e+00
6.738013442681760168e+00
nan
-7.944661354532047692e-01
2.473007124297472992e-01
1.757014216208944601e+00
3.115079295878507626e+00
3.999758739860690415e-01
3.917326946647799790e+00
2.302593503679548070e-01
-3.047125096223792240e-01
-2.045795868854133337e-02
7.235337860730229886e-01
5.718451519401706040e-01
7.287140768401477453e-02
7.226677719427614388e-01
nan
nan
nan
nan
1.010715640321069753e+00
2.924090210272341506e-01
7.017978843377560561e-02
2.191992312061543213e+00
1.179469050193319601e+00
6.394592207305285214e-01
9.427270694654814598e-01
1.609746096085528932e-01
4.920783218072385168e+00
5.524867700070751342e-01
9.742732145348373951e-01
3.445513978296396718e-01
5.220658827801140101e-01
6.405267520826689598e-01
nan
6.354214415258291337e-01
8.007552477778220323e-01
2.369319682218590462e+00
2.053801867426658045e+00
1.085876153439891523e+00
-6.084718120341398029e-01
-1.722485678536551240e-02
6.184096044423629257e-01
4.613185026207748507e+00
1.445100589674346292e+00
-8.865111214773995219e-01
1.570550665563466564e-01
8.900823009257413654e-01
nan
nan
nan
nan
2.205256248007015252e+00
6.439417002152423741e+00
4.105003201231664178e+00
9.612803556481186451e-01
6.747303398288025944e-01
1.635844561518454976e-01
1.785706033512037605e+00
6.195612537617586346e-01
-5.190782157742247077e-02
5.087188409299266967e-01
2.913930153360172248e+00
6.080292993662308909e+00
3.403512448680644287e+00
2.108357293265206434e-01
nan
3.411874965745575472e-01
4.066553544025031997e+00
1.076319791832748729e+00
-8.621975840354452469e-02
1.030041675178372085e+00
1.225521399050342852e+00
6.844643729073660587e+00
2.048206095792809212e+00
5.040767825379663947e-01
1.096636246661750747e+00
1.033112506477200210e+00
2.070013396593989086e+00
1.093189395203882253e+00
nan
nan
