nan
nan
5.760996937751770020e-01
-6.831060051918029785e-01
5.372021794319152832e-01
1.290643811225891113e-01
-3.031673841178417206e-02
-2.620024085044860840e-01
1.025845855474472046e-01
6.645795702934265137e-02
2.293845266103744507e-01
4.152612090110778809e-01
-5.439795553684234619e-02
-5.560927391052246094e-01
6.128868460655212402e-01
-2.908965647220611572e-01
nan
-2.299339026212692261e-01
7.699910402297973633e-01
5.291917920112609863e-01
4.111517071723937988e-01
-7.507360577583312988e-01
-3.865807354450225830e-01
8.717398047447204590e-01
6.859258413314819336e-01
6.161025166511535645e-01
1.439394503831863403e-01
7.998729944229125977e-01
4.161002039909362793e-01
-1.432859748601913452e-01
nan
nan
nan
nan
2.507032752037048340e-01
-9.190735965967178345e-02
1.924037486314773560e-01
8.593890070915222168e-01
-5.976068377494812012e-01
3.206021385267376900e-03
2.554705142974853516e-01
7.122419774532318115e-02
1.138078331947326660e+00
-1.531096398830413818e-01
-1.653896830976009369e-02
3.911170363426208496e-01
8.328069448471069336e-01
3.340869843959808350e-01
nan
-4.966568648815155029e-01
-1.747114211320877075e-01
2.444096505641937256e-01
-3.278530389070510864e-02
5.017672181129455566e-01
3.033022582530975342e-01
2.762780711054801941e-02
-5.527528375387191772e-02
1.662116646766662598e-01
-3.877989053726196289e-01
9.503445774316787720e-02
3.651879131793975830e-01
6.929382681846618652e-01
nan
nan
nan
nan
7.827610373497009277e-01
-6.221211552619934082e-01
1.082067966461181641e+00
-3.238150477409362793e-01
-4.238392412662506104e-01
-1.257147341966629028e-01
-2.495399415493011475e-01
1.037405207753181458e-01
6.818173080682754517e-02
-3.139275610446929932e-01
1.028473258018493652e+00
-1.878511756658554077e-01
5.314700603485107422e-01
6.950327754020690918e-01
nan
-6.229189634323120117e-01
4.461160600185394287e-01
6.926035881042480469e-02
1.933473348617553711e-01
1.112385988235473633e+00
1.248583644628524780e-01
4.525019228458404541e-01
2.712419927120208740e-01
6.050051450729370117e-01
8.418754935264587402e-01
7.813727855682373047e-01
2.067008018493652344e+00
1.402467191219329834e-01
nan
nan
nan
nan
-4.287589490413665771e-01
-2.295168489217758179e-02
-4.078868925571441650e-01
-5.604005455970764160e-01
6.302490830421447754e-01
3.489891588687896729e-01
6.168053671717643738e-02
-4.907613620162010193e-02
-2.098929584026336670e-01
5.285463929176330566e-01
-6.595552563667297363e-01
6.484847515821456909e-02
5.862122774124145508e-01
1.552332043647766113e-01
nan
-3.191667199134826660e-01
-1.795328408479690552e-01
7.661398500204086304e-02
-4.242544993758201599e-02
-7.120100259780883789e-01
-3.850888013839721680e-01
1.450661867856979370e-01
-3.879195451736450195e-02
1.531291101127862930e-02
1.029674150049686432e-02
-7.647383958101272583e-02
3.891420364379882812e-02
6.409777998924255371e-01
nan
nan
nan
nan
-2.996317148208618164e-01
2.634286582469940186e-01
3.346648216247558594e-01
8.408014178276062012e-01
-7.545711398124694824e-01
7.132830023765563965e-01
-7.849894762039184570e-01
-1.303340077400207520e+00
4.653570353984832764e-01
-2.773639261722564697e-01
-2.534942924976348877e-01
1.118374705314636230e+00
-7.611877322196960449e-01
-9.047180414199829102e-01
nan
-2.206934541463851929e-01
-1.892097294330596924e-01
6.344480514526367188e-01
-7.319142669439315796e-02
-4.454708993434906006e-01
1.097294092178344727e-01
-1.647906452417373657e-01
-5.781727433204650879e-01
-3.008917868137359619e-01
3.710483908653259277e-01
-6.329322606325149536e-02
3.211172819137573242e-01
1.748941540718078613e-01
nan
nan
nan
nan
7.976211309432983398e-01
-5.711348652839660645e-01
-1.483998000621795654e-01
-6.154808998107910156e-01
3.793101608753204346e-01
-2.267210036516189575e-01
4.199449419975280762e-01
-7.328501939773559570e-01
-5.182919278740882874e-02
1.919849812984466553e-01
3.595593273639678955e-01
1.990772932767868042e-01
-1.569225341081619263e-01
2.325986027717590332e-01
nan
1.241181612014770508e+00
-4.853227436542510986e-01
-3.699505627155303955e-01
7.577990293502807617e-01
3.990798257291316986e-03
9.972909688949584961e-01
-1.569173634052276611e-01
2.768801450729370117e-01
-5.964278429746627808e-02
-3.323404192924499512e-01
3.408173620700836182e-01
5.819994211196899414e-01
3.265071809291839600e-01
nan
nan
nan
nan
-3.930177986621856689e-01
1.504309326410293579e-01
-7.809296846389770508e-01
-3.815562427043914795e-01
2.979126572608947754e-01
8.021478056907653809e-01
-8.716718554496765137e-01
-4.224680364131927490e-01
-6.248071789741516113e-01
-1.943649202585220337e-01
-5.736308097839355469e-01
8.567439317703247070e-01
-4.874632358551025391e-01
-6.482464075088500977e-02
nan
6.644025444984436035e-01
6.873121857643127441e-01
1.229995638132095337e-01
4.702085554599761963e-01
1.627576202154159546e-01
2.009393125772476196e-01
-2.912662327289581299e-01
6.720716357231140137e-01
7.720826566219329834e-02
-6.690381467342376709e-02
7.841361314058303833e-02
-2.775807678699493408e-01
4.725131690502166748e-01
nan
nan
nan
nan
8.380714654922485352e-01
2.818190455436706543e-01
-4.851462244987487793e-01
-1.257058978080749512e-01
7.074095606803894043e-01
5.097434669733047485e-02
3.154534697532653809e-01
6.883544325828552246e-01
-2.307806313037872314e-01
-3.530376255512237549e-01
-6.992856860160827637e-01
-2.282178252935409546e-01
-1.404102593660354614e-01
-4.840944111347198486e-01
nan
-6.450138092041015625e-01
-4.000581502914428711e-01
3.826214373111724854e-01
2.353396080434322357e-02
-2.726599872112274170e-01
3.736536800861358643e-01
-1.693110466003417969e-01
-3.204824626445770264e-01
4.959316849708557129e-01
1.332411617040634155e-01
3.238287270069122314e-01
-1.438555419445037842e-01
2.845666110515594482e-01
nan
nan
nan
nan
4.535743296146392822e-01
3.621887266635894775e-01
-5.667238235473632812e-01
-2.878377400338649750e-02
-4.790198504924774170e-01
-5.886824429035186768e-02
6.819632053375244141e-01
2.908047474920749664e-02
-1.552460342645645142e-01
-1.427124738693237305e-01
5.936137437820434570e-01
-4.546185135841369629e-01
9.195095896720886230e-01
6.149379014968872070e-01
nan
-2.815019190311431885e-01
-2.470985800027847290e-01
4.508451521396636963e-01
2.714156210422515869e-01
-3.091165609657764435e-02
2.182454019784927368e-01
-5.183179974555969238e-01
-2.978678643703460693e-01
1.780716478824615479e-01
6.574847698211669922e-01
4.735560119152069092e-01
4.859084188938140869e-01
3.890389204025268555e-01
nan
nan
nan
nan
-1.156361773610115051e-01
4.822253584861755371e-01
2.146000623703002930e+00
3.099232614040374756e-01
-6.505078077316284180e-01
-1.501787900924682617e-01
-6.515952348709106445e-01
5.127216577529907227e-01
2.383065968751907349e-01
6.600717306137084961e-01
-5.226662158966064453e-01
-1.175989955663681030e-01
-2.688510417938232422e-01
9.396778345108032227e-01
nan
-1.002114176750183105e+00
-3.593298792839050293e-01
1.758860200643539429e-01
-1.928994059562683105e-01
-1.628125607967376709e-01
1.441694796085357666e-01
1.567014306783676147e-01
1.053102761507034302e-01
-2.447771579027175903e-01
1.296843588352203369e-01
4.378160834312438965e-01
3.506098687648773193e-02
-6.830264329910278320e-01
nan
nan
nan
nan
6.727589368820190430e-01
5.115293860435485840e-01
4.764705598354339600e-01
8.355017900466918945e-01
-4.499382674694061279e-01
9.642952084541320801e-01
4.944846034049987793e-01
3.867857456207275391e-01
8.141682147979736328e-01
-8.432499766349792480e-01
3.651696741580963135e-01
6.946342587471008301e-01
6.442673206329345703e-01
-1.582947187125682831e-02
nan
3.818783164024353027e-01
9.206571578979492188e-01
1.486341953277587891e-01
6.520023941993713379e-01
-1.956298500299453735e-01
4.571535885334014893e-01
-8.853206038475036621e-01
-2.333216369152069092e-01
8.375902771949768066e-01
4.903607964515686035e-01
2.832142710685729980e-01
-4.389494359493255615e-01
-7.472960948944091797e-01
nan
nan
nan
nan
-2.093443423509597778e-01
1.873937696218490601e-01
2.459214627742767334e-01
-1.545084267854690552e-01
7.171164751052856445e-01
7.987318634986877441e-01
2.330667227506637573e-01
-5.137221887707710266e-02
-2.777867317199707031e-01
3.863724172115325928e-01
-2.486396282911300659e-01
-4.455092921853065491e-02
-7.714042663574218750e-01
1.176367044448852539e+00
nan
-3.132260143756866455e-01
-4.720049798488616943e-01
-8.886968493461608887e-01
6.181243062019348145e-01
1.182343006134033203e+00
6.616031527519226074e-01
9.362559914588928223e-01
4.710424542427062988e-01
1.900076270103454590e-01
-5.201783776283264160e-01
-1.020291566848754883e+00
3.392853438854217529e-01
7.110017538070678711e-01
nan
nan
nan
nan
5.765051245689392090e-01
1.240551114082336426e+00
2.638980150222778320e-01
1.312533020973205566e+00
1.203956484794616699e+00
6.616641879081726074e-01
1.182678461074829102e+00
3.611765205860137939e-01
2.130527734756469727e+00
-6.149101257324218750e-01
7.048913240432739258e-01
-7.842147350311279297e-01
3.291682302951812744e-01
1.264413833618164062e+00
nan
3.348669409751892090e-01
7.048693895339965820e-01
1.022288322448730469e+00
2.354121655225753784e-01
3.202150166034698486e-01
8.327392935752868652e-01
7.920961976051330566e-01
2.722789719700813293e-02
2.857911288738250732e-01
1.042926535010337830e-01
7.103956341743469238e-01
7.663974910974502563e-02
4.819329679012298584e-01
nan
nan
nan
nan
3.473714888095855713e-01
6.464898586273193359e-01
2.777576744556427002e-01
-1.307608485221862793e-01
3.883211612701416016e-01
4.590097665786743164e-01
1.895350337028503418e+00
1.021667122840881348e+00
2.900277674198150635e-01
2.018446922302246094e+00
1.700205802917480469e+00
1.654117345809936523e+00
1.145891070365905762e+00
-7.565213739871978760e-02
nan
1.027722954750061035e+00
2.414094686508178711e+00
1.936612278223037720e-01
8.671309351921081543e-01
5.192497968673706055e-01
-1.979354023933410645e-01
1.388771653175354004e+00
2.385984808206558228e-01
1.451099961996078491e-01
-5.734049081802368164e-01
2.043542414903640747e-01
8.207910060882568359e-01
4.175499677658081055e-01
nan
nan
nan
nan
7.530134320259094238e-01
1.262401700019836426e+00
9.807547926902770996e-01
3.448543548583984375e-01
6.736251711845397949e-01
1.411614865064620972e-01
1.931930631399154663e-01
3.744637127965688705e-03
2.752212584018707275e-01
1.205661892890930176e+00
1.382420897483825684e+00
-1.618967652320861816e-01
8.428253531455993652e-01
1.450666427612304688e+00
nan
1.249284863471984863e+00
9.260951876640319824e-01
7.473698854446411133e-01
9.077082276344299316e-01
-3.951840698719024658e-01
1.251552551984786987e-01
1.191079139709472656e+00
6.764469146728515625e-01
4.561872780323028564e-01
1.476360797882080078e+00
-5.381407737731933594e-01
-6.754723787307739258e-01
-4.235053956508636475e-01
nan
nan
nan
nan
9.439156651496887207e-01
5.820208191871643066e-01
6.418915987014770508e-01
1.526132345199584961e+00
1.745015233755111694e-01
3.974905014038085938e+00
1.578120946884155273e+00
6.068464279174804688e+00
1.599208235740661621e+00
3.340348303318023682e-01
1.416468501091003418e+00
-9.053532034158706665e-02
2.586999893188476562e+00
4.620776176452636719e-01
nan
9.664535522460937500e-01
2.061532139778137207e-01
4.477356672286987305e-01
7.975601404905319214e-02
-2.564313709735870361e-01
6.153171658515930176e-01
6.380725502967834473e-01
1.352224230766296387e+00
1.576164066791534424e-01
1.715020775794982910e+00
3.302614212036132812e+00
1.952053904533386230e+00
2.179424524307250977e+00
nan
nan
nan
nan
4.062498092651367188e+00
1.729237198829650879e+00
7.103784084320068359e-01
2.045489072799682617e+00
4.196889698505401611e-01
1.019695997238159180e+00
1.569357037544250488e+00
-1.214811578392982483e-02
1.378228187561035156e+00
5.852397680282592773e-01
3.947331428527832031e+00
7.219731211662292480e-01
9.580697864294052124e-02
5.067614912986755371e-01
nan
1.307298064231872559e+00
5.116068720817565918e-01
2.372134663164615631e-02
8.337973058223724365e-02
2.491447448730468750e+00
7.799167156219482422e+00
4.465259552001953125e+00
1.045279800891876221e-01
2.881040871143341064e-01
8.396112918853759766e-01
3.038200855255126953e+00
2.836837291717529297e+00
6.070039700716733932e-03
nan
nan
nan
nan
9.235788136720657349e-02
6.140543818473815918e-01
8.052918314933776855e-01
1.281998038291931152e+00
3.445491790771484375e-01
1.339131474494934082e+00
1.754114985466003418e+00
2.397848606109619141e+00
7.699596405029296875e+00
3.386381864547729492e+00
4.350004494190216064e-01
1.491888880729675293e+00
1.737913191318511963e-01
4.472802281379699707e-01
nan
2.701353311538696289e+00
3.969060420989990234e+00
1.856263399124145508e+00
5.197971343994140625e+00
1.685594677925109863e+00
-8.248165845870971680e-01
8.560931682586669922e-01
5.294027924537658691e-01
6.074220538139343262e-01
-3.716933727264404297e-01
-1.050097495317459106e-01
8.456183075904846191e-01
2.376803636550903320e+00
nan
nan
nan
nan
1.113347530364990234e+00
1.833161830902099609e+00
1.282418519258499146e-01
9.575130939483642578e-01
1.681078314781188965e+00
-4.332775175571441650e-01
2.063457489013671875e+00
2.879174053668975830e-01
8.543394804000854492e-01
1.249237298965454102e+00
1.412190556526184082e+00
8.303128480911254883e-01
5.154643058776855469e-01
1.167404890060424805e+00
nan
1.428058028221130371e+00
6.552685260772705078e+00
2.979897737503051758e+00
3.631716728210449219e+00
6.051203727722167969e+00
7.003665566444396973e-01
2.294239044189453125e+00
1.071017146110534668e+00
8.155547380447387695e-01
7.921409010887145996e-01
1.645641446113586426e+00
1.592141747474670410e+00
2.108570337295532227e+00
nan
nan
nan
nan
1.020877733826637268e-01
2.475308626890182495e-01
8.806021213531494141e-01
5.376759767532348633e-01
5.778809547424316406e+00
1.837802886962890625e+00
-4.196589067578315735e-02
1.015072345733642578e+00
7.579849958419799805e-01
1.918561220169067383e+00
5.131952166557312012e-01
1.507889151573181152e+00
1.108481645584106445e+00
1.400071144104003906e+00
nan
-1.709901839494705200e-01
4.787171483039855957e-01
9.279973506927490234e-01
8.493914455175399780e-02
8.479689955711364746e-01
-5.406677126884460449e-01
9.029189497232437134e-02
3.233079016208648682e-01
3.009482324123382568e-01
5.686681270599365234e+00
2.931369066238403320e+00
8.519664406776428223e-02
-1.572228372097015381e-01
nan
nan
nan
nan
2.925955951213836670e-01
2.664932012557983398e+00
3.970326900482177734e+00
4.742722511291503906e+00
1.195671558380126953e+00
2.027594089508056641e+00
4.714033566415309906e-03
-7.129955291748046875e-02
-3.113421797752380371e-02
2.128402441740036011e-01
-9.643749892711639404e-02
6.948251128196716309e-01
2.913169860839843750e+00
1.337836265563964844e+00
nan
8.462476730346679688e-01
9.415145516395568848e-01
2.078433275222778320e+00
1.012082695960998535e+00
5.241831392049789429e-02
-2.340531051158905029e-01
1.271925806999206543e+00
-3.895323872566223145e-01
1.420721888542175293e+00
2.250902175903320312e+00
1.743289470672607422e+00
7.891792804002761841e-02
-3.465263545513153076e-02
nan
nan
nan
nan
7.687467575073242188e+00
2.671447515487670898e+00
1.720464080572128296e-01
1.549957543611526489e-01
1.482389867305755615e-01
-4.999414668418467045e-04
1.453129172325134277e+00
2.568333148956298828e-01
1.006823539733886719e+00
6.508880853652954102e-01
7.755667686462402344e+00
1.629393458366394043e+00
1.294953096657991409e-02
1.636705994606018066e+00
nan
1.080774307250976562e+00
8.654568791389465332e-01
7.287471294403076172e+00
8.879769325256347656e+00
2.595910072326660156e+00
2.439818620681762695e+00
8.069946765899658203e-01
6.741797924041748047e-01
2.720822393894195557e-01
2.750109732151031494e-01
1.362404108047485352e+00
9.442037940025329590e-01
9.424147605895996094e-01
nan
nan
nan
nan
2.843511402606964111e-01
-1.179903745651245117e-01
2.406718730926513672e-01
1.597959280014038086e+00
1.348273754119873047e+00
5.503823161125183105e-01
-5.436036586761474609e-01
5.679357051849365234e-01
4.922318458557128906e+00
2.501078128814697266e+00
1.976600527763366699e+00
2.856272935867309570e+00
1.137897133827209473e+00
6.167586445808410645e-01
nan
6.642102450132369995e-02
5.069918632507324219e-01
1.538537025451660156e+00
4.614737510681152344e+00
5.347927212715148926e-01
6.385052204132080078e-01
-1.669319272041320801e-01
8.834326267242431641e-01
2.366950035095214844e+00
3.862633109092712402e-01
-1.756800860166549683e-01
5.094625949859619141e-01
-3.736480176448822021e-01
nan
nan
nan
nan
2.125308990478515625e+00
7.979139804840087891e+00
5.735297203063964844e+00
2.454080343246459961e+00
3.372976779937744141e+00
3.130527973175048828e+00
4.604310989379882812e+00
2.180191278457641602e+00
6.220201849937438965e-01
-4.639792814850807190e-02
2.161212205886840820e+00
3.384161233901977539e+00
2.312159538269042969e+00
-4.130012094974517822e-01
nan
-6.316152866929769516e-03
6.507966995239257812e+00
9.979855418205261230e-01
4.082842171192169189e-01
4.839602708816528320e-01
3.147252082824707031e+00
7.591927528381347656e+00
3.431769132614135742e+00
4.450382709503173828e+00
5.168553352355957031e+00
1.600871205329895020e+00
3.727186679840087891e+00
1.561920046806335449e+00
nan
nan
