nan
nan
-1.047577381134033203e+00
8.956118673086166382e-02
4.422645568847656250e-01
3.804021775722503662e-01
4.860734641551971436e-01
3.267330229282379150e-01
-3.630463480949401855e-01
2.278910391032695770e-02
-3.400674164295196533e-01
5.861282944679260254e-01
4.863171651959419250e-02
2.146497964859008789e-01
-8.727386593818664551e-02
1.198894754052162170e-01
nan
6.295203566551208496e-01
5.764716863632202148e-01
-9.076465964317321777e-01
-4.028744697570800781e-01
-3.618906736373901367e-01
-6.027385219931602478e-02
5.921168923377990723e-01
5.362839698791503906e-01
4.658420979976654053e-01
-4.974365532398223877e-01
3.242431282997131348e-01
6.562731862068176270e-01
-1.425963342189788818e-01
nan
nan
nan
nan
-1.509757526218891144e-02
7.350238412618637085e-02
-1.230309903621673584e-01
7.942814379930496216e-02
4.000344276428222656e-01
4.652290642261505127e-01
-4.116090759634971619e-02
4.605292975902557373e-01
-2.197537273168563843e-01
6.046956777572631836e-02
4.914018511772155762e-01
-4.587713479995727539e-01
-3.163496255874633789e-01
7.600394636392593384e-02
nan
-2.501909434795379639e-01
-3.843005299568176270e-01
-3.953627049922943115e-01
8.219140768051147461e-01
-2.911096513271331787e-01
-1.052227541804313660e-01
-7.257571816444396973e-02
-1.214948445558547974e-01
3.492897376418113708e-02
-1.132428526878356934e+00
1.115914508700370789e-01
-6.727146357297897339e-02
-1.390666216611862183e-01
nan
nan
nan
nan
-8.415934443473815918e-02
-4.913064092397689819e-02
6.582336425781250000e-01
-3.584767132997512817e-02
-8.879932761192321777e-01
-1.647894680500030518e-01
5.365642309188842773e-01
7.657330036163330078e-01
5.651203915476799011e-02
-3.533788025379180908e-01
-2.401725202798843384e-01
1.962475627660751343e-01
-1.939067058265209198e-02
-3.107388615608215332e-01
nan
7.252936363220214844e-01
-1.273585017770528793e-02
-2.853345312178134918e-02
-3.319442868232727051e-01
1.141744554042816162e-01
-2.699546813964843750e-01
4.122276902198791504e-01
1.181982278823852539e+00
-3.130224347114562988e-01
4.662632942199707031e-02
5.516630783677101135e-02
8.194415569305419922e-01
-3.487455248832702637e-01
nan
nan
nan
nan
3.204721212387084961e-01
-8.342540860176086426e-01
4.497314989566802979e-01
1.906607896089553833e-01
4.011364877223968506e-01
1.174607798457145691e-01
-3.415281325578689575e-02
-4.050720036029815674e-01
3.417118191719055176e-01
-6.291276216506958008e-01
-3.822480738162994385e-01
1.691105067729949951e-01
-1.315247565507888794e-01
-3.628554344177246094e-01
nan
3.642705678939819336e-01
-6.925234794616699219e-01
5.743520334362983704e-02
-3.301477730274200439e-01
-5.148074030876159668e-01
-6.146242022514343262e-01
-4.000819623470306396e-01
1.029654070734977722e-01
1.402514874935150146e-01
1.757509708404541016e-01
9.006400406360626221e-02
-5.306366086006164551e-01
9.782345890998840332e-01
nan
nan
nan
nan
1.921465992927551270e-01
1.185238957405090332e-01
-1.101682111620903015e-01
-1.706262081861495972e-01
3.823283016681671143e-01
1.095308423042297363e+00
4.355847537517547607e-01
-1.495802998542785645e-01
-6.052613258361816406e-01
-2.959959208965301514e-01
1.829416602849960327e-01
9.450267553329467773e-01
7.536096572875976562e-01
4.508643448352813721e-01
nan
-8.416672945022583008e-01
-7.058699429035186768e-02
-5.042197108268737793e-01
-1.456083059310913086e-01
-7.125903666019439697e-02
2.168988808989524841e-02
2.933840453624725342e-01
1.109095290303230286e-02
-7.359156757593154907e-02
-3.992178738117218018e-01
-1.656839370727539062e+00
-5.293490290641784668e-01
-5.192929506301879883e-01
nan
nan
nan
nan
-6.256505846977233887e-02
6.246558856219053268e-03
5.904353260993957520e-01
3.340755999088287354e-01
-5.243278145790100098e-01
1.110965013504028320e-02
1.895167678594589233e-01
-7.200816273689270020e-01
7.315155267715454102e-01
4.828611016273498535e-01
-7.556022703647613525e-02
6.144449114799499512e-01
6.566168069839477539e-01
-7.577400654554367065e-02
nan
-4.114772081375122070e-01
-5.653647780418395996e-01
-5.886441469192504883e-02
-3.524262011051177979e-01
-1.219790875911712646e-01
2.192382067441940308e-01
2.429768443107604980e-01
1.420817673206329346e-01
-1.922912336885929108e-02
4.911512136459350586e-01
-7.213698029518127441e-01
8.240906149148941040e-02
-2.388461381196975708e-01
nan
nan
nan
nan
3.818798661231994629e-01
-2.936158776283264160e-01
-4.370301663875579834e-01
-5.091837644577026367e-01
3.616601228713989258e-01
-1.292836517095565796e-01
-7.050235569477081299e-02
2.686616778373718262e-01
-5.026344656944274902e-01
5.342112779617309570e-01
7.119099497795104980e-01
-1.302282065153121948e-01
-1.050153017044067383e+00
-2.108901888132095337e-01
nan
-8.254934549331665039e-01
-1.202002465724945068e-01
2.323869429528713226e-02
3.761073052883148193e-01
4.263935685157775879e-01
-3.823147118091583252e-01
3.946581482887268066e-01
-5.550504848361015320e-02
1.224706396460533142e-01
5.629997253417968750e-01
7.399610280990600586e-01
-6.746757775545120239e-02
-4.344546496868133545e-01
nan
nan
nan
nan
-6.903614103794097900e-02
-9.141470789909362793e-01
-7.339833974838256836e-01
7.799407243728637695e-01
-4.650967419147491455e-01
2.897913753986358643e-01
2.255061268806457520e-01
-4.870262145996093750e-01
1.441312283277511597e-01
-1.158238500356674194e-01
-1.413030549883842468e-03
9.375230669975280762e-01
-7.333614677190780640e-02
4.605980515480041504e-01
nan
2.763218879699707031e-01
-2.219368889927864075e-02
2.670492231845855713e-01
-5.120689868927001953e-01
5.790506601333618164e-01
-4.904780164361000061e-02
-4.001060128211975098e-01
-8.104730248451232910e-01
-1.835758090019226074e-01
-5.142818391323089600e-02
6.889770179986953735e-02
5.289923027157783508e-02
-1.070046544075012207e+00
nan
nan
nan
nan
-6.304973959922790527e-01
5.792705714702606201e-02
3.554213941097259521e-01
1.551605612039566040e-01
-2.584444880485534668e-01
3.066110014915466309e-01
2.425908297300338745e-01
-6.103518232703208923e-02
-5.290513038635253906e-01
7.372593879699707031e-01
-2.946394383907318115e-01
-1.144701361656188965e+00
-9.227815866470336914e-01
-7.619563341140747070e-01
nan
-4.986793994903564453e-01
3.851506710052490234e-01
5.835176706314086914e-01
1.607349812984466553e-01
6.050470471382141113e-01
-2.531977295875549316e-01
3.563133999705314636e-02
1.262347251176834106e-01
3.874981105327606201e-01
2.180954217910766602e-01
4.729807749390602112e-02
-9.878162145614624023e-01
6.898792460560798645e-03
nan
nan
nan
nan
-4.881737381219863892e-02
-1.305794417858123779e-01
4.326154589653015137e-01
1.917999424040317535e-02
6.192805767059326172e-01
-1.290124416351318359e+00
-3.491897583007812500e-01
3.104406595230102539e-01
3.712134063243865967e-01
3.179320693016052246e-01
-6.445863842964172363e-02
-9.007291197776794434e-01
-2.190457731485366821e-01
1.531449258327484131e-01
nan
-2.654457390308380127e-01
-3.545846045017242432e-01
5.663585066795349121e-01
-5.990173220634460449e-01
-9.073965549468994141e-01
-9.857067465782165527e-01
3.327542543411254883e-01
4.927725493907928467e-01
-2.853758633136749268e-01
1.155545338988304138e-01
7.664989233016967773e-01
-3.142832219600677490e-01
2.798749804496765137e-01
nan
nan
nan
nan
3.412043452262878418e-01
-2.827318310737609863e-01
-1.196708008646965027e-01
2.248137444257736206e-01
1.898042261600494385e-01
2.739767660386860371e-04
-5.540105104446411133e-01
-8.625878952443599701e-03
-8.156934976577758789e-01
3.099279105663299561e-01
1.957022398710250854e-01
7.534837722778320312e-01
1.624903976917266846e-01
-1.368577778339385986e-01
nan
-3.964741528034210205e-01
8.146389126777648926e-01
-1.557478606700897217e-01
3.392353653907775879e-01
6.862869858741760254e-01
1.054104790091514587e-01
2.398752123117446899e-01
1.056138426065444946e-01
5.866342186927795410e-01
-2.997078746557235718e-02
-7.913736701011657715e-01
-4.155128598213195801e-01
-1.029028221964836121e-01
nan
nan
nan
nan
-4.488133417908102274e-04
-2.141186445951461792e-01
-3.637543618679046631e-01
3.441816866397857666e-01
1.021470576524734497e-01
-1.949407607316970825e-01
7.007331401109695435e-02
1.819223314523696899e-01
-1.770332306623458862e-01
2.715761363506317139e-01
-9.795306921005249023e-01
6.003094911575317383e-01
-8.063346147537231445e-02
4.211908876895904541e-01
nan
-6.203159689903259277e-03
-1.924672275781631470e-01
3.230190575122833252e-01
-6.178946048021316528e-02
4.564140737056732178e-01
-2.647695541381835938e-01
8.957400918006896973e-02
-6.145117878913879395e-01
5.584012269973754883e-01
2.758132517337799072e-01
-8.139548301696777344e-01
1.027315735816955566e+00
4.140469729900360107e-01
nan
nan
nan
nan
1.348724514245986938e-01
-2.666175365447998047e-01
7.208868861198425293e-02
-4.686588048934936523e-01
2.994681298732757568e-01
4.440359473228454590e-01
9.011309146881103516e-01
9.661452472209930420e-02
-2.254868894815444946e-01
4.121567010879516602e-01
4.225763380527496338e-01
8.494517952203750610e-02
6.719095110893249512e-01
-6.998175382614135742e-01
nan
7.762635350227355957e-01
1.043210387229919434e+00
-6.541073322296142578e-01
3.389709591865539551e-01
-1.484214812517166138e-01
5.338884517550468445e-02
-3.385356962680816650e-01
3.220401108264923096e-01
-2.141452580690383911e-01
-5.453946590423583984e-01
2.335321009159088135e-01
7.077683806419372559e-01
-7.928365468978881836e-01
nan
nan
nan
nan
4.161604642868041992e-01
7.492772936820983887e-01
4.305686652660369873e-01
-1.022113338112831116e-01
8.418995887041091919e-02
8.040037751197814941e-01
2.173745185136795044e-01
-3.649744093418121338e-01
1.182255148887634277e-01
-3.783693611621856689e-01
3.621425926685333252e-01
4.012238383293151855e-01
-8.240001648664474487e-02
-2.146159857511520386e-01
nan
-1.217588931322097778e-01
6.278212666511535645e-01
1.988269090652465820e-01
-3.198283016681671143e-01
4.711095690727233887e-01
5.010286569595336914e-01
-6.117731332778930664e-01
-6.222128272056579590e-01
9.619524478912353516e-01
5.801435112953186035e-01
-1.958770900964736938e-01
-1.395615339279174805e-01
-1.112369656562805176e+00
nan
nan
nan
nan
-4.296555221080780029e-01
-5.859178304672241211e-01
4.114775061607360840e-01
8.912584781646728516e-01
5.688084363937377930e-01
7.210834622383117676e-01
-1.567295044660568237e-01
6.268022060394287109e-01
-6.441705822944641113e-01
-6.220864653587341309e-01
-1.239962801337242126e-01
-8.269508481025695801e-01
-7.202082872390747070e-01
7.121022790670394897e-02
nan
-2.002240717411041260e-02
7.401426136493682861e-02
5.692201256752014160e-01
-4.258896410465240479e-01
1.211633920669555664e+00
6.254295706748962402e-01
8.506694436073303223e-02
-1.106676697731018066e+00
-3.509345054626464844e-01
6.640791893005371094e-02
-1.820925772190093994e-01
4.219099581241607666e-01
6.493471860885620117e-01
nan
nan
nan
nan
-4.788400232791900635e-01
1.174050942063331604e-01
5.379359722137451172e-01
5.251173973083496094e-01
7.160490155220031738e-01
-1.758249402046203613e-01
-2.527344226837158203e-01
7.944850325584411621e-01
-6.227118372917175293e-01
3.367102146148681641e-01
6.981210112571716309e-01
5.241355895996093750e-01
6.615696430206298828e+00
1.551715970039367676e+00
nan
8.628232479095458984e-01
-4.062830209732055664e-01
6.993529200553894043e-01
3.326386809349060059e-01
-9.744278788566589355e-01
-5.855369567871093750e-01
1.096164107322692871e+00
3.521010279655456543e-02
1.762190312147140503e-01
3.145446777343750000e-01
-5.665925890207290649e-02
1.557579874992370605e+00
-7.768436074256896973e-01
nan
nan
nan
nan
8.094161033630371094e+00
1.539733290672302246e+00
1.345584839582443237e-01
5.697376132011413574e-01
-7.703345417976379395e-01
1.423631459474563599e-01
1.113747358322143555e+00
6.802663207054138184e-01
-1.369122564792633057e-01
1.925707608461380005e-01
1.908485293388366699e+00
-7.246991991996765137e-02
6.663357615470886230e-01
-6.088292598724365234e-01
nan
2.091104388236999512e-01
-6.911312937736511230e-01
-2.023810148239135742e-01
3.057620525360107422e-01
8.410922884941101074e-01
1.724613666534423828e+00
8.480158448219299316e-01
5.062997937202453613e-01
-1.446962505578994751e-01
-7.198077440261840820e-01
8.870933651924133301e-01
-4.050961732864379883e-01
-4.090044200420379639e-01
nan
nan
nan
nan
3.141669332981109619e-01
7.463171482086181641e-01
4.726159572601318359e-01
-6.696736812591552734e-01
-2.206666320562362671e-01
-5.768091082572937012e-01
1.368944346904754639e-01
8.085271716117858887e-01
1.085878086090087891e+01
5.019729733467102051e-01
-2.472081780433654785e-02
-4.784009754657745361e-01
-3.373210132122039795e-01
2.497361451387405396e-01
nan
5.996469259262084961e-01
3.604628741741180420e-01
-3.176422044634819031e-02
2.732340097427368164e+00
1.550760567188262939e-01
3.264725208282470703e-01
3.133283853530883789e-01
5.430873036384582520e-01
4.784997105598449707e-01
-2.191174030303955078e-01
2.896453440189361572e-01
6.751497983932495117e-01
7.499062418937683105e-01
nan
nan
nan
nan
5.230970382690429688e-01
1.392313003540039062e+00
2.458955347537994385e-01
1.098126649856567383e+00
-3.859856128692626953e-01
3.266873359680175781e-01
3.702668100595474243e-02
6.879371404647827148e-01
1.117101609706878662e-01
4.140717387199401855e-01
-5.748364925384521484e-01
-1.471267044544219971e-01
-8.938164450228214264e-03
1.573455035686492920e-01
nan
6.575714796781539917e-02
1.508861780166625977e+00
1.332943201065063477e+00
7.474945783615112305e-01
2.742302119731903076e-01
-8.317169547080993652e-02
4.218018531799316406e+00
1.036119341850280762e+00
-3.934964537620544434e-02
2.176624238491058350e-01
7.662350535392761230e-01
9.382337927818298340e-01
1.324849605560302734e+00
nan
nan
nan
nan
-2.513140439987182617e-01
2.768432199954986572e-01
4.609307348728179932e-01
4.070560455322265625e+00
9.390243530273437500e+00
7.475584983825683594e+00
3.629528880119323730e-01
5.536418557167053223e-01
-1.002327919006347656e+00
3.565822541713714600e-01
-9.159358590841293335e-02
6.341079473495483398e-01
5.350880622863769531e-01
3.053110539913177490e-01
nan
9.506341814994812012e-01
1.021473556756973267e-01
-6.520743370056152344e-01
-3.160131722688674927e-02
-3.213368952274322510e-01
9.864326119422912598e-01
-4.534605741500854492e-01
1.752663403749465942e-01
8.768526315689086914e-01
7.332038879394531250e+00
-2.994397282600402832e-01
4.887518882751464844e-01
-9.487637281417846680e-01
nan
nan
nan
nan
-7.506373524665832520e-02
1.714161634445190430e+00
9.979913234710693359e-01
5.025424957275390625e-01
2.830242216587066650e-01
8.521873503923416138e-02
8.573117107152938843e-02
-6.551698446273803711e-01
-1.250664740800857544e-01
7.400991162285208702e-04
2.191942781209945679e-01
9.278572797775268555e-01
2.057833075523376465e-01
6.291029043495655060e-03
nan
1.053035259246826172e+00
-5.261139273643493652e-01
3.154738843441009521e-01
1.810929477214813232e-01
7.391875386238098145e-01
-5.304567217826843262e-01
-2.845841646194458008e-01
-5.807915702462196350e-02
5.519724488258361816e-01
-1.840079426765441895e-01
-1.389569640159606934e-01
1.195352226495742798e-01
-7.876188158988952637e-01
nan
nan
nan
nan
8.692248344421386719e+00
3.498811483383178711e+00
8.985407352447509766e-01
-4.529164433479309082e-01
-1.388317197561264038e-01
3.514941930770874023e-01
4.329150915145874023e-01
-5.230218768119812012e-01
-5.172940492630004883e-01
-2.100434340536594391e-02
2.030126810073852539e+00
1.697824150323867798e-01
1.045758962631225586e+00
1.698685586452484131e-01
nan
1.189415097236633301e+00
-2.816347777843475342e-01
3.556479811668395996e-01
3.233705759048461914e-01
3.707123994827270508e-01
9.227057695388793945e-01
-4.053048193454742432e-01
4.844348430633544922e-01
-2.095945924520492554e-01
3.916069865226745605e-01
3.388945460319519043e-01
4.807260036468505859e-01
4.771924912929534912e-01
nan
nan
nan
nan
5.917763337492942810e-02
9.168514609336853027e-02
2.405328750610351562e-01
-8.470840752124786377e-03
5.435001254081726074e-01
-2.474236637353897095e-01
2.071915008127689362e-02
5.904402136802673340e-01
9.612292796373367310e-02
1.887427270412445068e-01
6.727519035339355469e-01
-7.511192560195922852e-02
-2.867315113544464111e-01
-3.736444711685180664e-01
nan
1.903739571571350098e-01
2.889053523540496826e-01
-8.438004180788993835e-03
4.094970822334289551e-01
6.507000327110290527e-01
-3.704416155815124512e-01
-2.228710353374481201e-01
-3.693099319934844971e-01
1.323386430740356445e-01
-9.901574254035949707e-02
-4.770267009735107422e-01
5.173328518867492676e-01
7.901719808578491211e-01
nan
nan
nan
nan
-6.530313491821289062e-01
-8.012807369232177734e-02
5.088661313056945801e-01
9.230216145515441895e-01
4.960264861583709717e-01
-1.045516490936279297e+00
7.759971022605895996e-01
-1.367000937461853027e-01
3.655698597431182861e-01
6.799421310424804688e-01
5.900961160659790039e-01
6.625381708145141602e-01
-6.513839215040206909e-02
-7.019193768501281738e-01
nan
-5.417573451995849609e-01
2.557138204574584961e-01
-3.500460684299468994e-01
4.265134930610656738e-01
-2.029714733362197876e-01
-6.090998053550720215e-01
1.036355420947074890e-01
-8.192434310913085938e-01
-2.321614325046539307e-01
5.796912908554077148e-01
1.873208284378051758e-01
-1.981164813041687012e-01
-5.940282344818115234e-02
nan
nan
