nan
nan
-7.826350402832030762e-01
-1.368121185302734411e+00
1.280692768096923784e-01
-1.070581665039062491e+00
-1.234263076782226465e+00
-1.968747138977050837e-01
5.696627044677734508e-01
2.270463371276855435e-01
-7.340473937988281072e-01
1.608909149169921893e+00
-1.004568710327148340e+00
5.597857666015625400e-01
6.531675815582276001e-02
-6.020742797851562633e-01
-4.943012237548827931e-02
-3.053443145751952859e-01
1.315003051757812402e+00
-7.770510864257812456e-01
-1.823520355224609313e+00
-3.502840805053710760e-01
5.999187469482421958e-02
-7.398512363433838029e-03
-5.311256885528564675e-02
1.746764755249023415e-01
1.964810752868652310e-01
5.590607452392578613e-01
6.538855743408202859e-01
5.256386566162108975e-01
nan
nan
nan
nan
9.175165557861327814e-01
4.773778915405273438e-01
4.962413406372070401e-01
-7.435598754882812855e-01
2.008075332641601485e-01
-1.616182250976562429e+00
-2.075726776123046680e+00
2.950415420532226385e-01
1.044376144409179696e+00
-3.340449905395507790e-01
1.374610290527343848e+00
2.835673713684082053e-01
-5.307474136352539062e-01
-1.660564422607421764e-01
5.619272994995117010e-01
4.544011688232421631e-01
3.695467758178710982e-01
4.426969528198242410e-01
7.965795135498047186e-01
-6.666174316406250355e-01
7.217183685302734908e-01
-1.428847961425781188e+00
-7.981208801269531472e-01
3.664752197265624956e-01
6.834762573242186834e-02
1.622990264892578027e+00
9.652598381042480635e-02
-6.700118255615233887e-01
nan
nan
nan
nan
2.254102706909179576e-01
8.462187194824218883e-01
-1.314199676513671866e+00
4.044296646118163974e-01
3.343606185913086115e-01
4.492622375488281028e-01
-5.663380432128906072e-01
3.247742891311645314e-02
-8.339232635498047275e-01
3.282822418212890669e-01
5.115956878662109020e-01
6.613236999511719061e-01
4.665593338012695157e-01
-8.499132537841797008e-01
-1.112697143554687518e+00
-3.875647354125976718e-01
-6.302849960327148171e-01
-9.477843475341797275e-01
1.093742599487304679e+00
-1.165067443847656259e+00
-5.700959396362305087e-01
-1.235961761474609455e+00
3.298834228515625244e-01
8.007815551757812012e-01
4.311362457275390581e-01
9.107852935791015403e-01
6.889330291748047008e-01
-4.396067428588867343e-01
nan
nan
nan
nan
1.598878502845764091e-02
1.285189208984375053e+00
-7.267605590820312988e-01
5.739822387695312500e-01
1.153549880981445286e+00
-2.462895393371581920e-01
-1.451166534423828036e+00
-9.765365600585937389e-02
-2.022535705566406161e-01
1.643177795410156183e-01
-9.241463470458984863e-01
-6.094105529785156516e-01
-1.567002487182617143e-01
2.921786880493164040e-01
-1.010358963012695233e+00
5.766442489624022949e-01
2.891131973266601318e-01
6.244488525390624600e-01
7.720553588867187234e-01
5.075064086914062855e-01
-4.607890319824218817e-01
-7.867342376708984508e-01
-6.797437286376952770e-01
-1.114681701660156232e+00
2.964626693725586071e-01
1.070614013671874920e+00
-3.262985229492187389e-01
5.514214515686035462e-02
nan
nan
nan
nan
1.714865875244140581e+00
-1.280657653808593643e+00
-8.674758148193358887e-01
8.956399536132813033e-01
-3.285958480834960671e-01
6.601622009277343661e-01
-3.417025375366211093e-01
4.560170745849609353e-01
-8.516392517089843572e-01
6.962240600585937189e-01
-7.838514709472655939e-01
1.127367553710937553e+00
7.402557373046875222e-01
2.526018142700195424e-01
-5.980193138122558844e-02
5.337776184082031194e-02
2.089817762374877874e-02
-7.904700469970703525e-01
2.276432991027831920e-01
5.468658828735351030e-01
5.472750091552733842e-01
1.415144443511962835e-01
5.735330581665039062e-01
-1.088954696655273446e+00
3.360735321044922008e-01
6.698783874511718417e-02
2.193249320983886586e-01
-1.922126007080078025e-01
nan
nan
nan
nan
-7.033235931396484286e-01
-5.149207687377930220e-01
-6.937840270996094016e-01
-4.187507629394531250e-01
-3.468014907836913796e-01
8.868762207031249956e-01
2.409476661682128928e-01
-2.243904113769531194e-01
4.323422241210937433e-01
4.321772766113280984e-01
-9.881589508056640714e-01
1.604295158386230546e-01
7.380375671386718572e-01
1.597074699401855591e-01
-1.588454895019531188e+00
-2.504861450195312589e-01
4.809356307983398415e-01
-1.381767845153808461e-01
-1.499664402008056563e-01
-8.542568969726562766e-01
-7.005696773529052068e-02
-1.326542282104492265e-01
-7.521489715576171742e-01
-1.008814392089843803e+00
-8.834748840332031783e-01
-8.108653259277344150e-01
1.216776084899902355e-01
2.719860076904296875e-01
nan
nan
nan
nan
-5.329695510864257413e-01
-1.876513481140136830e-01
1.447767333984375071e+00
5.757839584350585849e-01
4.118778228759765736e-01
-7.477748870849609819e-01
-4.479097747802734397e-01
-2.085027122497558616e-01
-4.614642333984375067e-01
6.180912399291992321e-01
1.461561012268066395e-01
-1.055949401855468706e+00
-9.194238281250000089e-01
-3.850245285034179510e-01
-1.464442443847656372e-01
2.998707199096679599e-01
-5.448424911499023526e-01
3.062603187561034890e-01
-3.021162414550781494e-01
6.293645095825195490e-01
-7.886601257324218350e-01
-2.825024032592773349e-01
-1.094376831054687527e+00
-4.297605133056640603e-01
7.871112823486328125e-01
-6.907518863677979126e-02
3.696548461914062611e-01
5.456919479370117010e-01
nan
nan
nan
nan
6.555252838134765225e-01
-4.263913345336913796e-01
-6.478072357177734331e-01
-2.870616149902343595e-01
-5.073894500732422097e-01
-4.843622589111328258e-01
1.184710311889648482e+00
-1.042331466674804696e+00
-2.538045883178711160e-01
2.959340333938598536e-02
-4.218504714965820579e-01
1.483708648681640652e+00
-7.569428443908692017e-02
1.599125061035156170e+00
-2.182038545608520549e-02
-1.373544921874999991e+00
-1.152396697998046893e+00
-2.933461189270019642e-01
-2.483982467651367210e-01
1.106236190795898411e+00
-8.606665802001952637e-01
-8.095936775207519809e-02
-2.281518936157226618e-01
1.302953796386718821e+00
-3.125141906738281294e-01
1.694101867675781303e+00
-8.416936874389648049e-02
-5.991285705566405939e-01
nan
nan
nan
nan
4.761284255981445557e-01
-6.875720214843750178e-01
-4.468678665161132657e-01
-9.651119995117187766e-01
-2.529147720336913929e-01
5.701055145263671520e-01
6.489694213867187589e-01
-2.458061599731445335e-01
4.160071563720703081e-01
-6.461369323730469238e-01
7.790982055664062988e-01
-1.241556644439697210e-01
8.616235351562500089e-01
6.182999420166015447e-01
1.334822082519531161e+00
-8.302406311035156472e-01
5.863567352294921653e-01
3.076076269149780398e-02
-1.263298492431640607e+00
6.386515045166015758e-01
-5.279462814331055132e-01
-1.156605434417724565e-01
-2.660553741455078391e-01
-3.787504196166991965e-01
-3.176065635681152299e-01
3.621359634399414218e-01
1.021503448486328125e+00
1.177993267774581814e-03
nan
nan
nan
nan
-7.321743011474609597e-01
-9.744750213623046831e-01
-1.348626327514648449e-01
9.234350585937499689e-01
6.590434265136718706e-01
4.593807220458984153e-01
-1.315798950195312456e+00
-8.697866058349609242e-01
1.467111206054687589e+00
3.564285278320312722e-01
-4.661429595947265692e-01
1.192431716918945339e+00
-3.894396591186523593e-01
-1.861867828369140554e+00
8.568879699707031561e-01
-7.295520782470703569e-01
7.194090270996094105e-01
1.660672187805175837e-01
4.101848983764648238e-01
3.575189971923828369e-01
4.153081893920898549e-01
-4.119376373291015470e-01
6.720293426513671564e-01
-1.083132171630859286e+00
9.251894378662108842e-01
-1.621815299987793002e-01
2.769280052185058572e-01
5.231461715698242365e-01
nan
nan
nan
nan
-5.122412872314453525e-01
4.425782012939453169e-01
-8.470062255859375222e-01
9.441112518310547097e-01
-8.935986518859863337e-02
-2.356890869140625122e-01
8.052006530761718350e-01
6.435787963867187766e-01
-1.236228084564209018e-01
6.907633209228515314e-01
-1.194970932006836017e+00
-4.890783309936523326e-01
-1.416638641357421902e+00
-4.936339950561523526e-01
7.394757747650146373e-02
-2.062606811523437500e-01
7.762686157226562633e-01
-5.439993286132812633e-01
8.313838195800781206e-01
-3.487805938720703325e-01
5.715655899047851207e-01
-5.097803115844726229e-02
6.078824996948242188e-01
-5.375051879882812855e-01
9.311726570129394420e-02
-7.131196498870849554e-02
9.777504730224609863e-01
2.969302892684936440e-02
nan
nan
nan
nan
-6.160490798950195579e-01
-1.390307521820068337e-01
-4.705955505371093861e-01
5.779976654052734197e-01
-3.994886016845702881e-01
3.158774375915527344e-01
-2.178210830688476485e-01
3.923191070556640847e-01
1.078250217437744102e-01
-1.340725250244140687e+00
9.841648101806640958e-02
6.853929138183594283e-01
3.725890731811523637e-01
-1.109919891357421973e+00
-7.410430908203125000e-01
-7.160340785980225109e-02
1.007705535888671955e+00
-1.787700653076172014e-02
3.098426437377929665e-01
-3.326856613159179799e-01
4.641184234619140647e-01
-1.112601699829101509e+00
2.860005569458007879e-01
-5.755905532836913530e-01
1.494047546386718661e-01
-3.893777084350585893e-01
6.429565429687500444e-01
-4.130863189697265847e-01
nan
nan
nan
nan
-6.578624725341797319e-01
-4.558515167236328325e-01
1.586472225189209106e-01
-3.873292922973632924e-01
-8.923742675781249911e-01
8.559267044067382646e-02
-9.642789459228515714e-01
5.392770385742187145e-01
-1.475984802246093741e+00
-3.225674057006835960e-01
6.745265197753905762e-01
4.503168165683746338e-03
2.519184494018554821e-01
-6.837530612945556807e-02
4.271954345703125044e-01
-4.436524963378906117e-01
-7.776490020751952725e-01
3.054264640808105336e-01
1.063231201171874973e+00
2.264309692382812378e-01
-4.145472717285156317e-01
-2.118102073669433649e-01
1.132236785888671937e+00
4.177419281005859131e-01
2.623227500915527588e-01
-2.250269126892089910e-01
-5.615705490112304910e-02
1.341968059539794811e-01
nan
nan
nan
nan
2.129534530639648482e-01
-5.976804733276367410e-01
-1.637754516601562571e+00
-6.693604278564453391e-01
-9.627971649169922430e-02
6.610643768310546786e-01
2.454689979553222601e-01
-1.431730365753173806e-01
-8.875199127197265225e-01
-2.437620925903320190e-01
1.179541320800781223e+00
1.114996795654296768e+00
-3.179471206665038796e-01
-5.296418666839599818e-03
-4.136233139038085760e-01
4.599903896450996247e-04
-6.753137207031250089e-01
9.121596336364745650e-02
2.330282592773437467e-01
-1.329108715057373061e-02
-2.341980361938476585e-01
2.657421827316284318e-02
-9.795117187499999822e-01
1.593666267395019431e-01
-4.461943817138671609e-01
7.175053405761718794e-01
5.123269271850585671e-01
2.557556343078613015e-01
nan
nan
nan
nan
-1.002462921142578178e+00
-2.856649398803711160e-01
4.211545562744140603e-01
-4.494413375854492410e-01
1.263495559692382919e+00
-4.497356796264648238e-01
-4.245824050903320157e-01
-8.873567962646484730e-01
-7.674254608154297275e-01
-3.808974456787109220e-01
-3.716718292236327881e-01
5.235181427001953658e-01
-4.898402404785155984e-01
-5.000938796997069780e-01
4.574675750732422053e-01
9.975227355957031472e-01
6.302857971191406783e-01
2.811564826965332053e-01
-7.660879516601561967e-01
2.875963211059570090e-01
6.275739192962646873e-02
4.479283142089843794e-01
-1.168647480010986395e-01
1.367942352294921893e+00
2.727367019653320068e-01
5.679453277587890314e-01
1.989726257324218872e-01
-2.608726501464843639e-01
nan
nan
nan
nan
-2.177837181091308583e-01
1.334133148193359375e+00
-6.549368286132812855e-01
-2.140967559814453136e-01
8.477347564697265137e-01
-1.064423446655273331e+00
-6.082826614379882590e-01
-5.651234054565429377e-01
-2.707287025451660112e-01
-8.295037841796875089e-01
-9.084300994873046875e-01
1.002408218383789018e+00
5.937110519409179998e-01
-4.195190048217773415e-01
1.186635875701904236e-01
6.211925888061523571e-01
-1.178480453491211000e+00
-9.664556884765624911e-01
9.978760528564453169e-01
3.650640106201171742e-01
1.152033767700195277e+00
-3.968349456787109153e-01
1.282952270507812464e+00
-1.544118118286132713e-01
-8.804289245605468883e-01
-6.464781284332275779e-02
-2.309605026245117321e-01
1.241441650390624929e+00
nan
nan
nan
nan
-1.201004028320312500e+00
-1.801762390136718850e-01
2.287235069274902444e-01
5.216876220703124956e-01
-5.906042098999023104e-02
-5.991285705566405939e-01
4.186489105224609486e-01
8.727391052246094016e-01
2.428149986267089944e-01
-4.078205490112304932e-01
-2.932112884521484442e-01
-3.003261566162109264e-01
5.827501678466796564e-01
7.281137847900390758e-01
-9.047511100769042858e-02
-7.248394775390625266e-01
4.566032791137695224e-01
-1.052924118041992152e+00
4.149400711059570424e-01
9.781242370605468250e-02
6.357284545898437278e-01
-2.570423603057861439e-02
1.055422019958496133e-01
7.819507598876953569e-01
4.231316375732421808e-01
-9.277143096923827770e-01
1.030495300292968652e+00
1.120788288116455061e-01
nan
nan
nan
nan
1.825393676757812444e-01
-2.406528472900390514e-01
-2.461753273010253984e-01
1.471564788818359393e+00
1.211023688316345201e-02
7.214067077636718839e-01
-2.017786407470703036e-01
-1.196827545166015527e+00
-4.020439529418945446e-01
6.731532287597655762e-01
-1.627647781372070224e-01
7.168402862548828303e-01
-4.488296127319336137e-01
1.011393928527831998e-01
-1.455891990661621060e-01
1.051926879882812527e+00
2.829497337341308483e-01
-9.289176940917968917e-02
-2.531214904785156206e-01
-7.766725420951843192e-03
2.833099555969238459e-01
-2.805454444885253640e-01
2.043934822082519587e-01
1.121566581726074208e-01
-6.020356750488281561e-01
5.305923461914062722e-01
2.151767539978027277e-01
6.671067047119140225e-01
nan
nan
nan
nan
-1.298333892822265634e+00
-2.839134025573730735e-01
-5.368175506591796875e-01
-5.185634994506835849e-01
-1.786575164794921955e+00
-7.042472076416015359e-01
9.456564331054687633e-01
1.566602172851562447e+00
-5.713279342651367276e-01
-2.399113655090331920e-01
-2.854957389831542791e-01
-1.464728546142578247e-01
-1.581751098632812491e+00
3.150696372985840044e-01
6.474118041992187322e-01
1.481564636230468857e+00
-1.044555282592773526e+00
-7.429985809326171697e-01
5.683067703247070002e-01
-2.512638282775878640e-01
-8.070680999755859286e-01
1.942215576171874902e+00
-7.754039764404296875e-02
4.148103713989257924e-01
1.500269470214843803e+00
2.020260334014892592e-02
nan
3.469639968872070268e-01
nan
nan
nan
nan
-4.642289352416992254e-01
-1.377369995117187607e+00
-9.169046783447265536e-01
-6.083754730224609775e-01
7.987599182128906072e-01
7.736297607421875611e-02
3.208299636840820090e-01
-9.230401992797851451e-02
-4.661619186401367299e-01
-2.907376480102539240e-01
1.115598068237304785e+00
9.149691581726074330e-02
-1.297998962402343803e+00
5.383181762695312678e-01
-6.386732482910155717e-01
6.743516540527343395e-01
-1.757209472656249938e+00
-1.100843276977539142e+00
4.744252395629882657e-01
3.426456069946289262e-01
-2.066428375244140636e-01
-8.502711486816406650e-01
4.769869613647461093e-01
-1.713565826416015569e-01
-3.291806411743163907e-01
-5.544387817382812750e-02
-1.208259296417236311e-01
6.493860244750976340e-02
nan
nan
nan
nan
-4.828032684326171720e-01
2.219798469543456942e-01
nan
-6.704910278320312944e-01
-6.486366271972656694e-01
-8.403664588928222434e-02
4.109431076049804843e-01
4.302444839477538863e-01
1.516552429199218732e+00
-9.812113952636718484e-01
-9.989959716796875666e-02
-3.599063491821288818e-01
-3.151311302185058616e-01
-2.174415779113769431e-01
1.840197563171386830e-01
6.524603366851806918e-02
1.459306030273437527e+00
3.259546661376953036e-01
-4.879748916625976651e-01
2.927634811401367276e-01
1.134185409545898526e+00
-3.857773971557617032e-01
-1.101336212158203098e+00
5.551865005493163974e-01
-5.399632644653320490e-01
-4.550041198730468972e-01
-1.216313457489013733e-01
-6.775380706787109686e-01
nan
nan
nan
nan
-1.906224042177200300e-03
-3.556868743896484109e-01
7.375666809082030984e-01
-4.048451614379882657e-01
1.527769756317138572e-01
-2.456725502014160123e-01
-9.233856201171875000e-01
2.719980239868163840e-01
-3.594511032104492076e-01
-6.106960296630858931e-01
-2.302401733398437567e-01
-2.007791757583618150e-02
-7.192517852783203436e-01
-5.677867412567138422e-02
-4.181442642211913863e-01
-5.673131561279296520e-01
-7.940007019042968350e-01
-2.011908149719238148e-01
-4.184658050537109486e-01
5.345950698852539595e-01
-1.259025859832763605e-01
1.689161491394043091e-01
-6.411809539794921520e-01
8.293417358398437189e-01
-5.001624679565429554e-01
-1.388685150146484304e+00
3.596509933471679910e-01
-1.681264686584472701e-01
nan
nan
nan
nan
1.262356185913086071e-01
-8.076850891113280806e-01
-1.993831443786621138e-01
-9.800891876220703125e-01
7.648348331451415572e-02
3.402116012573241921e-01
2.831077194213867387e-01
4.668120574951171720e-01
-3.261292648315429754e-01
1.523857593536376842e-01
3.185324478149413885e-01
1.512829399108886752e-01
2.181007003784179721e-01
9.373335838317871371e-02
-2.801254272460937389e-01
-1.102877120971679670e+00
-2.522233581542968617e-01
-4.708467960357665821e-02
-3.204529571533203391e-01
-3.792201995849609486e-01
1.600920104980468883e-01
-4.677146971225738803e-03
5.260993194580078081e-01
4.062719726562499800e-01
-6.185742950439453436e-01
1.802659511566162207e-02
2.759157180786132590e-01
6.647316741943359863e-01
nan
nan
nan
nan
-1.284969615936279175e-01
-2.367049407958984331e-01
-8.345563507080078214e-01
-7.441290283203124689e-01
-2.641049766540527477e-01
-1.453536987304687444e-01
4.307773590087890514e-02
-1.017665863037109375e-01
-3.392854309082031228e-01
-1.296570777893066295e-01
4.358596420288086137e-01
-3.491672897338867210e-01
-5.360070037841796475e-01
-1.196016845703125053e+00
-8.187088775634765447e-01
-5.484028244018555043e-01
-6.977914810180664562e-02
-4.633493423461914062e-01
6.957543182373047141e-01
-9.225407409667968350e-01
2.810656738281249734e-01
2.637358283996582009e-01
-1.221669101715087830e-01
-6.799086761474609775e-01
-6.836337089538574441e-02
7.054659271240234508e-01
5.933036041259766025e-01
-2.566216087341308683e-01
nan
nan
