nan
nan
-7.513563632965088168e-02
1.910475921630859497e-01
-4.774946975708007635e-01
4.797762298583984619e-01
-1.165668411254882741e+00
-6.564207458496094105e-01
-4.319068908691406361e-01
5.343457412719726518e-01
5.395872879028320579e-01
5.385834121704101696e-01
-4.265081405639648549e-01
-8.488615417480468439e-01
-1.221035232543945304e+00
-1.275511398315429590e+00
3.750142669677734575e-01
-9.024325561523437456e-01
-7.978199720382691054e-03
7.367073822021484863e-01
8.018519592285155984e-01
1.576405944824218697e+00
-1.576630249023437402e+00
-4.808073043823242465e-02
2.685652923583984331e-01
1.725813102722167924e-01
5.864199161529540932e-02
-1.208303546905517556e-01
-1.118367099761962830e-01
2.267099189758300659e-01
nan
nan
nan
nan
2.862864685058593706e-01
-2.563601493835448997e-01
-5.163207626342773970e-01
6.280836582183838002e-02
9.321379852294922053e-01
-5.360905075073242321e-01
8.642958068847655939e-01
-2.308101844787597556e-01
2.675775527954101785e-01
-1.478398742675781197e+00
9.768413543701172097e-01
-2.189834785461425848e-01
4.700201416015625244e-01
-1.800219421386718643e+00
3.689508819580077925e-01
-1.605332031249999902e+00
1.938494300842285023e-01
8.177526855468749689e-01
-4.427296447753906183e-01
-2.630422210693359464e-01
-2.535283660888671964e-01
-8.222270202636718928e-01
-6.764714050292969238e-01
4.786725997924804465e-01
-2.090316200256347734e-01
2.047439098358154463e-02
9.676993560791015137e-01
-1.224985961914062393e+00
nan
nan
nan
nan
3.621804809570312589e-01
8.706394195556640403e-01
-3.057768821716308483e-01
-6.299320602416992321e-01
1.887612724304199296e-01
9.449649047851562678e-01
-8.500908660888671919e-01
-1.135083694458007830e+00
7.783281803131103516e-02
-5.318043899536132324e-01
1.411197280883789151e-01
1.144587173461913965e+00
2.801348304748534912e-01
-1.039355621337890723e+00
1.049885253906249982e+00
1.788799476623535167e-01
-3.804478836059570490e-01
1.603683471679687444e-01
1.195867919921874911e+00
-3.550856781005859442e-01
9.462671661376953480e-01
2.446168422698974734e-02
9.232968139648437544e-01
-3.148879814147949041e-01
4.118976974487304488e-01
-6.440162658691406250e-01
1.207752914428710911e+00
-6.116359710693359403e-02
nan
nan
nan
nan
-3.309513854980468683e-01
-4.781784439086914085e-01
-1.059705886840820233e+00
-4.025234222412109597e-01
-2.196409606933593661e-01
-1.310728912353515518e+00
8.323798370361328303e-01
4.697074890136718889e-02
7.279514312744140847e-01
3.333766937255859264e-01
9.571828460693359020e-01
8.699205017089843839e-01
-3.489295959472656361e-01
4.062367630004882768e-01
-1.127712554931640687e+00
1.722848701477050770e-01
-4.409815597534179621e-01
2.632971382141113259e-01
-4.378676605224609553e-01
1.865007209777831965e-01
-1.277423858642578125e+00
-2.205267524719238259e-01
-3.842026233673095925e-02
-2.292652279138565185e-03
-7.326670837402343706e-01
2.573100471496582164e-01
1.027113151550292924e-01
-1.826919364929199263e-01
nan
nan
nan
nan
-1.764694824218749902e+00
-8.323648071289062589e-01
-2.831288719177246227e-01
5.094095993041992676e-01
5.589884185791015314e-01
1.514377975463867265e-01
8.177822875976562544e-01
1.900922088623046902e+00
7.937828826904297363e-01
-5.327522659301757724e-01
-5.887404251098632413e-01
-5.462548446655273171e-01
8.516234588623047275e-01
-1.327866077423095759e-01
-9.164539337158202903e-01
-1.717650604248046886e-01
6.146621704101562500e-01
-4.947773742675781183e-01
2.231711196899414107e-01
8.484817504882812000e-02
-1.692932486534118666e-02
-2.389980697631836071e-01
1.242266654968261774e-01
1.051079845428466858e-01
5.189050292968749867e-01
-7.307656097412109641e-01
-3.202692031860351340e-01
5.046426773071288618e-01
nan
nan
nan
nan
-6.405111312866211548e-02
-1.316664695739745983e-01
3.223938751220702947e-01
1.788320922851562578e-01
1.454596252441406223e+00
-7.304383087158202725e-01
3.565122604370117299e-01
-6.737110900878906516e-01
1.208624496459960840e+00
-1.183733272552490168e-01
1.875209617614746194e-01
6.651637268066405984e-01
2.605841827392578192e-01
5.148524093627929732e-01
-1.001683139801025357e-01
-5.066014480590820268e-01
-5.930171966552734431e-02
-3.503242492675781028e-01
-4.325173187255859641e-01
-6.905851745605469105e-01
1.118586196899413965e+00
-1.260635471343994063e-01
-5.206204223632812100e-01
-4.510791015624999734e-01
-6.866642761230469238e-01
-4.697965145111084040e-02
3.213994216918945046e-01
-1.432526588439941295e-01
nan
nan
nan
nan
-3.141404914855956965e-01
6.961943054199218883e-01
3.374723815917968772e-01
-1.348486938476562536e+00
1.536045074462890625e-01
9.304502487182617076e-02
1.052434082031250107e+00
-5.582595348358154047e-02
-6.450596618652343350e-01
-1.836324882507324174e-01
1.357544708251953169e-01
-3.226802444458007901e-01
7.175663757324218794e-01
-9.466386413574219283e-01
1.488755416870117254e-01
5.895143127441406783e-01
-3.255966424942016713e-02
-1.982942771911621049e-01
1.166495971679687438e+00
-2.889294624328613281e-01
8.815353393554687944e-01
5.580268859863281028e-01
5.070667266845703125e-01
-1.639212226867675648e-01
6.954100799560546387e-01
7.361328124999999556e-01
2.964499473571777233e-01
1.265354843139648411e+00
nan
nan
nan
nan
-2.933416604995727622e-02
3.664538860321044783e-02
2.832600784301757546e-01
2.742105484008788840e-01
5.725331115722656072e-01
1.511380481719970803e-01
1.864077148437500053e+00
4.996616363525390736e-01
-3.279837417602539107e-01
1.110126419067382741e+00
1.163863677978515643e+00
-4.279832458496093950e-01
1.268210372924804652e+00
2.553481340408325292e-02
-2.275768661499023571e-01
-2.714421272277832073e-02
1.128132247924804599e+00
1.571765899658203181e-01
8.369197082519531650e-01
1.066006317138671777e+00
-6.836132049560547097e-01
-9.768444061279296653e-02
-7.369956493377685658e-02
-3.141460227966308416e-01
8.532527923583984597e-01
9.792624664306640581e-01
5.538247680664062367e-01
-5.117588424682617543e-01
nan
nan
nan
nan
1.113873367309570206e+00
-5.491975402832031117e-01
-4.312150192260741921e-01
-1.870299148559570190e-01
1.138918209075927696e-01
3.884524822235107394e-02
-4.219525527954101629e-01
-1.174187774658203232e+00
-3.743389892578125044e-01
7.870811939239502619e-02
-7.718136310577392023e-02
-5.310107231140136913e-02
2.620760154724121049e-01
1.037390828132629325e-02
8.348284721374511774e-02
-2.347164535522461015e-01
7.158930206298828036e-01
7.738535308837890536e-01
-2.198314476013183694e-01
-2.253752899169921831e-01
9.872342681884765936e-01
-5.476559829711914462e-01
4.092954254150390492e-01
-3.276850128173828258e-01
3.613026428222656516e-01
-1.156391906738281211e-01
-7.598264312744140714e-01
4.965200042724609575e-01
nan
nan
nan
nan
6.454961395263671964e-01
-2.142210769653320190e-01
8.062866973876953169e-01
-7.487666606903076172e-02
1.434280872344970668e-02
-5.237917900085448802e-03
-1.177220058441162120e-01
-8.606787872314453081e-01
6.264731884002686102e-02
-1.184510955810546884e+00
-1.370564270019531294e+00
1.003188934326171955e+00
4.723603725433349332e-02
-4.860448837280273438e-01
1.619012603759765634e+00
-6.144161605834961293e-01
-5.865662384033203391e-01
1.217399311065673895e-01
-1.766011810302734464e+00
-1.081927413940429794e+00
-8.209780120849609064e-01
-8.860372161865234242e-01
-1.498664855957031194e-01
-2.394816207885742121e-01
-4.708971405029296897e-01
7.952034759521484641e-01
6.843392181396484863e-01
9.365971374511719016e-01
nan
nan
nan
nan
7.607167720794677512e-02
-5.286952590942383123e-01
4.887568473815918219e-02
-1.081570529937744135e-01
5.416627120971679865e-01
-1.238801479339599609e-01
5.488021087646484109e-01
-1.134104967117309515e-02
-1.088062858581543002e-01
1.299470367431640572e+00
4.048421096801757546e-01
1.729091186523437518e+00
-3.243417739868164062e-01
4.874164199829101318e-01
3.515818595886230358e-02
-3.358720397949218617e-01
8.031470489501952859e-01
-3.950213623046874845e-01
-8.994046783447265936e-01
1.165881824493408270e-01
-1.085658073425293038e-02
1.038325805664062518e+00
-1.760747146606445324e-01
4.832216644287109508e-01
5.733763694763183844e-02
5.579904937744140092e-01
-2.731412887573242410e-01
-3.260065460205078258e-01
nan
nan
nan
nan
6.254062271118163707e-01
-8.362543487548828036e-01
1.018642730712890687e+00
-4.498759841918945068e-01
6.744795989990234331e-01
-2.541957855224609153e-01
4.567205047607421631e-01
1.370370864868163951e-01
1.118302001953124902e+00
-5.831657886505126759e-02
-3.405376815795898571e-01
6.655107879638672008e-01
-3.104418992996215917e-02
1.987777709960937556e-01
-5.721619415283203391e-01
7.926362609863281117e-01
-8.966614532470703613e-01
8.845375061035156694e-01
2.867673683166503951e-01
1.113857040405273446e+00
2.146821022033691406e-01
2.689126205444336004e-01
6.168680572509765980e-01
1.970487022399902421e-01
1.909866142272949319e-01
3.287741088867187633e-01
-7.638981342315673273e-02
-1.273998413085937420e+00
nan
nan
nan
nan
-1.972062492370605380e-01
-1.069757385253906179e+00
2.675549888610839755e-01
-1.655284309387207164e-01
9.387152862548827637e-01
5.589040756225586160e-01
3.736141586303711182e-01
-1.279646301269531383e-01
3.771559143066406383e-01
-8.623252868652343528e-01
1.006607208251953045e+00
4.134023666381835826e-01
5.162278366088867143e-01
-9.924082946777343928e-01
2.373272895812988392e-01
2.760985565185546942e-01
-2.651872444152831854e-01
7.338091278076172008e-01
-9.604959106445312145e-01
-6.096229171752929332e-01
-1.045356216430664009e+00
-4.889978027343749867e-01
-1.206748104095459045e-01
-3.819952774047851718e-01
4.852607345581054776e-01
1.044863891601562456e+00
-9.146012878417968395e-01
-7.578232765197753795e-02
nan
nan
nan
nan
-3.940481567382812522e-01
-8.674240112304687500e-02
-8.492347717285156361e-02
8.785997772216797008e-01
-1.181852149963378840e-01
-3.388726806640625089e-01
-9.007589721679687411e-01
-7.045189666748047363e-01
-8.224999427795409712e-02
-1.721110153198242287e-01
-4.121980667114257674e-02
9.027825927734375311e-01
2.015460510253906268e+00
4.100856018066406095e-01
2.198579597473144520e-01
1.083392333984374956e+00
6.838951110839843750e-01
-7.383597564697265137e-01
-2.809920692443847456e-01
-9.597093582153320979e-02
2.788709068298340088e-01
4.814185333251952970e-01
1.110285091400146501e-01
-6.042839050292968528e-01
1.255558776855468794e-01
7.462207794189452681e-01
2.241362571716308538e-01
1.708182716369628928e-01
nan
nan
nan
nan
8.317481231689453081e-01
-7.068432617187500044e-01
-1.299131469726562571e+00
6.415311694145203053e-03
9.772685241699218262e-01
-8.405651092529297097e-01
-5.041975021362304910e-01
5.696126556396484686e-01
1.427326488494873036e-01
-3.953630447387695424e-01
7.691566467285155806e-01
2.337991714477539174e-01
1.258832473754882830e+00
-1.347093353271484384e+00
-9.066474151611327859e-01
-2.961832618713378662e-01
-2.027731933593750036e+00
-1.201042251586914134e+00
-5.579336547851562189e-01
3.281214904785156317e-01
1.009964752197265586e-01
5.114746570587157953e-02
6.703947448730468439e-01
7.139000701904296697e-01
-6.335750579833984153e-01
-4.005850601196289107e-01
2.984727478027343617e-01
7.571070098876953036e-01
nan
nan
nan
nan
1.071195602416992188e+00
1.503345370292663574e-02
3.689820098876953058e-01
-4.310431289672851385e-01
8.644860839843749867e-01
7.219151306152343794e-01
-3.612467765808105580e-02
-8.429407501220702592e-01
1.648867416381835926e-01
2.974031639099121160e-01
7.957993316650390225e-01
1.784655380249023371e-01
-9.660157775878905895e-01
-2.504215812683105447e-01
4.130778884887695290e-01
-1.650284576416015669e+00
-5.771492004394531694e-01
1.311075115203857444e-01
-5.414117050170897949e-01
1.006904830932617179e+00
1.566487598419189498e-01
-2.340981483459472767e-01
6.580028533935546875e-01
3.740644073486328325e-01
-1.092098617553710849e+00
9.648789405822753851e-02
-2.283657073974609264e-01
3.489648437499999756e-01
nan
nan
nan
nan
-7.134986114501953303e-01
1.756024551391601463e-01
-1.104180049896240218e-01
3.860334014892577992e-01
9.954185485839843750e-01
-4.216619110107421853e-01
-1.218352203369140518e+00
-3.280754852294922030e-01
5.449056625366210938e-01
3.635164022445678406e-02
-8.940662384033203347e-01
-9.315637207031249867e-01
8.189118957519531117e-01
7.299717712402343794e-01
2.832907295227050648e-01
4.813509750366211093e-01
2.005838584899902466e-01
-9.909219741821288785e-02
1.130926666259765678e+00
-1.469050884246826151e-02
-5.100825500488280762e-01
4.634689712524414085e-01
-8.414775848388672541e-02
4.050026702880859530e-01
6.785934448242187944e-01
-2.312448883056640592e-01
8.228984069824218928e-01
-5.155886077880859064e-01
nan
nan
nan
nan
-1.004765243530273411e+00
4.366947174072265403e-01
5.911022186279296653e-01
-3.365611267089843595e-01
1.685719108581542891e-01
1.298164463043212924e-01
-8.320979309082031650e-01
1.960673570632934584e-02
-3.621963500976562722e-01
-5.494398117065429910e-01
2.682283210754394798e-01
6.285496902465820268e-01
-4.825853347778320118e-02
8.508436584472656161e-01
4.322274780273437367e-01
-6.362691497802734908e-01
6.062232971191405806e-01
-3.692757415771484308e-01
-2.662871837615966852e-02
4.854254913330078303e-01
5.941769027709961071e-01
-1.844255828857421786e-01
-5.245443344116210715e-01
-9.724902153015137218e-02
6.742484283447265359e-01
-5.990108489990234597e-01
-1.095148372650146529e-01
8.313282012939453569e-01
nan
nan
nan
nan
2.672893905639648349e-01
1.659065437316894487e-01
-6.259893417358398660e-01
8.002954864501953258e-01
-7.345832061767577637e-01
6.616100311279297097e-01
-4.104228973388671653e-01
-2.326176452636718739e-01
-6.526209259033203258e-01
-4.945732498168945446e-01
2.827711677551269509e-01
-2.322037315368652433e-01
-1.238349342346191373e-01
6.002690505981445046e-01
8.763510894775390359e-01
-4.309310913085937500e-01
-1.942862701416015747e-01
6.277912139892578569e-01
1.235226745605468857e+00
6.359594345092772771e-02
-3.099121665954590044e-01
-9.004013061523437056e-01
-8.801311492919922097e-02
-4.192302322387695401e-01
-4.867901992797851740e-01
1.663733673095703081e-01
nan
-4.595185470581054643e-01
nan
nan
nan
nan
1.477977848052978438e-01
8.600235748291015225e-01
5.341365814208984819e-01
-3.263350296020507968e-01
3.893265914916992365e-01
-7.340658569335937189e-01
3.787960815429687322e-01
5.287817001342773882e-01
6.794586658477783092e-02
6.288311386108398349e-01
-8.289906311035156738e-01
1.617112922668456909e-01
-4.748549270629882635e-01
-6.088610076904297230e-01
-5.301344871520995844e-02
8.538858032226562811e-01
-3.142995452880859575e-01
-6.872991943359374467e-01
-1.279269886016845825e-01
-3.702140808105468528e-01
1.667518997192382890e-01
-1.399084281921386674e-01
6.176010513305664196e-01
-3.249452209472656339e-01
-8.750679779052734641e-01
1.253063888549804661e+00
1.291388092041015678e+00
8.036448669433593484e-01
nan
nan
nan
nan
1.145147552490234366e+00
-1.911420249938964866e-01
nan
8.542424011230468350e-01
-1.136244049072265616e+00
4.781090164184570446e-01
-6.317686462402343217e-01
-1.799015197753906170e+00
-3.028574752807617343e-01
-6.586014556884766113e-01
1.115094566345214838e-01
-2.437588691711425892e-01
5.813580513000488059e-02
-5.252269744873047097e-01
7.066138458251952637e-01
8.418185424804687234e-01
1.537769412994384743e-01
1.374726715087890572e+00
-2.549309539794921697e-01
2.405941390991210849e-01
1.904492568969726463e-01
-1.054379463195800753e-01
1.508409214019775513e-01
6.219432067871093484e-01
2.810000038146972523e-01
-5.849049091339111189e-02
-3.829417037963867010e-01
-3.072240066528320046e-01
nan
nan
nan
nan
2.263554573059081976e-01
1.618627319335937509e+00
-2.462553787231445412e-01
2.326927947998046753e-01
6.108498001098632280e-01
1.410668182373046919e+00
-5.766868591308593750e-01
-5.536838531494140403e-01
3.560739517211913840e-01
-3.212528610229491988e-01
-4.207762145996093994e-01
-2.009107208251953158e-01
8.551480865478515714e-01
-5.011275863647460804e-01
5.339912414550781472e-01
-7.555910491943359508e-01
-8.299423217773437000e-02
-3.750028991699218550e-01
3.877316665649414018e-01
-1.267628936767578152e+00
-2.797056961059570246e-01
-1.298451805114746171e-01
5.005646514892577725e-01
-3.949743652343750133e-01
5.873210525512695401e-01
2.359481239318847734e-01
-7.011138153076171831e-01
-1.187403945922851589e+00
nan
nan
nan
nan
-1.775623703002929821e-01
5.225676345825195357e-01
6.597284698486327592e-01
3.948983430862426647e-02
-6.074689865112304910e-01
7.208052825927734331e-01
-2.656552886962890714e-01
-4.369760131835937478e-01
2.153022193908691317e-01
-8.818043518066406294e-01
3.429573440551758057e-01
6.896175384521484597e-01
4.315070724487304887e-01
-9.543171882629394864e-02
7.934178924560546520e-01
-8.190345764160156250e-02
1.493515014648437444e-01
-7.637038421630859553e-01
-2.033961868286132679e-01
-1.197493457794189392e-01
-2.283413696289062489e-01
-7.606928253173828036e-01
-8.782959747314452725e-01
5.295222473144530762e-01
5.866765975952148438e-02
-5.010223007202148082e-01
3.998184967041015780e-01
3.469803619384765891e-01
nan
nan
nan
nan
-1.292768249511718759e+00
-1.631160378456115653e-02
-7.591691589355469283e-01
-1.502069091796875089e+00
3.650526809692382635e-01
-9.989213562011718395e-01
-5.626005172729492410e-01
1.283522796630859331e+00
-5.772589874267578525e-01
1.708942222595214722e-01
1.163356857299804759e+00
-3.024806213378906095e-01
-7.154240417480468572e-01
-8.196145629882812811e-01
-7.658605194091796520e-01
4.795988464355468994e-01
6.172939300537109153e-01
1.719557285308838043e-02
-4.066830444335937655e-01
1.872431945800781261e-01
7.478713989257812500e-01
-2.632908248901367210e-01
-8.872622680664062900e-01
-7.529533386230469194e-01
-6.838492870330810380e-02
-9.766091346740722601e-02
1.941440701484680245e-03
1.971487045288085882e-01
nan
nan
