nan
nan
5.294135665893554554e-01
1.452576293945312402e+00
-3.604019927978515669e-01
1.729187774658203169e+00
-1.278889465332031239e-01
-1.280154571533203223e+00
2.531401519775390518e+00
-1.570629425048828187e+00
-1.009611740112304590e+00
1.026641006469726669e+00
-5.591582107543945357e-01
-1.575475978851318404e-01
-2.010594940185546908e-01
6.238766670227050698e-02
-1.533409729003906152e+00
5.107852172851562456e-01
-1.532056331634521450e-02
-6.638651275634765980e-01
-2.541861534118652344e-01
5.729702758789062544e-01
-8.091729736328124867e-01
-6.513887023925781783e-01
5.865106582641601562e-01
-3.543313598632812367e-01
5.556766128540039373e-01
-4.332151794433593550e-01
-1.150004744529724114e-02
-1.171510467529296884e+00
nan
nan
nan
nan
-6.646549224853515181e-01
-1.901254463195800881e-01
6.864819335937499822e-01
9.502783966064453081e-01
1.442568817138671911e+00
-2.449618148803710815e-01
2.170951271057128817e-01
-5.676802062988280939e-01
-6.610535430908203169e-01
3.752394104003906050e-01
5.565506362915039196e-01
5.345285797119140314e-01
3.219412863254547327e-03
-1.125790100097656232e+00
7.449054718017578125e-01
4.890887069702148371e-01
3.267989635467529602e-02
-7.777706909179687988e-01
-8.914483642578124867e-01
6.514819622039795532e-02
4.638795375823974443e-02
8.082366180419922053e-01
-1.838269042968750100e-01
3.681841790676116961e-03
7.877661895751952859e-01
1.556481456756591830e-01
4.611813354492187433e-01
3.395016098022460849e-01
nan
nan
nan
nan
8.542044067382812411e-01
-5.732453155517578391e-01
2.401165199279785278e-01
-8.351116943359374600e-01
1.323807373046874902e+00
-7.528955841064453036e-01
-7.219608306884765792e-02
4.317026901245117343e-01
-4.028748321533203169e-01
-6.010099029541016158e-01
1.389282512664794800e-01
5.903536605834961426e-01
1.455757617950439453e-01
1.377464103698730347e-01
6.328517150878906206e-01
-4.531069946289062456e-01
9.196315002441406428e-01
4.518948364257812655e-01
-1.003467082977294866e-01
9.971181869506835771e-02
2.756731033325195424e-01
7.746949791908264160e-03
-8.499444580078124867e-01
1.513253021240234419e+00
-1.058788452148437420e+00
1.540478134155273404e-01
3.041497993469238215e-01
1.000561218261718732e+00
nan
nan
nan
nan
-8.325392150878906383e-01
4.673332977294921697e-01
6.285707473754882368e-01
-6.235287475585937766e-01
-5.159235382080078480e-01
-4.579371643066406095e-01
-8.622589111328124445e-02
6.484632873535156605e-01
2.629633140563965021e-01
8.636454772949219150e-01
-9.686312103271483842e-01
-5.538723373413085849e-01
4.863345718383789151e-01
-9.062392234802246760e-02
6.249082946777343439e-01
8.001045989990234197e-01
8.162417602539062678e-01
-1.311299228668212913e-01
5.698719024658203125e-01
-2.007331657409668069e-01
-1.001699218750000009e+00
-7.166586303710937855e-01
-8.018696904182434290e-03
1.227753906250000027e+00
-7.132310485839843395e-01
-2.264952468872070412e-01
-7.830940246582031028e-01
-1.194616603851318404e-01
nan
nan
nan
nan
7.691836547851562678e-01
-1.361495666503906188e+00
1.652176208496093812e+00
-1.295137176513671884e+00
3.663586425781250044e-01
7.334365844726562500e-01
1.007426071166992232e+00
6.787049865722656339e-01
1.489354858398437509e+00
-3.746052169799804488e-01
8.081253814697265669e-01
-8.504749298095702903e-01
-3.216283798217773326e-01
4.177365875244140603e-01
-6.804759979248047319e-01
1.431847763061523393e-01
-7.989503479003906561e-01
8.217456817626953569e-01
-7.459008026123047363e-01
-1.096137313842773464e+00
-5.430915069580077859e-01
-5.013604354858398615e-01
-6.426074218749999734e-01
1.197569808959960902e+00
-5.038672637939453081e-01
-8.128556823730468395e-01
-8.743941497802734109e-01
3.734753799438476629e-01
nan
nan
nan
nan
-1.082168197631835915e-01
9.151763916015625000e-01
2.439110374450683683e-01
-1.169901847839355524e-01
2.674966239929199019e-01
-5.455536651611327947e-01
-1.923802566528320379e-01
9.210149383544922186e-01
3.377559661865234264e-01
4.523913192749023371e-01
-6.231858444213866921e-01
8.427721261978150108e-03
-7.657991790771484508e-01
3.409325790405273171e-01
4.665011215209960982e-01
2.395764732360839977e-01
9.012522888183593928e-01
3.944447326660156516e-01
-5.759984207153320268e-01
4.029269027709960760e-01
2.226625633239746049e-01
-2.398439979553222690e-01
5.797682189941406605e-01
-7.737244415283203169e-01
7.832696914672851451e-02
-6.267559432983398349e-01
3.742398452758788907e-01
-2.516236114501952947e-01
nan
nan
nan
nan
-3.769453811645507857e-01
1.063403511047363303e-01
-1.020628890991210902e+00
5.165262603759765980e-01
-1.087218475341796831e-01
6.551329040527343883e-01
4.916141128540039151e-01
2.464996719360351696e-01
-1.550100250244140554e+00
-7.815847778320312855e-01
4.126133918762207170e-02
-9.941248893737793593e-03
-7.440124511718749778e-01
1.902879333496093839e+00
1.500586395263671768e+00
-7.211661529541015803e-01
-1.671355628967285123e-01
-5.563785934448242099e-01
-1.403949165344238192e-01
1.346806144714355336e-01
1.366381225585937553e+00
-2.949335670471191495e-01
-2.105742835998535289e-01
-9.422269439697266158e-01
7.628858947753905939e-01
-3.430635631084442104e-03
4.338639068603515891e-01
-3.227659606933593883e-01
nan
nan
nan
nan
5.606284618377685436e-02
6.529335784912109197e-01
-8.802017211914062722e-01
5.348230743408203258e-01
-1.227921524047851598e+00
-9.609221649169922275e-01
-7.501223754882812012e-01
8.670919036865234464e-01
-1.093298416137695295e+00
8.334864807128906650e-01
5.070299530029296342e-01
-6.314967727661132679e-01
-1.983782196044921786e+00
8.221907806396484553e-01
-7.759356689453125178e-01
-4.498052978515624800e-01
3.226073455810546942e-01
5.265312194824218750e-01
5.789246749877929865e-01
6.578206634521484020e-01
-2.562724876403808527e-01
1.222742652893066412e-01
5.556187057495116655e-01
-1.360877227783203081e+00
2.527853965759277455e-01
-7.019845581054687811e-01
-4.336594390869140669e-01
6.914232635498046564e-01
nan
nan
nan
nan
-1.500565338134765558e-01
-2.045161056518554621e-01
-1.238722991943359331e+00
-6.960821533203125355e-01
4.290999984741211137e-01
8.862194061279297097e-01
-5.873905181884765681e-02
2.511037445068359242e-01
1.600460624694824141e-01
3.038425064086914262e-01
-7.322705078125000266e-01
1.185903472900390554e+00
-1.127803421020507763e-01
-1.747965431213378829e-01
-5.577971649169921609e-01
3.123042297363280984e-01
-8.179597473144530895e-01
-7.666698455810546653e-01
-5.279851913452148215e-01
5.145417785644531561e-01
-1.544954013824463013e-01
1.391785240173339933e-01
-8.324702453613280762e-01
-1.514073944091796908e-01
-2.343181610107421819e-01
-5.248960876464843217e-01
9.147236633300781516e-01
2.816456079483032129e-02
nan
nan
nan
nan
6.248399257659911776e-02
1.453529052734374938e+00
-2.903493499755859242e-01
1.754359364509582367e-02
-7.217910003662109109e-01
4.011198043823241965e-01
1.826512336730957142e-01
-4.609490966796874756e-01
1.401143493652343697e+00
-1.115314788818359437e+00
-5.871421051025390581e-01
6.420769691467285122e-03
-4.540244674682616943e-01
4.862455368041992410e-01
-5.610772323608398393e-01
-8.051205444335937100e-01
-2.117106628417968761e-01
9.870781898498534601e-03
-1.803660736083984473e+00
-4.358362197875976368e-02
5.056841373443603238e-02
2.055019187927246138e-01
6.847949981689452903e-01
6.293860244750976163e-01
-5.302439117431640980e-01
6.062160110473633345e-01
-3.142946624755859619e-01
-3.420647048950195557e-01
nan
nan
nan
nan
2.379909038543701061e-02
-5.819077301025390447e-01
-7.579293060302734197e-01
-1.875778007507324097e-01
-3.660904169082641879e-02
7.605865478515625444e-01
-5.392689895629882990e-01
1.995608673095703223e+00
4.721660995483398238e-01
8.881307983398437633e-01
-8.578826141357421831e-01
1.841605682373046893e+00
2.446169471740722579e-01
7.038387775421142689e-02
1.026081695556640527e+00
-1.081825942993164036e+00
1.032600326538085866e+00
1.890251517295837499e-02
-5.544304370880127203e-02
-1.168999786376953232e+00
-4.147890472412109619e-01
4.321816635131836004e-01
-5.548347473144531472e-01
7.414846801757812855e-01
-3.799084854125976407e-01
-4.079989242553710982e-01
1.345558452606201161e-01
1.966199111938476685e-01
nan
nan
nan
nan
-1.290950317382812518e+00
1.022067832946777360e-01
-9.820980072021484597e-01
2.541435956954956124e-02
7.278198242187500222e-01
5.991232299804687411e-01
-8.709774780273437100e-01
-2.180686759948730347e-01
1.365463256835937611e-01
-1.648613357543945446e-01
6.126401519775390714e-01
-2.221638298034668002e-01
5.816104125976562234e-01
2.163595962524414162e-01
-1.047279167175292902e-01
5.483449459075927929e-02
-1.129555358886718652e+00
1.093502807617187544e+00
3.027119827270507990e-01
5.601248168945311967e-01
2.068412017822265636e-01
2.158172988891601529e-01
-5.044948577880859625e-02
-8.690657043457030717e-01
-5.444881439208984486e-02
1.709888076782226651e-01
-1.500052165985107377e-01
5.142461395263672186e-01
nan
nan
nan
nan
-2.709171533584594713e-02
5.964195632934570224e-01
8.520996856689453391e-01
-3.585629653930664240e-01
1.198927841186523402e+00
1.250147399902343803e+00
7.490760803222655806e-01
5.509698104858398171e-01
-5.966499710083007502e-01
-4.140988922119140381e-01
-3.832875061035156405e-01
-2.481453895568847684e-02
8.877224731445312322e-01
-4.936877822875976318e-01
-3.593149948120117343e-01
-5.465183258056640625e-01
2.422559738159179576e-01
-1.642925453186035167e-01
1.495879292488098110e-02
4.969657135009765692e-01
-6.754779338836669478e-02
-3.748446273803711093e-01
2.737090110778808705e-02
-1.304665985107421822e+00
8.173681640625000133e-01
-8.675028991699218484e-01
-7.307514190673828347e-01
-5.443286895751953125e-02
nan
nan
nan
nan
5.938073348999023393e-01
-5.006318664550781783e-01
-1.870224609374999902e+00
1.004717941284179794e+00
2.400345420837402266e-01
4.773187255859375200e-01
3.049898147583007812e-01
-3.114748382568359175e-01
-3.897113418579101762e-01
-4.981824111938476518e-01
3.329891586303710960e-01
-2.781026840209960826e-01
1.150845336914062544e-01
-3.444407653808593817e-01
-1.142563915252685497e-01
7.057692718505859109e-01
-1.975530433654785201e-01
-4.028632736206054776e-01
3.897159194946289151e-01
-9.201282501220703347e-02
-7.273822021484375178e-01
-5.400564575195312411e-01
-6.136419296264647993e-01
9.108782958984374956e-01
-7.563796234130859553e-01
-6.882917785644531161e-01
4.095927810668945068e-01
7.841718292236328214e-01
nan
nan
nan
nan
-5.399651718139648615e-01
-3.994607925415039062e-01
-8.325823211669921564e-01
2.940343666076660201e-01
1.127299957275390563e+00
-8.922704458236695169e-03
-1.204947967529296893e+00
-6.041099548339843306e-01
3.027101707458496049e-01
-8.836103057861328658e-01
-7.653410339355468661e-01
-3.903445959091186857e-02
-8.675584793090820868e-02
1.345567169189453072e+00
6.083876800537109109e-01
-8.705244064331055243e-02
-5.885969161987304465e-01
3.669664382934570424e-01
8.071678161621094194e-01
-1.940513420104980347e-01
1.154231796264648446e+00
-1.008865966796874902e+00
3.103993988037109242e-01
-1.275140838623046946e+00
-6.404574584960937012e-01
5.044932556152343928e-01
-4.970362854003906317e-01
2.181322479248046786e-01
nan
nan
nan
nan
-2.385288238525390681e-01
-7.017523956298827859e-01
-9.648510742187500488e-01
2.485686874389648471e-01
-1.049410095214843741e+00
-9.868893432617187322e-01
5.260903549194335671e-01
5.915871143341064342e-02
1.447394714355468848e+00
1.418559265136718706e+00
2.138222694396972601e-01
8.819847869873046475e-01
3.543125534057617321e-01
4.386154556274414196e-01
-2.914333534240722834e-01
-9.162390899658202637e-01
1.066764907836914134e+00
3.806936645507812411e-01
1.920342712402343777e+00
-7.788288879394531516e-01
-2.343872642517089711e-01
-7.232794189453124467e-01
4.893480300903320090e-01
3.914330673217773504e-01
-4.340464019775390758e-01
8.905353546142577570e-02
-5.735142517089844016e-01
5.422578430175781783e-01
nan
nan
nan
nan
-5.886631393432617543e-01
-8.303044128417969016e-01
-5.208915328979492054e-01
2.685369110107421742e-01
1.168585968017578081e+00
-3.609129714965820246e-01
-1.260435562133789045e+00
6.320906066894531605e-01
-3.302022933959961049e-01
-1.825815773010253940e-01
-1.637176513671875000e+00
-6.820801544189453169e-01
4.028869628906249778e-01
6.234666442871094061e-01
-1.729280471801757785e-02
5.749531173706055043e-01
-1.099429779052734313e+00
4.390505599975585982e-01
4.030086898803710849e-01
7.925065612792968617e-01
-9.302185821533203169e-01
5.182023239135742365e-01
-9.371784973144531294e-01
-2.989410972595215044e-01
-1.356597595214843688e+00
1.031548461914062464e+00
-6.604647064208983842e-01
7.110966491699218794e-01
nan
nan
nan
nan
-1.592775917053222690e-01
-9.638945770263671609e-01
-2.794957542419433394e-01
-9.543566894531250178e-01
1.966835212707519487e-01
1.005822086334228482e-01
4.212688827514648460e-01
8.779252052307129350e-02
6.120768356323241788e-01
1.037227096557617134e+00
-2.399907493591308671e-01
8.491873931884765803e-01
-5.059353256225586071e-01
-4.573351287841797008e-01
-5.242569732666015891e-01
4.666600418090820490e-01
5.844959640502929155e-01
-5.855418014526366788e-01
1.565079193115234357e+00
-3.902501296997070157e-01
-2.809773445129394309e-01
-1.213748073577880920e-01
-1.057784843444824208e-01
-9.738906097412108887e-01
-4.935694503784179843e-01
-5.328300857543945002e-01
1.026207962036132848e+00
-3.406756591796875067e-01
nan
nan
nan
nan
2.757046890258789129e-01
3.196963119506835982e-01
5.928748130798339872e-02
8.076814270019531117e-01
4.614647674560546919e-01
-4.662730026245117121e-01
8.732463836669922264e-02
-6.891777038574218306e-01
3.495059204101562678e-01
-5.686110305786132857e-01
-1.273944625854492196e+00
4.743635559082031161e-01
3.705839395523071594e-02
1.348981475830078214e+00
6.643690490722655717e-01
1.888279914855957031e-01
3.030046463012695535e-01
6.508100891113280939e-01
-3.910718536376953103e-01
-2.992739486694335760e-01
-8.222951507568359020e-01
6.776242828369141158e-01
-2.789916992187500000e-01
-1.104076538085937420e+00
-6.186225891113281694e-01
-5.865418243408203613e-01
nan
-3.249094772338867454e-01
nan
nan
nan
nan
-7.921520996093750488e-01
-3.967557144165039240e-01
-1.568459796905517512e-01
-8.965443420410156294e-01
-9.166040802001953480e-01
5.062545776367187722e-01
-3.609307861328124867e-01
-1.321300315856933638e-01
3.225147247314453236e-01
-5.826343154907226429e-01
-2.647854042053222612e-01
7.282749176025390403e-01
9.737808227539062056e-01
-6.406266021728516113e-01
-3.077954292297363503e-01
6.480445861816406250e-01
2.232444953918457098e-01
5.420145988464355330e-02
1.346711730957031339e+00
-8.428450775146484331e-01
-8.921044158935547141e-01
4.721102523803710760e-01
-3.584665679931640647e-01
-7.537731170654297097e-01
4.834729003906250155e-01
5.440865707397460893e-01
8.268743896484375133e-01
-4.977255249023437300e-01
nan
nan
nan
nan
2.880566787719726629e-01
2.701024055480957253e-01
nan
-1.152440338134765652e+00
-2.408392333984374911e-01
6.142035675048828081e-01
-8.989420890808105802e-02
-5.846399688720702592e-01
4.504322052001953347e-01
-6.032505035400390625e-01
9.635491943359375533e-01
-1.596933288574218679e+00
1.829484176635742254e-01
5.928565979003905806e-01
-7.103469085693359109e-01
-1.395301513671874938e+00
-5.845845031738281516e-01
-6.782355499267578303e-01
-7.907038116455078480e-01
-5.276589202880859197e-01
-6.773747253417968794e-01
3.838843822479248019e-02
8.639479064941406605e-01
1.863629341125488392e-01
-8.859739685058594105e-01
5.476327133178711115e-01
8.472291564941406561e-01
4.089419937133789151e-01
nan
nan
nan
nan
6.624597930908202592e-01
9.074419403076171564e-01
7.362236785888671697e-01
-1.683776664733886708e-01
1.039728393554687491e+00
3.552155685424804865e-01
3.154015350341796697e-01
-3.862084197998046919e-01
-7.905774688720703658e-01
-5.238857269287109514e-02
-3.323515319824218994e-01
-5.566078186035156028e-01
1.578111839294433494e-01
5.776227569580077992e-01
8.029034423828125266e-01
-7.744355773925781783e-01
1.444234943389892667e-01
4.874004840850829773e-02
5.070368576049805176e-01
7.057625579833984863e-01
-1.122463150024413991e+00
-8.372324371337890314e-01
4.953798294067383035e-01
1.427747917175292980e-01
-8.091260528564453436e-01
-9.448071289062499600e-01
-4.620514297485351363e-01
-2.916946029663086137e-01
nan
nan
nan
nan
-2.885062789916992276e-01
1.815220642089843683e-01
-3.964510440826415905e-02
1.951208877563476440e-01
1.055066299438476518e+00
-3.346662139892578325e-01
-3.479796981811523193e-01
-1.135390625000000098e+00
-8.743847656250000044e-01
-5.558509445190429332e-01
9.174383544921874689e-01
-3.807878494262695312e-02
-2.897139167785644509e-01
1.151022553443908740e-02
-1.063445968627929616e+00
6.982398986816406028e-01
4.846554946899414018e-01
-5.550976181030273793e-01
6.345476913452148260e-01
6.865021514892578613e-01
-4.525536346435546919e-01
7.042066192626953436e-01
1.127591967582702685e-02
-8.412796974182129572e-02
7.376922607421875222e-01
3.421290588378906317e-01
1.543385124206543002e-01
-2.160591888427734475e-01
nan
nan
nan
nan
-4.356224441528320224e-01
-3.777867126464843905e-01
-4.151966094970703236e-01
4.002936935424804554e-01
1.610875511169433671e-01
-1.079090042114257741e+00
6.205434417724609020e-01
-6.742512512207031738e-01
-5.188056564331054998e-01
-9.965237975120545127e-03
2.404830551147461026e-01
9.030172729492187411e-01
-4.264894104003906228e-01
-3.214394378662109308e-01
-5.910358428955078125e-01
-1.940717124938964866e-01
5.269697952270507857e-01
4.960904693603515603e-01
7.259385681152343839e-01
1.058142471313476551e-01
-4.830301284790038813e-02
4.717544937133789085e-01
-2.151446342468261719e-01
-9.171527862548828347e-01
8.908242034912109419e-01
1.514353847503662198e-01
1.943022537231445246e-01
8.070138549804687367e-01
nan
nan
