nan
nan
-1.229408264160156278e-01
-7.727134704589844194e-01
7.559998321533203391e-01
-1.350797882080078116e+00
-1.069409637451171902e+00
-3.752985000610351562e-01
-1.677056732177734322e+00
2.959831237792968917e-02
-2.590584373474121294e-01
-1.062185745239257795e+00
1.106601791381836009e+00
6.624938964843749556e-01
-3.854207611083984575e-01
-1.325982208251953232e+00
1.644739379882812491e+00
8.950465393066405762e-01
5.426752090454101118e-01
1.509969711303710826e-01
1.949860763549804699e-01
-8.485782623291016069e-02
2.420805168151855535e-01
-5.066713714599608842e-01
-1.643356170654296955e+00
-3.285992813110351629e-01
2.850095558166503840e-01
-7.750937652587890359e-01
3.276919555664062345e-01
6.913077545166015359e-01
nan
nan
nan
nan
-7.759122467041015270e-01
-5.387289810180664329e-01
8.347724914550781472e-01
-1.814401626586913951e-01
-9.641191101074219061e-01
-2.334637880325317327e-02
1.293219299316406223e+00
4.445028686523437300e-01
1.057985916137695215e+00
8.297401428222656028e-02
-4.626307296752929510e-01
1.084309082031249982e+00
5.133804702758788530e-01
3.953697204589843861e-01
5.716559600830077859e-01
7.927767181396484508e-01
-2.665346908569335982e-01
1.113552551269531232e+00
8.324598693847655717e-01
3.343289136886596485e-02
2.546798944473266726e-02
-1.046471176147460991e+00
2.618005275726318498e-02
3.537944412231445179e-01
-1.756573791503906357e+00
7.088932514190673939e-02
-4.743239593505859109e-01
2.583381271362304443e-01
nan
nan
nan
nan
-3.404304122924804443e-01
3.441774368286132924e-01
1.399083614349365123e-01
-1.333691864013671902e+00
-1.593039798736572144e-01
1.444380035400390616e+00
-2.681929588317871205e-01
-1.411785888671875044e+00
-1.869821357727050881e-01
7.595286560058593928e-01
8.593075561523437766e-01
-5.843241119384765536e-01
-1.213684558868408231e-01
-4.036965560913086115e-01
3.529640579223632946e-01
7.329802703857422053e-01
-4.932397365570068137e-02
-1.048080368041992116e+00
5.374233627319335849e-01
-7.503855133056640536e-01
4.064081573486328369e-01
-2.745094490051269709e-01
7.467353057861327859e-01
8.762580871582030806e-01
3.404594421386718528e-01
4.880383300781250266e-01
6.968954467773437189e-01
-1.608267402648925759e-01
nan
nan
nan
nan
1.014654159545898438e+00
-7.799829101562499867e-01
1.352022705078125053e+00
-2.821806716918945357e-01
-8.959398651123047230e-01
3.528634262084960893e-01
5.037325668334960982e-01
-1.404784488677978394e-01
-1.305112457275390714e+00
1.571430358886718670e+00
-4.201430130004882857e-01
2.047176971435546999e+00
6.147409439086913840e-01
9.009053802490234464e-01
4.551780319213867276e-01
-2.050009613037109268e+00
-6.020954608917236661e-02
4.933814620971679887e-01
6.031700515747070446e-01
4.618261718750000244e-01
4.983753204345703347e-01
-8.881008911132812766e-01
-7.697664260864257868e-02
7.273936462402343928e-01
7.775283050537109553e-01
3.728766250610351385e-01
-1.121935606002807603e-02
-9.680068969726562944e-01
nan
nan
nan
nan
-9.306780242919922008e-01
-1.735184936523437527e+00
-2.132117156982421768e+00
-7.390917205810546564e-01
4.450834274291992076e-01
-6.478092193603515181e-01
2.123193550109863381e-01
-1.180536880493163965e+00
-2.738393306732177582e-02
2.900823402404785201e-01
-4.949572753906250067e-01
8.433691406250000133e-01
3.672986268997192189e-02
1.024713134765625089e+00
2.412538337707519631e-01
9.938451385498047186e-01
5.946150588989257413e-01
6.916196441650390714e-01
1.214015808105468830e+00
1.492102336883544822e-01
5.491266632080078480e-01
1.021793746948242099e+00
-1.360241031646728382e-01
9.369420623779296520e-01
7.904586791992187500e-01
-1.603100280761718732e+00
-1.124846172332763655e-01
-9.045201873779297186e-01
nan
nan
nan
nan
2.105767974853515412e+00
-1.720903320312499929e+00
-8.471461486816406206e-01
1.449160194396972579e-01
-1.648358154296875044e-01
-8.530284118652343706e-01
-5.657341003417968306e-01
4.255054950714111384e-02
1.058375740051269581e-01
-1.712582092285156232e+00
-5.765122985839843395e-01
-4.264192199707031450e-01
-9.892349243164062500e-01
4.354057312011718611e-02
3.216088056564331277e-02
7.515405273437499867e-01
8.665025329589843839e-01
-4.599054336547851451e-01
-7.144606018066406161e-01
-6.269779586791992543e-01
-1.068745880126953152e+00
2.230672836303710938e-01
7.245837402343749956e-01
1.028905029296875107e+00
-7.466050720214844061e-01
2.858121490478515714e-01
2.867171859741211026e-01
9.027687072753906583e-02
nan
nan
nan
nan
-4.901523590087890521e-03
2.066747665405273549e-01
6.541690063476562900e-01
2.521502494812011830e-01
6.651793670654296831e-01
-1.117297973632812580e+00
-3.794263839721679910e-01
8.968170166015625444e-01
5.215377044677734775e-01
-4.820360565185546897e-01
-3.692148923873901645e-02
3.545173263549804554e-01
-8.086269378662109819e-01
-1.629378199577331560e-03
4.669755458831786887e-02
-2.651107978820800848e-01
3.834225237369537354e-03
-1.071753921508789009e+00
-7.445024871826171342e-01
-3.133457183837890514e-01
-3.049592590332031450e-01
5.594597244262695668e-01
-5.003193664550781294e-01
-3.558343887329101785e-01
-5.866804504394531605e-01
9.975830078124999778e-01
-2.670122337341308549e-01
1.216407318115234393e+00
nan
nan
nan
nan
-3.552547454833984708e-02
-3.811157226562499889e-01
-9.551152229309081698e-02
-5.628585433959960582e-01
7.281465911865234730e-01
-3.980944061279296786e-01
-2.061743545532226662e-01
-4.508635330200195246e-01
-1.308982968330383266e-02
-2.431118965148925670e-01
8.029753875732421609e-01
-1.086840362548828098e+00
3.082902717590332298e-01
3.100182151794433350e-01
3.675099945068359131e-01
6.084022521972656250e-01
2.367337226867675670e-01
-7.873153686523437500e-01
2.753121757507324130e-01
-4.107315444946288974e-01
-4.460157775878906272e-01
8.193148803710937900e-01
-3.699698257446288885e-01
-6.426303863525391069e-01
3.703298568725585938e-01
-2.785496902465820490e-01
-3.074302291870117387e-01
5.214057922363281028e-01
nan
nan
nan
nan
-8.216156959533690851e-02
6.101184844970702903e-01
2.120416069030761630e-01
8.387739181518555354e-02
-8.196160125732422363e-01
1.895495796203613414e-01
-4.873216152191162109e-03
-5.925432586669922008e-01
-9.087025451660156738e-01
-4.551330184936523415e-01
-2.098875274658203338e+00
-9.011167907714843217e-01
-1.023766613006591858e-01
-1.570832366943359482e+00
6.475123596191406650e-01
-1.033860473632812527e+00
-7.773894786834717463e-02
6.468661499023437012e-01
-8.178159332275390936e-01
-1.140452575683593706e+00
-1.383397827148437509e+00
-4.041396331787109331e-01
-1.654209136962890625e+00
9.659088897705078169e-01
4.023781585693359530e-01
2.408954238891601596e-01
-9.885075378417969016e-01
8.155485534667968883e-01
nan
nan
nan
nan
1.008725509643554785e+00
-1.188569946289062429e+00
1.643944702148437464e+00
-1.373800373077392611e-01
4.824824523925781428e-01
-8.967906951904297541e-02
7.359514713287353127e-02
4.962841415405273571e-01
4.992258453369140536e-01
3.076871681213378951e-01
6.343725967407226607e-01
1.997537803649902244e-01
2.277146720886230602e-01
1.006493091583251925e-01
8.901551055908203391e-01
-4.351108932495117432e-01
3.987250328063964705e-02
-5.397429656982422053e-01
-4.517139816284179710e-01
3.159635734558105535e-01
-3.083274269104003817e-01
9.832125091552734730e-01
-6.428210449218749734e-01
4.641672134399413979e-02
-3.763883113861084262e-02
1.213877964019775407e-01
5.798666763305664329e-01
1.093334732055664116e+00
nan
nan
nan
nan
1.781632843017578072e+00
-2.366493463516235185e-02
-3.812763595581054599e-01
-9.147290039062500044e-01
5.516377258300780850e-01
1.875023651123046919e+00
8.012060546874999467e-01
-1.194877395629882821e+00
3.054921627044677665e-02
7.827129364013671875e-01
-2.571312522888183350e-01
-3.618856048583984353e-01
-2.939618682861327992e-01
1.505876007080078072e+00
1.689221572875976574e-01
-3.194014310836792297e-02
-1.755819320678710938e-01
-6.680478668212890270e-01
6.914512634277343306e-01
6.635330963134765669e-01
2.712341308593749778e-01
-4.025844037532806501e-03
-3.957307434082031339e-01
9.806053924560547141e-01
4.587120437622070335e-01
-5.138216400146484730e-01
-1.018647689819335955e+00
-1.587412261962890536e+00
nan
nan
nan
nan
3.380816650390625067e-01
1.342358856201171902e+00
3.319322967529296786e-01
-6.589850616455078525e-01
-6.527484130859374512e-01
-1.106657867431640518e+00
-5.223304367065429998e-01
-1.025069351196289169e+00
-2.659039115905761919e-01
1.000411300659179714e+00
6.028392791748047319e-01
9.430542945861816739e-02
-1.265899658203125000e+00
6.122434234619140714e-01
-5.208203887939453214e-01
2.002764129638671953e-01
1.661389465332031357e+00
2.643985748291015625e-01
-3.740496063232421897e-01
9.473056030273437900e-01
3.137341141700744542e-03
-5.411325836181640758e-01
-1.902002868652343803e+00
-5.109242630004883212e-01
3.634310150146484175e-01
-1.014636039733886747e-01
-1.807225197553634670e-03
5.414729118347168073e-03
nan
nan
nan
nan
6.156075286865234641e-01
-3.365213775634765536e-01
-6.058711242675781650e-01
1.008816070556640687e+00
-7.624493408203124600e-01
-4.140159606933593861e-01
3.259774017333984530e-01
6.059847259521484730e-01
-5.347918319702148482e-01
1.981519775390625071e+00
7.567308044433593839e-01
3.064667701721191517e-01
-2.261662292480468850e-01
-8.595065307617187900e-01
-1.841247940063476529e-01
2.473599052429199252e-01
3.692469787597656428e-01
2.746713066101074130e-01
2.308057403564452992e-01
-2.080699157714843706e-01
-5.897786712646484464e-01
-4.231375122070312744e-01
6.208876609802246177e-02
-2.529636764526367321e-01
8.156163787841796964e-01
-8.711456298828125222e-01
8.887538909912109375e-01
-1.115850982666015678e+00
nan
nan
nan
nan
4.311961746215820512e-01
-5.481212615966797319e-01
7.110913848876952992e-01
-4.781638336181640581e-01
3.054821395874023349e-01
-1.869585227966308605e-01
1.979174423217773537e-01
8.690302276611328036e-01
-5.810760879516601030e-01
5.195691299438476296e-01
-1.036672821044921866e+00
4.050570297241211093e-01
-1.196974563598632857e+00
-7.339501190185546697e-01
6.315848541259765359e-01
-4.220432281494140847e-01
-5.937961578369140847e-01
8.371975708007812766e-01
4.676301574707031339e-01
1.615251922607421897e-01
3.593178939819335893e-01
6.034704208374023215e-01
1.108691635131835884e+00
-1.406332588195800815e-01
-9.486541748046875555e-02
-1.263846588134765747e-01
-4.318164062500000067e-01
1.855377006530761763e-01
nan
nan
nan
nan
1.802728652954101451e-01
-1.206549739837646518e-01
-1.261026458740234446e+00
-1.592195224761962791e-01
-6.735531330108641968e-02
-7.367588806152344238e-01
-1.336175537109375033e-01
1.943267464637756306e-02
-2.809413146972656317e-01
-1.634860992431640681e-01
-2.211269569396972778e-01
-8.102347373962402732e-02
-7.627626800537109508e-01
-3.748610973358154630e-02
-6.472271728515625044e-01
1.141195602416992250e+00
-1.276512985229492081e+00
-9.240653228759765359e-01
-6.132925033569336382e-01
-1.784474792480468697e+00
-2.320237541198730546e-01
9.510731506347656072e-01
3.818592071533203347e-01
4.551816558837890603e-01
1.076980895996093812e+00
-1.790979385375976451e-01
-1.037266254425048828e-01
-3.406175613403320535e-01
nan
nan
nan
nan
-1.509285259246826161e-01
-2.547254180908203325e-01
-3.282331085205077992e-01
-3.142230796813965110e-01
-3.804978561401367032e-01
5.047780227661132768e-01
-4.619529724121093639e-01
1.497310161590576227e-01
-5.066473770141601829e-01
-1.542716827392578205e+00
-8.933863830566406428e-01
-1.369794311523437447e+00
-5.739935874938964511e-02
-3.869677352905273593e-01
-4.670038223266601562e-01
-3.892950820922851385e-01
-5.263156890869140625e-01
-8.557075500488281472e-01
-5.689322662353515359e-01
3.535562133789062478e-01
7.979380798339843484e-01
-3.568138837814330971e-02
-6.589961242675781428e-01
-2.335185241699218872e-01
-2.216504573822021540e-02
-4.933270645141601407e-01
-1.756609916687011663e-01
-5.133023834228516158e-01
nan
nan
nan
nan
9.818659210205078480e-01
-1.290543460845947343e-01
1.140704441070556630e-01
-1.876712226867675859e-01
-3.157429695129394809e-02
1.789454102516174414e-02
1.852688980102538963e-01
2.395157432556152266e-01
1.190210800170898420e+00
3.964091873168945068e-01
-1.704543113708495983e-01
5.032724761962890092e-01
-5.507822418212890980e-01
-4.710841369628906428e-01
-2.793890953063964955e-01
1.450617885589599587e-01
-1.928213119506835826e-01
2.447098731994628851e-01
1.007329940795898410e-01
1.825403594970703147e-01
-1.592500972747802612e-01
-9.844457244873047186e-01
1.117370510101318298e-01
-4.700109481811523549e-01
-4.315361404418945335e-01
-5.314562225341796786e-01
-2.742865371704101829e-01
4.568804931640624845e-01
nan
nan
nan
nan
4.727120590209961115e-01
1.038788681030273331e+00
1.014788665771484411e+00
-2.923192596435547075e-01
-4.637926864624023482e-01
5.772029876708983931e-01
-7.508176422119140492e-01
-4.159192276000976407e-01
-7.909533691406249734e-01
-1.492475891113281272e-01
-6.379710388183593706e-01
-7.474150085449218217e-01
1.562778115272521820e-02
4.138152301311493093e-03
7.205793762207031161e-01
-6.726593375205993340e-03
-5.016442108154296475e-01
-4.650492095947265647e-01
-1.038066024780273544e+00
8.929539680480956532e-02
-9.164117813110352062e-02
-2.368219947814941273e-01
-9.523076057434082253e-02
2.824488639831542747e-01
2.980081176757812256e-01
3.945154571533203147e-01
4.416000366210937611e-01
4.615409088134765359e-01
nan
nan
nan
nan
9.097169876098633312e-02
2.628870773315429843e-01
-7.155456542968750000e-01
-1.651324272155761663e-01
2.047893142700195346e-01
1.010670928955078152e+00
6.406313323974609508e-01
1.550532226562499893e+00
-6.215798854827881033e-03
-2.106427192687988226e-01
-4.996691703796386774e-02
2.557875061035156383e-01
1.022167358398437420e+00
-1.557613220214843830e+00
-3.735810852050781006e-01
7.867965698242187500e-01
6.602139282226562322e-01
-2.802623748779297097e-01
1.792815089225769168e-02
2.674964141845703192e-01
-3.621006393432616988e-01
4.206789016723632563e-02
5.776001358032226696e-01
-3.833807373046875244e-01
-4.118224716186523193e-01
4.981377029418945224e-01
nan
9.178155517578124867e-01
nan
nan
nan
nan
7.391258239746093528e-01
-5.940113067626953125e-01
-7.317253875732422363e-01
4.668559646606445512e-01
-5.228858184814453303e-01
1.392502441406249902e+00
1.724420623779296946e+00
7.766075897216796475e-01
8.081881713867187234e-01
-5.323976898193358842e-01
-2.227417945861816517e-01
4.961785507202148282e-01
1.387478160858154341e-01
2.036378097534179699e-01
9.363378524780273382e-02
7.877731323242187500e-01
8.644521832466126043e-03
-2.253320121765136630e-01
-4.893121337890625200e-01
-1.255196452140808043e-02
4.169813919067382746e-01
-6.359419250488280717e-01
5.087635803222656516e-01
2.409906005859374922e-01
-1.295317363739013627e-01
-5.664822769165038796e-01
5.788512802124023970e-01
-2.142287635803222789e-01
nan
nan
nan
nan
1.773283996582031286e+00
-8.503063201904297319e-01
nan
7.745697021484374556e-01
-3.594308853149413840e-01
-3.343281936645507990e-01
-6.579105377197265181e-01
-9.719836235046386275e-02
1.099922866821289036e+00
1.004312515258789062e+00
-4.034928131103515669e-01
-4.583575725555420061e-02
-4.281803894042968683e-01
4.221432876586914129e-01
-3.644109725952148215e-01
-3.241741943359375266e-01
-7.348772430419922008e-01
9.605770874023437100e-01
6.573645019531250133e-01
1.727638840675354073e-02
-3.523464965820312655e-01
-1.233856391906738292e-01
-3.241319274902343950e-01
-3.205399751663207814e-02
-3.630621719360351829e-01
1.179116535186767595e-01
-2.728358650207519664e-01
-9.900037384033203436e-01
nan
nan
nan
nan
6.010862731933593883e-01
1.657027006149291992e-02
5.602355957031249778e-01
3.952287673950195535e-01
2.296883583068847767e-01
5.931874084472655850e-01
5.502734756469727095e-01
-8.813393402099609641e-01
1.131682662963867214e+00
4.787314987182617054e-01
1.204309749603271473e-01
-4.065081787109374734e-01
1.084186019897460884e+00
4.493487358093261469e-02
-1.788498840332031214e+00
3.445006561279296831e-01
2.802110290527343728e-01
-2.466416740417480546e-01
-3.335491561889648571e-01
-5.344151306152343794e-01
-6.937052154541015758e-01
-5.885374450683593661e-01
1.111006851196289169e+00
3.462208557128906294e-01
-3.398750686645508057e-01
-6.761331558227538785e-02
2.117900848388671875e-01
7.320658206939696655e-02
nan
nan
nan
nan
-1.703521919250488292e-01
2.203127098083496049e-01
-6.785881805419922141e-01
1.765288734436035178e-01
8.895817565917968350e-01
1.689734458923339844e-01
1.414830112457275413e-01
-1.769775962829589766e-01
-3.223635482788085871e-01
2.346219444274902366e-01
-1.039255676269531303e+00
-6.507344818115234908e-01
1.706679534912109331e+00
1.152375125885009705e-01
5.053794860839844194e-01
-2.863184928894043080e-01
-9.623623657226562100e-01
6.005562210083007502e-01
-1.755561065673828247e-01
-3.475501632690429776e-01
-7.848184204101562589e-01
-1.353081207275390607e+00
5.539806747436523127e-01
-3.314226913452148482e-01
-1.019211101531982411e-01
-5.659075927734374956e-01
3.143755674362182922e-02
-2.949047279357910334e-01
nan
nan
nan
nan
5.014739990234374778e-01
-2.474047660827636830e-01
3.023130416870117299e-01
-1.018962402343750018e+00
-1.422915935516357311e-01
-1.129748229980468643e+00
-1.008476333618164134e+00
-4.665222549438476363e-01
2.070558357238769520e-01
-2.115094566345214755e-01
-1.178608551025390527e+00
-1.015992050170898331e+00
-9.964826202392578214e-01
3.641320800781249756e-01
8.615159606933593395e-01
7.746330261230469083e-02
2.044120979309081987e-01
-4.117737960815429643e-01
-7.152127838134765270e-01
-1.076591873168945224e+00
-2.614764785766601762e-01
2.765364265441894731e-01
-3.690341949462890708e-02
-6.351543426513671653e-01
-3.339681625366210799e-02
3.824263811111450195e-02
-1.373445224761963013e-01
-5.895300674438476163e-01
nan
nan
