nan
nan
-4.120300292968749889e-01
1.814592132568359384e+00
7.164810943603515669e-01
-8.806354522705077681e-01
4.502169418334960871e-01
-7.046073436737060325e-02
-6.822676086425780717e-01
1.238479423522949180e-01
1.775727233886718714e+00
2.901134109497070512e-01
-7.134747314453124822e-01
4.789872741699218728e-01
1.561501312255859419e+00
-7.593207550048828303e-01
-1.677532386779785056e-01
-5.381007766723633345e-01
-1.303390979766845814e-01
1.965228881835937580e+00
-4.065602111816406516e-01
-1.838611030578613248e-01
2.231515884399414007e-01
3.084852981567383079e-01
9.320243072509765137e-01
6.388668060302733764e-02
-1.175903701782226474e+00
7.709429264068604071e-02
-1.062019653320312562e+00
1.405113830566406152e+00
nan
nan
nan
nan
-2.915637779235840110e-01
-1.473017730712890661e+00
-2.371486282348632679e-01
-1.225675582885742188e+00
3.977999496459960760e-01
-7.952246093749999467e-01
4.288264465332031206e-01
7.614625549316406117e-01
3.373990297317504966e-02
5.969212722778319824e-01
3.537053298950195157e-01
-1.399333801269531330e+00
-1.431365203857421831e+00
9.210281372070312500e-01
3.155519485473632924e-01
-1.501012802124023493e-01
2.476246452331543058e-01
4.020489883422851407e-01
-9.705420494079590454e-02
-3.959962844848632924e-01
-8.328855133056640714e-01
5.311971664428710715e-01
9.073985290527343262e-01
2.210449218749999944e-01
-5.524586677551269337e-02
-3.815992355346679576e-01
6.008153533935547408e-01
-1.416855926513671982e+00
nan
nan
nan
nan
1.354742279052734366e+00
1.094060611724853582e-01
-6.665222167968749556e-01
-3.356968879699707281e-02
6.459258270263671387e-01
-4.695141983032226629e-01
2.599858474731445157e-01
-1.099865188598632804e+00
-9.862033843994140458e-02
3.279170608520508012e-01
-6.310795593261718794e-01
8.505937194824219061e-01
-9.986450958251953391e-01
-2.012855148315429721e-01
-5.925211715698242010e-01
-3.371070861816406472e-01
3.728080368041992165e-01
1.697857666015624989e-01
1.002393417358398375e+00
-6.073930740356445757e-01
-1.662108993530273526e-01
-6.549560546874999556e-01
-7.158337402343749600e-01
-3.381378936767578391e-01
-1.003086090087890597e-01
-4.071095657348632879e-01
-6.996974945068359375e-01
-1.158427715301513644e-01
nan
nan
nan
nan
1.212250518798828058e-01
4.861348724365234242e-01
-6.590261077880859020e-01
-1.381979584693908761e-02
-6.496475982666015669e-01
1.176254348754882884e+00
-1.662646331787109411e+00
1.277315063476562429e+00
8.652568817138671653e-01
-1.829686164855957031e-01
8.171646118164062056e-01
-2.136755752563476440e-01
-4.430607223510742432e-01
-3.802527999877929887e-01
3.604845428466796897e-01
-1.568202972412109375e+00
-5.362925338745117010e-01
6.437842845916748324e-02
8.270283508300780850e-01
-3.571379089355468661e-01
7.302758789062500089e-01
-6.276573181152343972e-01
1.757679901123046839e+00
3.152353286743164174e-01
7.030272674560547053e-01
9.069537353515625400e-01
4.313487243652343595e-01
-2.926582336425781472e-01
nan
nan
nan
nan
3.501406097412109175e-01
-1.058801269531250006e-01
1.550937194824218768e+00
-3.156934356689453103e-01
-2.690236282348632546e-01
-7.415474891662597601e-02
-3.344248962402343595e-01
-5.723426818847656694e-01
4.123949050903320535e-01
-2.462843704223632857e-01
7.322300720214843794e-01
-5.923338317871094105e-01
1.102656326293945277e+00
-2.298546791076660212e-01
-1.232510375976562544e+00
8.093335151672363670e-02
6.371181011199951449e-02
2.929459571838378684e-01
5.389690399169921875e-02
-2.962232208251953103e-01
-1.447909393310546911e+00
-4.202718734741210938e-01
-7.608508300781250400e-01
-2.095078086853027211e-01
1.736638641357421964e-01
-8.550926971435547363e-01
-2.660548591613769442e-01
4.489716339111328169e-01
nan
nan
nan
nan
-8.560034751892089955e-02
1.119020385742187429e+00
1.223271026611328027e+00
4.203375244140625244e-01
-1.034444503784179625e+00
-3.941662597656250266e-01
-1.126852703094482488e-01
-8.780020141601562189e-01
-3.266876220703124889e-01
1.842298316955566506e-01
1.978279495239257946e-01
-3.257044777274131948e-04
3.602454376220702859e-01
5.876214981079102007e-01
-4.849660491943359464e-01
4.562875747680664174e-01
-1.120804519653320286e+00
-1.208566570281982416e-01
-4.328228378295898571e-01
-7.384131622314452637e-01
-9.071132659912108931e-01
1.045944137573242116e+00
-1.026520462036132786e+00
-1.531714782714843848e+00
2.872315216064453280e-01
2.622609519958495894e-01
-8.621657562255858887e-01
-4.072778701782226451e-01
nan
nan
nan
nan
1.157145843505859473e+00
-7.522676086425781339e-01
2.665597343444824352e-01
4.815235519409179488e-01
1.311844253540039029e-01
-2.076034545898437500e-01
-8.047431945800781472e-01
-1.757021636962890598e+00
3.047209930419921831e-01
-5.287056732177733975e-01
5.236583709716796653e-01
1.047764492034912176e-01
-1.227713470458984268e+00
3.743157577514648615e-01
-7.743885803222656516e-01
-3.080534362792968772e-01
3.405986022949218928e-01
5.269165039062500000e-01
-1.232054996490478532e-01
-2.054972534179687393e+00
4.298982238769531450e-01
-1.159263458251953205e+00
7.179230213165282981e-02
9.357210540771484508e-01
6.824689483642578658e-01
-5.142597198486328347e-01
9.406830596923828613e-01
-2.197622871398925704e-01
nan
nan
nan
nan
-3.330831909179687300e-01
5.356758117675781694e-01
-6.532280731201172141e-01
6.396896362304687056e-01
7.765301513671875044e-01
5.434434509277343839e-01
-4.835026931762695379e-01
-1.592390632629394620e-01
-2.684415435791015492e-01
-1.458792304992675704e-01
-1.978202819824218806e-01
-6.579673767089844194e-01
4.614410400390624861e-02
-7.625052642822265359e-01
-4.290377807617187234e-01
8.750611114501952725e-01
4.708102035522461204e-01
-1.930006713867187473e+00
-4.771697616577148526e-01
8.049140930175781028e-01
-3.839716720581054510e-01
-1.320228424072265705e+00
-1.165721511840820401e+00
-3.359911727905273704e-01
-1.240212821960449269e-01
-7.456628322601317749e-02
7.111171245574951505e-02
-1.046933174133300726e-01
nan
nan
nan
nan
6.009964942932129184e-02
4.989278411865234464e-01
1.518870544433593706e-01
1.337930450439453134e+00
-6.908779144287109375e-01
-8.292510986328125444e-01
-5.674051666259765092e-01
1.860528373718261796e-01
1.623897552490234375e+00
-9.136437988281249645e-01
8.749443817138672363e-01
-1.552833461761474743e-01
-1.370788116455078143e+00
-3.035313796997070046e-01
-5.559188842773437056e-01
8.668160247802734197e-01
-7.871811676025390891e-01
6.280390930175780984e-01
1.889066123962402366e-01
-1.430285034179687553e+00
-1.931008911132812422e-01
2.220780372619629017e-01
1.214786529541015681e-01
7.018246459960937322e-01
7.665311431884765936e-01
-3.507811355590820246e-01
3.249419021606445579e-01
-1.141173171997070357e+00
nan
nan
nan
nan
-1.437868041992187429e+00
-8.343978118896484553e-01
-3.106999969482421853e-01
5.583150100708007546e-01
-8.292218017578124600e-01
3.486729812622070268e-01
-1.758895683288574097e-01
8.895769500732422230e-01
2.208766937255859375e-01
9.069307708740234064e-01
5.647120285034179510e-01
5.969231414794922141e-01
-5.725303649902343528e-01
9.855760955810546342e-01
3.859082031250000155e-01
-9.606441497802734597e-01
1.404058647155761730e-01
3.656077575683593928e-01
3.859466934204101585e-01
7.446611022949218839e-01
-1.088899803161621077e-01
-6.285947418212890492e-01
2.735180139541626074e-02
8.601297760009765092e-01
1.203320884704589810e-01
-7.143323516845703214e-01
-1.933950614929199341e-01
5.179060363769530939e-01
nan
nan
nan
nan
5.178887176513672363e-01
4.556672668457031339e-01
-6.869963836669922275e-01
-3.741486358642578391e-01
2.556038856506347434e-01
5.189260864257811967e-01
-4.626390457153320424e-01
-5.522360324859618835e-02
6.164744377136230358e-02
-1.101541900634765564e-01
-8.014559745788574219e-02
3.061706542968749972e-02
-9.082602691650391025e-01
1.891574096679687622e-01
-5.532620239257812766e-01
-5.764773845672607755e-02
1.572443199157714799e-01
-2.776451301574707209e-01
1.670855255126953098e+00
-1.393504142761230469e-01
1.074551620483398473e+00
5.441126346588134877e-02
7.605765533447265137e-01
9.803702545166015359e-01
1.637307739257812533e-01
7.248349761962891158e-01
-1.160374526977538956e+00
-1.225269622802734437e+00
nan
nan
nan
nan
-2.196221160888671697e+00
-6.759773254394531028e-01
-2.115197372436523338e-01
-3.563429260253906383e-01
5.187890243530273171e-01
-8.063336181640624600e-01
-1.494889068603515669e+00
-2.103406715393066340e-01
1.030764312744140598e+00
-1.186902084350585973e+00
4.877848434448242010e-01
6.947544860839843794e-01
2.266684532165527399e-01
-1.247533645629882892e+00
-1.186645984649658259e-01
1.081629469990730329e-03
-2.073994255065917947e-01
-5.774168395996093217e-01
5.990123367309569957e-01
-5.388217163085937678e-01
4.053637027740478183e-02
-1.375239086151122947e-01
5.921160221099853321e-02
3.686416625976562389e-01
-2.001574134826660245e-01
-1.169986495971679696e+00
6.559785461425781117e-01
4.572595596313476785e-01
nan
nan
nan
nan
-4.293322753906250178e-01
3.385743331909179532e-01
9.907607269287109775e-01
-1.235055465698242205e+00
7.178308868408203036e-01
1.942320632934570190e-01
-4.224267959594726340e-01
3.671472167968750089e-01
-7.072389984130859064e-01
-6.138569641113281738e-01
1.096748962402343652e+00
-8.852981567382812722e-01
5.143086624145507546e-01
-5.280785751342773615e-01
-3.008760643005370938e-01
2.694540977478027122e-01
-3.934582948684692272e-02
-2.133069229125976463e-01
-8.544822692871093528e-01
2.355250740051269553e-01
4.207679367065429443e-01
-1.619982910156249900e-01
1.672568511962890525e-01
6.769613647460936967e-01
-1.022086944580078205e+00
3.777903366088867232e-01
-1.571556091308593750e+00
1.673365020751953203e-01
nan
nan
nan
nan
-4.818334579467773438e-01
-4.072943878173828081e-01
-6.165087509155273704e-01
-3.981631088256836204e-01
3.167559051513672008e-01
1.409681854248046928e+00
-1.044784240722656188e+00
1.774206848144531223e+00
-6.727099609375000178e-01
-2.509165191650390425e-01
6.378919219970703436e-01
-2.175236320495605447e-01
-2.568133544921875067e-01
5.348545074462890403e-01
-3.381618881225585960e-01
1.723958015441894587e-01
1.055058517456054723e+00
-2.301783180236816329e-01
-7.256054687499999822e-01
7.104523468017578391e-01
1.327010154724121149e-01
-1.508008117675781357e+00
6.742284393310546964e-01
5.857149124145507590e-01
-6.251421737670898038e-01
-6.304666519165038618e-01
-4.924084472656249933e-01
-6.604700469970703480e-01
nan
nan
nan
nan
7.986200332641602007e-02
-6.009381294250488309e-02
1.542822875976562536e+00
1.023827056884765607e+00
5.354241180419921919e-01
-5.956047821044921919e-01
-5.471658325195312145e-01
-1.410288333892822377e-01
2.157250022888183572e-01
5.300549268722534561e-03
-1.408162975311279264e-01
-4.694366455078125000e-01
7.538288116455078569e-01
1.285766315460205034e-01
-4.093214416503906383e-01
-9.268613433837891158e-01
5.041662979125977051e-01
1.590785121917724643e-01
-6.103613281249999911e-01
-7.760938262939452992e-01
4.216863250732421631e-01
8.767729187011719105e-01
-9.808868408203125222e-01
6.348279953002929910e-01
-2.027376556396484342e-01
-1.308046875000000053e+00
-1.409278259277343848e+00
-2.147920417785644520e-01
nan
nan
nan
nan
-5.523375701904297275e-01
-1.728332366943359455e+00
2.989170837402344016e-01
-6.843524932861327903e-01
2.690215873718261874e-01
-3.747611618041992165e-01
3.484237670898437389e-01
1.344396057128906197e+00
-3.442630004882812345e-01
1.199816799163818393e-01
-6.507255554199218306e-01
2.055853158235549944e-03
-1.414065246582031143e+00
1.176998214721679759e+00
1.192516479492187420e+00
-4.743923568725585960e-01
-1.373905334472656170e+00
-6.142441177368164196e-01
-1.068507690429687518e+00
-4.109475708007812589e-01
2.389605712890625067e-01
-4.935036182403564758e-02
-5.216510391235351651e-01
-5.651618480682372991e-02
-6.532213592529296786e-01
-9.345938873291015359e-01
-4.909135341644287054e-02
1.087660064697265616e+00
nan
nan
nan
nan
4.853728771209717130e-02
4.944578933715820246e-01
1.862363243103027366e-01
2.384109497070312500e-01
-1.027662811279296928e+00
1.232968749999999947e+00
8.732794189453124689e-01
-3.119523620605468839e-01
-5.202135467529296342e-01
-8.001380920410156028e-01
-4.716353607177734553e-01
5.023449707031250044e-01
-2.205348968505859431e-01
-1.774802856445312438e+00
-9.877951049804687411e-01
-3.417473793029784934e-02
5.226159286499023615e-01
-5.763643646240234064e-01
-1.118856048583984464e+00
1.500184893608093317e-02
-1.229921264648437429e+00
-7.145325469970703613e-01
-1.659497528076171902e+00
-6.327014160156250178e-01
5.979842376708984775e-01
9.370146179199219105e-01
4.385219955444336071e-01
8.189247894287109419e-01
nan
nan
nan
nan
1.151898193359374989e-01
1.007303695678710920e+00
3.229805755615234308e-01
-1.161431350708007848e+00
-1.357979125976562562e+00
-7.024425506591797097e-01
5.133990478515625400e-01
-3.930801391601562722e-01
-7.170382499694824552e-02
-2.666851997375488392e-01
1.023134803771972717e-01
-5.357511043548583707e-03
4.380834579467773326e-01
6.685096740722655806e-01
-5.788115310668945357e-01
-1.143527317047119130e-01
2.606000709533691229e-01
7.004815673828125311e-01
3.617537307739258079e-01
-5.312226104736328391e-01
-9.045294952392578525e-01
-1.789097404479980391e-01
-2.079535293579101440e-01
3.196905517578125244e-01
6.802512359619140581e-01
-4.166802597045898282e-01
1.167700500488281223e+00
-6.035051727294922230e-01
nan
nan
nan
nan
-1.895082244873046884e+00
-7.835467529296874512e-01
8.704323577880859197e-01
4.316466522216796942e-01
3.672205734252929621e-01
7.891912841796875355e-01
7.424578094482421342e-01
2.123140907287597579e-01
-1.576012725830078232e+00
-4.177631759643554710e-01
-1.244151592254638672e-01
-7.730808258056640625e-01
8.217435455322266158e-01
-1.515005950927734268e+00
-4.094329452514648415e-01
4.470343780517578303e-01
7.095400238037109508e-01
-1.112704010009765598e+00
-1.099885864257812429e+00
1.179824371337890643e+00
6.276295852661132324e-01
4.535405731201171964e-01
-6.959819793701171875e-01
-3.090616989135742121e-01
-1.835934066772461071e-01
1.156057662963867250e+00
nan
-3.215438365936279519e-02
nan
nan
nan
nan
6.556330204010009377e-02
4.114071655273437433e-01
1.382777709960937518e+00
3.448618698120117232e-01
9.093099212646484908e-01
-4.379018783569335604e-02
-8.415967559814453436e-01
8.168231964111327681e-01
9.625386047363281294e-01
6.119143962860107422e-02
-1.939101600646972734e-01
4.552741241455078303e-01
1.648462486267089910e-01
1.004451904296874920e+00
7.790641784667968750e-01
-1.149097671508789054e+00
1.456297039985656773e-02
-8.773137092590331532e-02
-1.184303131103515705e+00
1.047921676635742205e+00
-1.893183288574218803e+00
-5.194584655761719238e-01
6.965101623535155939e-01
5.682109832763672097e-01
-5.034417343139648837e-01
-2.715264701843261852e-01
-3.839969253540039262e-01
-1.324512481689453236e-01
nan
nan
nan
nan
-3.775043487548828125e-01
8.811560821533203081e-01
nan
-3.044863128662109175e-01
-2.282713317871093717e-01
4.382439422607422030e-01
-1.455744934082031206e+00
-5.171637344360351385e-01
2.986380004882812633e-01
-1.024655055999755815e-01
9.142124938964844016e-01
1.152982044219970637e-01
-1.098543739318847690e-01
4.925756072998047075e-01
-1.111189842224121066e-01
1.523346900939941406e-01
3.493833541870117188e-01
2.933633804321288951e-01
-8.498200988769530895e-01
2.990159797668456854e-01
-2.099804306030273460e-01
9.334791564941405939e-01
-4.993805694580077947e-01
-1.039777832031250071e+00
-2.051390838623046997e-01
6.346425628662109020e-01
-8.065842628479004406e-02
-4.363311767578125222e-01
nan
nan
nan
nan
1.039558868408203107e+00
-4.146842193603515470e-01
-3.198276329040527499e-01
4.774409103393554843e-01
1.573086395263671777e+00
-1.456241607666015625e+00
-3.461724090576172030e-01
-1.654555702209472567e-01
4.777524185180663796e-01
4.686021423339843950e-01
-9.655800819396972989e-02
3.528205490112304443e-01
8.654189300537109553e-01
1.952801322937011697e-01
-1.265306396484374929e+00
-6.338398361206054599e-01
1.112833557128906303e+00
2.792304420471191650e-01
-2.645124626159667813e-01
1.796927261352539162e-01
-1.949907112121581909e-01
8.529682922363280850e-01
-3.493457794189452903e-01
-4.754054260253905984e-01
-5.371954345703124911e-01
-1.578494415283203223e+00
-5.993439865112304421e-01
1.200075507164001520e-02
nan
nan
nan
nan
-2.064857864379882890e-01
-5.157481384277343706e-01
8.903766632080077903e-01
-1.884075927734374933e-01
6.237534332275390669e-01
-2.131086158752441284e-01
2.519392967224121094e-01
1.196379542350769001e-02
4.031144714355468506e-01
6.165705108642578480e-01
9.535335540771484875e-02
9.120615005493164229e-02
3.540630722045898238e-01
-5.879882431030273304e-01
2.512382698059081876e-01
7.080519104003906161e-01
6.722405242919922141e-01
1.072595977783203036e+00
4.798746109008789062e-01
9.268676757812499556e-01
-8.295081329345702637e-01
1.401273822784423750e-01
-9.270165252685547141e-01
5.499370956420898127e-01
-5.262937164306640270e-01
3.890950393676757546e-01
-5.720473861694336248e-01
-7.031160354614257590e-02
nan
nan
nan
nan
2.673073196411132613e-01
3.279938888549804865e-01
-1.351284637451171777e+00
-3.447688674926757679e-01
1.430665779113769465e-01
3.829281616210937766e-01
-5.753786849975586204e-01
-7.944895935058593484e-01
-1.243365173339843643e+00
3.707606124877929621e-01
-1.054036331176757768e+00
-1.235362701416015563e+00
7.564067363739013228e-02
-6.607733154296875355e-01
-2.259691238403320479e-02
-5.652523803710937100e-01
9.627947235107421342e-01
-5.622433853149414462e-01
-7.272013854980469150e-01
4.620488739013671742e-01
-6.547403717041015980e-01
3.191533088684082031e-01
1.228293609619140581e+00
9.305109405517577592e-01
2.312335586547851485e-01
3.978986358642578325e-01
5.440455627441406206e-01
8.062961578369140514e-02
nan
nan
