nan
nan
-6.776876068115234020e-01
9.748261260986328391e-01
1.115693435668945410e+00
-2.629898548126220759e-02
-2.856043434143066273e-01
-7.824216461181641158e-01
9.998430633544921342e-01
2.902492523193359597e-01
2.566662597656250155e-01
-2.855391502380371094e-01
2.078857040405273360e-01
-1.794320678710937589e+00
2.211332511901855369e-01
-3.596155548095703036e-01
3.772825241088867410e-01
-3.241904830932617054e-01
-2.079584503173828036e-01
-3.947167205810546697e-01
-3.914051437377929488e-01
1.381215763092041027e-01
5.663897323608398926e-01
5.358735084533691739e-02
3.775871276855468500e-02
2.095841026306152211e-01
8.737714385986328214e-01
-1.228396301269531143e+00
3.378190994262695312e-01
1.443202686309814353e-01
nan
nan
nan
nan
8.926995086669922141e-01
5.838343811035155984e-01
-2.485498237609863326e-01
-4.715683746337890891e-01
3.575265121459960671e-01
-2.723042297363281183e-01
6.726979064941406294e-01
3.134735107421875167e-02
6.930074310302734020e-01
-4.095561218261718484e-01
-6.480303192138672230e-01
5.493372726440429732e-01
-8.659912109374999778e-01
4.535135269165039285e-01
1.729164886474609419e+00
5.057310867309570135e-01
-1.989584350585937411e+00
4.266224288940429488e-01
5.868357086181640314e-01
-4.087676239013671720e-01
-2.678981018066406428e-01
7.862863159179687145e-01
8.629769897460937145e-01
1.133744735717773455e+00
1.140184879302978509e-02
1.521069793701171902e+00
7.867253875732421742e-01
-1.294539642333984331e+00
nan
nan
nan
nan
3.112255573272705231e-02
2.361611747741699241e-01
4.272547149658202925e-01
-6.856911468505859641e-01
6.518194580078124911e-01
2.120884704589843794e-01
-5.131783676147461115e-01
2.859096336364745916e-01
-9.735796928405761330e-02
-7.715377044677734775e-01
-4.451435470581054932e-01
4.335159301757812722e-02
7.796457672119140314e-01
-8.036790466308594283e-01
1.085527420043945312e+00
-6.237391281127929732e-01
1.294556140899658092e-01
8.962953948974609064e-01
-3.333679580688476696e-01
1.350016479492187393e+00
-3.039822006225585960e-01
4.695626068115234530e-01
-4.080579376220703214e-01
1.269605560302734304e+00
4.962872695922851407e-01
-9.245579528808594016e-01
-1.635335540771484464e+00
1.729846572875976540e-01
nan
nan
nan
nan
-1.117818927764892556e-01
-7.830735015869140225e-01
-2.001818466186523482e-01
7.044771575927734064e-01
-8.648096466064453258e-01
7.844060897827148660e-02
9.784727096557617465e-02
-8.504565429687499512e-01
-8.454460906982421697e-01
-6.553525543212890270e-01
7.681200408935546786e-01
-1.108104515075683527e-01
-5.408181381225586337e-01
9.536681175231934149e-02
-9.855791473388672008e-01
5.318532943725585715e-01
7.255902767181396373e-02
-2.264485931396484353e-01
-3.850345230102539262e-01
1.460544109344482366e-01
-1.071787033081054608e+00
8.018874359130859775e-01
-5.303595352172851829e-01
5.912183761596679910e-01
6.958339691162109819e-01
3.289902496337890891e-01
1.450064945220947144e-01
-7.205564880371093661e-01
nan
nan
nan
nan
3.839177322387695157e-01
-1.061291885375976601e-01
-1.302782287597656241e+00
4.653240966796874933e-01
-4.598846817016601363e-01
-5.723532104492187189e-01
6.915667057037352961e-02
6.183655261993408446e-03
-3.995574951171875222e-01
8.080650329589843528e-01
2.004486620426178083e-03
-1.886194992065429732e-01
-1.193890452384948654e-02
-1.462753772735595759e-01
7.779385375976562988e-01
7.020403289794922008e-01
-3.531314849853515736e-01
-1.218454895019531303e+00
2.609463119506835738e-01
4.503122329711913840e-01
-1.342048072814941428e-01
8.463539123535156472e-01
-1.163449954986572332e-01
-5.738690567016601074e-01
-2.190840148925781161e-01
-1.928031325340270885e-02
-1.400114135742187571e+00
8.872782135009765758e-01
nan
nan
nan
nan
-1.871793556213378895e-01
2.133720207214355458e-01
5.108205032348632768e-01
-3.049954414367676003e-01
1.554364967346191506e-01
7.282030487060546786e-01
-9.738012695312500133e-01
-1.331404266357421928e+00
2.214122772216796931e-01
-7.853106689453125400e-01
-7.285833740234375355e-01
6.329364776611328125e-01
-8.700743103027344105e-01
4.628746032714843583e-02
-7.236721801757812766e-01
-5.030093765258789595e-01
-2.733073425292968928e-01
-1.514340782165527477e-01
-9.391383361816406650e-01
-4.991081237792968639e-01
-8.748767852783203569e-01
-4.667441177368163996e-01
-7.357347869873046564e-01
3.586232066154479859e-03
7.873893737792968528e-01
1.411400909423828232e+00
-3.093106985092163030e-02
2.136137390136718661e+00
nan
nan
nan
nan
-2.929608917236328214e-01
7.315992832183837447e-02
6.577314758300780717e-01
-8.475776672363281028e-01
2.053442192077636619e-01
1.179013977050781259e+00
2.566968154907226518e-01
1.620688323974609268e+00
1.805894927978515696e+00
-1.391662292480468688e+00
7.140061187744141113e-01
-1.938393783569336004e-01
3.378344726562499956e-01
-1.069561080932617259e+00
-3.268741226196288929e-01
-5.866887283325195046e-01
7.587467956542969238e-01
-4.469603538513183816e-02
-2.598854064941406028e-01
-5.217146301269530717e-01
-1.645065307617187556e-01
-4.589326095581054421e-01
-2.864337539672851540e-01
-1.338232040405273326e-01
1.158389377593994074e-01
-2.294078636169433472e-01
-1.433606243133545011e-01
7.202371215820312367e-01
nan
nan
nan
nan
-1.396985931396484304e+00
-4.623651885986327925e-01
3.393243026733398504e-01
4.823780059814453125e-01
-6.846017456054687145e-01
-8.092868041992187234e-01
-5.174865341186523082e-01
-5.941468811035156561e-01
2.779771995544433327e-01
-1.354605007171630904e-01
6.684175872802734508e-01
8.084717559814452725e-01
2.070772552490234286e+00
-5.970501327514647905e-01
9.111679077148437944e-01
3.491662979125976785e-01
-1.061114730834960884e+00
1.639119720458984408e-01
1.143569869995117116e+00
-4.499100494384765669e-01
9.697856140136719150e-01
9.577238464355468661e-01
6.053886795043945668e-01
1.138756332397460991e+00
-6.791582489013672230e-01
-1.361029205322265678e+00
1.670432853698730347e-01
4.900834274291991921e-01
nan
nan
nan
nan
3.917725372314453391e-01
-5.422546386718749556e-01
-1.991511154174804565e-01
8.690001678466796609e-01
-1.096369476318359348e+00
-8.332559204101562811e-01
6.172520446777344238e-01
3.545814895629882946e-01
3.065679168701171964e-01
-1.265988922119140714e+00
1.815930557250976518e-01
5.537233352661132812e-01
1.238777160644531250e+00
1.211030883789062429e+00
-5.331083297729491965e-01
-2.053819894790649345e-02
-1.089501380920410156e-01
1.109885635375976509e+00
-2.321340751647949230e-01
4.017260360717773704e-01
-4.011325836181640625e-01
1.934937896728515572e+00
6.220890808105469238e-01
-2.008242607116699219e-01
8.053226470947265625e-01
6.473563385009765137e-01
-1.154404258728027322e-01
-5.304586791992187411e-01
nan
nan
nan
nan
-3.760481262207031050e-01
-2.603468704223632635e-01
1.132476959228515545e+00
5.428232192993164285e-01
2.252840232849121216e-01
-5.554085159301758168e-01
-4.327822113037109175e-01
-5.857961654663086382e-01
-5.772584533691406117e-01
-6.206729507446289151e-01
-9.351126098632812633e-01
5.854815673828125400e-01
1.187118053436279352e-01
2.554763221740722900e-01
2.747270584106445424e-01
2.824924468994140514e-01
-8.329911804199219283e-01
-1.230270233154296955e+00
-8.262185668945312145e-01
-7.898242187499999734e-01
-7.261203765869140847e-01
-1.554591178894043080e-01
-8.839936065673827947e-01
1.410620574951171768e+00
-4.430438041687011913e-02
-1.773714184761047280e-02
3.664406585693359419e-01
5.772055053710937189e-01
nan
nan
nan
nan
-5.923059844970702814e-01
5.539672851562500444e-01
4.546559524536132879e-01
-4.615618896484374734e-01
5.865297698974609730e-01
4.288938522338867076e-02
1.484916076660156348e+00
1.630859565734863181e-01
-1.607478618621826019e-02
-8.519105529785155895e-01
-9.698548889160156783e-01
-1.071082115173339899e-01
-2.153300628662109251e+00
-5.591230010986327770e-01
-1.047307739257812509e+00
1.116234359741210991e+00
-3.002799987792968972e-01
6.365279388427734775e-01
2.877527236938476340e-01
3.069469833374023349e-01
-7.445081329345702992e-01
4.640660858154296853e-01
-3.340248870849609197e-01
3.833026504516601762e-01
-9.202161407470703658e-01
5.981655883789062100e-01
2.059412193298339744e-01
-1.343565216064453116e+00
nan
nan
nan
nan
9.143013763427734197e-01
-2.285157966613769465e-01
-3.289005279541015736e-01
2.308149909973144509e-01
7.335517883300781694e-01
-3.425213241577148571e-01
-4.717522811889648393e-01
4.089170837402343883e-01
6.427285766601562589e-01
3.250310897827148326e-01
3.841007614135742432e-01
2.226112365722656139e-01
8.999217987060547097e-01
4.018600940704345620e-02
1.016394195556640678e+00
-9.004661560058593306e-01
3.906518518924713412e-03
-3.669164657592773326e-01
9.363804626464843350e-01
-8.989076995849609730e-01
9.397396850585937322e-01
1.974056053161621083e-01
7.821956634521484708e-02
-3.724737167358398438e-01
1.010086297988891518e-02
1.669311141967773360e-01
-1.056158142089843821e+00
3.156222343444824441e-01
nan
nan
nan
nan
-6.473168182373046919e-01
6.759571075439453347e-01
1.519003295898437411e+00
-7.696808624267578169e-01
-1.082266311645507795e+00
-1.825430631637573256e-02
-6.616902923583984908e-01
-9.176221847534180021e-02
4.994399642944336026e-01
-2.740518760681152077e-01
2.836639404296874972e-02
1.411545867919921982e+00
-1.644289398193359286e-01
5.590912699699401682e-03
1.114697494506835973e+00
1.506277942657470725e-01
-7.078903198242187944e-01
4.631196594238281006e-01
-2.373622894287109319e-01
-9.802429962158203391e-01
6.033282852172852095e-01
-2.413510894775390547e-01
1.033423995971679776e+00
6.504755401611328480e-01
3.215587997436523682e-01
1.242526550292968768e+00
-1.093798217773437553e+00
1.438056182861328081e+00
nan
nan
nan
nan
7.336890411376952859e-01
-1.625073814392089810e-01
4.635818862915039307e-01
-4.345454025268554732e-01
6.818649291992187056e-01
-1.923757743835449174e-01
7.098702239990234419e-01
2.187696266174316284e-01
-1.896262741088867165e-01
-1.168682937622070206e+00
2.859521865844726340e-01
4.165286636352539262e-01
-9.473235130310059260e-02
5.338084793090820401e-01
2.528354835510253640e-01
-5.287142944335937456e-01
6.023548126220703569e-01
4.222183990478515780e-01
1.187457885742187580e+00
-1.121760654449462935e-01
2.675174331665038929e-01
9.807472991943358975e-01
3.926823806762695379e-01
-4.569103622436523349e-01
5.515804672241211293e-01
2.197993850708007679e-01
8.197392272949218794e-01
-6.710987091064453125e-01
nan
nan
nan
nan
-3.185411643981933549e-01
7.931390380859375533e-01
3.568359374999999778e-01
-1.222473754882812402e+00
-4.001849365234375067e-01
-5.397973251342773615e-01
9.455139923095703391e-01
7.344652557373047008e-01
-3.346080017089843595e-01
-4.692482757568359197e-01
-4.741943359374999889e-01
-2.236279487609863226e-01
-5.854983520507812678e-01
5.442309570312500178e-01
4.790310668945312322e-01
-3.296805572509765581e-01
-9.634215545654296609e-01
4.529880142211913929e-01
-7.282943725585937500e-01
-1.230013122558593741e+00
2.114142913818359393e+00
-7.004907989501952814e-01
1.474872970581054821e-01
2.843657970428466880e-02
6.713859081268309936e-02
7.561244010925292913e-02
7.545124053955078181e-02
-7.170458984374999956e-01
nan
nan
nan
nan
4.010452651977539085e-01
-4.962940216064452847e-02
-2.967581033706664928e-02
4.313294601440429421e-01
-6.877583503723144753e-02
-4.349001312255859619e-01
1.070929336547851607e+00
-5.317541885375977051e-01
-1.040151214599609464e+00
5.270708465576171564e-01
1.159106521606445339e+00
-6.404696655273437456e-01
4.602164840698242387e-01
5.047382831573486023e-02
-6.470135498046875044e-01
6.474591827392578436e-01
5.029527282714844061e-01
1.644492387771606320e-02
-4.056582260131835760e-01
-6.298095321655273748e-01
2.792288780212402455e-01
-4.626221847534179865e-01
-1.501151371002197310e-01
-4.669333648681640581e-01
3.525832748413085804e-01
9.586537170410156516e-01
-3.515355587005615512e-02
-5.192195510864258123e-01
nan
nan
nan
nan
-5.461137390136718839e-01
-8.963409423828124778e-01
4.151448440551757657e-01
-3.578049468994140558e-01
8.822722625732422053e-01
-6.594177246093750611e-02
6.043927383422851296e-01
-1.543174457550048895e-01
6.674970245361327992e-01
-1.302914524078369052e-01
1.506407928466796831e+00
-8.515703582763671786e-01
4.935839462280273704e-01
-2.748104095458984153e-01
1.970182037353515603e-01
3.418025588989258012e-01
-1.806405487060546822e+00
1.125047149658203072e+00
-6.782188415527343750e-01
8.128070831298828125e-01
6.111930084228515137e-01
6.000905990600585715e-01
-3.055787467956542769e-01
3.837797546386718661e-01
-4.247886276245116943e-01
-7.623042106628417913e-02
-1.080906105041503917e-01
-3.384580230712890825e-01
nan
nan
nan
nan
2.589362525939941650e-01
-6.614026641845702770e-01
2.194085502624511796e-01
-2.046935844421386708e-01
-2.108731460571288963e-01
-5.306631469726562633e-01
-1.450091648101806685e-01
-1.003069992065429794e+00
1.440341091156005782e-01
5.257079696655273526e-01
7.801516723632812012e-01
-7.236229419708252453e-02
1.521412754058837913e-01
-8.757913970947265314e-01
4.183058929443359553e-01
8.028232574462890181e-01
2.714642524719238503e-01
-4.486523056030273238e-01
-1.478641891479492154e-01
2.419053649902343783e-01
-2.530845451354980513e-01
-3.275645828247070179e-01
2.517036437988281472e-01
3.185598564147948952e-01
-4.199901962280273571e-01
-6.591714477539062367e-01
8.001762390136718528e-01
-8.885647583007812988e-01
nan
nan
nan
nan
3.678719329833984308e-01
7.968814849853516069e-01
1.414535217285156188e+00
3.160504531860351407e-01
2.789451789855956765e-01
-9.264292144775390092e-01
-1.736446189880370972e-01
-6.273040390014648082e-01
-8.543231964111328569e-01
6.686911773681640803e-01
-1.762903213500976660e-02
2.124289751052856404e-02
-8.049270629882812056e-01
-3.492813873291015780e-01
-4.451298904418945490e-01
9.182582855224609153e-01
6.896292877197265359e-01
4.563099670410156183e-01
-3.632122421264648571e-01
4.709762954711914085e-01
1.059596347808837852e-01
9.095515441894531650e-01
-4.279686355590820446e-01
-6.395051002502441517e-02
2.699162483215332142e-01
6.635120391845703014e-02
nan
-2.000593185424804632e-01
nan
nan
nan
nan
-1.730012321472167991e-01
-1.225954895019531143e+00
9.640340209007263600e-03
4.521339035034179776e-01
-1.781443405151367232e-01
4.959875869750976496e-01
1.309431552886962946e-01
1.280762481689453169e+00
-4.673849487304687633e-01
2.950400924682617387e-01
-6.171516895294189287e-02
-8.032045745849609730e-01
1.162027511596679608e+00
-8.960327911376952947e-01
4.373981475830078236e-01
-8.192980957031249512e-01
1.113779907226562393e+00
8.500268554687500089e-01
-1.414126586914062456e+00
1.977800598144531241e+00
-4.963689804077148215e-01
6.530718994140625178e-01
1.536331558227539140e-01
-6.618906402587890758e-01
3.798741817474365207e-02
-2.905943107604980202e-01
8.055381774902343750e-01
2.615766716003418146e-01
nan
nan
nan
nan
-3.377087020874023349e-01
-1.044373035430908175e-01
nan
5.341520786285400280e-02
-2.823464393615722767e-01
2.935987854003906383e-01
-2.687374305725097612e-01
9.344345092773437278e-01
-8.793232727050781516e-01
-3.816735458374023171e-01
-5.218527984619140137e-01
-2.417153358459472601e-01
5.196675491333008212e-01
-8.639067077636718439e-01
9.440833282470703081e-01
2.367897415161132890e-01
-7.844021606445312766e-01
-2.908968544006347856e-01
-4.974412155151367032e-01
-7.533118438720702859e-01
-3.949693298339843617e-01
-6.421652984619140581e-01
-4.450538253784179776e-01
-1.570527267456054699e-01
8.831934356689452592e-01
-5.378205871582031339e-01
-1.346033172607421946e+00
6.522794342041016158e-01
nan
nan
nan
nan
5.161379241943359064e-01
3.082628822326660134e-01
3.564440536499023371e-01
9.539131164550780639e-02
3.598545837402343794e-01
1.348105716705322310e-01
-6.445071411132812234e-01
1.344161376953125098e+00
-6.669400215148925393e-02
-4.687583160400390359e-01
-2.484740829467773360e-01
-3.171518516540527410e-01
-6.945400238037109375e-01
8.878026008605957586e-02
7.719258117675781294e-01
-4.774475574493407953e-02
-4.698330402374267800e-02
-6.456727600097655895e-01
-4.344429397583007835e-01
4.853697204589843550e-01
1.957725715637207153e-01
1.352965641021728616e-01
2.231684112548828203e-01
-3.847790527343750155e-01
1.267122745513916127e-01
2.236369171142578161e+00
-6.208879470825194868e-01
1.054204940795898438e+00
nan
nan
nan
nan
8.463697052001952770e-01
-3.548315525054931974e-02
-9.446322631835937234e-01
5.019205093383789507e-01
-9.906299591064453569e-01
2.355792999267578014e-02
1.240989608764648366e+00
1.409197845458984411e+00
-3.563391113281250133e-01
-8.720432281494140403e-01
2.678416442871093817e-01
1.184607219696044988e-01
2.068951416015624989e-01
4.716635131835937300e-01
-9.490589141845703347e-01
1.224119720458984428e+00
-6.197854042053222573e-02
8.799166870117187678e-01
-4.810747528076171897e-01
-2.447363662719726496e-01
-9.155212402343749778e-01
4.292093276977539118e-02
4.154140472412109486e-01
-4.688184356689453214e-01
-4.555803298950195090e-01
1.365068244934082020e-01
3.382283782958984131e-01
1.238776683807372991e-01
nan
nan
nan
nan
-1.290190505981445301e-01
-5.902254104614257368e-01
7.646083831787109375e-01
2.150317192077636774e-01
2.829922866821288907e-01
6.425676727294922230e-01
3.071745681762695357e-01
-5.720898056030273571e-01
-7.452428436279296964e-01
6.483564758300781605e-01
5.059583663940430132e-01
3.696489715576171675e-01
1.213089447021484357e+00
-5.993875122070312367e-01
-4.472237014770507613e-01
-8.330983734130859020e-01
-7.167494201660156161e-01
-1.600809173583984446e+00
3.018270874023437633e-01
2.824243736267089688e-01
-8.044451141357421564e-01
7.282092285156249734e-01
5.465850067138672275e-01
-1.788814544677734264e-01
-1.355596160888671964e+00
1.034573822021484402e+00
1.702980232238769653e-01
8.044632720947265669e-01
nan
nan
