nan
nan
-7.639501953124999689e-01
-1.029642391204834001e-01
9.843409729003905762e-01
1.930764465332031277e+00
-3.191382789611816317e-01
-3.015139770507812567e-01
-5.228009796142578658e-01
-7.273418426513671431e-01
-1.231891479492187580e+00
-4.252623367309570357e-01
-7.241805267333983887e-01
-4.082966995239257768e-01
2.025964927673339910e-01
2.643255615234375022e-01
1.687852020263671982e+00
7.046076202392578258e-01
-4.949666976928711049e-01
-2.392119407653808538e-01
9.065030670166015492e-01
-3.270338058471679576e-01
-1.042718658447265634e+00
-1.790139389038085949e-01
-1.383392047882080200e-01
1.713402099609375062e+00
1.593536224365234455e+00
3.793540954589843528e-01
-6.192631721496581754e-02
-1.309522705078125071e+00
nan
nan
nan
nan
7.936927795410155806e-01
-9.219091033935546964e-01
4.451961135864258012e-01
5.478648662567138505e-02
1.001273651123046893e+00
-9.801233291625977007e-02
6.841892242431640847e-01
9.805821990966796520e-01
-8.105509757995604803e-02
5.465898513793945312e-01
-1.996109390258788974e-01
1.629682006835937447e+00
7.918091583251952725e-01
-1.626411132812499938e+00
-6.414636230468749867e-01
-1.509963226318359331e-01
6.241271591186523526e-01
-2.398816680908203158e-01
3.993524169921874867e-01
1.008937530517578063e+00
-5.562135696411132368e-01
-3.363443756103515758e-01
3.070926666259765625e-01
-5.293349838256835582e-01
4.790867328643799022e-02
-2.617932128906250155e-01
7.657764434814453569e-01
-6.652744293212891069e-01
nan
nan
nan
nan
-6.249299621582031783e-01
4.362267303466796919e-01
-1.788619995117187444e-01
-4.883975982666015625e-01
-3.122738075256347723e-01
1.789441871643066284e-01
-8.683850288391113670e-02
-1.211206893920898420e+00
-4.554399108886718617e-01
4.650940704345702947e-01
-7.151979064941406117e-01
1.098618774414062527e+00
1.084465637207031152e+00
1.746413230895996205e-01
-1.855532264709472690e-01
1.229636764526367276e+00
-1.833199119567870961e-01
1.153833312988281179e+00
-1.332360076904296919e+00
-1.722995567321777277e-01
5.292372131347655717e-01
1.090132293701171928e+00
-1.376466560363769631e-01
9.493370056152343750e-01
-1.904986114501953098e+00
2.731267547607421631e-01
7.744022369384765403e-01
5.416798400878906072e-01
nan
nan
nan
nan
1.335686340332031152e+00
-8.350964355468749600e-01
-4.568485260009765847e-01
2.958445358276367010e-01
-5.937222480773925865e-02
6.654218292236327992e-01
-1.564529113769531188e+00
-5.592069625854492188e-01
-1.025619583129882884e+00
-6.589757537841797186e-01
1.139692535400390616e+00
2.472306060791015503e-01
5.847992706298827947e-01
-1.462677307128906312e+00
-4.304342269897461215e-02
-3.200440216064452947e-01
-5.162253189086913885e-01
7.040020751953125488e-01
-1.231848907470703136e-01
-3.180583572387695179e-01
-2.393386077880859553e+00
-1.372419586181640616e+00
-2.332959938049316284e-01
-4.671423721313476829e-01
1.591272277832031179e+00
4.621863937377929665e-01
9.982899475097656294e-01
7.363399505615234042e-02
nan
nan
nan
nan
2.855685043334961204e-01
-4.741742706298828214e-01
-7.534855842590332253e-02
6.214435577392578292e-02
3.710435485839843617e-01
2.617474174499511697e-01
3.113677597045898526e-01
4.573062133789062567e-01
-4.971671295166015803e-01
-8.410821533203125533e-01
-3.561455535888671808e-01
-3.535723924636841042e-02
-5.712742328643798800e-02
-1.281845397949218812e+00
1.502481536865234446e+00
-1.029793930053710893e+00
-4.570762634277343861e-01
-2.864780235290527166e-01
4.766005325317382857e-01
7.843292999267578169e-01
1.074024734497070366e+00
-6.321261978149413929e-01
9.557183265686035323e-02
1.765598678588867210e-01
-4.835766315460204856e-02
-1.246820068359374978e-01
3.160293960571289307e-01
-1.508397579193115345e-01
nan
nan
nan
nan
3.223397064208984308e-01
-1.828526687622070435e-01
-1.314225769042968839e+00
-5.877416229248046964e-01
3.820067214965820468e-01
7.151924896240234863e-01
-2.400112915039062378e-01
-1.082040328979492205e+00
8.665992736816405806e-01
1.134574985504150368e-01
-2.450054740905761586e-01
9.791366577148437056e-01
-5.448638916015624556e-01
-1.316530227661132924e-01
-5.439571762084960405e-01
-8.808990478515624778e-01
1.013640289306640518e+00
-1.715838813781738192e-01
1.070721206665039116e+00
2.499793815612793013e-01
-9.767795562744140403e-01
-3.221390008926391935e-02
-2.674603843688964644e-01
3.376779556274414062e-01
7.272402954101562234e-01
-5.710166931152343972e-01
2.535822296142578036e-01
-1.680472946166992054e-01
nan
nan
nan
nan
-9.315485382080077592e-01
-8.689505767822265359e-01
4.274439239501953147e-01
-3.350329589843750178e-01
-4.109343719482421720e-01
5.489756011962890758e-01
1.106568717956542963e-01
-6.401639556884766158e-01
-9.013420867919922363e-01
5.407398986816406294e-01
1.115595550537109348e+00
-4.758126068115234308e-01
8.225005149841307928e-02
1.527836990356445379e-01
-7.311521148681641158e-01
-1.660370445251464766e-01
6.304074096679687100e-01
-5.223138046264648171e-01
1.064957046508788974e+00
-1.240390396118164068e-01
2.472728919982910278e-01
-6.559683990478515359e-01
2.597549057006836026e-01
6.445327758789062278e-01
-3.526890945434570379e-01
5.346831893920898082e-01
2.535771942138672075e-01
1.238094177246093830e+00
nan
nan
nan
nan
4.487372207641601718e-01
7.753201293945312100e-01
3.003347206115722923e-01
-1.497198486328124911e+00
9.342344665527343439e-01
-1.089995980262756410e-02
-1.156821136474609268e+00
3.864714813232421609e-01
1.217745780944824163e-01
1.340790100097656312e+00
-6.027672576904297141e-01
6.124414443969726785e-01
3.678184270858764898e-02
-6.211546707153320357e-01
-4.077330398559570468e-01
4.874450683593749972e-02
7.196100616455077814e-01
-7.586614608764648271e-02
9.979457092285156650e-01
-1.612244110107421857e+00
2.384526443481445324e-01
3.745141983032226340e-01
9.841066741943359508e-01
-1.357833404541015643e+00
-9.718398284912109775e-01
-9.626576995849609464e-01
1.066077423095703192e-01
-1.003654766082763689e-01
nan
nan
nan
nan
-1.074543094635009716e-01
5.912787246704102051e-01
8.979876708984374512e-01
-3.392229843139648593e-01
9.641149139404296964e-01
4.662777709960937433e-01
1.970213294029235854e-02
4.655585861206054665e-01
-7.989204406738281694e-01
-2.867757034301757768e-01
-9.769318389892578391e-01
4.557327270507812722e-01
5.640478897094726163e-01
-9.046221160888672230e-01
-4.866628265380859575e-01
-4.881164550781250111e-01
3.268949127197265381e-01
-1.104197616577148544e+00
2.151729202270507846e-01
2.883847045898437766e-01
6.384864044189453303e-01
8.228614807128906139e-02
8.950469970703125444e-01
-7.687956237792968883e-01
-2.729854011535644553e-01
-4.956198215484618891e-02
-4.234081649780273571e-01
-1.569583892822265625e+00
nan
nan
nan
nan
3.164524078369140847e-01
4.094419860839843550e-01
-8.560350036621093839e-01
7.036245822906493641e-02
-5.799800109863281206e-01
-9.749615478515625266e-01
1.260748195648193348e-01
1.210091400146484364e-01
8.051160430908202992e-01
-2.224664459228515412e+00
-4.880423355102538885e-01
1.387224426269531241e+00
-6.078250885009766069e-01
-2.143218040466308705e-01
-1.498452606201171822e+00
-2.776574325561523282e-01
3.937352371215820379e-01
-1.289970245361328205e+00
4.052043914794921653e-01
-9.351161193847655762e-01
4.531980895996093883e-01
8.087890625000000444e-01
-4.205104827880859486e-01
-1.164338836669921884e+00
-1.386448669433593683e-01
3.402599334716797097e-01
3.250429153442382924e-01
2.324213981628418108e-02
nan
nan
nan
nan
-1.070381927490234419e+00
2.250840568542480380e-01
6.618151092529296342e-01
-2.054698371887206942e-01
9.748969268798828303e-01
-1.007229614257812544e+00
3.190897941589355691e-01
-1.146437225341796928e+00
-2.532129478454590021e-01
-5.027352523803710893e-01
-1.029481277465820410e+00
-3.095814132690429821e-01
1.682596130371093679e+00
-1.312931518554687482e+00
-1.105792770385742196e+00
-6.137652873992920088e-02
-6.221781921386718706e-01
-6.642686367034912609e-02
-1.306119232177734402e+00
7.111182403564453303e-01
9.737602233886718528e-01
3.576420974731445157e-01
5.216228866577148349e-01
4.634268188476562411e-01
7.987311553955077637e-01
-2.941215896606445557e-01
-2.525600242614746138e-01
1.602101325988769531e-01
nan
nan
nan
nan
9.816891479492187988e-01
2.943936538696289018e-01
-4.312433624267578147e-01
-7.230352020263671742e-01
3.443600845336913796e-01
5.448224639892578214e-01
1.113094329833984375e+00
8.743913269042968839e-01
1.921426773071289174e-01
1.180727920532226527e+00
-1.162400512695312527e+00
-1.527476429939269957e-02
7.607039928436279408e-02
2.164803695678710893e-01
-9.605451965332031383e-01
8.972677230834960604e-02
5.163141250610351340e-01
3.524085998535156361e-01
-1.682994651794433583e-01
-1.563506164550781286e+00
9.392781257629394254e-02
8.228358459472656650e-01
-1.528498458862304621e-01
8.888795471191406339e-01
5.142611312866210982e-01
-2.468539619445800914e-01
5.957598495483398260e-01
-1.065813903808593643e+00
nan
nan
nan
nan
-2.593204307556152277e-01
2.646726226806640492e-01
1.119980525970458995e-01
1.093538284301757812e+00
-1.197142868041992214e+00
-9.765547180175780939e-01
1.131527423858642578e-01
-2.859652900695801025e-01
-1.006317291259765545e+00
9.005211830139160656e-02
5.044344711303710982e-01
-3.892552185058593683e-01
-1.522933502197265643e+00
-6.500686645507812444e-02
4.328923416137695490e-01
-3.441234970092773571e-01
2.021441459655761719e-01
9.306162261962890314e-01
3.517190933227539174e-01
-6.628836154937743641e-02
9.194620132446289229e-02
-1.258116245269775280e-01
2.433816337585449352e-01
3.060719966888427596e-02
-6.454819488525390669e-01
8.561800956726074718e-02
6.505930328369140536e-01
9.347561836242675171e-02
nan
nan
nan
nan
-1.638968849182128873e-01
-1.210894775390624956e+00
-5.390298843383789507e-01
5.384862518310546964e-01
-4.845157623291015403e-01
1.711038398742675826e-01
3.822349166870117054e-01
-3.751386642456054910e-01
-3.967140197753906139e-01
2.049770545959472556e-01
9.456219077110290458e-03
-1.065466842651367152e+00
-5.957727050781249645e-01
8.206339263916015980e-01
1.888144073486328178e+00
6.145714950561523837e-01
2.877584457397460924e-02
3.158363914489746294e-01
-6.690940856933594305e-02
9.134398651123046831e-01
-2.145118713378906250e-01
-3.766647720336914196e-01
-1.082277107238769492e-01
-1.080557060241699174e-01
-3.195292091369628662e-01
-9.990669250488280750e-02
1.075659255981445295e+00
-2.369312095642089888e-01
nan
nan
nan
nan
1.078680706024169877e-01
-9.811475753784179576e-02
2.304447937011718794e-01
-1.040722427368164116e+00
-4.440105915069580272e-02
-2.060300254821777477e-01
7.183161163330078480e-01
6.123425674438476296e-01
-7.841540527343749956e-01
2.353183937072753917e-01
-1.008935165405273393e+00
8.272546386718749867e-01
2.487496614456176716e-02
7.981951904296874512e-01
8.320576477050781738e-01
3.822736024856567688e-02
-4.119110584259032953e-02
-1.967534065246581976e-01
9.954667663574219283e-01
1.328332824707031179e+00
-5.725638961791992276e-01
-4.670884323120116921e-01
-9.761523246765137218e-02
-4.891923904418945396e-02
2.480152702331542836e-01
-3.849282455444336115e-01
1.417253112792968839e+00
2.675727844238281472e-01
nan
nan
nan
nan
-1.208870239257812562e+00
7.671718597412109375e-01
3.328860092163086204e-01
6.700370025634765359e-01
3.500198721885680944e-03
3.935312652587890647e-01
2.891228675842285045e-01
8.828894615173339677e-02
8.861223602294922008e-01
-4.962299728393554932e-01
4.426140594482421697e-01
1.032990646362304643e+00
-7.746437835693359419e-01
-1.622456970214843697e+00
-4.229233169555663974e-01
-8.833219146728515936e-01
2.862677955627441206e-01
-4.725963211059570068e-01
4.683452987670898571e-01
7.911748504638671520e-01
1.282956237792968857e+00
3.919129943847656228e-01
-1.998739013671875009e+00
-7.646060180664062678e-01
3.649249267578125178e-01
-4.435167312622070312e-01
6.434259414672852118e-02
3.643719100952148571e-01
nan
nan
nan
nan
1.054156188964843643e+00
-6.485171508789062678e-01
-4.185825347900390403e-01
9.672423553466796831e-01
-6.701503753662109153e-01
-4.776193618774414174e-01
-5.453279972076416349e-02
9.682949829101562544e-01
1.227392425537109366e+00
-1.512402629852294955e-01
-4.776594924926758079e-01
-3.367604446411132657e-01
-1.004875030517578205e+00
5.273808002471924022e-02
-1.278810424804687429e+00
-1.478545379638671831e+00
-3.225697517395019476e-02
-1.322999763488769409e-01
-3.232475662231445446e-01
-1.464635925292968821e+00
8.382011413574218528e-01
2.673635864257812300e-01
4.226667785644531161e-01
-1.198248596191406223e+00
8.800021362304687456e-01
2.220274353027343883e-01
9.975600433349609553e-01
1.896342086791992232e-01
nan
nan
nan
nan
-8.538333129882812456e-01
-2.037387084960937400e-01
6.224221229553222878e-02
-3.890230178833007924e-01
-1.214308738708496094e-01
2.208539009094238337e-01
-5.365323257446289462e-01
1.760852432250976651e-01
7.690178680419922363e-01
3.558491897583007657e-01
-3.928463363647460849e-01
-1.974958038330077992e-01
7.630256652832031472e-01
4.171033859252929465e-01
-1.419362335205078152e+00
4.471011734008789040e-01
-1.588127746582031152e+00
-1.248331756591796848e+00
-1.764403152465820190e-01
9.743762969970702903e-01
4.883185958862304443e-01
-1.128671188354492205e+00
-8.104206848144531738e-01
-7.409990692138671564e-01
-9.982478332519530984e-01
2.187852478027343672e-01
-1.071331024169921875e+00
-1.147217483520507786e+00
nan
nan
nan
nan
-6.067167282104491965e-01
-4.427057266235351340e-01
-8.656883239746093750e-01
1.404179763793945435e-01
5.922543048858642384e-02
2.691947746276855402e-01
6.735152435302734775e-01
4.447838973999023171e-01
-1.163910598754882786e+00
-4.514393615722656072e-01
1.779823112487793069e-01
1.159142456054687464e+00
4.571799850463867387e-01
6.279874801635741965e-01
6.473361968994140181e-01
1.195114974975585831e+00
5.032210159301757635e-01
1.088748703002929696e+00
5.347497177124023171e-01
-5.530850601196288796e-01
7.045759582519530717e-01
7.646184539794922408e-01
-1.154799556732177684e-01
3.296183776855468595e-01
7.304903507232665683e-02
-9.558680725097655762e-01
nan
-4.403203964233398660e-01
nan
nan
nan
nan
-5.044987106323242099e-01
2.384792137145995972e-01
4.895083904266357699e-02
-6.309709548950195312e-01
4.864782333374023660e-01
-3.273114562034606934e-03
3.034719657897949063e-01
-7.217809295654297186e-01
-1.192341308593749982e+00
1.363388061523437500e+00
-9.723050117492676447e-02
-5.027593612670898660e-01
9.573531341552734553e-01
-1.308889198303222756e-01
-4.630940556526183700e-03
-1.115963821411132706e+00
-4.075704956054687633e-01
1.566762733459472756e-01
-9.508641815185546742e-01
-8.762080192565918635e-02
1.739067649841308516e-01
-9.659798431396484641e-01
1.256705665588379039e-01
-1.399364166259765563e+00
-4.515838241577148637e-01
2.564471054077148704e-01
-5.126659011840820623e-01
-1.555700588226318348e-01
nan
nan
nan
nan
-4.716099262237549022e-02
-3.428540039062499822e-01
nan
-9.457384490966797008e-01
-6.922511291503906650e-01
-5.704939651489258079e-01
3.449750137329101740e-01
8.985102653503418413e-02
-8.983555603027343350e-01
-3.392829513549804887e-01
-1.364688873291015625e-01
-2.955825424194336026e-01
5.553175735473633301e-01
5.331550216674805220e-01
9.366098022460938033e-01
3.719066619873047097e-01
-5.936261749267578436e-01
5.781626510620117010e-01
-3.663297271728515603e-01
2.057700347900390525e-01
-2.053627967834472656e-01
4.243283843994140603e-01
-8.781059265136718917e-02
-4.932151031494140803e-01
1.481616115570068282e-01
5.988267517089843617e-01
-4.026193237304687700e-01
1.383763599395751998e-01
nan
nan
nan
nan
5.272473335266113226e-02
-3.440143764019012659e-03
-1.021589660644531161e+00
-1.613813209533691284e-01
-1.001411437988281250e+00
6.918139648437500178e-01
6.990668487548827859e-01
1.348972034454345714e-01
-5.485519790649413530e-01
4.271350860595702903e-01
1.440246124267578143e+00
-4.400516510009765819e-02
9.090604400634765270e-01
-1.046945877075195375e+00
-1.373161411285400424e-01
-2.457476615905761774e-01
-6.242450714111328347e-01
-1.267037963867187478e-01
4.628144073486328280e-01
-6.551959991455078569e-01
1.532432651519775313e-01
-9.543909072875976507e-02
-3.373785400390624800e-01
-7.510250091552734819e-01
1.254201889038085993e-01
-6.655926227569580744e-02
3.808342742919921808e-01
-1.079129180908203089e+00
nan
nan
nan
nan
5.910515594482421697e-01
3.039997100830078014e-01
1.446795940399169846e-02
-4.540185451507568193e-02
7.629983520507812589e-01
-2.079026412963867199e-01
-5.103100967407226962e-01
-4.640756130218506165e-02
6.817579746246338335e-02
-3.378836059570312633e-01
-2.005522155761718661e-01
-9.544794082641601396e-02
7.301667022705078391e-01
-5.148562240600585982e-01
6.575991058349609508e-01
1.188670806884765563e+00
1.793178939819335960e-01
-5.561441040039062367e-01
-1.546153259277343872e-01
1.279052257537841852e-01
-7.434091186523437145e-01
8.268455505371093972e-01
2.033732032775878995e-01
6.966645050048828613e-01
-1.231112213134765598e+00
-1.147866344451904247e-01
-1.100729370117187411e+00
-3.754627990722656516e-01
nan
nan
nan
nan
2.242428207397461071e-01
3.518156814575195135e-01
3.594311904907226407e-01
2.811341667175292769e-01
-9.762290954589843972e-01
-7.217895507812499556e-01
-8.208061981201172363e-01
9.221960449218750133e-01
-1.638282585144043013e-01
1.151873703002929794e+00
4.646889114379882946e-01
3.333054351806640780e-01
2.166009140014648338e-01
1.181149139404296777e+00
-2.484974861145019531e-01
1.535878143310546839e+00
-2.434850883483886674e-01
-7.004357147216796475e-01
-3.483876037597656294e-01
1.173535442352294927e-01
-2.498725128173828192e-01
-3.341811752319335804e-01
4.008039093017577992e-01
4.339926528930664329e-01
-7.013502502441406605e-01
5.823351669311523926e-01
7.440978050231933372e-02
-2.704628753662109419e-01
nan
nan
