nan
nan
-8.554864501953125533e-01
9.387635803222655895e-01
1.355468902587890545e+00
1.083138198852539036e+00
-3.915769958496093661e-01
4.671936035156250000e-01
9.437361145019531605e-01
2.999396085739135590e-02
2.533201980590820135e-01
-4.501410293579101718e-01
8.646107482910155850e-01
-1.425115356445312509e+00
5.881690597534179332e-01
4.334278106689453125e-01
8.889847564697265225e-01
-9.515775680541992132e-02
-8.459945678710938111e-02
-1.125704879760742294e+00
2.006836128234863181e-01
-3.684043502807617387e-01
-1.964627647399902477e-01
-8.204322814941406028e-02
2.557455062866210715e-01
2.269762420654296842e-01
-6.261993026733398970e-01
-3.190393447875976285e-02
5.799833679199218883e-01
-7.975813293457031383e-01
nan
nan
nan
nan
1.730993499755859366e+00
-4.252658081054687678e-01
-8.554159545898437633e-01
-3.285604476928710715e-01
-2.665161705017090044e-01
3.981370925903320312e-01
-1.582292270660400346e-01
-1.061116218566894587e-02
4.126466369628906117e-01
-6.944480133056640803e-01
-6.528134822845459151e-02
2.851543426513671875e-01
1.214612808227539142e+00
-5.784935760498046697e-01
-1.179739532470703178e+00
-9.804339599609375178e-01
8.405619812011718706e-01
-1.262097167968750100e-01
8.485511779785155639e-02
-5.239928436279296387e-01
1.953423309326171864e-01
3.408507156372070357e-01
-1.039131240844726634e+00
8.439002227783203303e-01
3.755435180664062345e-01
9.423359680175781294e-01
2.739998626708984308e-01
1.779315948486328014e-01
nan
nan
nan
nan
-1.844579010009765652e+00
-4.271992683410644198e-02
5.309743404388427707e-02
2.275635528564453058e-01
-1.699975585937499867e-01
-1.190876464843749982e+00
-9.073600769042968750e-01
1.214915161132812393e+00
1.626376800537109313e+00
-9.567685127258300504e-02
-7.985401153564453125e-01
-9.105509185791015314e-01
4.199110412597656383e-01
7.867271423339843306e-01
1.134794006347656259e+00
2.647609519958495916e-01
-2.073380279541015558e-01
3.115684700012206765e-01
-3.208889389038085960e-01
-3.634782028198242365e-01
-6.805007171630859109e-01
1.109855575561523366e+00
5.706164360046386830e-02
2.643866539001464844e-01
-1.187707901000976535e-01
1.408276062011718732e+00
4.542451477050781228e-01
4.694210052490234153e-01
nan
nan
nan
nan
1.722407698631286607e-02
-3.357180786132812345e-01
-7.568706512451172097e-01
-3.678836441040039262e-01
-3.681917190551757812e-01
7.437611389160155850e-01
-1.223270568847656170e+00
-9.023925018310546831e-01
7.672500610351562500e-01
-6.518416595458984553e-01
9.120925140380858887e-01
2.408662605285644409e-01
3.920841217041015625e-01
1.115372772216796982e+00
8.912841796874999556e-01
4.991793060302734397e-01
1.348235626220703143e+00
-2.692741394042968972e-01
4.321943283081054743e-02
3.143442916870117232e-01
-2.799590873718261763e-01
4.775103378295898482e-01
2.935714340209961137e-01
-2.673269844055175537e-01
-1.007852096557617205e+00
-1.630961990356445401e-01
-1.229897689819335893e+00
4.418424224853515492e-01
nan
nan
nan
nan
-7.710696411132812456e-01
-4.359110641479492232e-01
2.987336540222167991e-01
-5.830048751831055087e-01
7.135811614990233975e-01
5.886891937255859242e-01
2.433894538879394498e-01
-3.130852699279785267e-01
-2.601837730407715044e-01
-3.354291152954101407e-01
8.484993934631347712e-02
2.993795394897461049e-01
9.557919311523437322e-01
-9.215937614440918024e-02
1.736105537414550648e-01
4.038808059692382546e-01
2.015303039550781217e-01
-1.198168563842773482e+00
3.446612930297851540e-01
1.252272872924804714e+00
-8.106344223022460271e-02
7.221566772460937811e-01
-9.120665740966796831e-01
-1.219928741455078125e+00
-4.702079772949218639e-01
4.627944564819335693e-01
-1.658444213867187544e+00
8.366107940673828125e-01
nan
nan
nan
nan
-3.129964447021484353e-01
-1.174215240478515554e+00
1.017366943359375053e+00
-1.061804656982421768e+00
5.607261276245116832e-01
1.046223907470703152e+00
4.772957992553710782e-01
7.726103210449218883e-01
-1.006257343292236289e-01
5.912062835693359109e-01
4.208034515380859597e-01
-5.197203826904296387e-01
-5.527376937866210760e-01
1.787693023681640736e-01
6.306140899658203569e-01
-6.130910873413085715e-01
-8.735095977783202681e-01
1.087644271850585875e+00
-6.337696838378906738e-01
-6.743358135223388727e-02
7.416868209838866841e-03
9.683943176269531605e-01
-2.161188316345214744e-01
-1.076745986938476562e-01
6.334862136840819780e-01
-4.890073776245117410e-01
-2.008350372314453014e-01
-1.557155132293701165e-02
nan
nan
nan
nan
9.641311645507812111e-02
3.231621742248535351e-02
-7.202487945556640403e-01
-4.780352401733398704e-01
-5.660129070281982172e-02
6.732945442199707309e-02
2.091867828369140536e-01
-7.395871639251709595e-02
-7.190977478027343883e-01
-1.404931030273437464e+00
-6.127843093872070712e-01
-2.714479827880859619e-01
4.950691223144531028e-01
7.158271789550780806e-01
1.717144584655761752e-01
2.878213882446288840e-01
7.760482788085937278e-01
-2.486407852172851651e-01
-4.623311614990234242e-01
2.301142501831054676e-01
5.269618988037109153e-01
-3.428585433959960849e-01
-1.232906951904296777e+00
-1.100996475219726545e+00
3.046747398376464799e-01
8.899552917480468839e-01
1.623811340332031339e+00
-1.450536041259765652e+00
nan
nan
nan
nan
-1.436770629882812456e+00
7.032400512695312633e-01
4.890696716308593484e-01
8.881575012207031383e-01
1.291176910400390732e+00
1.228042831420898429e+00
8.284172821044921697e-01
1.043411636352538974e+00
-5.721247100830078036e-01
-6.660443305969238059e-02
8.220303344726562766e-01
-2.601491546630859131e-01
-2.058553314208984297e-01
3.704833984375000000e-01
2.342078590393066317e-01
6.183927536010742632e-01
-1.679257812499999947e+00
8.994678497314453347e-01
3.548051834106445424e-01
1.549968814849853604e-01
-9.727532196044922363e-01
1.424064941406250062e+00
-5.448224258422851296e-01
3.055424213409423800e-02
7.533758544921874689e-01
1.948544692993164074e-01
1.597289848327636819e-01
7.580984497070312189e-01
nan
nan
nan
nan
-1.143175582885742170e+00
-1.021959381103515696e+00
-5.251068496704101030e-01
2.499184226989746016e-01
-1.042505950927734348e+00
-6.787729263305664062e-02
2.575241851806640558e-01
-8.920819091796875488e-01
5.763013458251953214e-01
-2.235085105895996127e-01
1.175885238647460973e+00
-1.037057266235351660e+00
7.766160964965820868e-02
-4.709052276611327970e-01
-5.233485794067382901e-01
1.044995594024658164e-01
-3.614003753662109464e-01
-9.303143310546875266e-01
-1.071066665649414024e-01
-3.106139755249023304e-01
1.204905319213867149e-01
-1.720609855651855369e-01
2.804913711547851740e-01
-1.068759322166442857e-02
1.129393386840820357e+00
-6.773504638671874467e-01
1.060699081420898443e-01
8.080413818359375444e-01
nan
nan
nan
nan
9.526088714599609819e-01
-8.342802429199218661e-01
-8.319661712646484464e-01
-1.198447189331054652e+00
4.251045227050781472e-01
-8.569267272949219194e-01
4.825806045532226585e-01
-5.984936141967773793e-01
1.871265602111816528e-01
3.647508239746093950e-01
3.316727161407470592e-02
-4.272833251953124800e-01
-7.832122039794922053e-01
-9.714392089843749689e-01
2.537330818176269376e-01
-3.712546110153198270e-02
-4.720997238159179710e-01
6.783110809326171609e-01
-1.023106765747070351e-01
-4.747512054443359109e-01
-2.424144554138183694e-01
4.142326736450195335e-01
1.068047256469726536e+00
-8.609223937988281783e-01
-4.457618331909179443e-01
-2.430518150329589733e-01
-3.146927833557128795e-01
3.709632873535156361e-01
nan
nan
nan
nan
2.520293235778808816e-01
-1.647229194641113281e-01
-4.442029953002929465e-01
3.395543289184570490e-01
4.681921768188476718e-01
4.593661499023437567e-01
1.661315727233886597e-01
3.170619583129882790e-01
2.713392448425293035e-01
-6.994805908203125533e-01
6.047882080078125222e-01
-7.654668426513672186e-01
-7.066830444335937544e-01
-4.187898635864257812e-01
-1.752845001220703081e-01
4.883662414550781206e-01
-6.228452301025391158e-01
-3.820225906372070046e-01
-4.595027923583984153e-01
9.420665740966796542e-02
-3.067125511169433438e-01
-8.435719299316406516e-01
-1.182339000701904258e-01
5.435644912719727051e-01
9.610990905761718217e-01
-2.361607551574706966e-04
9.799208831787109553e-01
1.130003128051757733e+00
nan
nan
nan
nan
1.594423389434814486e-01
4.815663337707519476e-02
-6.582509613037109686e-01
8.714749145507812988e-01
-8.163548469543456532e-02
6.056556224822998158e-02
-2.479675483703613348e-01
-9.378577232360839344e-02
-3.251066923141479603e-02
4.665029525756835826e-01
7.521424102783202947e-01
-6.714236450195312234e-01
-1.958586812019348297e-02
-2.693967521190643397e-03
-5.975477600097656161e-01
-4.432805633544921742e-01
-1.126159820556640545e+00
-7.100868225097656250e-01
-5.337955856323242099e-01
-5.704362487792968839e-01
-7.417953491210937944e-01
1.355800323486328063e+00
-2.145455169677734364e-01
2.779234886169433538e-02
7.208551788330077592e-01
-2.826933670043945135e-01
-2.919363784790038885e-01
4.364858627319335993e-02
nan
nan
nan
nan
5.477883148193359863e-01
-6.071170425415038929e-01
-6.741107940673828347e-01
7.624675750732421431e-01
-2.414702415466308538e-01
-3.213816070556640425e-01
-8.408018112182617798e-02
1.110963439941406339e+00
3.194885826110839822e-01
8.060609436035156561e-01
8.410028076171874867e-01
9.105632781982422319e-01
7.109202575683594150e-01
-4.269788360595703214e-01
-1.318804321289062553e+00
1.247904777526855497e-01
7.904270172119141069e-01
-5.098594665527343972e-01
7.885966491699218928e-01
6.096445846557617676e-01
-2.479626655578613392e-01
-8.511408996582031650e-01
-1.480759048461914029e-01
-2.771307945251464955e-01
3.951764678955078103e-01
-6.990271759033203081e-01
-6.523283386230468439e-01
-9.190898132324218928e-01
nan
nan
nan
nan
1.203819808959960991e+00
3.201886749267577881e-01
1.428749847412109364e-01
5.536063766479492054e-01
1.664690704345703098e+00
9.746293640136718395e-01
-1.543548107147216797e-01
-4.689675903320312256e-01
-3.987030792236327947e-01
7.537802886962891025e-01
1.635573196411132801e-01
4.548587799072265625e-01
-6.241225051879882857e-01
-5.968219375610351873e-01
-6.606358337402343794e-01
1.322350921630859322e+00
-1.431811809539794977e-01
3.484739303588867410e-01
-1.213146591186523349e+00
3.262095260620117010e-01
1.131441268920898358e+00
4.627519607543945090e-01
1.774795913696289029e-01
2.611566925048828258e-01
-8.652905273437500044e-01
-3.813723087310791349e-02
-2.990844154357910067e-01
1.533856010437011641e-01
nan
nan
nan
nan
1.085383758544921973e+00
2.336567878723144476e-01
5.343579483032226962e-01
1.627575531005859277e+00
-3.815338516235351474e-01
1.783180084228515705e+00
1.370760803222656143e+00
4.328764343261718994e-01
2.238731575012206931e-01
3.242922210693359175e-01
5.709392547607421431e-01
1.072923965454101625e+00
-1.595335483551025418e-02
1.426179351806640572e+00
8.284224700927734775e-01
1.247386627197265563e+00
-5.974606704711914462e-01
4.193690490722656317e-01
5.641764450073242232e-01
1.086405105590820375e+00
8.361674499511718706e-01
-2.940074157714843706e-01
1.159606475830078143e+00
9.218188285827637329e-02
1.489007415771484322e+00
1.322120666503906250e+00
7.706956481933593395e-01
7.196788024902344150e-01
nan
nan
nan
nan
1.325082111358642512e-01
1.328924179077148326e-01
9.081301116943358842e-01
9.118885040283203347e-01
1.882625961303711071e-01
1.185699539184570384e+00
1.728555107116699352e-01
6.601498413085937766e-01
7.812160491943359597e-01
4.320100784301758035e-01
1.195298843383789000e+00
1.014780273437499991e+00
5.981316566467285295e-02
2.672432327270508057e-01
1.132386169433593714e+00
7.657301330566406161e-01
6.921495056152343617e-01
7.109219360351562988e-01
-3.940631484985351318e-01
-8.590133666992187944e-01
1.030667343139648473e+00
1.849403381347656250e-01
1.778238983154296848e+00
1.348338775634765563e+00
1.343402252197265723e+00
1.220444107055663974e+00
5.402033996582030762e-01
2.136097869873046839e+00
nan
nan
nan
nan
7.067952728271484908e-01
8.690818786621093972e-01
7.887525939941406605e-01
3.188577079772949019e-01
2.167002296447753940e-01
6.464601898193359508e-01
4.053316879272461093e-01
9.596105217933654369e-03
5.322198867797851840e-02
1.009578475952148446e+00
1.207975997924804590e+00
-2.551482439041137529e-02
-2.934148406982421964e-01
4.726408767700195357e-01
1.655170288085937580e+00
1.724844360351562578e-01
-4.593964385986328280e-01
1.229980773925781312e+00
3.863787841796875178e-01
1.284196319580078072e+00
7.941693305969238503e-02
1.190582733154296857e+00
1.044631500244140643e+00
1.415328216552734331e+00
4.055997848510742299e-01
9.200701904296875178e-01
-2.071327209472656194e-01
1.281513824462890527e+00
nan
nan
nan
nan
9.643964385986327770e-01
7.624605560302734064e-01
6.957482910156249645e-01
-4.613111114501953214e-01
2.863333702087402233e-01
1.006065979003906152e+00
2.565530776977539285e-01
8.230016326904296964e-01
3.070939445495605713e-01
3.167253684997558549e-01
6.291150665283202770e-01
6.561923980712890403e-01
8.968221282958984686e-01
8.565767288208007979e-02
-2.945042610168456809e-01
7.395824432373047097e-01
1.309073066711425870e-01
1.009530258178710893e+00
4.095886611938476807e-01
1.509383697509765643e+00
1.000941390991211044e+00
8.490812683105468661e-01
8.295825958251953347e-01
2.371628189086913974e-01
7.424707794189453480e-01
9.017756652832030762e-01
5.729213237762451061e-02
6.654624938964843750e-01
nan
nan
nan
nan
-1.790656089782714788e-01
-1.007826924324035575e-02
4.656596374511718928e-01
2.020151901245117176e-01
3.954252624511718772e-01
-9.621726989746093306e-02
2.901075553894043035e-01
2.594610977172851496e-01
9.836090087890625444e-01
-4.334999847412109308e-01
2.318771362304687500e+00
1.524633636474609366e+00
4.973047637939453369e-01
-4.276240158081054954e-01
1.243400039672851509e+00
-1.423094844818115212e-01
1.498074951171874947e+00
1.037472381591796777e+00
1.276518249511718661e+00
6.850343322753906783e-01
2.373687744140624833e-02
2.302422332763671975e-01
8.780313873291015758e-01
1.317508792877197243e-01
-3.603779602050781183e-01
1.526816606521606487e-02
nan
2.279113960266113403e-01
nan
nan
nan
nan
-2.425498962402343750e-01
6.041328811645507724e-01
1.483825531005859455e+00
-7.065297698974609686e-01
1.072200164794921973e+00
8.242945861816406428e-01
-2.546798706054687611e-01
8.423113250732421342e-01
1.219158248901367259e+00
4.922187423706054776e-01
8.713280487060547363e-01
1.284017944335937411e+00
6.405136871337890891e-01
4.118216705322265692e-01
2.077023887634277255e-01
2.017527389526367065e-01
3.469032669067382835e-01
6.764477729797363503e-02
-2.226958572864532523e-03
5.148488998413085493e-01
5.254149627685547053e-01
5.994464874267577681e-01
-4.919716644287109308e-01
-7.721791076660156072e-01
-7.548231506347655717e-01
1.107914447784423898e-02
7.698558044433593262e-01
-8.540384674072265536e-01
nan
nan
nan
nan
-1.387324428558349698e-01
4.051863098144531383e-01
nan
-4.315505218505859553e-01
-7.494043731689452592e-01
-1.040881500244140723e+00
-1.141816806793212874e-01
7.779214477539062589e-01
-5.293817138671874645e-01
8.569932579994200827e-03
3.117835807800293235e-01
-3.294242858886718972e-01
7.538627624511718972e-01
-1.198692417144775341e-01
3.444077682495116921e-01
-3.334580612182617143e-01
4.825443649291992210e-01
1.380552368164062571e+00
1.487787067890167193e-03
5.965258789062499734e-01
-9.369315147399902288e-02
7.742216491699218661e-01
6.931777954101562278e-01
6.003747558593750533e-01
-6.456240844726562900e-01
-1.099903259277343670e+00
-7.208254241943359286e-01
-5.563563156127929732e-01
nan
nan
nan
nan
-5.203422546386718417e-02
-6.583983421325684260e-02
-3.473045730590820224e-01
1.096863479614257786e+00
-3.228605985641479215e-02
-2.673689842224121205e-01
1.468095493316650402e-01
7.946491241455078125e-01
-3.813404846191406072e-01
-1.449260520935058694e-01
3.730604171752929799e-01
7.043228912353515225e-01
-7.546294403076171387e-01
-2.458597564697265758e-01
2.951575469970703081e-01
-2.921049308776855202e-01
3.038622093200683549e-01
-2.788259124755859131e-01
-1.379185485839843628e-01
3.149611854553222567e-01
5.124972534179687012e-01
-4.201307678222656050e-01
-1.013167343139648402e+00
-7.279965972900390714e-01
-6.648252010345459539e-02
5.302716445922851518e-01
-1.927999687194824341e-01
1.329043960571288929e-01
nan
nan
nan
nan
2.074017561972141288e-04
3.368817901611327881e-01
5.254458427429199024e-02
-4.104084014892578347e-01
-1.452157783508300770e-01
-4.592799377441406095e-01
-1.686230468749999878e-01
-1.169630203247070233e+00
-9.778019905090332142e-02
-1.635935592651367176e-01
1.442977447509765643e+00
-1.654799194335937473e+00
-8.026592254638671431e-01
-4.442001724243164196e-01
-9.531152725219727007e-02
-8.113540649414062722e-01
-1.505831360816955490e-02
3.048566579818725447e-02
6.034684753417969283e-01
-4.680335998535156139e-01
-6.790367126464843528e-01
-8.418712615966796875e-01
6.058797836303710938e-01
-6.955611419677734109e-01
-1.770991134643554732e-01
-1.910186195373535234e-01
-4.742137527465820068e-01
-7.554720306396484064e-01
nan
nan
nan
nan
-1.083030776977539134e+00
-2.950782299041748019e-02
-1.519355678558349521e-01
7.588510131835937145e-01
-6.688563537597655984e-01
1.086942749023437571e+00
-2.473534202575683461e-01
5.382401275634766113e-01
-2.001901054382324296e-01
-5.555440902709960493e-01
1.365470790863037021e-01
4.284087371826171831e-01
-2.669724082946777211e-01
2.750518989562988348e-01
-3.396247482299804554e-01
5.229088973999023171e-01
-5.272216033935547275e-01
-2.171129608154296897e-01
3.565645599365234175e-01
6.363089084625244037e-03
6.891403675079345315e-02
2.918008804321289146e-02
-3.977479934692382812e-01
1.579203891754150380e-01
-2.464514923095703081e-01
-6.561621856689453525e-01
-1.201993713378906259e+00
9.706144332885742465e-02
nan
nan
