nan
nan
-4.444314956665039174e-01
2.678313446044922053e-01
-1.121062240600585902e+00
-8.691020202636718928e-01
7.250054168701172141e-01
-7.639212799072265803e-01
6.037414169311523526e-01
-1.708047027587890732e+00
3.385360336303711026e-01
-8.967169189453124689e-01
-7.611556243896484553e-01
2.705505752563476807e-01
3.286426925659179932e-01
-5.221163558959961426e-01
-8.779477691650390270e-01
4.492359924316406405e-01
-6.438262939453125167e-02
-9.237928009033202770e-01
-3.767383575439453014e-01
-7.613125610351562100e-01
-7.624153137207031472e-01
-1.499588012695312500e+00
-1.054542236328124938e+00
5.376626968383788618e-01
-1.253255386352539080e+00
-4.033842849731445468e-01
-6.914947509765625444e-01
1.016839294433593777e+00
nan
nan
nan
nan
1.232228469848632768e+00
-7.060721588134765137e-01
-7.013175964355469194e-01
2.483984184265136674e-01
2.516190147399902100e-01
1.110991058349609428e+00
-8.609093475341796919e-01
-2.155661582946777344e-01
-3.585402297973632746e-01
2.122268104553222678e-01
3.543621301651000977e-02
7.207730102539062766e-01
9.803427886962891025e-01
-6.550164031982421697e-01
1.220357894897460938e+00
-8.299907684326172097e-01
-1.296426391601562589e+00
-5.533290100097656428e-01
6.827388763427734153e-01
1.713636016845703214e-01
9.346901893615722212e-02
5.268522644042968883e-01
-1.310759429931640518e+00
1.084187088012695366e+00
8.900252532958984331e-01
-3.880556869506835982e-01
-2.971549606323242165e-01
6.365111160278320579e-01
nan
nan
nan
nan
2.964597129821777144e-01
-6.421027374267578303e-01
-3.388410186767578103e-01
6.659526824951171875e-01
4.533424377441406250e-01
-8.650202178955077592e-01
1.774603652954101496e-01
-1.117237548828124982e+00
-3.103521919250488148e-01
3.768143844604492365e-01
-2.395989656448364175e-02
2.830288124084472390e-01
1.278882217407226518e+00
3.563479614257812345e-01
9.167207717895507757e-02
-6.253259277343750089e-01
9.760222625732422053e-01
5.700143432617187367e-01
1.305145568847656312e+00
-3.942700576782226518e-01
-2.197050666809081954e-01
8.119078063964844105e-01
-6.250439071655273793e-01
-9.526547241210937544e-01
-4.826625061035156317e-01
8.264617323875426622e-03
9.506362152099608887e-01
-3.588562393188476363e-01
nan
nan
nan
nan
-5.174729156494141113e-01
-8.119453430175781194e-02
-4.331707954406738281e-02
4.543323135375976762e-01
6.815460968017578169e-01
5.438504409790039240e-01
-4.630166625976562256e-01
-2.903845024108886452e-01
3.578588867187499911e-01
5.470445632934570757e-01
-4.298165130615234641e-01
-1.009607791900634793e-01
4.974854946136474804e-02
1.150807495117187607e+00
-8.417888641357421653e-01
6.349404144287109641e-01
-7.331546020507812012e-01
-4.301503753662109242e-01
5.658484268188476163e-01
1.412249374389648315e-01
-4.220340347290039151e-01
-5.223765563964843928e-01
-3.448744201660156050e-01
3.071660614013672075e-01
3.948111772537231390e-02
-1.714023399353027388e-01
-3.009033775329589822e-01
4.494157028198242365e-01
nan
nan
nan
nan
-4.224508285522460826e-01
5.628281784057617143e-01
3.586252593994140869e-01
1.400490112304687562e+00
2.080588378906250036e+00
5.940950012207031339e-01
-9.020040130615234464e-01
-8.487174224853515359e-01
1.283251342773437553e+00
-2.178188514709472612e-01
5.441407775878905895e-01
-1.912059664726257352e-02
-2.897240829467773171e-01
1.538162231445312500e+00
7.403913879394531383e-01
3.139727020263671786e-01
1.121429061889648526e+00
-6.429457092285155717e-01
-4.909151840209960982e-01
-8.012060546874999467e-01
5.838364028930663752e-01
3.282494354248046697e-01
6.920752716064453303e-01
2.264160156249999944e-01
-2.145551681518554632e-01
1.058951950073242276e+00
-6.957558631896972046e-02
1.174470214843750027e+00
nan
nan
nan
nan
1.104489898681640658e-01
3.163943862915039040e-01
-4.477023696899414262e-01
-7.960645294189453436e-01
-9.598366546630859863e-01
-1.318992919921875062e+00
7.279857635498047097e-01
-6.038053512573242632e-01
-2.171810913085937544e-01
2.428905105590820346e-01
1.481084442138671964e+00
-7.930131530761719283e-01
-8.841558456420899048e-02
2.327458381652832142e-01
5.220008850097656028e-01
4.782677841186523393e-01
3.364968872070312478e-01
7.934729003906250133e-01
-2.444273948669433705e-01
-7.419299316406250400e-01
1.073641052246093741e+00
-4.929156494140625178e-01
2.863768005371093994e-01
7.272274017333983931e-01
-6.638130187988281472e-01
-3.681735229492187345e-01
-3.774354553222656339e-01
-1.087688732147216730e-01
nan
nan
nan
nan
-1.918677330017089788e-01
5.939219284057617454e-01
-1.093076934814453116e+00
9.006950378417968306e-01
1.857831954956054576e-01
-6.498271942138671431e-01
-1.009093322753906286e+00
6.870214080810547186e-01
6.154496669769286832e-02
-1.290109710693359446e+00
1.105532836914062456e+00
-1.991498947143554576e-01
4.561883926391601535e-02
7.777902126312255526e-02
-2.368854713439941528e-01
-5.863222885131835760e-01
5.070337772369384877e-02
-1.603945159912109286e+00
6.870098114013671875e-01
1.380549468994140661e+00
5.186845302581787054e-02
-5.452323913574218528e-01
3.759460449218750000e-01
-2.785284042358398549e-01
1.127304744720458995e-01
-1.758132324218750098e+00
1.604909973144531321e+00
-4.717137145996093683e-01
nan
nan
nan
nan
7.248216247558594283e-01
8.972113037109374911e-01
-2.470009040832519542e-01
-3.441537475585937367e-01
-7.642820739746093439e-01
2.141622314453124787e+00
4.063838577270507679e-01
1.016860580444336026e+00
-3.519890594482422141e-01
3.912394714355468817e-01
8.444406509399414451e-02
6.955638885498046653e-01
7.564292144775390803e-01
9.206816864013671609e-01
1.023123855590820419e+00
-4.891062927246093706e-01
-2.918104934692382635e-01
-5.489589309692383123e-01
3.821629333496093794e-01
-1.457416076660156268e+00
4.711541533470153657e-04
-1.014653921127319294e-02
4.037133407592773393e-01
6.932764434814453480e-01
-4.118312358856201366e-02
-2.470928192138671931e-01
4.776191329956054887e-01
-3.945261001586913840e-01
nan
nan
nan
nan
-2.518674659729003840e-01
-2.630376434326172075e-01
-5.453879547119140359e-01
4.447464752197265447e-01
-4.838309288024902205e-02
-8.807951354980468883e-01
5.365459060668945623e-01
-2.314761924743652388e-01
-1.068658256530761741e-01
6.024990463256836293e-01
1.327722320556640634e+00
-3.341054916381835938e-01
7.428914642333984686e-01
-6.856770324707031072e-01
-2.492725753784179599e-01
-9.759153747558593217e-01
-4.013457489013672053e-01
-8.912799835205078569e-01
-6.435417175292968972e-01
3.833172559738159263e-02
1.484923400878906286e+00
2.212307167053222667e-01
-1.672300872802734428e+00
-1.018027954101562438e+00
-2.164949655532837081e-02
4.797018051147460826e-01
9.149775695800781428e-01
1.231403732299804626e-01
nan
nan
nan
nan
6.864653778076171831e-01
1.131403446197509766e-01
-1.467698669433593839e+00
5.062665557861327770e-01
-9.655624389648437278e-02
1.987302589416503895e-01
2.109562110900878862e-01
2.866238975524902366e-01
7.248020648956299272e-02
-9.839782714843750000e-01
2.538941955566406117e-01
7.240849304199218350e-01
-7.070174407958984553e-01
-3.877473449707031228e-01
3.791921234130859464e-01
2.558465003967285156e-01
6.311907768249511164e-02
-6.894573211669922097e-01
2.309472560882568429e-02
-1.051449508666992161e+00
1.246107406616211000e+00
-9.380637359619140581e-01
-6.580164337158203036e-01
1.436240539550781348e+00
-5.838953399658203258e-01
7.014321136474609419e-01
-1.027252960205078114e-01
1.220653305053710946e+00
nan
nan
nan
nan
-4.031764602661132568e-01
-7.637631225585937988e-01
3.605169296264648660e-01
5.678478622436523571e-01
4.113693237304687500e-01
7.373743438720703480e-01
-3.680934190750122237e-02
-3.034781265258789107e-01
4.740761566162109419e-01
-4.395763397216796708e-02
-2.418580436706543046e-01
4.309402847290039196e-01
4.759038543701171742e-01
-3.716287994384765425e-01
1.279922199249267645e-01
-5.742829513549804199e-01
3.995109176635742165e-01
-4.546786880493163818e-01
-7.114802551269531206e-01
8.407984161376953480e-01
5.289618682861327859e-01
2.388428878784179810e-01
1.113674011230468830e+00
-2.066468477249145536e-02
5.397931671142578436e-01
6.291888046264648704e-01
5.997532367706298606e-02
-7.144490814208984686e-01
nan
nan
nan
nan
4.507210159301757724e-01
6.574475860595703214e-01
1.142604751586913991e+00
5.996639633178710849e-01
4.968758010864257613e-01
8.766983032226562944e-01
-9.104773521423339955e-02
-3.835452556610107616e-02
5.528927612304687100e-01
1.204184341430664107e+00
1.303514251708984384e+00
1.528500366210937544e+00
4.175521469116210693e-01
7.200073242187500222e-01
1.509471588134765563e+00
1.796491432189941395e-01
-2.272440719604492121e-01
5.446868419647216825e-02
-7.537924957275390359e-01
6.731848907470703303e-01
5.242390060424804155e-01
1.835916328430175770e-01
2.297208709716796804e+00
1.987378692626953214e+00
1.685691986083984295e+00
8.487339782714843350e-01
1.129484863281249973e+00
6.670349121093750444e-01
nan
nan
nan
nan
5.672947311401367321e-01
5.926591396331787331e-02
1.474458160400390572e+00
1.468583068847656214e+00
6.545110321044922408e-01
4.623846054077148660e-01
9.095453643798827592e-01
1.298191223144531170e+00
1.391405029296874929e+00
1.478351745605468670e+00
1.514112548828125071e+00
9.078380584716796431e-01
1.764869995117187562e+00
1.321432952880859268e+00
1.738781890869140589e+00
1.822745513916015581e+00
1.223780822753906206e+00
2.374955139160156214e+00
1.806431732177734339e+00
1.473853912353515705e+00
1.993730010986328072e+00
1.930410003662109464e+00
1.684626770019531206e+00
1.450850830078125098e+00
6.514492034912109375e-01
5.836606216430664240e-01
1.014309463500976616e+00
9.214942932128906694e-01
nan
nan
nan
nan
9.590480804443359819e-01
6.853842163085936967e-01
1.897338562011718688e+00
8.241022491455077814e-01
1.358564300537109304e+00
1.603356933593750089e+00
1.386022491455078054e+00
1.218716125488281232e+00
1.418026733398437544e+00
1.189332046508789098e+00
4.533542251586913929e-01
8.865295410156249778e-01
1.202455902099609286e+00
1.028458786010742143e+00
1.517948608398437482e+00
1.271005783081054608e+00
1.589662322998046884e+00
9.401391601562499867e-01
1.337875671386718812e+00
1.453452148437500036e+00
6.349339675903320490e-01
1.152045364379882919e+00
1.780681915283203187e+00
1.389396209716796893e+00
1.625965576171874982e+00
9.797612762451172186e-01
1.058051605224609393e+00
7.983525848388671742e-01
nan
nan
nan
nan
8.760684204101562012e-01
1.470452880859375089e+00
1.342266235351562420e+00
1.143132629394531197e+00
-5.016180038452148354e-02
1.283008270263671813e+00
1.445085296630859384e+00
1.400466613769531188e+00
1.727806243896484295e+00
1.766914672851562562e+00
1.820998077392578018e+00
5.753100967407226429e-01
1.270500259399414134e+00
1.414069824218749938e+00
4.285211944580077925e-01
1.065601806640624982e+00
1.535067291259765598e+00
9.860865020751953258e-01
1.179541702270507919e+00
1.351340484619140581e+00
9.238748931884765980e-01
1.299659576416015705e+00
6.245598602294921697e-01
1.230858917236328232e+00
1.446362304687500044e+00
1.416164550781249920e+00
1.570084838867187527e+00
1.327825317382812509e+00
nan
nan
nan
nan
8.377656555175780895e-01
1.253694686889648358e+00
1.674203643798828134e+00
1.546806182861328205e+00
1.538956756591796982e+00
1.015517730712890643e+00
1.626509552001953018e+00
8.962743377685546964e-01
8.503028106689453081e-01
1.085108642578124893e+00
1.061074523925781277e+00
1.677751770019531241e+00
1.600084381103515696e+00
1.014766159057617134e+00
7.345970916748046919e-01
1.263452148437500089e+00
1.161626815795898438e+00
1.325986175537109402e+00
4.906370162963867299e-01
1.243097000122070250e+00
1.264072189331054696e+00
1.477648620605468643e+00
1.101373977661132875e+00
8.233895874023438033e-01
1.120674743652343652e+00
1.515927734374999947e+00
7.317919921875000178e-01
2.428701591491699285e-01
nan
nan
nan
nan
1.203590545654296795e+00
1.700512390136718732e+00
1.478861541748046848e+00
2.245294342041015412e+00
1.395185699462890616e+00
1.582545166015624893e+00
2.117920837402343714e+00
1.214948654174804688e+00
8.603661346435547141e-01
1.460404663085937527e+00
1.322879791259765625e+00
1.972929840087890518e+00
1.318748626708984295e+00
1.400285034179687527e+00
1.911367034912109464e+00
5.616165924072266113e-01
7.200694274902343928e-01
1.799471130371093741e+00
1.898325805664062393e+00
2.027916107177734517e+00
9.604434967041015625e-01
6.861440277099609686e-01
1.127239913940429661e+00
1.416201934814453223e+00
1.460115356445312429e+00
1.396923217773437420e+00
1.209968566894531250e+00
9.746446228027343395e-01
nan
nan
nan
nan
2.377348327636718828e-01
1.504918518066406197e+00
1.816778411865234366e+00
1.717313385009765714e+00
1.011324539184570215e+00
5.859704971313476340e-01
1.270435791015624982e+00
7.912251281738281738e-01
1.176296234130859375e+00
1.133365097045898384e+00
1.731931304931640714e+00
1.258605957031250000e+00
7.905509185791015359e-01
7.970579528808593439e-01
1.407273406982421982e+00
1.983475189208984357e+00
1.555952453613281161e+00
9.754389953613281650e-01
7.750548553466797275e-01
1.846370239257812518e+00
1.594539031982421973e+00
8.712077331542968928e-01
1.467770996093749947e+00
1.163507843017578036e+00
1.346627807617187589e+00
1.418741302490234446e+00
1.263594055175781161e+00
3.512171173095703369e-01
nan
nan
nan
nan
-3.340299987792968994e-01
8.477968597412108842e-01
5.442061614990234553e-01
1.761510009765625107e+00
9.463487243652344283e-01
6.855948638916015137e-01
7.910910797119140581e-01
4.076714706420898615e-01
4.256922531127929621e-01
7.707884979248046387e-01
8.780829620361327859e-01
3.242251968383789151e-01
1.389327087402343786e+00
9.743534088134765681e-02
4.580131530761719083e-02
9.270420074462890625e-01
3.753421020507812234e-01
1.272907638549804599e+00
2.659741973876952881e-01
3.451791000366211115e-01
1.938059387207031303e+00
5.823270797729491743e-01
8.217728424072265891e-01
3.345648956298827859e-01
1.993419265747070346e-01
3.713412857055664040e-01
nan
2.865377235412597812e-01
nan
nan
nan
nan
-4.825638961791992032e-01
-6.787560272216797141e-01
1.000465774536132724e+00
6.699203491210937722e-01
5.333493804931640492e-01
9.014630126953124822e-01
1.221774902343750080e+00
3.796055603027344016e-01
1.797948265075683671e-01
4.930655288696288996e-01
4.179409408569336182e-01
7.998680114746093972e-01
4.450906753540039285e-01
2.543515205383301003e-01
1.295831966400146362e-01
1.690047454833984442e-01
1.391204376220703143e+00
2.760691070556640647e-01
2.558568477630615220e-02
3.174436378479004173e-01
2.235250473022460938e-01
-8.791845321655272771e-02
-1.430804157257080100e-01
4.414511489868164218e-01
-6.090172958374023837e-01
2.076278305053710915e-01
8.043424987792968661e-01
-4.904042434692382768e-01
nan
nan
nan
nan
6.475481414794921342e-01
6.828102588653564564e-02
nan
5.468535995483398970e-01
8.953079223632812722e-01
1.239329299926757777e+00
3.716898727416992343e-01
6.913787078857421831e-01
9.022138977050780939e-01
1.540948200225830123e-01
6.512551116943359197e-01
9.136426544189453214e-01
-4.001434326171875167e-02
5.089368820190429688e-01
7.872252941131591131e-02
3.435801315307617232e-01
-2.064884757995605336e-01
-6.014532089233398660e-01
3.151351547241210693e-01
1.645245361328125100e-01
3.323464584350586115e-01
5.132720947265625444e-01
-5.448155975341797408e-01
1.646508574485778739e-02
3.323550415039062678e-01
6.684085083007812456e-01
1.310041198730468759e+00
1.201060791015625018e+00
nan
nan
nan
nan
8.258137512207031072e-01
-4.239560317993164018e-01
-4.330030059814453103e-01
7.795660400390624911e-01
5.621458435058593883e-01
-1.873001480102539085e-01
1.982643485069274930e-02
1.549970436096191340e-01
-5.220922851562499467e-01
1.308523267507553023e-03
2.118497848510742243e-01
4.379510116577148282e-01
5.852740859985351429e-01
-3.741904497146606324e-03
-2.322404479980468839e-01
1.547756862640380926e-01
-6.647593688964843484e-01
-4.584695434570312256e-01
-2.465089225769042935e-01
7.210069656372070090e-02
5.236124801635742010e-01
4.065888595581054754e-01
5.074995422363280939e-01
-2.833364105224609464e-01
-9.966323852539062111e-02
-3.862577056884765603e-01
-5.920191574096679288e-01
-5.169155120849608931e-01
nan
nan
nan
nan
-8.942598724365233842e-01
-2.251124572753906150e-01
4.711411952972412165e-02
7.833556365966797275e-01
-4.483908081054687744e-01
1.448936367034912021e-01
6.994461822509765447e-01
6.061626434326171653e-01
3.053258705139160201e-01
4.214739990234375178e-01
4.461053466796874867e-01
7.805915832519531028e-01
-1.923011207580566373e-01
-2.433009529113769609e-01
4.502398681640624734e-01
4.808499336242675476e-02
4.446271514892577992e-01
7.284272003173828391e-01
-6.107610702514648660e-01
1.062317657470703169e+00
1.359387969970703158e-01
-7.441053009033202770e-01
1.995870590209961049e-01
-4.384586715698242099e-01
4.684427261352538951e-01
8.008448028564453258e-01
3.183455657958984553e-01
-3.244023513793945490e-01
nan
nan
nan
nan
2.617372322082519576e-01
9.656343078613280895e-01
5.202001571655273660e-01
3.799571228027343595e-01
7.676869392395019309e-02
3.695157623291015492e-01
-5.025653839111328125e-01
6.131728744506835804e-01
7.028871917724609508e-01
6.032676315307616832e-01
5.704519271850585493e-01
8.654560852050781072e-01
9.884178161621093306e-01
1.906331253051757879e-01
-4.032620620727538907e-01
-3.827036857604980413e-02
-8.453080749511718839e-01
2.695950126647949086e-01
-9.122255325317382701e-02
-1.523211860656738248e-01
-3.988871002197265647e-01
-4.006542587280273460e-01
-5.303907394409179688e-01
2.787735366821288974e-01
-1.434681224822998147e-01
-5.673483276367187189e-01
-8.948678588867187145e-01
-2.615841293334961182e-01
nan
nan
