nan
nan
-8.781503295898437367e-01
-4.717120742797851762e-01
-8.643843078613281383e-01
6.054154396057129239e-02
-3.129944610595702947e-01
6.171416473388672275e-01
9.901558876037597212e-02
1.292992401123046919e+00
3.986536502838134571e-02
-1.206205825805664045e+00
5.074140167236328436e-01
7.603024291992187544e-01
-1.429997539520263539e-01
-3.459135437011718883e-01
-3.435042190551758079e-01
-9.169669342041015803e-01
-1.221484832763671813e+00
7.734625339508056398e-03
1.442921733856201150e-01
-8.403844451904296520e-01
-1.892002296447753973e-01
4.760151505470275671e-03
3.017636871337890381e-01
4.036975860595702903e-01
9.151493072509765403e-01
5.955671310424804910e-01
5.739835357666015492e-01
-1.846536102294921822e+00
nan
nan
nan
nan
-3.495746231079101540e-01
3.669161987304687678e-01
1.390892791748046808e-01
6.654612064361571655e-02
7.060604095458984375e-01
-1.014375400543212902e-01
-4.588016891479492210e-01
6.483647918701171964e-01
-1.962163352966308505e-01
1.193522453308105413e-01
-1.367427825927734375e+00
5.302547073364257679e-01
-7.678475952148438033e-01
4.283636856079101607e-01
-2.936975002288818443e-02
2.352228927612304565e-01
-1.283976440429687393e+00
5.252710342407226896e-02
-1.970074272155761808e-01
-3.524251556396484353e-01
7.934664154052734064e-01
1.030512313842773420e+00
-6.895680999755859908e-01
-4.408968353271484619e-01
-4.123389434814452859e-01
5.381853485107421786e-01
1.764986801147460926e-01
7.540443420410156694e-01
nan
nan
nan
nan
6.444388580322265581e-01
1.321824493408203072e+00
-9.923689270019531161e-01
5.592635345458983887e-01
7.314241790771484064e-01
-1.038154220581054776e+00
5.744921493530273926e-01
-1.201227474212646501e-01
-1.001551666259765661e+00
1.076895713806152316e-01
-9.228523373603820384e-03
4.668492126464843794e-01
-2.816882705688476540e-01
9.152340698242187322e-01
8.352139282226562766e-01
3.567998123168945046e-01
4.094911193847656228e-01
8.347784423828125133e-01
-8.604563903808594150e-01
1.875784111022949230e-01
-1.088341979980468777e+00
-3.274235916137695490e-01
-7.102718830108642467e-02
4.420568466186523549e-01
8.976432800292968861e-02
6.444458007812500222e-01
4.299806654453277796e-03
8.032976531982422008e-01
nan
nan
nan
nan
-4.091278076171874778e-01
-8.665335083007812411e-01
-5.286999893188476518e-01
1.726181030273437611e-01
-3.214868545532226785e-01
1.097299041748046822e+00
-5.044393920898437855e-01
-1.840322113037109464e-01
5.827676773071288618e-01
-5.658884811401366788e-01
-6.623516845703124600e-01
4.057188415527343550e-01
4.013769149780273549e-01
2.160066604614257757e-01
-5.263887023925781783e-01
-1.182043361663818321e-01
3.121561050415039285e-01
-1.017443084716796786e+00
-4.589400482177734553e-01
1.871636390686035045e-01
-5.419962406158447543e-02
6.486531829833984686e-01
7.960624694824218750e-01
-1.040219593048095637e-01
2.442944717407226629e-01
5.263479232788086382e-01
-1.422237873077392689e-01
4.249682617187500178e-01
nan
nan
nan
nan
-3.488550186157226562e-01
-7.164307403564452725e-01
1.798134446144104143e-02
8.896544456481933483e-02
6.876335906982421475e-01
-4.106206130981445157e-01
-1.148213806152343697e+00
-2.899086570739746183e-01
7.228455352783202947e-01
1.356844024658203196e+00
6.291020965576171742e-01
5.937305068969727095e-01
-2.446508789062500078e-01
2.406768608093261819e-01
2.057180023193359297e-01
-3.294301605224609353e-01
-8.994726562499999467e-01
-5.586018753051757990e-01
6.401799774169921742e-01
1.949244499206543094e-02
-2.955351448059082009e-01
8.656542205810546786e-01
6.381181716918945535e-01
-2.139137840270995961e-01
3.043511199951172141e-01
-6.854170989990234775e-01
-1.519283599853515687e+00
-6.408046722412109597e-01
nan
nan
nan
nan
9.593708038330078791e-02
9.767178344726562544e-01
-8.624491119384765092e-01
6.674335479736327736e-02
5.465532684326172008e-01
-4.611088562011718683e-01
5.225972366333008212e-01
9.201025390624999467e-01
-7.847607421875000266e-01
-1.305962677001953232e+00
-8.682975769042969305e-02
-5.706354904174805176e-01
-1.946409797668456898e-01
-9.565614318847656117e-01
9.161206817626953436e-01
-1.008544063568115184e-01
1.093452072143554776e+00
-5.293653488159179993e-02
-3.329706192016601562e-01
-1.588463745117187464e+00
6.756336212158202681e-01
6.059000396728515536e-01
-1.031801986694335982e+00
1.913061523437500078e-01
-1.444081306457519476e-01
-5.128481292724609286e-01
7.137590408325195090e-02
-6.984715270996093572e-01
nan
nan
nan
nan
2.838719558715820379e-01
-5.742672348022460627e-01
-3.675995254516601363e-01
-1.199198150634765536e+00
7.116696929931640714e-01
6.279059886932372714e-02
-7.960761260986327637e-01
-6.474647521972656250e-01
-2.423332214355468639e-01
1.394028167724609357e+00
-4.867239379882812300e-01
-1.066917495727539134e+00
2.234974288940429765e-01
4.668407440185546875e-01
-2.408860778808593617e-01
-5.466498184204101607e-01
-1.192904052734375053e+00
-3.199166774749755832e-02
3.109766960144043080e-01
-9.672478675842284546e-02
9.494221496582031516e-01
-5.499099731445312722e-01
-1.151349945068359304e+00
-2.935343170166015425e-01
-4.067493438720702903e-01
-1.985776519775390714e-01
-4.553450775146484220e-01
1.756552886962890747e-01
nan
nan
nan
nan
4.652772521972656228e-01
2.791374206542968639e-01
-5.122542190551757635e-01
-4.078232192993164196e-01
-1.870038795471191395e-01
4.926891326904296875e-01
3.139379882812500244e-01
1.596333160400390527e+00
-4.489597320556640847e-01
4.539806365966796986e-01
5.180625534057616832e-01
-7.309691619873046609e-01
6.397434997558594238e-01
-8.777217864990234653e-02
-7.760169982910156694e-01
-1.177867126464843706e+00
-9.440575599670410212e-02
1.368281249999999893e+00
2.093125343322753962e-01
3.141763114929199130e-01
6.121135234832763422e-02
5.244895553588867498e-01
-3.975745773315429443e-01
-2.432490348815918024e-01
4.371404170989990484e-02
-6.335798263549804465e-01
-4.524123001098632746e-01
1.270443153381347612e-01
nan
nan
nan
nan
-3.640114593505859308e-01
8.540757751464843617e-01
1.223324661254882706e+00
2.497036361694335849e-01
-1.477177619934081920e-01
-2.370240402221679699e-01
5.704382896423339927e-02
8.209534454345702725e-01
9.264472007751464733e-02
-6.662197113037109375e-01
-2.997857093811034934e-01
-6.867251873016357033e-02
-1.452973937988281339e+00
1.045444488525390625e+00
-7.831755828857421831e-01
-1.181338119506835982e+00
3.046967697143554421e-01
-4.539286804199218484e-01
5.666187286376953014e-02
-7.094960021972656072e-01
4.729876708984375178e-01
5.570134639739990345e-02
-2.365959548950195279e-01
-7.080202484130859730e-01
-2.964346504211425870e-01
-3.541960144042968772e-01
1.159588336944580023e-01
1.118252563476562489e-01
nan
nan
nan
nan
-1.867726707458496060e-01
3.155303001403808594e-02
9.271553802490234419e-01
-4.576954269409179710e-01
-8.885198211669922408e-01
2.826751708984375222e-01
3.866863250732421875e-01
1.142185401916503973e-01
5.160628128051757413e-01
7.239236450195312145e-01
1.295333709716796955e+00
6.411632537841797097e-01
-2.143739700317382757e-01
-4.963570022583007613e-01
-4.492205142974853294e-02
-1.125797653198242099e+00
1.523090057373046813e+00
7.750155448913574607e-02
-1.415488281250000036e+00
-8.062500000000000222e-01
6.447653198242186967e-01
-7.482485198974608842e-01
-3.827815246582031428e-01
-9.837400817871093661e-01
-7.666024780273437145e-01
1.212318992614746099e-01
4.327761459350585871e-01
7.576240539550781472e-01
nan
nan
nan
nan
1.813723325729370284e-02
-7.979196166992187367e-01
5.576008987426758212e-01
-2.670809173583984508e-01
-2.533550453186035334e-01
9.031462860107422053e-01
1.133410720825195339e+00
-1.259143295288085884e+00
1.039266738891601483e+00
-6.943875885009765936e-01
3.362928771972656383e-01
2.988211059570312633e-01
-4.582786560058593750e-01
-1.642039642333984473e+00
-1.059924850463867196e+00
1.020651626586914079e-01
8.786659240722656250e-01
-5.941191864013671831e-01
-2.983815765380859464e-01
8.521765899658203525e-01
2.499303245544433616e-01
6.110248947143555043e-01
4.116637039184570246e-01
-4.840532302856445090e-01
-4.103193283081054688e-01
2.736304855346679554e-01
1.194678068161010749e-02
-7.896028137207031783e-01
nan
nan
nan
nan
7.869360351562499911e-01
2.824150466918945446e-01
3.319548416137695357e-01
1.898516845703124956e+00
-1.018040771484375107e+00
-1.344140014648437464e+00
-3.666357040405273660e-01
1.524667205810546822e+00
2.043787193298339799e-01
7.575586700439452814e-01
2.315984725952148493e-01
-2.305590152740478668e-02
-1.137351608276367276e+00
-2.284290313720703236e-01
-8.737375640869140536e-01
1.253751831054687571e+00
1.029786453247070410e+00
-2.301747131347656183e-01
9.192975616455077992e-01
1.151074447631835973e+00
-7.231955718994140803e-01
-4.785300254821777538e-02
7.804238891601562589e-01
1.299702911376953152e+00
6.862747955322265891e-01
1.257051181793212846e-01
-4.774690628051758007e-02
1.054893722534179679e+00
nan
nan
nan
nan
1.008765792846679776e+00
-6.611352539062500533e-01
-1.193483829498291071e-01
1.328157043457031339e+00
-1.061061630249023446e+00
-3.126605272293090515e-02
-5.197905540466308399e-02
-6.101297378540038868e-02
-2.558285951614379730e-02
-5.801908969879150668e-02
1.666488265991210860e-01
1.953721008300781214e+00
6.824555206298827947e-01
5.743501663208008257e-01
-7.819837951660155717e-01
5.868133926391601030e-01
1.083196487426757892e+00
1.029094467163085946e+00
1.532868289947509899e-01
3.663013458251953014e-01
-2.354875946044922008e-01
7.919455718994140581e-01
7.715929508209228016e-02
-8.491341400146484863e-01
-1.782161444425582912e-03
-9.456140899658203036e-01
1.145386657714843714e+00
-3.175522613525390558e-01
nan
nan
nan
nan
-3.331743240356445090e-01
-5.849122619628905895e-01
-6.331379318237304599e-01
-1.356226348876953036e+00
1.307292079925537198e-01
9.399754333496094238e-01
1.111330108642578196e+00
8.532166290283202947e-01
-1.262421512603759677e-01
-2.240625572204589799e-01
3.298752212524413974e-01
5.415633392333983887e-01
8.563183784484863781e-02
-5.015564346313476918e-01
2.623885154724120983e-01
-9.850717926025390758e-01
-5.732442855834960493e-01
-5.693657875061035323e-02
6.075830841064453480e-01
-1.166442184448242214e+00
-5.465564346313476207e-01
3.637904739379883012e-01
-5.455601119995117099e-01
-3.344562149047851651e-01
-3.204254531860351585e-01
4.753174591064452947e-01
-8.573310852050780584e-02
3.517492294311523326e-01
nan
nan
nan
nan
-2.801711654663086026e-01
-1.398528289794921942e-01
-4.728017425537109353e-01
-4.488932418823242121e-01
-1.285751953124999902e+00
-1.030572509765625089e+00
-2.921123886108398238e-01
-7.434522247314453436e-01
-3.936680984497070157e-01
-1.175778770446777310e-01
-8.286563110351562456e-01
-3.216440963745117454e-01
-8.050686836242676447e-02
-3.927916336059570357e-01
-8.814760589599609508e-01
-2.291180038452148571e-01
-8.364443969726562678e-01
6.895240783691405917e-02
2.981246948242187722e-01
6.483268737792968750e-02
1.564129447937011586e-01
-1.699938416481018219e-02
1.244738388061523426e-01
1.530342483520507890e-01
-7.528634643554688033e-01
-2.733109283447265891e-01
6.616413116455077681e-01
-8.535367584228515936e-01
nan
nan
nan
nan
-5.893122863769530984e-01
7.179367065429687056e-01
-4.287689208984374889e-01
-6.907920837402343750e-01
2.190573501586914051e-01
7.798402404785156339e-01
1.152891063690185541e-01
-5.783882141113281250e-01
-1.070669784545898340e+00
-7.693084716796874667e-02
-6.872463989257812100e-01
-8.355451202392578658e-01
-3.689822769165039262e-01
7.305610656738281694e-01
4.646501159667968950e-01
9.247901916503906139e-02
4.167928218841552429e-02
-4.791771697998046808e-01
-1.004407272338867285e+00
-2.038292503356933516e-01
6.018669509887695224e-01
-4.575046157836913929e-01
9.471023559570312944e-01
2.253235816955566351e-01
-1.246189022064208979e-01
-1.260923004150390492e-01
4.260530090332031450e-01
2.925063896179199152e-01
nan
nan
nan
nan
8.461166381835937278e-01
7.179060363769531605e-01
-9.578198242187500044e-01
-2.403016281127929588e-01
-3.620600509643554510e-01
-6.669579315185546475e-01
-2.911344337463379062e-01
4.802180099487304843e-01
-4.348274612426757946e-01
8.163446044921874867e-01
1.445101618766784710e-02
1.377525424957275479e-01
1.437167663574218768e+00
1.332879028320312464e+00
4.480933761596679887e-01
3.868578338623047119e-01
-2.738631629943847900e-01
9.450794982910156738e-01
1.017633514404296946e+00
1.437902374267578054e+00
5.359015655517578303e-01
6.599029541015624667e-02
-1.200836086273193298e-01
1.957402038574218850e-01
1.005931930541992259e+00
-5.804766464233398482e-01
3.127256965637206787e-01
7.423503875732422319e-01
nan
nan
nan
nan
1.897973442077636741e-01
-1.171458435058593817e-01
1.338602828979492121e-01
1.074650955200195268e+00
1.042947769165039062e-01
-8.437696075439453658e-01
6.739828491210937411e-01
-4.642224502563476740e-01
3.863665771484374734e-01
1.805565834045410045e-01
5.737720489501952903e-01
-1.328561687469482500e-01
6.537152290344237782e-02
1.070025711059570339e+00
3.736852264404296742e-01
4.127503204345703280e-01
-5.777552795410155762e-01
-1.292718029022216775e-01
-3.745800399780273571e-01
7.795484924316405939e-01
3.636101150512695557e-01
-1.077343444824218732e+00
5.075854110717773482e-01
8.074597167968750044e-01
3.351789093017578103e-01
-4.527391815185546897e-01
1.288850975036621160e-01
1.416878890991210838e-01
nan
nan
nan
nan
5.865332031250000133e-01
-5.712664413452148704e-01
-4.440702056884765492e-01
-2.628660011291503729e-01
-1.615652160644531321e+00
-1.322217254638671902e+00
-2.004996681213379039e-01
-1.077605514526367214e+00
3.604601860046386524e-02
-4.804761886596679576e-01
3.633826065063476829e-01
-5.278138732910155895e-01
-1.355897140502929643e-01
2.055192184448242088e-01
-2.323524856567382724e-01
-1.294639205932617276e-01
-3.969441175460815263e-02
-2.408188629150390669e-01
2.663999080657959012e-02
1.057333278656005793e-01
-8.033471679687500533e-01
-4.817406463623046808e-01
-4.580335235595703325e-01
-6.874789428710937900e-01
-4.843416595458984175e-01
-1.244192504882812439e-01
nan
-3.923311233520507812e-01
nan
nan
nan
nan
4.575748920440673995e-02
-5.958274078369140137e-01
-4.387304687499999911e-01
-1.639675140380859319e-01
-5.917509555816650307e-02
-1.308565368652343741e+00
-5.170837783813476696e-01
1.791047477722167991e-01
-5.330271148681640092e-01
-2.835198020935058572e-01
-7.598505401611328480e-01
-8.033925628662109686e-01
-1.150204315185546777e+00
-1.201204395294189486e-01
-1.524093818664550848e-01
-5.521049880981445668e-01
1.987265706062316811e-02
-5.497222900390624778e-01
-3.594160461425781050e-01
-8.399207305908202859e-01
-5.800929260253906428e-01
-5.746088027954101562e-01
-1.515553588867187607e+00
-5.358305358886719105e-01
-5.867264175415038974e-01
3.624365615844726829e-01
1.827267646789550726e-01
-1.464700222015380970e-01
nan
nan
nan
nan
-1.102145233154296911e+00
-9.732331848144530895e-01
nan
-9.546546936035156250e-01
-1.460322189331054732e-01
9.344559478759765225e-01
-5.181469345092772905e-01
3.110784530639648660e-01
-2.741541671752929510e-01
4.177886581420898193e-01
1.957532048225402860e-02
2.173888587951660067e-01
-5.978021240234374645e-01
1.719230651855468694e-01
-4.215104293823241921e-01
3.390381813049316712e-02
-1.829853057861328125e-01
1.907598972320556684e-04
2.456068801879882912e-01
-1.046510410308837957e-01
-4.396149063110351696e-01
1.804857826232910134e-01
-3.912416839599609508e-01
-8.041388702392577859e-01
-1.373361968994140536e+00
-3.021159362792968928e-01
-3.097404479980468972e-01
-3.582466888427734419e-01
nan
nan
nan
nan
-3.105694007873535112e-01
-1.956516456604003862e-01
-2.553166007995605336e-01
-9.236030578613281250e-01
-6.126559448242187012e-01
-6.447309875488280717e-01
-6.221110153198242676e-01
-1.084461021423339805e-01
-2.327439308166504017e-02
-1.160377044677734393e+00
-8.244046783447265270e-01
-7.129431915283203081e-01
-4.008831024169922097e-01
-2.133510780334472723e-01
-1.745581665039062536e+00
-1.106479187011718768e+00
-7.147069549560547408e-01
-1.219452571868896440e-01
5.657533168792724942e-02
-8.001586151123046831e-01
-3.506935882568359419e-01
-9.334539794921874467e-01
-2.508487129211425803e-01
-9.744649887084960715e-02
1.013889465332031170e+00
2.164429283142089711e-01
2.662064552307129017e-01
-1.168499450683593732e+00
nan
nan
nan
nan
5.739254379272460405e-01
-2.347165107727050837e-01
-1.619154510498046928e+00
-2.218782234191894465e-01
-1.005405426025390625e+00
2.380085945129394587e-01
6.029859161376953658e-01
-2.386229133605957120e-01
-1.398297405242919789e-01
-4.267435836791992343e-01
1.730309104919433572e-01
-1.100567550659179661e+00
8.467960357666015625e-02
-1.975495338439941517e-01
-1.121884155273437544e+00
5.975189208984375000e-01
1.662245941162109331e+00
9.246820831298827592e-01
-1.057695159912109384e+00
-2.391270828247070435e-01
4.801395416259765514e-02
-1.230276260375976483e+00
5.309769058227539196e-01
1.273453044891357522e-01
-1.364461212158203152e+00
-1.043617477416992179e+00
1.199700641632080039e-01
8.860522270202636497e-02
nan
nan
nan
nan
7.487176513671874867e-01
-3.396526336669921653e-01
7.929502010345458596e-02
-5.069819259643554288e-01
-7.057089996337890803e-01
-4.381352615356445268e-01
-1.665906982421875071e+00
-2.445707893371582009e-01
-6.033156967163085804e-01
-4.788738632202148571e-01
7.471044158935546964e-01
-6.683752441406249911e-01
-8.768579363822937359e-03
1.606627273559570190e-01
1.041255950927734431e-01
4.556589889526367343e-01
2.755685424804687478e-01
3.930605173110961886e-02
-8.387795257568358975e-01
-3.489884948730468950e-01
-4.760854339599609464e-01
-5.159621047973632635e-01
-6.418811798095702681e-01
-6.159051895141601785e-01
-9.372442626953124689e-01
-1.541523132324218670e+00
-8.200830078124999867e-01
-4.658201599121093994e-01
nan
nan
