nan
nan
1.145421504974365179e-01
-1.387727203369140572e+00
1.126007843017578169e+00
-4.785854518413543840e-03
-2.133891677856445401e-01
1.128118057250976580e+00
9.013761901855468217e-01
1.146379699707031241e+00
2.885325241088867454e-01
-2.097141456604003917e-01
-1.110164566040038991e+00
-2.925317764282226451e-01
-7.498377323150634544e-02
5.233527755737304998e-01
-6.238526535034180087e-01
-1.578175926208496005e-01
-3.206294250488281317e-01
-8.322401428222656605e-01
-4.859329986572265558e-01
9.955268859863281028e-01
8.169008636474609508e-01
4.881716156005859175e-01
-1.272335529327392467e-01
3.124495697021484331e-01
5.157476806640625133e-01
5.669532394409180220e-01
7.011200714111328613e-01
-7.462953948974608842e-01
nan
nan
nan
nan
-6.522948741912841519e-02
-2.660456657409667955e-02
-5.677317810058594150e-01
-2.352565193176269498e-01
1.145175628662109313e+00
5.539210510253905762e-01
2.618185520172119224e-02
-2.243500518798828003e-01
4.140394973754882857e-01
-3.600568771362304688e-01
1.644578170776367088e-01
1.468104934692382735e-01
-7.779756927490234508e-01
7.516648864746093839e-01
6.056590270996093928e-01
-3.340293407440185491e-02
-1.106149673461914062e+00
6.308215332031249512e-01
-2.504344558715820290e-01
5.127096557617187855e-01
-4.672996139526366943e-01
-4.693580245971679665e-01
4.112882232666015825e-01
1.325663604736328161e+00
3.301856994628906139e-01
3.882838821411132568e-01
1.700127258300781152e+00
9.833231353759765980e-01
nan
nan
nan
nan
-1.013681259155273517e+00
4.867530059814453303e-01
2.646053504943847723e-01
-2.864724731445312256e-01
-4.506267166137695179e-01
-1.624673652648925826e-01
-3.647705316543579240e-02
7.972100067138672141e-01
-4.651972579956054621e-01
-3.528973007202148571e-01
-8.429232788085937456e-01
1.925558853149414162e-01
7.463076782226562012e-01
-2.618164634704590044e-01
-4.871937942504882546e-01
3.548406982421875022e-01
2.480455970764160190e-01
-8.650378417968750400e-01
-2.728632926940918191e-01
2.037305259704589866e-01
3.951193237304687633e-01
2.562156295776367165e-01
4.418743896484375044e-01
1.456633605957031286e+00
-8.773535919189453525e-01
-3.735683059692382901e-01
-1.045364990234374902e+00
-5.374313354492187278e-01
nan
nan
nan
nan
-2.302646827697753806e-01
-2.122803497314453003e-01
5.576118850708007280e-01
-6.374465179443359331e-01
1.919806671142578192e-01
1.408586425781249929e+00
6.174563217163085982e-01
-5.176759338378906783e-01
2.061960411071777355e-01
4.329545974731445201e-01
-6.918827819824219238e-01
-2.444459676742553877e-02
-1.927875709533691528e-01
-6.196952056884765803e-01
-1.144900817871093768e+00
5.667463302612304465e-01
3.839717102050781428e-01
7.891395568847656694e-01
8.818708038330078658e-01
3.026605415344238437e-01
-4.182826614379882568e-01
2.601688385009765514e-01
8.009983062744140125e-02
3.191832160949706898e-01
3.621665573120116943e-01
-1.170649108886718803e+00
1.229732589721679759e+00
-4.229221343994140625e-01
nan
nan
nan
nan
-4.281944656372070335e-01
1.256210021972656188e+00
-7.263578796386718217e-01
8.080308532714843839e-01
4.845880126953124867e-01
7.450586700439453258e-01
-5.370264816284179288e-01
-1.531589603424072243e-01
-1.386936492919921937e+00
-1.266602172851562402e+00
-3.982348251342773260e-01
1.676947951316833454e-02
1.040444259643554581e+00
7.156896209716796520e-01
-3.617054367065429821e-01
-1.015674896240234437e+00
1.923007392883300803e-01
-5.029183197021483975e-01
-6.043047332763671342e-01
8.540716552734375355e-01
-1.107402324676513700e-01
6.708956146240234730e-01
3.046745300292968972e-01
2.917528343200683771e-01
7.467823791503905850e-01
6.179655456542968439e-01
4.861323165893554621e-01
-6.368828964233398393e-01
nan
nan
nan
nan
5.245333194732666043e-02
-8.317765808105468395e-01
2.087313079833984508e-01
1.999613380432128940e-01
1.197382431030273420e+00
1.429355049133300692e-01
3.543082046508789218e-01
1.676186752319336060e-01
7.649264526367187678e-01
6.924828338623046919e-01
1.186287765502929581e+00
6.607671356201172408e-01
4.600760269165038996e-01
6.287770462036132990e-01
8.650461196899414396e-02
7.561531543731689342e-02
1.247969207763671928e+00
7.053967285156249600e-01
5.580903625488281561e-01
9.144761657714843839e-01
3.037055778503418013e-01
7.262410736083984020e-01
-6.331053543090819913e-01
-4.973425292968750022e-01
1.504734039306640625e+00
-2.717032814025878706e-01
-3.872827148437499867e-01
9.507258605957030762e-01
nan
nan
nan
nan
5.649797439575194868e-01
-3.642793273925781228e-01
5.044518280029296475e-01
8.659896850585937500e-01
4.404842758178710849e-01
4.233406829833984419e-01
6.956792354583740678e-02
-4.478175163269042941e-02
7.211963653564452681e-01
-1.185586833953857361e-01
1.149684047698974615e-01
-2.463131141662597556e-01
-3.795984649658203369e-01
-1.535750579833984331e+00
-1.581650257110595592e-01
-1.138373947143554776e+00
-7.883407592773437056e-01
-4.942855453491211137e-01
3.082892894744872908e-02
-6.182337570190429288e-01
-3.338653182983398193e-01
3.529521465301513339e-02
-1.729049682617187500e-01
-5.716380691528319957e-01
9.771244049072265181e-01
5.599225616455077992e-01
-4.790970230102539196e-01
-5.340915298461914595e-01
nan
nan
nan
nan
-3.282433319091797030e-01
-1.038260078430175842e-01
2.095661735534667947e-01
5.851387405395507280e-01
1.449553394317626975e-01
-1.796054840087890625e+00
-2.902362060546874734e-01
9.096270751953124956e-01
-1.357011508941650402e-01
2.157452201843261808e-01
-1.243236541748046903e-01
1.321461029052734437e+00
-1.711492657661438030e-02
1.161318359375000053e+00
1.660377693176269542e-01
2.629142570495605624e-01
1.291782531738281170e+00
1.225515213012695392e+00
-7.179842376708984730e-01
3.955569839477539040e-01
6.897455596923828258e-01
1.151068572998046768e+00
8.793509674072265137e-01
1.131470966339111345e-01
-1.160449676513671813e+00
-1.321764659881591863e-01
-6.584839344024658037e-02
-7.744523525238036776e-02
nan
nan
nan
nan
3.758074569702148371e-01
-8.682931518554687367e-01
4.089366531372070068e-01
-5.387281799316405717e-01
9.328182983398437544e-01
-7.125618743896484641e-01
1.074220504760742267e+00
-6.486197662353515581e-01
1.097416305541992099e+00
4.394659805297851385e-01
2.407295608520507724e-01
6.841448974609375400e-01
-2.062421035766601463e-01
-2.295980072021484297e-01
-4.393859481811523415e-01
-8.170188903808593972e-01
-6.428997802734375266e-01
4.400022125244140714e-01
-5.456322860717773837e-01
1.090605545043945357e+00
1.568626403808593694e-01
3.365559768676757990e-01
-1.836429595947265625e+00
-2.078311538696289151e-01
5.657080459594726607e-01
2.283083343505859508e-01
5.009792327880859819e-01
8.256890177726745883e-03
nan
nan
nan
nan
-7.562255859375000000e-01
3.087018775939941451e-01
6.344466400146484553e-01
-1.887726974487304588e-01
4.050290298461913796e-01
9.185254669189453214e-01
1.294774932861328054e+00
1.089586353302001986e-01
8.322608947753906694e-02
-1.252555370330810623e-02
-6.318947219848632946e-01
-5.013777542114258301e-01
-3.819536590576171897e-01
-1.372243652343750009e+00
-6.625673770904541571e-02
4.954513168334960804e-01
3.153176689147949019e-01
6.538760375976562234e-01
2.814467811584472900e-01
3.772230863571166687e-02
4.835676956176757635e-01
-2.148831367492675670e-01
-9.859535980224609641e-01
2.589643597602844360e-03
2.539839172363281272e-01
-3.843099594116211049e-01
-8.312974548339844283e-01
1.144541397094726465e+00
nan
nan
nan
nan
2.753574132919311621e-02
-4.107389068603515825e-01
5.084165954589843217e-01
1.784870338439941417e-01
1.083908538818359357e+00
-1.635974121093750067e-01
-1.005152511596679732e+00
-5.489925765991210405e-01
-6.218420410156250133e-01
-8.117871856689453658e-01
-4.295021438598632946e-01
-2.822500705718994016e-02
1.202736663818359419e+00
-3.113327217102050959e-01
7.869611358642578658e-01
4.110243225097656161e-01
4.846400451660156095e-01
-3.595969772338867276e-01
-2.143786773681640501e+00
8.702264404296875533e-01
1.455118255615234446e+00
-5.164662933349609686e-01
6.462947082519531206e-01
-2.802956581115722545e-01
3.549555587768554732e-01
-4.696140289306640625e-01
3.570099258422851363e-01
-8.795191955566405984e-01
nan
nan
nan
nan
1.972572898864746183e-01
8.741946411132812678e-01
-4.910447692871093839e-01
-6.277549743652344194e-01
2.896670150756835982e-01
2.609908294677734109e-01
-1.499702301025390705e+00
-3.797963857650756697e-02
1.084561767578124947e+00
7.263751983642577903e-01
1.790921211242675892e-01
3.342431259155273504e-01
-2.373512077331542958e-01
-3.105946731567382768e-01
-7.136461639404296786e-01
-2.200610923767089833e-01
-1.123381576538085902e+00
2.798553848266601696e-01
-1.353155517578125133e-01
1.330652618408203036e+00
-1.327777862548828125e+00
-1.836553955078125133e-01
-2.775131607055664196e-01
7.719290924072265137e-01
5.094795608520508168e-01
-4.982258796691894226e-02
-1.476254177093505870e-01
3.783348464965820557e-01
nan
nan
nan
nan
-7.769071960449218661e-01
-6.951229095458983931e-01
7.593919277191162054e-02
4.061880874633789218e-01
5.275781250000000089e-01
8.055055999755859064e-01
1.908355712890625056e-01
2.133987731933593590e+00
1.028941059112548767e-01
3.606119537353515425e-01
6.135379028320312456e-01
-1.980092239379882824e-01
2.049031639099121171e-01
-3.031086730957031072e-01
-5.066602230072021762e-02
3.618414688110351829e-01
-6.743560028076172053e-01
4.217605972290038863e-01
-3.271269607543945135e-01
-7.951901245117187766e-01
-2.998248815536498982e-02
-1.234100341796875000e+00
-4.482927703857421675e-01
-4.697576904296875133e-01
-5.867407989501952637e-01
2.445575332641601596e-01
2.244972610473632835e-01
-1.025142288208007901e+00
nan
nan
nan
nan
-4.655712890625000044e-01
8.921521759033202992e-01
-4.369018936157226807e-01
3.907085800170898571e-01
1.069278526306152305e-01
8.390496826171874867e-01
1.453596472740173277e-02
7.595641326904296609e-01
-1.034297027587890661e+00
9.384658050537109109e-01
4.544998168945312278e-01
-3.136191940307617165e-01
-2.730431938171386519e-01
-3.089341545104980491e-01
3.355730819702148482e-01
2.228440856933593672e-01
-4.927093124389648193e-01
1.526789069175720284e-02
-1.275076828002929652e+00
-2.288333654403686482e-02
9.510806083679199108e-02
2.369563674926757901e-01
6.848538208007812766e-01
4.608036041259765403e-01
-6.504737854003905806e-01
-1.045961456298828196e+00
1.055267791748046857e+00
1.231356201171875053e+00
nan
nan
nan
nan
1.113345642089843768e+00
-3.766934585571288796e-01
-9.880096435546874556e-01
-4.138920974731445379e-01
2.068835067749023315e-01
5.687404251098633345e-01
-7.115882873535156472e-01
4.446292495727539040e-01
-6.915977954864502286e-02
8.722712707519530984e-01
-2.209710845947265412e+00
-8.744826507568359553e-01
8.251648712158202725e-01
-1.253423595428466708e-01
-1.296766662597656161e+00
9.280806732177734331e-01
5.758034515380859863e-01
-4.102774429321289218e-01
1.290819091796874929e+00
-6.258980941772460671e-01
-6.565478444099426096e-03
1.454966278076171848e+00
7.797385215759276844e-02
2.998888731002807492e-02
-1.649245605468750098e+00
1.661933517456054554e-01
-2.527331352233886941e-01
-6.812794494628906516e-01
nan
nan
nan
nan
-1.631306915283203152e+00
-3.333885192871093861e-01
5.181117057800292691e-02
-2.157345008850097556e-01
-1.396134643554687527e+00
-7.839953613281249734e-01
1.177341003417968768e+00
-2.007377243041992276e-01
2.054679107666015636e-01
7.436664581298828569e-01
-2.069583511352539040e-01
5.660367202758789240e-01
1.011872887611389195e-02
-2.184692764282226696e-01
-7.423995494842529352e-02
-5.860364913940430132e-01
-1.599173450469970614e-01
-3.878117752075195268e-01
5.771974182128906117e-01
-2.384903144836425792e-01
1.112087860107421777e+00
-1.043756790161132875e+00
1.475580596923828036e+00
4.928252029418945246e-01
-4.725470733642578303e-01
-1.997822761535644476e-01
6.828739166259765181e-01
5.349845886230468750e-01
nan
nan
nan
nan
7.597689056396483842e-01
9.956668019294739533e-03
4.612981796264648549e-01
4.427717971801757857e-01
-3.008809804916381947e-02
9.185823059082031117e-01
3.547404861450195179e-01
-2.897422409057617276e-01
1.566842460632324185e-01
-4.737834548950195512e-01
-1.552922821044921964e-01
4.118940353393554799e-02
1.002922248840332070e-01
6.447253417968750178e-01
-4.643762207031250089e-01
3.268209457397460715e-01
-1.202997512817382875e+00
-1.873866844177246027e-01
1.688332748413085838e-01
9.141632080078124778e-01
1.487108993530273371e-01
6.917165374755859242e-01
4.158877182006835982e-01
1.979956865310669029e-02
-2.317114830017089760e-02
-3.321045160293579351e-02
4.696376323699950894e-02
5.633131790161133301e-01
nan
nan
nan
nan
-5.662940216064452637e-01
2.000756835937500089e+00
3.167802238464355602e-01
-6.309677886962891113e-01
1.108394908905029341e-01
-2.218041419982910017e-02
-7.710447692871094105e-01
1.386095428466796786e+00
3.440475845336913863e-01
1.305956554412841808e-01
-4.744813919067382701e-01
2.453154754638671997e-01
2.539954948425293124e-01
1.168822383880615268e-01
3.483564376831054799e-01
6.170259857177734508e-01
3.924807548522948886e-02
-7.519548797607421564e-01
-9.705940246582031028e-01
-6.827400207519530861e-02
4.848129653930663974e-01
9.528697967529297097e-01
-5.738988876342773215e-01
1.490924072265625011e-01
-5.579540252685546431e-01
-7.920797729492187189e-01
3.395671081542968595e-01
4.670273780822754156e-02
nan
nan
nan
nan
2.492165756225585838e-01
-1.085834426879882741e+00
8.405589294433594150e-01
-2.416174697875976551e-01
1.539692020416259799e-01
7.844203948974609597e-01
-1.358113193511962802e-01
-2.285218429565429588e-01
-1.761621284484863326e-01
2.042500114440918002e-01
-8.815421295166016025e-01
-4.048155593872070357e-01
-7.222921752929687411e-01
1.703417968750000067e-01
-6.813025665283203303e-01
-2.784924507141113281e-01
5.422528457641601074e-01
8.750576019287109597e-01
3.551004886627197321e-02
-6.791871547698974387e-02
8.865628814697266158e-01
1.393829498291015545e+00
-1.945211944580078178e+00
-1.747611618041992054e-01
-2.132888412475585915e-01
-8.064511108398437766e-01
nan
1.261247634887695312e+00
nan
nan
nan
nan
2.706583213806152410e-01
1.894667816162109442e-01
4.128828430175781050e-01
-4.502164459228515381e-01
3.739188385009765692e-01
-7.041255950927733931e-01
-7.772055625915527677e-02
-1.110673294067382910e+00
-3.552422332763671697e-01
-5.310948181152344016e-01
2.251696109771728418e-02
1.772188377380371216e-01
1.083847122192382884e+00
-5.213923645019531428e-01
-4.686185073852539018e-01
4.121367645263671609e-01
-2.064904022216796919e-01
-2.557462692260742410e-01
-2.166963386535644409e-01
-1.927359008789062411e-01
-3.969535064697265470e-01
6.195466613769531339e-01
-7.774866485595702814e-01
1.178004150390624893e+00
-6.664697265625000311e-01
-3.635212707519531183e-01
-3.305106461048126255e-03
6.812935638427733975e-01
nan
nan
nan
nan
3.603691482543945335e-01
-2.075898132324218714e+00
nan
-1.628285980224609464e+00
-1.064926376342773429e+00
-2.163706207275390703e-01
-4.038271331787109397e-01
4.332300186157226479e-02
-8.638825225830077947e-01
4.713248062133789107e-01
4.764130115509033342e-02
4.582978820800781006e-01
-9.740322875976562544e-01
6.423752593994140891e-01
-6.498578643798827992e-01
-7.388984680175780806e-01
-2.204182243347168058e-01
-4.275298309326172053e-01
-3.376819610595703236e-01
-3.827218627929687700e-01
1.607825164794921768e+00
-4.527809524536132724e-01
-1.682796096801757735e-01
-4.462695693969726540e-01
-9.428102874755859286e-01
-5.089846420288085538e-01
1.360705413818359411e+00
5.899679660797119141e-02
nan
nan
nan
nan
-9.886921691894531294e-01
3.937191009521484597e-01
-2.834861373901367276e-01
-3.636449813842773660e-01
-9.560956954956054132e-02
2.878230857849121138e-01
-1.634075622558593732e+00
-3.090987586975097456e-01
-9.647711753845214511e-02
-9.346449279785156161e-01
-1.166359786987304581e+00
-1.190421295166015636e-01
5.665440368652343572e-01
-6.600326538085937722e-01
8.567023277282714844e-02
-5.997676467895507457e-01
6.646617889404297097e-01
-5.673523712158202725e-01
-1.714545249938964899e-01
2.019908599853515785e+00
2.011742401123046975e-01
-1.850930976867675715e-01
5.183721065521239985e-02
-3.592519378662109575e-01
3.435942840576171609e-01
-1.350989074707031223e+00
8.610930633544922053e-01
-8.226148986816406161e-01
nan
nan
nan
nan
2.991276168823241988e-01
8.007487297058105136e-02
6.142390441894530762e-01
-6.927805328369140980e-01
-3.315243870019912503e-04
7.718952178955078569e-01
-8.872882080078124956e-01
-5.241293334960936967e-01
7.069170379638671786e-01
-3.128198432922363326e-01
-6.102294921875000000e-01
6.841174125671387052e-02
-3.428163528442382812e-01
9.667926025390625178e-01
9.208670806884765581e-01
5.808074569702148526e-01
3.848005056381225558e-02
-7.716914367675781206e-01
-9.555268287658691406e-02
-2.100540924072265558e-01
-5.669712448120116655e-01
3.346598434448242454e-01
-2.409032058715820379e-01
-1.200004272460937438e+00
2.182333755493164051e-01
-2.554655838012695468e-01
5.748060607910155939e-01
-1.193227157592773535e+00
nan
nan
nan
nan
1.604114151000976540e-01
-1.018933792114257830e+00
-8.635173797607421653e-01
-2.744038963317871338e-01
-1.176698303222656339e+00
1.072844848632812598e+00
-1.076803131103515554e+00
-1.593061523437500071e+00
-5.027674484252929732e-01
6.780733585357666404e-02
-2.401355504989623885e-02
9.723722839355468661e-01
-8.512954711914062500e-01
3.055289459228515692e-01
-1.276287841796875044e+00
-2.323742866516113337e-01
9.178745269775390181e-01
5.546711730957031294e-01
1.139932537078857389e-01
-2.592595481872558838e-01
-5.107008743286133301e-01
-3.560438537597656050e-01
-1.113757095336914027e+00
1.091701431274413991e+00
5.807395553588867720e-01
4.926720809936523393e-01
-1.117145156860351651e+00
3.513683700561523460e-01
nan
nan
