nan
nan
1.337823963165283292e-01
-2.320798492431640492e-01
7.516262817382812766e-01
-4.422421264648437322e-01
-3.696918869018554488e-01
-7.565912628173827592e-01
1.593920745849609411e+00
4.543241977691650502e-02
-1.142367401123046911e+00
-5.798183059692383345e-01
-2.921610832214355247e-01
4.213493347167968639e-01
2.927141952514648593e-01
4.407494735717773504e-01
3.286678314208984486e-01
-1.313978576660156161e+00
-3.243938064575195290e-01
-1.105016708374023438e+00
3.934812545776367188e-01
-5.808552742004394198e-02
4.152192306518554532e-01
8.639579772949218528e-01
1.494948196411132746e-01
1.138349075317382830e+00
-7.849134826660155717e-01
-3.910283565521240068e-02
1.672372698783874609e-02
2.875187873840331920e-02
nan
nan
nan
nan
-2.873501777648925781e-01
1.140728378295898349e+00
4.295908451080322071e-02
-1.741897106170654450e-02
1.397669887542724587e-01
-7.237078189849853460e-02
-5.057439422607421520e-01
-6.194363594055175837e-02
1.240570907592773331e+00
2.740217590332031383e-01
2.026663513183593945e+00
8.624982452392577770e-01
-3.796839523315429510e-01
-2.338958930969238237e-01
-2.979416847229003906e-01
-8.287454223632813033e-01
2.709489059448242365e-01
-7.853451538085937100e-01
9.360136413574218217e-01
6.859566497802734863e-01
-3.785693883895874245e-02
3.645906829833984175e-01
-2.499756813049316406e-01
-5.741453170776367188e-01
-4.950226593017578169e-01
4.156701660156250089e-01
8.476005554199218528e-01
7.035002136230468217e-01
nan
nan
nan
nan
3.190131187438964844e-01
-3.397078704833984553e-01
4.893625259399413813e-02
-9.944487571716308094e-02
1.643636322021484464e-01
-1.629332351684570357e-01
3.268261718750000155e-01
-5.950496673583984819e-01
-4.089590072631835715e-01
3.901474380493163974e-01
-9.490972900390625133e-01
-2.013837242126464977e-01
1.226684761047363292e-01
-2.944571495056152455e-01
-5.385943984985351873e-01
-8.163995361328124645e-01
1.056513404846191467e-01
2.727019691467285067e-01
3.616920471191406028e-01
-1.216722717285156241e+00
3.238875579833984109e-01
-8.130784606933594283e-01
-1.080999298095703054e+00
1.723212814331054610e-01
7.918915557861327947e-01
-8.019220352172851118e-02
9.812435150146484597e-01
-3.925071477890014482e-02
nan
nan
nan
nan
-5.373903274536132590e-01
1.663507843017578036e+00
-7.151892089843749911e-01
-8.856572723388671520e-01
4.278973388671875044e-01
9.710310363769530939e-01
-1.250419082641601509e+00
8.827674865722656694e-01
5.091189193725585982e-01
-1.001504058837890732e+00
1.468277740478515503e-01
-1.427365722656249947e+00
-1.011375045776367193e-01
3.490289688110351785e-01
-1.174848098754882830e+00
7.874134063720703569e-01
1.176384735107421919e-01
-5.256487655639648926e-01
6.244020843505859730e-01
-2.331115531921386652e-01
-2.913408279418945312e-01
-2.976817703247070512e-01
2.632004022598266602e-02
-5.009225845336914285e-01
-7.990478515625000222e-01
-5.746583938598632812e-01
-2.018705940246582065e-01
4.561923980712890847e-01
nan
nan
nan
nan
5.182551193237304732e-01
-5.613100051879882368e-01
-3.188866043090820557e-01
-2.683997344970703303e-01
6.247304534912109242e-01
-7.941151428222655850e-01
3.702929306030273704e-01
-1.466077575683593759e+00
3.332726287841796808e-01
4.514247131347656206e-01
-7.763609313964843217e-01
-2.123291206359863292e-01
1.051340942382812393e+00
-1.619764685630798243e-02
-2.327573013305664074e-01
3.189833641052245983e-01
-1.048368988037109428e+00
1.034143829345703036e+00
-1.848978271484374991e+00
-6.370612621307372714e-02
7.693685913085936967e-01
8.232717132568359020e-01
-1.045891113281250062e+00
-1.050119018554687589e+00
-1.297637271881103560e-01
-3.280256271362304576e-01
8.970845794677734242e-01
6.017876815795898393e-01
nan
nan
nan
nan
-1.928823280334472645e-01
7.472786903381348211e-02
-8.686875152587890669e-01
-1.179627075195312402e+00
-5.953410339355468262e-01
7.380648040771484730e-01
1.063995208740234455e+00
7.903453826904296431e-01
-3.604509353637695424e-01
-2.918962669372558438e-01
1.647484893798828232e+00
7.200799560546875533e-01
-1.184108963012695304e+00
1.116047897338867223e+00
8.111073303222656738e-01
-8.576923370361327903e-01
8.775526881217956751e-03
-1.319365119934081954e-01
7.020056152343749911e-01
9.444828796386718350e-01
2.070735359191894498e-01
-1.181398696899414125e+00
-6.607090759277344238e-01
-7.816060638427734242e-01
-2.383334159851074330e-01
3.474138641357422119e-01
2.919448852539062444e-02
-1.149955749511718750e+00
nan
nan
nan
nan
2.785737812519073660e-03
1.154577732086181641e-02
5.356738090515136830e-02
2.357073974609374956e-01
9.183957099914551170e-02
2.257228088378906150e-01
1.839938354492187456e+00
2.532178306579589977e-01
-1.904897117614746116e-01
-9.169294738769531161e-01
-4.016263961791992076e-01
-5.620640182495116877e-01
3.408889389038086137e-01
2.576175928115844588e-02
-3.699422073364257990e-01
-1.767701110839843714e+00
-6.932700347900390137e-01
1.967543411254882857e-01
-1.061245803833007706e+00
-1.900287818908691362e-01
4.151753616333007657e-01
8.573752403259277122e-02
-8.325695037841797097e-01
4.013780212402343617e-01
-4.582526016235351496e-01
2.474710273742675715e-01
2.947212219238281028e-01
6.192319488525390714e-01
nan
nan
nan
nan
7.327263641357422141e-01
6.514824676513671919e-01
-4.341918945312500111e-01
4.868123531341552596e-02
-4.344870376586913996e-01
-3.072853469848632613e-01
3.571178817749023349e-01
9.630357360839844061e-01
-6.553448486328125044e-01
4.003599929809570357e-01
-1.222775726318359402e+00
-5.476100444793700894e-02
-1.375192832946777466e-01
-1.029959182739257795e+00
6.332022094726562633e-01
1.090909881591796804e+00
-2.475869560241699130e-01
4.542008209228515780e-01
-4.442552566528320535e-01
9.443978881835937145e-01
7.052915954589843439e-01
-8.625138092041015891e-01
1.291400909423828125e+00
1.412115383148193348e-01
2.108404541015624911e-01
-2.702862548828124933e-01
-1.487600402832031321e+00
8.380818939208984908e-01
nan
nan
nan
nan
8.767645263671874911e-01
8.840658187866211326e-02
1.551184997558593848e+00
-1.061533432006835920e+00
-4.980207920074462835e-02
-8.626951599121093217e-01
3.341169738769531050e-01
-9.965576934814452947e-01
-2.254961585998535023e-01
-7.518438720703124467e-01
1.781857109069824308e-01
-1.134957275390624964e+00
4.934205627441406450e-01
-3.482175445556640603e-01
3.114446258544921742e-01
-3.857832717895507968e-01
-5.285531616210937811e-01
3.524462890624999734e-01
-2.003990745544433627e-01
-2.048618927001953249e+00
-8.277722167968749600e-01
-1.477462577819824152e-01
5.260224533081054865e-01
-3.113888740539551003e-01
6.801613616943359419e-01
-4.174990653991698941e-02
-6.867727661132811967e-01
-1.577376270294189586e-01
nan
nan
nan
nan
-2.061313152313232547e-02
-2.328121185302734486e-01
-1.423910064697265554e+00
5.395061492919921431e-01
-3.555252075195312611e-01
-8.393316650390625355e-01
-6.504313468933105302e-02
-2.456526565551757912e-01
-3.483156967163085760e-01
-5.634189224243164595e-01
-1.055545578002929696e+00
7.125345611572265758e-01
-1.099027633666992188e+00
5.210919189453124822e-01
-4.367660522460937722e-01
5.550328826904297186e-01
1.751050949096679549e-02
3.755166625976562589e-01
5.827309036254882946e-01
5.154266357421875000e-01
-5.402876281738281383e-01
-5.891703414916992232e-01
-1.489195556640624973e+00
4.962078475952148571e-01
-9.693302917480468572e-01
1.492261352539062447e+00
-5.728108596801757546e-01
4.655234527587890359e-01
nan
nan
nan
nan
-1.160562705993652410e-01
1.169563980102539036e+00
-1.863985252380370994e-01
-2.814728927612304421e-01
1.182944774627685616e-02
1.222321166992187402e+00
5.898480987548828658e-01
3.256853485107422119e-01
-8.061133575439453081e-01
-5.342550754547119307e-02
1.033973236083984393e+00
8.718748474121094105e-01
-1.729202651977539140e-01
-1.044117507934570366e+00
7.630112457275390891e-01
-1.097993621826171884e+00
-8.932387542724609109e-01
-1.059126739501953018e+00
9.940213203430176003e-02
-3.818097305297851740e-01
6.403982543945312411e-01
6.210514450073242321e-01
5.479486942291259682e-02
1.352871799468994274e-01
1.236529731750488220e-01
4.588058090209961026e-01
-7.980864715576171387e-01
8.098834228515624512e-01
nan
nan
nan
nan
-1.794212913513183461e-01
9.729050636291504406e-02
2.311413574218749989e-01
-5.034356307983398615e-01
-1.100851211547851483e+00
-5.065108299255371288e-02
5.245241546630858842e-01
6.015571975708007280e-01
-7.694940948486328480e-01
-1.124558715820312527e+00
-2.239000511169433605e-01
6.254889297485352051e-01
6.460199737548828480e-01
-6.408782958984374778e-01
-1.119651718139648366e+00
4.993632125854492454e-01
-6.331332015991211204e-01
-8.258885192871093794e-01
1.110109519958496077e-01
2.865792846679687256e-01
4.676910781860351696e-01
1.007391548156738315e-01
1.217207813262939503e-01
-1.047856044769287093e-01
3.834055709838867232e-01
3.851354980468750244e-01
6.956286621093750178e-01
-7.408889007568358887e-01
nan
nan
nan
nan
-1.139223937988281143e+00
-1.689668655395507868e-01
-3.755600357055663974e-01
-4.155348205566406494e-01
8.658074188232421919e-01
2.246865081787109419e-01
1.827413368225097590e-01
2.437397193908691362e-01
-3.639683532714843572e-01
4.878080368041992076e-01
-4.412836074829101785e-01
-2.756839370727539040e-01
2.018954277038574260e-02
-9.918336486816405895e-01
-4.186172866821288863e-01
8.265227508544922275e-01
-8.999691772460937100e-01
-5.036577224731445535e-01
-3.958071470260619840e-02
-5.845403194427490484e-02
9.499858617782592357e-03
-7.215993404388427665e-03
1.308583259582519476e-01
3.743750381469726496e-01
7.211343383789062811e-01
-8.065950012207031561e-01
-1.755054283142089833e-01
6.728183746337890181e-01
nan
nan
nan
nan
-6.176111984252929954e-01
8.937809753417969016e-01
-5.813498687744140803e-01
1.477475738525390603e-01
-2.142094421386718794e-01
-9.108562469482421597e-02
6.963496398925781428e-01
5.611223220825195535e-01
-8.676576232910155895e-01
1.182204666137695259e+00
-7.600803375244140347e-02
-5.295975875854491699e-01
5.406639099121093306e-01
-2.333137893676757724e-01
1.449009094238281170e+00
4.051116561889648304e-01
2.747531414031982588e-02
1.883700180053710926e-01
-2.402137947082519653e-01
-4.540180206298828347e-01
-1.624275207519531306e-01
1.036743621826171857e+00
1.571259002685546857e+00
-1.424470233917236317e-01
6.875418853759766025e-01
-7.954541778564453436e-01
-2.478361129760742188e-01
-1.697686386108398504e-01
nan
nan
nan
nan
-6.171796798706055132e-01
9.436576843261719194e-01
3.648350524902344016e-01
-6.570113372802733887e-01
3.386602020263672075e-01
-7.418715953826903950e-03
6.180682754516602095e-01
1.059182281494140732e+00
-7.689633178710937322e-01
-2.006397094726562358e+00
8.313803863525390803e-01
2.013941383361816384e-01
4.956011962890625178e-01
-1.476748046875000053e+00
4.830033493041991921e-01
-1.325803680419921804e+00
-8.438652038574219194e-01
1.062158393859863326e-01
3.662806510925292747e-02
-7.429875183105468794e-01
3.947779464721679621e-01
2.923644256591796942e-01
-3.535581111907958735e-02
7.645034790039062500e-01
1.598857021331787087e-01
-6.017103958129882413e-01
3.387858581542968484e-01
2.377442359924316351e-01
nan
nan
nan
nan
6.302440643310547319e-01
-7.770689392089843439e-01
3.041777610778808594e-01
-2.514754486083984331e-01
-2.494392204284668069e-01
9.170046234130859730e-01
-1.048136978149414089e+00
-1.509949016571044966e-01
1.200990905761718741e+00
-1.528281116485595836e-01
-8.354318237304687589e-01
-1.782833671569824252e-01
1.553134536743163985e-01
-7.472137451171875222e-01
-5.401502227783203658e-01
-3.439005279541015869e-01
2.075501823425293102e-01
1.067279815673828125e+00
4.431092453002929421e-01
8.172258758544921342e-01
1.120667572021484482e+00
2.309120941162109419e-01
-6.863917541503906650e-01
4.821735000610351540e-01
9.796937561035156117e-01
2.921656990051269553e-01
-2.694474411010742143e-01
-1.123267822265624938e+00
nan
nan
nan
nan
1.108766479492187429e+00
-2.114702701568603460e-02
-7.221324920654297319e-01
-3.399775695800781317e-01
-9.638730621337890936e-01
-7.707103729248046542e-02
-1.348217105865478493e-01
-2.385096931457519609e-01
-3.691850280761718728e-01
-1.761955070495605513e-01
-1.215838470458984411e+00
7.337507629394530717e-01
9.842771148681640492e-01
3.544952392578125111e-01
1.401666870117187491e+00
2.406021308898925737e-01
2.643500518798828081e-01
2.134432983398437400e-01
2.174255371093750000e+00
1.132929706573486267e-01
8.105250549316406206e-01
-2.566921424865722390e-01
1.031056594848632768e+00
-4.631842041015625244e-01
-7.537108612060546831e-01
3.057897567749023326e-01
-4.693497085571289307e-01
5.949641799926758123e-01
nan
nan
nan
nan
2.988231468200683860e-01
4.206443786621093528e-01
-6.815732574462890492e-01
1.471995639801025324e-01
-5.862891387939452859e-01
-5.193851852416991877e-01
6.543561935424804799e-02
-7.512063598632812145e-01
-7.247459411621093306e-01
-1.086542968749999893e+00
-4.211135101318359553e-01
-8.328758239746093528e-01
-6.650911331176757868e-02
9.432407379150390403e-01
2.190570640563964944e-01
-6.134840393066406383e-01
-6.045341873168945668e-01
-2.360848236083984419e-01
-8.477909088134766291e-02
9.547231292724609464e-01
-1.266483497619629028e-01
-5.344834518432617365e-01
-1.143836746215820321e+00
-5.639720439910888422e-02
3.317585754394531405e-01
7.004685401916503629e-03
-8.344691467285155762e-01
9.762403869628906161e-01
nan
nan
nan
nan
-5.485138416290283314e-02
-2.548022985458374065e-02
-1.285377197265624938e+00
9.833335876464843750e-02
9.040684509277343572e-01
-1.616472816467285079e-01
1.428114604949951294e-01
6.436425018310546475e-01
1.007558212280273535e+00
7.861437797546386164e-02
3.178819847106933438e-01
-9.996253967285156916e-02
-2.668867874145507968e-01
-1.411223297119140518e+00
8.500175476074218750e-01
9.218354034423827947e-01
-4.393755722045898371e-01
-8.608915710449218661e-01
9.069050788879394476e-02
-1.127921905517578205e+00
2.912440109252929510e-01
-1.180459117889404302e-01
-1.612582969665527222e-01
1.584195995330810458e-01
8.115935516357422053e-01
-1.453594970703125100e-01
nan
3.257990264892577925e-01
nan
nan
nan
nan
3.449063491821289240e-01
-5.309590530395508212e-01
3.262302398681640736e-02
-9.806118774414062100e-01
-7.173419189453125178e-01
-1.067943878173828187e+00
9.191757202148437278e-02
-9.927947998046875444e-01
7.101258850097655895e-01
-1.548757648468017667e-01
4.832523727416992432e-01
-3.261639404296874933e-01
-5.578121185302734597e-01
-1.648760795593261774e-01
-8.001111602783202992e-01
8.282992553710937234e-01
-3.431798934936523549e-01
3.988326263427734442e-01
-5.354253387451172186e-01
-5.400567626953125533e-01
1.473001098632812589e+00
-2.584639167785644509e-01
-6.100483703613280850e-01
2.057186126708984431e-01
-2.203538131713867199e-01
7.128794860839843262e-01
-7.009632110595702681e-01
-3.874744415283203347e-01
nan
nan
nan
nan
1.318058586120605391e-01
-7.237728881835937544e-01
nan
-1.878492164611816340e-01
-2.921515464782714622e-01
7.741513824462891158e-01
4.108125305175781006e-01
-8.517173767089843139e-02
-6.211328506469726562e-01
-7.467225646972656117e-01
-1.327639865875244185e-01
7.082283020019530806e-01
-5.512862777709961470e-01
4.324956130981445490e-01
4.403868865966796831e-01
1.641054916381835815e-01
-1.504603862762451116e-01
-2.769081687927246183e-01
-3.205338287353515780e-01
2.555927467346191251e-01
-3.416378784179687766e-01
1.702454681396484482e+00
-2.070480041503906410e+00
-1.525877227783203116e+00
4.311681747436523215e-01
1.638772010803222767e-01
5.985536575317382812e-01
-1.466151595115661697e-02
nan
nan
nan
nan
-8.401879119873046919e-01
7.210820770263671742e-01
-1.073095779418945295e+00
2.147338294982910067e-01
-2.820083618164062611e-01
-2.191604995727539085e-01
-9.283543586730956532e-02
7.450135040283203391e-01
2.316947937011718806e-01
-8.234037017822265492e-01
-7.842781066894530806e-01
-5.070689392089843262e-01
8.935466766357422208e-02
5.693381118774414329e-01
6.213578796386718395e-01
-1.959576225280761641e-01
-1.198661446571350035e-02
-7.600682830810546742e-01
-8.715409088134765669e-01
-2.928352737426757613e-01
-3.879712677001952992e-01
3.647870635986328325e-01
-9.847203254699707364e-02
-8.773316383361816351e-02
-7.189212036132812678e-01
-2.863961982727050715e-01
1.058655166625976501e-01
-5.066279602050781650e-01
nan
nan
nan
nan
6.827219390869140314e-01
-1.758530235290527433e-01
6.209676861763000280e-03
-9.283311462402343839e-01
-3.866828536987304554e-01
-1.245940551757812598e+00
4.549935913085937367e-01
-5.927516937255858931e-01
2.559004783630370872e-01
-6.459293365478515625e-01
-1.143581962585449169e-01
8.327868652343749512e-01
-4.228319168090820535e-01
-2.996114921569824063e-01
4.337206184864043912e-03
-7.283721923828124778e-01
-1.563772773742675704e-01
-1.141204299926757759e+00
1.211141662597656321e+00
-7.641279602050781161e-01
-2.424996376037597545e-01
-2.522828292846679421e-01
6.748488616943358887e-01
2.812962532043457031e-01
6.856310272216796786e-01
1.028092193603515614e-01
-8.853613853454589400e-02
-4.051335525512695379e-01
nan
nan
nan
nan
-2.728878593444823975e-01
2.167823600769042958e-01
3.426024627685546609e-01
-9.224335479736328613e-01
6.522565460205078658e-01
-1.097208142280578676e-02
4.197380065917968861e-02
3.063124847412109220e-01
1.362152709960937402e+00
7.375243377685546387e-01
4.240413284301757790e-01
-1.041250419616699258e-01
-1.113442420959472601e-01
-6.099721908569335493e-01
1.201080856323242241e+00
1.048067092895507812e+00
4.134098052978515403e-01
1.862001800537109453e-01
-3.817853546142578325e-01
8.189932823181152177e-02
3.732439804077148371e-01
2.895222854614257768e-01
4.219852924346923634e-02
1.136366653442382857e+00
-1.712059974670410156e-01
1.978182220458984397e-01
-5.514109134674072266e-02
-1.377565002441406283e-01
nan
nan
