nan
nan
1.588088989257812500e+00
-8.215891838073730025e-02
8.195243835449218528e-01
-6.593731689453125044e-01
1.425966739654541127e-01
-9.819456481933593883e-01
-5.726704406738281072e-01
-2.011514091491699296e-01
9.919619750976562678e-01
5.510634994506835582e-01
8.628665924072265181e-02
-7.999231719970703036e-01
-6.211562728881836470e-01
1.539193420410156277e+00
1.638598823547363359e-01
-1.016722774505615240e-01
6.479206085205078125e-01
-7.319757080078125311e-01
-7.960083007812499556e-01
-1.661367225646972756e-01
-8.065722656249999512e-01
-1.631198692321777222e-01
-2.135606193542480546e-01
-2.055174064636230424e-01
-1.341449584960937580e+00
-1.260717868804931557e-02
-6.905277252197266069e-01
-1.007076930999755843e-01
nan
nan
nan
nan
-2.820543098449707076e-01
-4.167116546630859619e-01
-2.993133735656738348e-01
3.504650592803955356e-02
-8.095256042480468706e-01
1.366029167175293046e-01
4.205532836914062655e-01
-2.299354934692382779e-01
8.275543212890625056e-02
-1.365747375488281179e+00
-1.340447425842285212e-01
-2.950232505798339733e-01
2.277119445800781239e-01
9.607462310791015092e-01
4.041466522216796697e-01
9.157139587402344238e-01
-1.164771938323974632e-01
-3.799640274047851318e-01
-2.025785446166992326e-02
-1.832418212890625009e+00
8.221887969970702592e-01
1.523182067871093670e+00
-1.728524017333984419e-01
4.673464584350586204e-01
-1.766562843322753984e-01
5.923997879028320562e-02
-2.829223251342773415e-01
-2.381754112243652244e-01
nan
nan
nan
nan
1.058197307586669911e-01
-2.168275594711303877e-02
1.121060104370117161e+00
1.320308532714843830e+00
2.522778749465942258e-02
-8.227776527404785656e-02
8.629647064208983975e-01
1.320685424804687536e+00
-2.301371002197265536e-01
-1.104803543090820295e+00
1.314735870361328107e+00
-4.793544006347656428e-01
2.869047546386718772e-01
9.385541915893554077e-02
1.376899337768554554e-01
-5.209874343872070712e-01
6.520011138916015359e-01
4.856812000274658009e-02
-8.508795738220215066e-02
-6.895022583007812678e-01
3.645165634155273504e-01
3.639491271972656317e-01
6.081984710693358887e-01
4.077280521392822460e-02
-6.505386352539062056e-01
1.733971595764160212e-01
4.007503032684325839e-02
-1.066707458496093830e+00
nan
nan
nan
nan
7.495158672332763450e-02
5.321898651123047053e-01
9.168666839599609597e-02
6.328938293457031516e-01
5.464881515502929554e-01
-1.398193511962890545e+00
-1.384919281005859482e+00
8.940840911865234331e-01
-6.318859481811522905e-01
1.088633575439453161e+00
-9.723573303222656783e-01
2.290753173828125044e-01
-6.800304412841796653e-01
8.839906311035156117e-01
8.147232818603515891e-01
1.191564025878906197e+00
-1.905895996093749933e-01
1.014009380340576139e-01
5.096376419067383257e-01
3.075764846801757879e-01
2.485037422180175759e-01
-1.021946239471435564e-01
8.834070587158202592e-01
-7.126353454589843262e-01
-8.838433837890624645e-01
8.116999816894531206e-01
-8.300962829589844105e-01
-1.060720205307006878e-02
nan
nan
nan
nan
-8.711454010009765936e-01
1.028043823242187571e+00
-8.233251571655272882e-02
3.496479034423828347e-01
4.297158718109130721e-02
-8.104804992675781472e-01
3.133027791976928517e-02
-1.130937499999999929e+00
-4.353850173950195579e-01
-1.147186508178710929e+00
-7.547678375244140092e-01
-7.523484802246094283e-01
6.026262283325195535e-01
6.660443782806396706e-02
-5.450699615478515891e-01
3.457152175903320246e-01
-3.614031219482422008e-01
4.944490432739258035e-01
-9.443654632568359020e-01
8.578528404235839788e-02
3.966034412384033397e-02
4.213636398315429576e-01
-1.817479705810546853e-01
4.531567001342773349e-01
-6.289020156860352095e-01
1.911086273193359497e-01
7.034276580810546742e-01
4.025287628173828125e-01
nan
nan
nan
nan
-8.495323181152343306e-01
-2.420442962646484342e-01
1.005244922637939520e-01
-2.154172706604003951e-01
-8.860572814941406472e-01
-1.117065658569335929e+00
-1.338599243164062536e+00
7.954976654052734464e-01
-1.705209960937499991e+00
-1.781626701354980524e-01
-2.623519134521484220e-01
5.005175018310547008e-01
3.219618988037109553e-01
-1.725118713378906321e+00
-8.205123138427734553e-01
-1.812227439880371160e-01
-9.904666900634766236e-02
-9.583514404296874512e-01
-8.490498542785644698e-02
-5.347555923461914107e-01
4.180185699462890536e-01
-7.984064483642577814e-01
8.268039703369139959e-02
-4.969142150878906317e-01
2.512642860412597767e-01
5.255437469482422408e-01
6.491403198242187145e-01
6.649169158935547275e-01
nan
nan
nan
nan
-7.895026397705078303e-01
-9.109502410888672408e-01
2.919977760314941273e-01
6.038764953613281333e-02
1.174532394409179670e+00
-7.167435455322265225e-01
-5.010546493530273482e-01
1.357114219665527255e-01
1.274989776611328063e+00
-1.094519119262695295e+00
-8.762647247314453436e-01
4.126485443115234242e-01
-1.836211395263671886e-01
6.147955703735351607e-01
-6.183657073974608842e-01
1.130475997924804688e+00
6.334158420562743808e-02
1.202103805541992199e-01
1.751060485839843750e-01
-3.152602195739745983e-01
1.999121093750000078e-01
-5.640572738647461337e-01
8.867798614501952725e-01
3.338709640502929843e-01
1.333453826904296813e+00
-1.468989410400390661e+00
1.059563751220703232e+00
-9.620185089111328303e-01
nan
nan
nan
nan
3.145801162719726318e-01
-1.829696273803710915e-01
-1.809496307373046786e+00
1.838176918029785223e-01
2.507556533813476429e-01
-1.234351348876953081e-01
-1.147109756469726571e+00
1.592448139190673906e-01
-4.239556884765625089e-01
-7.103421783447265714e-01
7.994786834716797186e-01
-1.438811206817627031e-01
1.095749282836913974e+00
3.823275756835937678e-01
-6.849844360351562411e-01
2.331542396545410178e-01
-3.477561569213867276e-01
1.006582412719726483e+00
4.428570175170898349e-01
1.536986999511718688e+00
7.601132965087891158e-01
7.758797168731688954e-02
-2.626308441162109597e-01
6.535426330566406206e-01
4.467028141021728294e-02
-2.362447738647460993e-01
8.551705169677734641e-01
-8.844934463500976618e-02
nan
nan
nan
nan
7.299842071533203525e-01
6.081230926513672141e-01
-3.333643341064453369e-01
-3.642669296264648415e-01
-3.245964050292968750e-01
7.692696380615234863e-01
2.043486595153808441e-02
-1.354202842712402266e-01
-5.623362350463867454e-01
-8.329693603515625488e-01
1.214758987426757919e+00
3.607294464111328036e-01
-9.304026794433594150e-01
-8.625841140747070312e-02
7.231349945068359375e-01
-7.630860900878906339e-01
-4.681024932861327925e-01
5.797474670410156516e-01
1.083205261230468786e+00
8.486689758300781650e-01
-5.452495574951171653e-01
6.833595275878906472e-01
7.162377929687500089e-01
9.930832672119140891e-01
1.125520706176757812e+00
-7.583138275146484863e-01
5.594791030883788929e-01
-3.457296848297119335e-02
nan
nan
nan
nan
3.537995529174804421e-01
-2.422897338867187611e-01
-5.201824951171875044e-01
-6.588859558105468750e-01
-1.511813201904296911e+00
2.101929903030395549e-02
3.616667938232421831e-01
-8.164247512817382479e-02
-7.122822570800780850e-01
6.631705474853515359e-01
9.419194793701172186e-01
2.036800193786621194e-01
-8.343441772460937766e-01
-1.585064029693603604e-01
2.964998435974121049e-01
8.058599090576171742e-01
8.793121337890624778e-01
1.149766063690185608e-01
2.046644401550292980e-01
-2.585033798217773460e-01
2.224705696105956920e-01
1.032945709228515696e+00
1.282906150817871016e-01
5.253770446777343839e-01
-2.922347640991210804e-01
4.203360080718994418e-02
5.044390106201172008e-01
-3.472766876220703125e-01
nan
nan
nan
nan
-4.534232711791992276e-01
-7.797057342529296609e-01
1.673817634582519531e-01
9.318924713134765225e-01
1.110791168212890589e+00
-8.567120361328125488e-01
8.727461814880371760e-02
1.816129684448242101e-03
-2.200181484222412179e-02
7.894121551513672008e-01
-2.733721923828125178e-01
2.468408966064453147e-01
-6.350477695465088501e-02
1.974112391471862654e-02
-9.407650756835937988e-01
-1.351279163360595836e-01
-1.536482048034668035e-01
1.050378322601318304e-01
4.674685287475586204e-01
-5.111668395996094016e-01
1.174697113037109358e-01
7.229199981689453658e-01
-3.878865051269531072e-01
2.558837890624999778e-01
-2.794150543212890470e-01
-8.784951019287109419e-01
-5.902368545532226118e-01
-7.400512695312500000e-01
nan
nan
nan
nan
-2.004098510742187422e-01
-3.429017257690429865e-01
-3.908822250366210671e-01
7.191560363769531339e-01
8.822911071777344016e-01
9.028950691223144864e-02
-7.987445068359374512e-01
7.505595397949218484e-01
7.840748596191405850e-01
-2.083849525451660079e-01
-5.706690597534179732e-01
-2.163267135620117188e-01
2.635094642639160267e-01
-2.307466506958007757e-01
2.729517555236816162e-01
1.840338325500488204e-01
-1.009559631347656250e+00
-9.334394073486328436e-01
4.260498046874999778e-01
3.105078315734863259e-01
-4.367086791992187411e-01
1.003894729614257741e+00
-3.254691696166991943e-01
4.343223571777343750e-01
4.219587326049804576e-01
1.582785491943359268e+00
1.504053497314453036e+00
-1.075589942932128895e-01
nan
nan
nan
nan
-4.642463684082031028e-01
6.351800537109375533e-01
-6.078606033325195668e-01
-1.024748458862304590e+00
-2.472151184082031217e-01
8.566245269775391025e-01
-3.804006195068359575e-01
-4.805685043334960715e-01
6.066780471801758168e-01
2.065250205993652277e-01
-1.713492584228515636e-01
7.327358245849608931e-01
-3.711950302124023549e-01
-1.622622375488281143e+00
-3.633994674682617387e-01
3.132170867919921720e-01
-2.863030052185058794e-01
1.225349426269531222e-01
-7.889208984375000178e-01
-3.400821304321289262e-01
3.982980346679687589e-01
2.575272023677825737e-03
-1.228087692260742214e+00
-1.326170196533203116e+00
-1.013847503662109295e+00
-6.781855010986328480e-01
8.371318817138672097e-01
3.704853057861328125e-01
nan
nan
nan
nan
-1.104787902832031321e+00
3.407209396362304576e-01
3.814393997192382924e-01
7.197313690185547230e-01
-6.383579254150389959e-02
-5.122868347167969238e-01
-7.518490600585937544e-01
4.623548889160156161e-01
7.154696655273437012e-01
5.185804367065429688e-01
-5.654956817626952820e-02
1.054279804229736259e-02
-2.004730987548828114e-01
-2.909492111206054554e-01
-1.072039718627929794e+00
-7.454421234130859109e-01
-4.746429443359375111e-01
-1.964605522155761785e-01
6.182126617431640270e-01
9.016613769531249822e-01
-2.979384660720825126e-02
8.238538503646850031e-03
2.431800651550292958e-01
5.364420318603515536e-01
4.366102981567382968e-01
-2.851824760437011719e-01
3.023374938964843994e-01
-9.419363403320312189e-01
nan
nan
nan
nan
-1.089029998779296848e+00
9.029126739501953658e-01
-5.494218444824219283e-01
-7.253795623779296653e-02
4.601742553710937433e-01
-6.852763366699218262e-01
4.737844848632812300e-01
-1.699848556518554765e-01
1.890273857116699097e-01
6.288645267486572821e-02
9.525253295898437056e-01
5.452642059326171520e-01
-1.537595367431640603e-01
7.655759429931641158e-01
-8.560211181640624556e-01
-3.235282897949218750e-01
-2.574905586242675626e-01
-7.614977264404296786e-01
8.895422935485840232e-02
-1.670859527587890692e-01
-4.806002974510193218e-03
6.811076998710632532e-03
-5.801430892944335893e-01
3.804449081420898521e-02
-6.237489318847656561e-01
5.929771804809570446e-01
3.054567527770996049e-01
-2.020838928222656317e-01
nan
nan
nan
nan
-9.385006904602050115e-02
-4.207691574096679710e-01
-4.183471202850341797e-03
-3.403666687011718817e-01
-8.182080841064452992e-01
-5.860625839233398748e-01
-1.130854412913322388e-03
-1.347290325164794966e-01
3.318593978881835826e-01
5.598696136474609064e-01
6.868643188476561967e-01
-5.640321731567382590e-01
1.547238159179687544e+00
4.646860504150390758e-01
3.515351104736328391e-01
1.137243747711181585e-01
2.787685966491699197e-01
-8.309941101074218572e-01
-4.215171432495117276e-01
2.480250740051269664e-01
7.979104614257812589e-01
3.141480207443237554e-02
3.098795509338378995e-01
1.135670242309570366e+00
2.090606536865234233e+00
-1.118950958251953232e+00
-9.867459869384765936e-01
4.333745574951171631e-01
nan
nan
nan
nan
1.129757022857666021e-01
1.236551895141601465e+00
5.506643676757811967e-01
-1.354528427124023458e-02
-2.054917144775390558e-01
-3.660269546508789218e-01
-6.472291564941405895e-01
-5.136367416381836248e-01
-3.192604064941406139e-01
-7.159019470214843528e-01
-9.451515197753905806e-01
-1.343187408447265696e+00
4.962088012695312633e-01
-9.747059631347656516e-01
2.031235313415527266e-01
7.814137268066406738e-01
-2.576576232910156028e-01
-4.302707290649414040e-01
2.196335315704345606e-02
6.467399597167968750e-01
-1.651307868957519465e-01
4.964154243469238309e-02
2.846153450012207098e-01
-9.250232696533202681e-01
-1.333881683349609437e+00
2.918382644653320090e-01
6.235492706298827875e-02
-6.042019271850586071e-01
nan
nan
nan
nan
-6.033974838256835893e-01
6.650621032714844061e-01
4.925365829467773238e-01
-3.095985221862793124e-01
-1.172684192657470759e-01
1.134482979774475118e-02
1.340195159912109357e+00
-4.936590957641601718e-01
4.259675979614258035e-01
-4.368870544433594016e-01
3.057395553588866943e-01
-3.416143417358398215e-01
-3.907117080688476407e-01
-1.108950881958007839e+00
3.495959758758544755e-02
5.921837806701660267e-02
-4.353663635253905984e-01
4.687710285186767745e-02
2.301428794860839733e-01
-1.956405639648437500e-01
-4.478857421874999911e-01
9.082468032836914229e-02
-6.617746353149414618e-02
1.138538455963134799e-01
-2.459380149841308705e-01
3.561651229858398687e-02
6.859344482421875222e-01
-1.670063591003417836e-01
nan
nan
nan
nan
8.197238159179687234e-01
8.437846374511718262e-01
5.494533538818359153e-01
1.068125820159912115e-01
1.074718246459960946e+00
1.023627853393554721e-01
5.464385223388671387e-01
1.834437370300293080e-01
6.868921661376953258e-01
-1.996876955032348550e-02
1.415318489074706976e-01
4.558324050903320157e-01
3.144736671447753706e-01
4.954833602905273637e-01
-5.907249450683593750e-01
9.423779296875000044e-01
-2.764052152633666992e-02
1.318073630332946763e-02
-1.263095550537109313e+00
5.061011886596680220e-01
9.013434600830078081e-01
-1.334055519104003773e-01
-1.057848095893859815e-02
4.929665565490722740e-02
-5.114857196807861411e-02
5.828720474243164196e-01
nan
-8.264690399169921653e-01
nan
nan
nan
nan
-3.060755729675292969e-01
2.438075065612793080e-01
-9.203820800781250533e-01
1.240237140655517517e-01
-1.280373229980468652e+00
9.178350830078124689e-01
2.151248931884765514e-01
8.041069793701172141e-01
-7.403145790100097712e-02
3.560226058959961026e-01
7.748229980468750444e-01
-5.242061233520507457e-01
-7.077800750732421431e-01
8.515029144287109553e-01
9.466699981689452592e-01
3.097384071350097745e-01
-7.876388549804687056e-01
-5.125991058349609331e-01
6.961692047119140137e-01
-9.356174468994141180e-02
1.173058128356933572e-01
-3.275425720214844016e-01
-1.180402603149414142e+00
-1.821400070190429821e-01
-1.625181317329406697e-02
1.401891174316406197e+00
1.820482063293457076e-01
-7.017440032958984775e-01
nan
nan
nan
nan
1.602067260742187527e+00
7.233511352539062633e-01
nan
9.722586059570312855e-01
2.190514755249023393e-01
4.125000381469726696e-01
-1.787450408935546964e-01
2.245109939575195279e-01
-9.848529815673828791e-02
-8.357295989990234375e-01
-2.942311859130859464e-01
6.610506439208984064e-01
-1.320180664062500009e+00
-3.732421112060546609e-01
4.051698303222656117e-01
-3.020424461364746294e-01
-4.369232177734375111e-01
1.675833320617675648e-01
3.823230743408203014e-01
-3.421326065063476363e-01
-3.613612747192382901e-01
-2.067762565612792924e-01
1.425171051025390545e+00
-2.612637710571288907e-01
-9.284120941162109508e-01
-1.155869140624999902e+00
-6.352508926391601252e-01
3.165218830108642439e-02
nan
nan
nan
nan
-5.063720703124999778e-01
-1.270576248168945321e+00
4.439049530029297030e-01
2.983522033691406450e-01
-1.760499382019042880e-01
6.306481170654296697e-01
-1.463254547119140492e-01
7.333107471466064620e-02
5.091576004028319780e-01
-1.384443206787109304e+00
-1.189042053222656214e+00
1.223254699707031268e+00
-1.601744842529296831e-01
6.267534637451172008e-01
8.390534973144531117e-01
1.661944427490234411e+00
1.945786666870117088e-01
8.524014282226562988e-01
1.508756542205810514e-01
9.340359497070312988e-01
1.674370574951171975e-01
-4.072656250000000200e-01
3.244746398925781317e-01
1.141973190307617125e+00
-3.192650985717773171e-01
6.321080780029296742e-01
-3.946778869628906339e-01
6.560724639892577814e-01
nan
nan
nan
nan
2.086388778686523449e-01
8.292089843750000133e-01
1.802930068969726685e-01
-4.084729385375976407e-01
-5.929676818847656738e-01
2.894965744018554443e-01
3.205242538452148238e-01
-4.208057022094726651e-01
-9.998911285400390314e-01
1.225996780395507857e+00
5.259054183959961382e-01
7.888198089599609553e-01
-1.231867065429687491e+00
1.015662231445312536e+00
6.106856822967529630e-02
-5.939186477661132502e-01
-6.146090316772461204e-01
-7.409018039703368919e-02
1.020829081535339425e-02
-1.194783496856689498e-01
2.546226501464843861e-01
-1.466864585876464788e-01
-1.612700843811035178e-01
5.654182052612304332e-01
1.795838317871093714e+00
-1.082268829345703232e+00
5.746166229248046431e-01
-8.492329406738281516e-01
nan
nan
nan
nan
1.756567573547363204e-01
7.885080718994140758e-01
-3.160964584350585693e-01
-8.558142089843749911e-01
4.351829147338867054e-01
5.869328689575195046e-01
8.189177703857422053e-01
6.770642089843750266e-01
6.035662078857422230e-01
-8.553414916992188033e-01
-1.497591209411621160e-01
-2.896298599243163907e-01
-7.226498413085937766e-01
-7.769763183593749734e-01
-1.101794357299804794e+00
1.948100090026855524e-01
-2.639226913452148438e-01
3.381967067718506109e-02
1.077390747070312571e+00
7.287822723388671653e-01
1.538776111602783159e-01
4.752450561523437478e-01
-2.240558242797851540e-01
4.861147308349609286e-01
3.637094879150390425e-01
-6.282983016967773615e-01
-9.746830749511719016e-01
-8.268905639648437278e-01
nan
nan
