nan
nan
-6.931110382080077903e-01
-6.306066513061523750e-03
-3.604262161254883079e-01
8.144821929931640447e-01
4.649967956542968572e-01
8.956465911865234553e-01
5.585135269165039107e-01
-9.440064430236815973e-04
-6.891265106201172053e-01
-4.204053115844726407e-01
-1.157695541381835946e+00
-5.001935958862304688e-01
-4.088220977783202925e-01
1.265100288391113326e-01
3.750906753540039218e-01
-2.144231349229812518e-03
-3.028486442565918035e-01
-2.089649009704589722e-01
-4.985309982299804821e-01
-8.850354766845702770e-01
6.436579132080078036e-01
6.011888122558594061e-01
3.966656029224396168e-03
1.029570541381835902e+00
-1.116729049682617214e+00
-5.904960632324218750e-02
-9.837759399414062189e-01
-1.406445770263671902e+00
nan
nan
nan
nan
5.140482711791992676e-01
9.401213073730468883e-01
3.812826538085937744e-01
-8.200609207153319868e-02
-1.238459777832031206e+00
-1.989513854980468732e+00
-1.474252700805664118e-01
8.245100402832030717e-01
4.735516357421875044e-01
3.122569656372070068e-01
-1.294563293457031250e+00
-1.206510772705078116e+00
-5.028787231445313033e-01
2.293231582641601651e-01
-2.841553878784179865e-01
-2.630038642883300581e-01
7.076676177978515891e-01
-1.527502441406249911e+00
-3.092898130416870187e-02
-5.204362487792968395e-01
-2.862850379943847612e-01
-2.747289085388183727e-01
8.903913879394531605e-01
1.073503341674804767e+00
1.031614532470703116e+00
-1.707771873474120961e-01
1.060663299560546946e+00
-5.995679473876953658e-01
nan
nan
nan
nan
-8.210301208496093572e-01
-1.005578231811523393e+00
-6.512368774414062367e-01
-5.423305511474609819e-01
-5.664457702636718217e-01
1.330721740722656143e+00
3.732887268066406028e-01
-6.574971771240234464e-01
6.656665802001953125e-01
-5.120405578613280717e-01
-3.727554321289062722e-01
-9.370299530029296831e-01
5.705109786987304643e-01
5.295203399658202637e-01
6.171429443359375266e-01
1.265348052978515492e-01
-2.928592300415038818e-01
-7.775214385986327637e-01
-7.930358886718750222e-01
1.945855903625488270e-01
2.199915695190429732e-01
-2.853251218795776339e-02
4.105352401733398660e-01
-1.536350860595703027e+00
4.219370651245117343e-01
1.662525177001953069e-01
-8.865950012207031161e-01
-1.031366062164306707e-01
nan
nan
nan
nan
1.304416809082031170e+00
-2.745835113525390558e-01
4.372307777404785267e-02
-8.703539848327636330e-02
5.554281997680664551e-01
5.696121215820312278e-01
1.137526550292968786e+00
-9.474401855468750355e-01
-2.954466247558593661e-01
2.097414970397949163e-01
3.467478942871093928e-01
2.736158943176269509e-01
-5.061185836791992632e-01
7.487153530120849165e-02
-2.997809171676635645e-02
-3.138210296630859486e-01
-6.559183597564697057e-03
2.486749839782714799e-01
-1.463109130859375107e+00
-5.271488189697265403e-01
5.872576141357421786e-01
-1.507616615295410134e-01
3.743883132934570090e-01
3.394381332397460871e-01
-3.998820495605468484e-01
4.095548248291015492e-01
2.178286170959472523e-01
-2.948069953918456831e-01
nan
nan
nan
nan
-3.460949707031250044e-01
4.055783081054687433e-01
1.543922805786132890e-01
-6.799229431152343794e-01
-5.293987655639648127e-01
5.239337921142578347e-01
9.615092468261718928e-01
-2.530073928833007635e-01
-3.336738586425781056e-02
3.058575439453125044e-01
1.051194152832031214e+00
5.292132568359374512e-01
7.375300598144530762e-01
-9.544700622558593972e-01
5.665209579467773704e-01
1.389794540405273338e-01
7.971206665039062278e-01
6.402877044677733887e-01
-2.165589141845703225e-01
7.130476951599121205e-02
-1.895596265792846846e-02
1.002314472198486267e-01
4.322296905517578058e-01
-1.861067047119140616e+00
-6.301213836669922186e-01
-1.207676925659179723e+00
1.549106140136718768e+00
3.643212890624999978e-01
nan
nan
nan
nan
-4.237093734741210760e-01
-1.076604156494140652e+00
-2.485738754272460993e-01
-1.006918106079101483e+00
4.478116989135741965e-01
1.297093048095703027e+00
2.437221145629882846e-01
1.287317562103271473e-01
-7.255819320678710826e-02
-7.443645477294922319e-01
4.414582824707031228e-01
-4.601519584655761747e-02
-6.782312011718749645e-01
1.684250488281249902e+00
-1.216972427368164134e+00
1.777447319030761586e-01
4.040879821777343950e-01
6.774723052978515181e-01
6.924825286865234908e-01
-1.545219879150390607e+00
3.963129425048828036e-01
-2.054496574401855347e-01
8.335289001464843972e-01
5.988637161254882768e-01
-7.781106948852539729e-02
8.340350151062012052e-02
-6.819361209869384544e-02
-2.133606147766113348e-01
nan
nan
nan
nan
9.325840950012206920e-02
-1.580736999511718643e+00
-9.800511169433593350e-01
8.233733367919922053e-01
-5.364520263671874734e-01
-9.997140502929687811e-01
-2.306328058242797935e-02
2.488040542602538985e-01
3.165512561798095731e-02
-1.814938163757324197e-01
-7.910855865478515492e-01
-2.067422866821289062e-01
-9.816263580322265314e-01
3.854532241821289062e-01
-3.584638833999633650e-02
-1.649858283996581965e-01
3.374620437622070090e-01
-7.492274284362793191e-02
-2.196341323852538940e-01
-8.380379486083984197e-01
-8.228591156005858887e-01
1.960469436645507768e-01
-1.234462051391601589e+00
-1.320883083343505904e-01
1.292077941894531179e+00
9.184510040283203613e-01
-5.287251281738281072e-01
-5.662416458129883035e-01
nan
nan
nan
nan
7.204830932617187766e-01
-1.012717666625976509e+00
3.793949186801910331e-03
-7.262187957763671653e-01
3.387818908691406228e-01
4.836643600463867432e-01
-3.045265388488769265e-01
-7.542485046386718794e-01
5.785197448730469150e-01
-3.557745218276977400e-02
-3.415447998046874933e-01
-5.194692230224609020e-01
3.592512130737304799e-01
3.247778701782226829e-01
-6.954315185546875444e-01
6.450265645980834961e-03
-9.792832374572753296e-02
2.696096658706665164e-02
1.483828163146972690e-01
2.884846496582031405e-01
2.536750984191894487e-01
-8.678751373291015980e-01
6.710693359375000111e-02
9.255652427673340121e-02
7.925379943847655762e-01
-3.878704452514648571e-01
1.285400238037109455e+00
-9.530662536621093972e-01
nan
nan
nan
nan
1.528821563720703214e+00
4.173609161376953258e-01
3.864560317993164240e-01
4.297632217407226785e-01
-2.866153717041015625e-01
6.929135322570800781e-02
1.068239364624023358e+00
-2.905804634094238392e-01
9.764543151855469283e-01
6.452675628662108975e-01
1.925020790100097634e-01
-2.105514907836913974e-01
-5.065045547485351740e-01
4.852414703369140603e-01
2.307550811767578036e-01
-1.331664562225341741e-01
9.513251304626464677e-02
8.423256874084472656e-02
2.753847122192382840e-02
-2.171949386596679632e-01
-3.155224800109863170e-01
6.143421554565429155e-01
-1.719592475891113248e-01
4.995563507080078014e-01
-6.604641723632812544e-01
1.241397399902343768e+00
-6.648066711425780762e-01
2.120754432678222667e-01
nan
nan
nan
nan
-4.827770233154296542e-02
5.353494262695313033e-01
4.389733123779296919e-01
-3.344333648681640514e-01
2.279612541198730580e-01
5.702707672119140536e-01
9.644834136962890936e-01
5.810104751586914196e-01
-9.688291931152344105e-01
-4.052368927001953058e-01
-1.730598297119140705e+00
2.960434913635253684e-01
-3.338678741455078369e-01
-8.324552154541016158e-01
-7.386596679687500444e-01
-4.018462753295898304e-01
-5.975600814819336248e-01
-3.182084846496582298e-01
-2.494879341125488259e-01
3.757394790649414285e-01
-5.850053787231445090e-01
3.923886108398437766e-01
-5.407974624633788974e-01
-7.048827362060546831e-01
8.623053550720215232e-02
2.018670082092285101e-01
7.257296752929687234e-01
5.614121246337890891e-01
nan
nan
nan
nan
-1.314940032958984428e+00
5.430065536499023571e-01
8.501435089111327725e-01
7.793607330322265270e-01
-2.764773750305175581e-01
-4.691942977905273482e-01
-4.207482910156249978e-01
1.871629905700683549e-01
-1.119406127929687411e+00
1.908172416687011763e-01
-9.361202239990233931e-01
-1.427659454345703072e+00
-3.111862182617187722e-01
-2.687351417541503640e-01
-1.259121627807617161e+00
2.623578071594238059e-01
-1.656955528259277388e-01
3.121276283264159956e-01
3.606952667236328069e-02
-2.994273376464843817e-01
-8.890723419189453525e-01
-4.459494400024414107e-01
-9.713045501708984508e-01
-1.750070571899414174e-01
8.494878387451172408e-01
3.664452362060546808e-01
3.310605239868164018e-01
-6.458219146728515492e-01
nan
nan
nan
nan
1.205106582641601642e+00
9.234905242919921875e-01
-6.009169769287109331e-01
-3.277938842773437389e-01
6.187014389038085760e-01
-3.889270782470702903e-01
-4.428316593170165960e-02
1.351960539817810038e-02
-1.418661346435546866e+00
-4.640946578979492365e-01
3.638734579086303628e-02
-5.332202148437500400e-01
1.132035217285156214e+00
5.387911224365233842e-01
-5.864791393280029130e-02
1.032231979370117125e+00
5.767250061035156250e-01
4.639904403686523349e-01
-2.730367279052734464e-01
-6.999330520629883090e-02
6.335872268676757679e-01
-4.849964523315429821e-01
1.008859176635742205e+00
1.063174209594726527e+00
1.055304565429687536e+00
2.827783012390136519e-01
1.428193378448486262e-01
1.547253370285034228e-02
nan
nan
nan
nan
-5.404624557495116832e-01
1.551835632324218839e-01
2.172022438049316384e-01
-1.183295974731445321e+00
9.157016754150391069e-01
-7.611398315429687145e-01
6.893759918212890581e-01
-4.204845046997070512e-01
2.027733612060546864e-01
3.560917663574219016e-01
9.710536956787109153e-01
6.805288696289062411e-01
7.656248569488526001e-02
-1.340156097412109393e+00
1.526916599273681618e-01
-1.497578048706054710e-01
6.246960067749023349e-01
4.189627075195312411e-01
2.076034927368164140e-01
-1.469171166419982848e-02
-4.426890182495117343e-01
8.342089843750000178e-01
6.115569305419922275e-01
8.443218994140625488e-01
-8.534246826171875133e-01
9.848972320556641236e-02
6.942403411865234464e-01
-7.696455001831054021e-02
nan
nan
nan
nan
-9.465634918212890714e-01
6.819677734375000355e-01
-4.288776779174804932e-01
-7.354138946533202992e-01
4.433000183105468839e-01
1.229627037048339894e-01
3.821925354003906095e-01
9.689289855957031738e-01
6.460942840576171520e-01
-7.167733001708984641e-01
-3.419797515869140714e-01
3.204128646850585849e-01
-3.745514678955078058e-01
-6.286571884155273127e-01
-3.986898040771484353e-01
2.874643564224243011e-02
8.546819305419921520e-01
-5.960298538208007590e-01
-4.600744247436523438e-01
5.244173431396483842e-01
4.646498107910156383e-01
-2.626499176025390847e-01
-6.773090839385986772e-02
-1.358797302246093741e+00
6.750183868408202725e-01
-3.841677474975586093e-01
1.402676224708557066e-02
9.457472991943359775e-01
nan
nan
nan
nan
1.010561828613281143e+00
5.121226882934570845e-01
6.084785461425780938e-03
-3.974890136718750022e-01
7.393915557861328036e-01
-1.122707901000976616e+00
-1.408283615112304599e-01
9.329362487792969283e-01
-2.848158645629882968e-01
-1.904171180725097723e-01
1.151823654174804590e+00
-2.797093772888183394e-01
-3.411349487304687345e-01
1.090520095825195268e+00
2.012075805664062522e-01
-5.950094223022460715e-01
1.936492538452148360e-01
-5.539195632934570401e-01
-3.423026657104492054e-01
-2.338611984252929599e-01
-5.255896759033202859e-01
9.512882995605468350e-01
-6.233541488647460493e-01
-8.403474807739258479e-02
-3.985514450073242010e-01
-2.079323768615722601e-01
6.688506317138671609e-01
-4.613340377807617076e-01
nan
nan
nan
nan
1.259676647186279419e-01
-4.572294235229492076e-01
3.325133132934570135e-01
-8.018859100341796387e-01
3.448097229003906361e-01
-1.356757049560546768e+00
-4.573864746093749822e-01
3.692947006225585915e-01
-1.034015350341796813e+00
2.407641649246215765e-02
-6.341336059570312766e-01
-3.326075363159179954e-01
-4.702233314514159962e-02
-8.970727920532226007e-02
1.020312652587890723e+00
-3.571057796478271235e-02
-4.381215667724609464e-01
9.191514253616332383e-03
-9.030465126037597046e-02
3.752348327636718661e-01
-3.558935928344726385e-01
-3.054870796203613126e-01
7.926404571533203214e-01
1.684924926757812580e+00
4.588137054443359175e-01
-2.333621978759765625e-01
-5.987357711791991832e-01
5.118629837036132724e-01
nan
nan
nan
nan
1.393281936645507924e-01
-1.850100708007812456e-01
-4.106929397583007901e-01
-5.419134521484374467e-01
-1.036269531250000098e+00
7.686983942985534807e-03
5.057000732421874645e-01
-3.046510124206542880e-01
-6.112976837158202725e-01
-5.707383728027344283e-01
6.091582870483398526e-01
7.703646087646484064e-01
-1.279302024841308671e-01
-1.023314952850341852e-01
-4.194412612915038863e-01
-6.766353607177734153e-01
-1.059712905883789080e+00
-4.717958450317382701e-01
6.015526199340820446e-01
-8.265296936035155806e-01
2.572150993347168124e-01
-5.753443527221679954e-01
8.762610626220702637e-01
-3.928178024291992254e-01
3.190638923645019442e-01
-3.696273040771484442e-01
-2.267806053161621205e-01
4.493656921386718905e-01
nan
nan
nan
nan
1.563878936767578054e+00
1.193163375854492170e+00
1.355747528076171937e+00
4.586300849914550642e-02
6.022010421752930220e-01
-4.195702552795409906e-02
2.119250106811523537e-01
1.752935409545898493e-01
-1.053267745971679714e+00
1.129316024780273375e+00
7.949638366699218750e-01
-5.374462890625000266e-01
-6.524763488769531605e-01
6.767017364501953791e-02
4.866079711914062522e-01
3.764889240264892439e-02
-1.584665527343749991e+00
-5.068523025512695623e-01
-1.082744293212890563e+00
1.193818664550781339e+00
3.053180885314941140e-01
2.916937065124511896e-01
-4.509622192382812256e-01
3.787693405151367210e-01
-9.198696899414062766e-01
1.440620574951171795e+00
-1.360865478515624893e+00
-4.574311065673828391e-01
nan
nan
nan
nan
4.839796066284179910e-01
-9.030812835693359242e-01
1.285029144287109348e+00
-3.888890075683593683e-01
6.974265289306640359e-01
4.223920059204101518e-01
-1.166514205932617232e+00
2.374362945556640625e-01
-4.457050323486327903e-01
-8.062866973876953169e-01
4.609706878662109264e-01
-1.601762390136718839e+00
-1.137938766479492214e+00
-6.169263458251953436e-01
-4.295515441894531272e-01
-1.419554233551025280e-01
-2.741513061523437322e-01
3.932620239257812456e-01
6.556206512451171475e-01
3.421337890625000266e-01
3.335005569458007746e-01
4.238817977905273704e-01
-3.298269271850585715e-01
1.563172721862793046e-01
6.949561309814452637e-01
3.118924713134765825e-01
nan
-4.573505401611328014e-01
nan
nan
nan
nan
-2.099429893493652277e-01
1.155232849121093697e+00
5.638113784790038663e-01
8.161587524414062322e-01
-6.640734100341796342e-01
1.087702026367187491e+00
-4.313798904418945090e-01
-6.091739654541015181e-01
-5.661763000488281294e-01
2.284831237792968872e-01
-5.990605163574218572e-01
-3.394242477416992143e-01
-5.065682983398437367e-01
6.952142333984374645e-01
1.456343460083007746e-01
3.962401580810546720e-01
1.191418766975402797e-02
2.732671737670898660e-01
2.159704208374023382e-02
-7.752974700927733887e-01
3.729892349243164040e-01
2.638356781005859464e-01
-5.927988529205321933e-02
1.707095336914062622e-01
8.833113861083984331e-01
-3.629444837570190707e-02
-8.071584320068359020e-01
5.338743972778320357e-01
nan
nan
nan
nan
5.206678009033203214e-01
1.171108531951904341e-01
nan
-5.413196945190429377e-01
6.665921783447266158e-01
-1.018853149414062464e+00
-1.380169105529785167e-01
7.388613891601562012e-01
1.407008514404296973e+00
-3.363452911376952903e-01
4.725069522857665988e-02
1.932457542419433461e-01
-8.034895324707030939e-01
7.797418117523192971e-02
-5.886528396606445224e-01
1.203182983398437544e-01
7.375757598876953036e-01
-8.950052261352539618e-02
-3.217915725708007657e-01
-2.426527976989746038e-01
2.269538116455078192e-01
-6.814648437500000488e-01
8.965264129638671475e-01
-4.070891189575195357e-01
-4.492442607879638949e-02
1.536569786071777244e-01
5.819190597534179554e-01
7.115813446044921831e-01
nan
nan
nan
nan
-6.022134399414063033e-01
8.301192474365234331e-01
-9.089932441711426336e-02
-7.060131072998047097e-01
-8.571404266357421919e-01
1.014328689575195286e+00
1.161071586608886652e-01
-6.207610321044921831e-01
-1.301125717163086060e-01
-6.454914855957031294e-01
2.899968147277832142e-01
5.776364135742187988e-01
5.282281112670897949e-01
-5.627040100097656650e-01
2.265058326721191284e-01
-9.499759674072265347e-02
-4.039916229248046720e-01
-4.438175582885742210e-01
-8.306296539306640137e-01
2.059015464782714966e-01
-2.433069610595703092e-01
-5.987240982055663796e-01
-8.664118194580078258e-01
-3.268392944335937744e-01
3.625167846679687722e-01
-1.075524330139160101e-01
-1.646613883972168069e-01
1.663147583007812402e+00
nan
nan
nan
nan
4.894270706176757635e-01
6.612831115722656028e-01
9.433724284172058383e-03
7.396842193603515581e-01
-8.342677307128906206e-01
-7.525721740722656206e-01
-1.636523246765136663e-01
-4.659377670288085693e-01
7.565571594238281738e-01
1.250935516357421839e+00
6.817745971679687322e-01
-9.697908782958983842e-01
8.318675041198730913e-02
4.519642257690429932e-01
-8.335437774658203125e-01
-7.342864227294921831e-01
7.348835754394531516e-01
1.079510269165039116e+00
-2.498691749572753973e-01
3.263819503784179954e-01
-3.444381713867187278e-01
-1.016280441284179714e+00
-6.163347625732421564e-01
-5.757156372070312278e-01
-5.591916275024414462e-01
-4.935736083984375022e-01
-1.044315643310546937e+00
2.289555740356445379e-01
nan
nan
nan
nan
6.366479873657227007e-01
-6.744998455047607200e-02
-3.848509979248047053e-01
7.707492065429687456e-01
-1.589919757843017700e-01
-5.742078018188476740e-01
-3.704295730590820290e-01
6.177050399780273926e-01
6.671889495849608887e-01
1.314455795288085871e-01
1.571533203125000000e+00
-1.532286357879638627e-01
1.178617095947265714e+00
-1.336893615722656303e+00
2.288781881332397489e-02
6.611442565917968750e-01
-7.054161071777343972e-01
-4.067655563354491965e-01
1.242170944213867090e+00
-1.499798126220703187e+00
-3.302409744262695401e-01
-7.159488677978516069e-01
-9.420871734619140625e-01
-7.245207977294921831e-01
-1.234273815155029347e-01
-1.221917057037353455e-01
-1.562146663665771595e-01
1.334501647949218661e+00
nan
nan
