nan
nan
6.023927307128906783e-01
-1.155406570434570401e+00
-8.134762048721313685e-03
-2.096148490905761774e-01
1.792945861816406250e+00
3.033991813659667747e-01
-4.946147155761718706e-01
5.354872131347656605e-01
2.628717041015625200e-01
-1.666741943359374978e-01
1.287509632110595825e-01
-2.379588317871093928e+00
3.733013153076171764e-01
-4.127633285522460671e-01
-8.037208557128906472e-01
1.458725547790527266e-01
-1.031148071289062607e+00
-2.578553962707519354e-01
-1.335796833038330016e-02
-1.364312934875488159e-01
1.696535873413085871e-01
3.793726730346679843e-01
-4.578926849365234641e-01
-3.016130638122558327e-01
-1.092224578857421857e+00
2.476226043701171831e-01
3.101310348510742387e-01
3.359680175781250000e-01
nan
nan
nan
nan
8.776908874511718528e-01
6.891984558105468395e-01
9.888326263427734686e-01
1.469495544433593759e+00
-2.166209220886230469e-01
8.394294738769531028e-01
1.880762672424316495e-01
3.183188438415527344e-01
5.460755538940429421e-01
7.704822540283202681e-01
-1.045982589721679679e+00
-3.905367660522460760e-01
7.765630245208740567e-02
-3.688457107543945401e-01
-1.128763046264648517e+00
3.272183990478515492e-01
-7.722817230224608975e-01
3.157103538513183483e-01
4.235523223876953014e-01
-1.071296615600585866e+00
-7.716075420379638061e-02
5.739934158325195046e-01
1.093724899291992125e+00
-9.071272277832030939e-01
4.852978897094726296e-01
-5.461911773681640270e-01
1.095704956054687429e+00
-2.331867027282714944e-01
nan
nan
nan
nan
-7.304341888427734464e-01
8.196379089355468883e-01
-2.329502487182617265e-01
6.328958129882812367e-01
-4.452569198608398171e-01
-6.374647903442383079e-01
-7.388539886474609908e-01
-7.601714324951172053e-01
-9.826167297363280762e-01
-2.809806632995605624e-01
-8.982592773437499956e-01
-2.687153434753418169e-01
2.229636764526367054e-01
1.113233661651611278e-01
1.643736839294433483e-01
1.162051391601562456e+00
-1.041977462768554741e+00
2.200436210632324141e-01
-3.234960937499999911e-01
8.509481811523437189e-01
-9.277754211425781605e-01
-1.466729888916015634e+00
-1.128688335418701200e-01
-1.356731109619140563e+00
4.393541717529296786e-01
1.276482391357421919e+00
8.801809310913086271e-02
-1.582794799804687402e+00
nan
nan
nan
nan
-9.275893211364745483e-02
-7.098567199707030984e-01
4.718668746948242454e-01
-1.318988609313964944e-01
1.131509857177734446e+00
-4.796495819091796675e-01
8.635679626464843883e-01
4.107281875610351296e-01
-6.502236175537109419e-01
1.204529953002929643e+00
-3.812483072280883900e-02
-1.474355316162109242e-01
7.706861877441406605e-01
-1.314421176910400280e-01
-2.491438388824462977e-03
-5.704609298706054821e-01
-4.847264099121093572e-01
-2.341832351684570435e-01
6.593560791015624645e-01
-5.470933532714843395e-01
-8.168572998046874645e-01
1.419613361358642578e-01
9.286135864257812900e-01
-2.657325506210327093e-02
-2.501703071594238437e-01
-5.088846969604492454e-01
6.496969604492187633e-01
-2.078401374816894465e-01
nan
nan
nan
nan
-7.339883422851563033e-01
8.680434417724609553e-01
-1.064799346923828161e+00
-2.455780029296875111e-02
-8.627598571777344016e-01
9.066729736328125178e-01
8.657801055908203036e-01
-1.140657348632812429e+00
-7.426535034179687633e-01
5.730889129638672141e-01
9.007944488525390092e-01
-4.794025802612304488e-01
3.011782836914062567e-01
-6.036668777465820090e-01
-4.023641586303711160e-01
-2.280009269714355358e-01
1.708894805908203196e+00
-1.328956508636474632e-01
-1.056214218139648331e+00
2.232006988525390589e+00
-6.739521026611328125e-01
-1.170269012451171931e-01
3.514745712280273326e-01
-3.608592987060547097e-01
3.836247253417968683e-01
-9.321458816528320479e-02
1.512626361846923784e-01
8.297098541259765314e-01
nan
nan
nan
nan
-8.785413360595702992e-01
-9.041335105895996482e-02
-2.702863311767578214e-01
-2.231221771240234353e-01
1.854763031005859375e-01
8.159531402587890669e-01
-3.609318923950195490e-01
-6.280009078979492676e-01
2.116662216186523393e-01
-5.382481575012207364e-02
6.542871856689452814e-01
4.318958759307861550e-02
-3.970701217651367299e-01
2.347975921630859331e-01
8.675473022460937766e-01
4.452897644042968506e-01
-1.429150485992431718e-01
-2.547510337829589910e-01
-2.117394828796386741e-01
4.595745849609375044e-01
-1.096525478363037098e-01
1.186946010589599587e-01
6.598666381835937012e-01
-5.867018222808837585e-02
-3.208353424072265536e-01
9.445140838623046486e-02
-5.388430023193359064e-01
1.055182723999023464e+00
nan
nan
nan
nan
-1.393110046386718759e+00
-2.908177185058593572e-01
5.182994079589843262e-01
-8.593144226074218572e-01
-1.353518772125244241e-01
-5.443740081787109553e-01
3.069490432739258035e-01
-9.488294219970703214e-01
4.452246856689452970e-01
7.395220184326172230e-01
-1.849529838562011808e-01
-1.779318237304687578e-01
-2.426562690734863359e-01
1.453085136413574119e-01
-7.028582763671874512e-01
-8.236141967773437100e-01
-7.192804813385009211e-02
-1.388364715576171804e+00
8.073071289062500044e-01
9.725503540039062145e-01
3.847702407836914307e-01
-1.613439636230468821e+00
1.928620529174804588e-01
-9.240940856933593794e-01
4.412781143188476696e-01
-4.980873584747314703e-02
2.884178733825683572e-01
-5.750984573364257280e-01
nan
nan
nan
nan
-1.029217834472656357e+00
8.048633575439453347e-01
-3.133266067504882901e-01
-2.035071945190429776e-01
-5.535707855224609730e-01
-2.806047630310058438e-01
-4.707784271240234575e-01
2.325704956054687467e-01
-1.088900680541992294e+00
-1.304710769653320279e-01
6.206183242797851385e-01
-4.397067260742187345e-01
-9.651268768310546919e-01
9.778369140624999512e-01
-4.827128410339355524e-02
3.865386199951171831e-01
7.501662445068358887e-01
1.480057983398437527e+00
-5.328044128417969150e-01
6.347719573974609508e-01
4.318179321289062345e-01
-6.595680236816405806e-01
9.124124145507812589e-01
1.921459045410156330e+00
-3.626181030273437633e-01
-5.207378387451171431e-01
-7.332544708251953480e-01
3.723171615600586182e-01
nan
nan
nan
nan
-7.623842239379882701e-02
-7.633654022216797008e-01
4.954415512084960893e-01
6.937993621826171742e-01
-5.535269927978515581e-01
-1.485281753540038940e-01
-9.533583068847656383e-01
1.923604393005371171e-01
6.548303222656249867e-01
-1.397501525878906303e+00
-2.236556434631347678e-01
7.290628910064697599e-02
4.824299621582031072e-01
6.387243270874023438e-01
-1.463534259796142600e-01
2.240408706665039107e-01
-8.706101226806640669e-01
3.594769287109375044e-01
-8.954715728759765625e-01
-3.969211959838866988e-01
-1.992754554748535079e-01
6.509885406494140270e-01
6.071212005615234109e-01
-5.851925277709960627e-01
-1.677122688293457009e-01
-5.498639297485351518e-01
5.046440124511718944e-02
-6.935441589355468839e-01
nan
nan
nan
nan
8.244956207275390137e-01
-6.238923645019531783e-01
5.654479217529296831e-01
4.067769622802734353e-01
9.497776031494140625e-01
-5.107223510742187750e-02
-7.689244079589844238e-01
8.454406738281250444e-01
3.259188842773437234e-01
8.551358795166015270e-01
-3.400453567504883035e-01
-4.681629562377929710e-01
-2.947602272033691406e-01
1.605999298095703187e+00
2.085821533203124911e-01
-5.912100601196289551e-01
-6.802008628845214455e-02
3.560091400146484508e-01
-1.764704513549804621e-01
1.843729257583618178e-02
-7.186560058593749467e-01
-1.768138580322265563e+00
3.631414413452148660e-01
9.902000427246093750e-01
1.644974327087402322e-01
3.758842468261718861e-01
-1.958759307861328014e-01
-2.828357696533203014e-01
nan
nan
nan
nan
8.506812286376953525e-01
-2.475893402099609286e-01
8.334610748291015891e-01
-5.268531799316406028e-01
5.845017623901367365e-01
-2.290677070617675726e-01
-6.332086944580077592e-01
4.261947631835937694e-02
5.414425849914551031e-02
5.610959625244140714e-01
7.561234283447265669e-01
-6.729669952392578480e-01
5.815520095825195135e-01
4.756425476074218617e-01
-8.190042114257812811e-01
5.519047927856445268e-01
-4.901603221893310880e-02
-8.106856346130371371e-02
-1.683885192871093783e-01
-6.245655822753906072e-01
1.069844284057617223e+00
5.574066638946533619e-03
2.443965148925781317e-01
5.771955490112304910e-01
5.892465591430664368e-02
-2.891726970672607588e-02
-1.203386840820312553e+00
-2.177108192443847623e-01
nan
nan
nan
nan
1.995834159851074263e-01
3.832039642333984197e-01
2.057089805603027344e-01
1.162308120727538974e+00
-5.074417495727538974e-01
-1.079365005493164054e+00
6.429859924316406738e-01
-6.368904876708983975e-01
1.164456100463867161e+00
1.933334732055664029e-01
-3.380318832397460893e-01
6.264477539062499600e-01
8.900686264038086548e-02
2.985067939758300759e-01
2.720129776000976829e-01
3.615170419216156162e-03
-3.018113327026367143e-01
-4.529007339477539307e-01
-4.375975418090820579e-01
4.904304885864257946e-01
1.389084625244140503e-01
-4.288073348999023593e-01
4.458280944824218883e-01
6.722903442382812678e-01
-1.156182937622070250e+00
2.960160064697265891e-01
2.328909873962402288e-01
-8.338996887207030806e-01
nan
nan
nan
nan
7.757950592041015225e-01
-5.724705886840820712e-01
-5.116074562072753934e-02
3.314197158813476651e-01
2.828981971740722745e-01
-6.444239807128906428e-01
6.730973815917968839e-01
-7.685901641845702681e-01
4.800431442260741921e-01
-3.084053754806518471e-02
-4.237598419189453347e-01
8.630145263671874512e-01
5.202399444580078081e-01
2.385998725891113337e-01
1.161029586791992196e+00
-1.087030487060546946e+00
9.952150726318359508e-01
-9.970479965209960715e-02
1.393628234863281357e+00
-2.070253133773803864e-02
-3.862308740615844754e-02
3.484977722167968972e-01
-7.052694702148437633e-01
-4.249621963500976318e-01
-4.795893192291259682e-02
-3.696498489379883012e-01
-1.523869800567626831e-01
-1.756595420837402388e-01
nan
nan
nan
nan
-1.106042022705078232e+00
5.077090454101562678e-01
-7.482511138916015936e-01
-6.395906066894531117e-01
-8.873335266113281383e-01
6.921084594726562012e-01
-2.013542938232421864e-01
7.983815765380859464e-01
3.405992126464843506e-01
1.155833892822265563e+00
4.603660583496093639e-01
6.424575805664062278e-01
-1.333713836669921937e+00
-1.138285980224609473e+00
-4.006500244140624722e-02
5.058992004394531339e-01
-5.862649154663085449e-01
9.216795349121094105e-01
7.396054077148437322e-01
-5.888061904907226918e-01
5.923216342926025668e-02
5.654521942138671653e-01
9.925144195556641069e-01
1.262306289672851634e+00
3.065761184692382679e-01
-1.008301696777343714e+00
-1.098030548095703107e+00
-4.186647033691406339e-01
nan
nan
nan
nan
-6.339982604980468617e-01
6.829638671875000178e-01
1.090386295318603455e-01
1.702136802673339944e-01
1.543641471862793046e-01
-5.741432571411132502e-01
5.385008239746094105e-01
-9.668143463134765137e-01
2.592157554626464688e-01
-5.003660964965820357e-01
-5.514060974121093306e-01
4.705331039428710671e-01
-7.605261993408203303e-01
2.594063186645507724e-01
2.192648506164550648e-01
-2.929506301879882812e-01
1.796759986877441428e-01
2.902307128906250200e-01
2.852895498275756850e-02
-6.615599060058593439e-01
5.188801956176757324e-01
-3.393310165405273304e-01
1.018546295166015581e+00
2.729277038574218772e-01
3.476491546630859353e-01
2.436422729492187522e-01
4.051243972778320046e-01
6.094864654541015669e-01
nan
nan
nan
nan
-3.316893768310547053e-01
5.677777862548828436e-01
-1.513923339843749938e+00
6.359038543701172053e-01
4.373840332031250222e-01
-8.404455184936523993e-02
-2.941474533081054887e-01
4.140097427368163996e-01
9.244129943847656516e-01
1.086248931884765678e+00
1.918599319458007824e-01
1.967620391845703143e+00
1.165942916870117196e+00
-8.608022308349609908e-01
1.791846275329589955e-01
-3.649442672729492076e-01
-5.649879074096679776e-01
8.345651245117187145e-01
1.035340194702148331e+00
-6.488286590576172186e-01
2.544971108436584403e-03
-7.934357452392578613e-01
-5.886205291748046742e-01
4.237734603881835871e-01
5.587196731567383168e-01
5.039812088012695090e-01
-1.535817813873291138e-01
-9.713022613525390536e-01
nan
nan
nan
nan
-1.172512435913085904e-01
-1.384411010742187420e+00
-1.169803390502929696e+00
5.991439056396484775e-01
3.419717407226562367e-01
3.292887496948242454e-01
-1.303766784667968803e+00
-1.452345180511474543e-01
-4.405441284179687500e-01
6.573056030273437544e-01
-7.036074829101562900e-01
6.739957427978515714e-01
7.902913093566894809e-02
-6.515433311462402732e-02
-9.200910329818725794e-03
5.047602081298827592e-01
-3.294135284423828081e-01
5.985506057739257979e-02
7.787491798400879295e-02
3.541061782836913974e-01
-8.961307525634765181e-01
-3.875773239135742454e-01
-5.807213973999023615e-01
-2.697926712036132768e-01
-3.744211196899414062e-01
1.623820686340332053e-01
-9.326226043701172363e-01
1.450042572021484455e+00
nan
nan
nan
nan
-4.939545440673828169e-01
-1.483262023925781214e+00
-5.513316154479980247e-02
3.894897079467773415e-01
5.158746337890625089e-01
-1.073592605590820259e+00
6.193670654296874467e-01
4.409265518188476562e-02
-1.952211952209472745e-01
-3.502640533447265447e-01
-1.728676080703735185e-02
-5.398703002929687855e-01
2.795389556884765869e-01
5.237394809722900613e-02
1.944811058044433605e-01
-3.105897140502929532e-01
3.385060119628906516e-01
-9.398594856262207364e-02
9.907538604736327859e-01
-1.607544326782226474e-01
8.382801818847656072e-01
-8.954621315002440907e-02
5.180683898925780850e-01
-3.359148025512695424e-02
1.811901283264160112e-01
-1.404970932006835982e-01
5.700832748413086071e-01
-1.154631195068359428e+00
nan
nan
nan
nan
-5.200127410888671919e-01
-6.664575195312499867e-01
8.729893684387207697e-02
7.419967651367187500e-01
2.263677835464477511e-02
4.565174579620361051e-02
8.195828247070312544e-01
-1.317673873901367143e-01
1.918661689758300870e-01
6.616815948486327592e-01
-1.174229965209961035e+00
-9.314757537841796831e-01
5.745594787597656516e-01
-3.685937499999999978e-01
-2.318006896972656383e-01
1.954369735717773338e-01
4.502257537841796720e-01
-5.511898994445800504e-02
5.323725509643554288e-01
-7.793756866455078258e-01
9.368904876708984419e-01
2.650737380981445512e-01
-2.066192436218261819e-01
3.335483551025390514e-01
-1.745609664916992210e-01
-2.326784515380859453e-01
nan
2.923524856567382701e-01
nan
nan
nan
nan
3.185711669921875155e-01
4.164751815795898482e-01
7.319263458251953347e-01
-3.793380737304687389e-01
-5.065172195434570757e-01
-5.713910293579101962e-01
7.346097564697265936e-01
-1.243993682861328054e+00
-1.046678619384765696e+00
-4.767340087890625244e-01
-3.355770492553710738e-01
-3.663759613037109175e-01
-2.970693778991699285e-01
2.975545883178710715e-01
-4.104499053955077970e-01
-5.867515945434570446e-01
-2.538244628906249911e-01
-1.586173248291015581e+00
-4.525070571899413863e-01
-2.361454963684082031e-01
-9.670314788818359375e-01
-1.036739444732665966e-01
-7.869708251953124734e-01
5.021120071411132590e-01
-9.951232147216796387e-01
1.284085083007812544e+00
-5.637742614746094061e-01
-2.854500198364257613e-01
nan
nan
nan
nan
-4.254291534423828014e-01
-5.025055694580078391e-01
nan
2.508904838562011630e-01
3.128038215637207187e-01
-7.219767761230468928e-01
3.523881530761718839e-01
3.915863513946533231e-02
5.617608642578124645e-01
7.045443725585937012e-01
-6.922723388671875311e-01
-4.470060348510742076e-01
-8.758018493652343361e-02
5.581013870239257546e-01
-9.388989257812500044e-01
6.216160774230956865e-02
1.603512763977050781e-01
-9.576221466064452903e-01
2.863566160202026326e-02
-1.805340576171874933e-01
-1.163554668426513700e-01
-1.052228775024414142e+00
2.969266700744628840e-01
-1.002762222290038974e+00
7.271083831787109597e-01
-3.668093872070312678e-01
9.816634368896484109e-01
1.202345733642578018e+00
nan
nan
nan
nan
2.696898460388183483e-01
-3.201780080795288419e-02
2.551632881164550559e-01
-2.033681297302246116e-01
-5.095726776123047363e-01
7.706475067138671697e-01
-4.243827819824218528e-01
2.116943740844726696e-01
-1.789824485778808705e-01
-1.719642448425292847e-01
4.209687042236328058e-01
-1.156461906433105535e-01
5.119294357299805087e-01
-5.714094161987304243e-01
5.480891036987304288e-01
1.164660930633544950e-01
-4.871706390380859397e-01
3.429207229614257835e-01
-6.766097259521484109e-01
-6.226325035095214844e-02
-1.787178158760070745e-02
6.794474792480468262e-01
-4.281118392944335826e-02
6.653681182861328480e-01
7.183412170410156117e-01
-7.464519023895263561e-02
3.397340393066406450e-01
-2.853748130798339777e-01
nan
nan
nan
nan
5.498287963867187766e-01
-1.451699733734130859e-01
-1.918327903747558683e-01
1.645767784118652433e-01
6.544438171386718350e-01
1.045774078369140631e-01
1.692782592773437456e-01
-8.105429077148437189e-01
5.626762008666992276e-01
1.367904472351074152e-01
7.368651866912841186e-02
3.508421659469604381e-02
1.057863616943359286e+00
3.375859069824218572e-01
7.974682807922363337e-02
-2.632193946838378706e-01
-2.137637901306152222e-01
-7.737593078613280717e-01
-8.016138458251953480e-01
-3.070194053649902277e-01
-1.938329696655273493e-01
-4.236739158630371122e-02
-6.658090972900390092e-01
-1.189800548553466841e-01
1.140693740844726634e+00
2.387636947631835982e-01
2.441119194030761663e-01
3.948821258544921720e-01
nan
nan
nan
nan
2.055001258850097656e-01
1.273681182861328143e+00
-5.968826293945312944e-01
5.078620147705078525e-01
3.918052673339843944e-02
7.756596374511718350e-01
-3.518232822418213002e-02
8.257236480712890625e-01
9.502595520019531117e-01
-1.778686714172363348e-01
-1.046840095520019526e-01
2.853945732116699441e-01
-5.834107589721679865e-01
-7.102842330932616910e-02
-4.588310241699218861e-01
-8.531095123291015936e-01
5.543660736083984020e-01
-3.949370145797729409e-02
1.836882400512695190e-01
5.410220718383789151e-01
1.040285263061523358e+00
4.025231552124023393e-01
-1.470343208312988315e-01
-1.435670928955078196e+00
-3.325642776489257657e-01
-5.917442321777344194e-01
2.563576126098632835e-01
-1.719282531738281217e-01
nan
nan
