nan
nan
-1.302177734375000062e+00
8.162288665771484375e-01
-1.148099899291992188e+00
-3.628855895996093706e-01
2.129744911193847678e-01
2.921837997436523282e-01
1.287436523437500036e+00
-7.376307678222656650e-01
-9.772955322265625133e-01
9.673845672607421786e-01
-4.527331542968749956e-01
-1.688780546188354409e-02
-2.067585372924804765e-01
-1.355023860931396373e-01
-1.235246658325195312e-01
-9.810797119140625133e-01
1.933005332946777233e-02
9.150932312011719194e-01
1.433470764160156286e+00
1.159049682617187438e+00
-2.682018280029296875e-01
2.175693702697753806e-01
-2.223651123046875011e-01
4.074429702758788907e-01
-4.447046279907226340e-01
-2.485429573059081965e-01
-9.421107292175293080e-02
-1.042852935791015678e+00
nan
nan
nan
nan
-1.459317932128906259e+00
3.229431533813476585e-01
8.299227714538574829e-02
-5.016979217529297097e-01
4.517206192016601785e-01
-1.081345462799072205e-01
-2.348838615417480347e-01
4.797895812988281494e-01
-5.756337738037109464e-01
4.769612884521484131e-01
4.074534225463867232e-01
3.991096878051758057e-01
1.211910533905029286e-01
6.622875976562500044e-01
-2.247377395629882868e-01
3.389829254150390492e-01
-3.506184005737304488e-01
-8.870191574096679410e-02
-2.856497192382812522e-01
2.920915031433105602e-01
-8.538102722167968395e-01
-1.413054656982421831e+00
3.399731445312499933e-01
-1.069094543457031143e+00
5.698662567138671475e-01
8.658745765686035045e-02
-3.910451126098632990e-01
-1.240345306396484437e+00
nan
nan
nan
nan
-5.842327499389647905e-01
6.797557830810546653e-01
5.088813400268554776e-01
7.126692962646484775e-01
-7.578250885009765181e-01
-2.032927894592285178e-01
-2.000743103027343928e+00
-1.314139862060546893e+00
-1.095352020263671955e+00
-4.116975021362304643e-01
-4.690699768066406428e-01
7.258226013183594061e-01
-5.442754745483397993e-01
-5.177507400512695312e-01
-3.218878936767577970e-01
6.908591461181640137e-01
7.545959472656249556e-01
-2.786973381042480713e-01
1.592778587341308616e-01
5.313401412963867365e-01
-6.582542419433593528e-01
-1.555784988403320357e-01
-4.582215118408203280e-01
-8.966014099121093484e-01
-2.170443916320800859e-01
5.983922004699707142e-02
3.518007278442382701e-01
6.765259552001953169e-01
nan
nan
nan
nan
7.278623199462890270e-01
-3.858731079101562766e-01
7.531159210205078391e-01
-5.312468719482421609e-01
3.402622222900390514e-01
3.747093200683593861e-01
3.644544219970702881e-01
-6.871684265136718262e-01
4.632402420043945090e-01
1.173720169067382857e+00
5.189972305297851918e-01
5.554698181152343262e-01
4.543920898437500133e-01
-5.831604003906250000e-01
-4.537429428100586137e-01
-5.521003341674804998e-01
4.489825820922851429e-01
2.167990684509277233e-01
6.921934509277343217e-01
-7.632690429687499778e-01
-7.449729919433593917e-02
2.420471668243408259e-02
1.882081222534179588e-01
3.968413925170898304e-01
2.532538604736327970e-01
1.349725723266601562e-01
-1.767244338989257812e-01
9.749106597900391025e-01
nan
nan
nan
nan
7.931307220458984064e-01
-1.138191146850585866e+00
1.296874389648437598e+00
1.244065570831298789e-01
1.896698608398437402e+00
3.674644851684570335e-01
-2.559581184387206831e-01
6.250934600830078125e-01
-1.654701042175293069e-01
5.400112533569335627e-01
-5.706550979614257724e-01
9.198328399658203258e-01
-5.206639099121094238e-01
6.874241828918456476e-02
6.263043212890625488e-01
-1.923982429504394465e-01
-4.908959579467773171e-01
4.214162063598632657e-01
-1.439554786682128995e-01
-2.516648292541504017e-02
-2.834726715087890758e-01
-6.909473419189453569e-01
7.919998931884765225e-01
-2.721734237670898615e-01
-6.626570224761962891e-02
5.436130905151367321e-01
2.936457443237304732e-01
-9.462377548217773549e-02
nan
nan
nan
nan
4.620559310913086026e-01
-4.242329406738281072e-01
-1.478713836669921955e+00
-3.438284683227539329e-01
-1.234283599853515545e+00
8.073457717895507479e-02
3.177954101562500133e-01
1.108019332885742170e+00
9.573213195800781561e-01
-5.391223144531249734e-01
6.241560745239257413e-01
-1.122046566009521490e-01
6.831175994873046609e-01
6.343217849731445090e-01
-1.236670207977294961e-01
-3.079480171203613503e-01
4.379531097412109331e-01
-5.403818935155868660e-04
-5.616255950927734331e-01
2.314718818664550648e-01
-1.374879169464111317e-01
-1.543189620971679721e-01
-2.640302848815918035e-01
-3.825413894653320046e-01
-1.709651947021484375e+00
-9.335962677001953258e-01
-1.768988342285156223e+00
-1.110950775146484437e+00
nan
nan
nan
nan
-3.069601058959960938e-01
4.494662761688232588e-02
-4.506985092163086071e-01
4.786789703369140891e-01
3.821178817749023571e-01
-2.226809692382812622e-01
4.763283431529998467e-03
4.439592742919921675e-01
-2.348044013977050870e-01
1.595530796051025380e-01
8.712185668945312544e-01
4.107058525085448969e-02
4.965729522705077947e-01
-3.038269805908203058e-01
2.075637578964233468e-02
-7.986035919189453658e-01
8.116129302978515314e-01
4.924956893920898193e-01
-6.069998168945311967e-01
1.102686538696288965e+00
-5.972049713134766069e-01
2.780532646179199041e-01
-1.300165557861328036e+00
6.503189849853515669e-01
-1.414061126708984428e+00
8.055380249023437189e-01
-3.424000930786132990e-01
-1.719779205322265747e-01
nan
nan
nan
nan
-1.014740066528320384e+00
-3.379798507690429665e-01
-1.023915576934814470e-01
1.343380165100097612e-01
4.676926422119140891e-01
5.402565383911133168e-01
3.579701614379882657e-01
-1.924768066406250089e+00
4.658320999145507679e-01
-2.727076053619384780e-02
3.880422592163085826e-01
9.522052001953125178e-01
-7.203406524658203525e-01
-5.132076263427733931e-01
-7.891326141357422053e-01
2.708391571044921897e-01
3.982936859130859486e-01
4.059509277343750222e-01
1.839159240722656241e+00
1.099929237365722678e-01
-3.315430831909179643e-01
1.642144083976745592e-02
5.594495773315429910e-01
-6.823933410644531516e-01
-4.302498245239257946e-01
-1.305777263641357544e-01
-7.251037597656250222e-01
-1.519694976806640563e+00
nan
nan
nan
nan
5.623434829711914107e-01
1.561698341369628928e-01
4.293201828002929932e-01
9.127972412109375266e-01
1.140848636627197210e-01
-1.233405761718749938e+00
-1.036463088989257875e+00
-8.312510681152344150e-01
-7.305801391601562944e-01
1.331684589385986328e-01
3.861386108398437433e-01
-4.055795669555664062e-01
-5.281255340576171964e-01
6.814151763916015403e-01
-8.024951934814452681e-01
1.821402013301849383e-03
-4.115090179443359197e-01
3.499259948730468750e-01
-1.051703948974609393e+00
-5.590636825561523526e-01
-2.419873428344726518e-01
-2.273794364929199174e-01
3.904708862304687722e-01
-1.070364379882812467e-01
-1.134198455810546902e+00
7.525613403320312589e-01
-2.580655336380004855e-02
2.008446311950683461e-01
nan
nan
nan
nan
-6.688511848449707475e-02
-7.858277559280394883e-03
-2.733274269104004062e-01
1.231432418823242170e+00
1.029154586791992232e+00
7.172714233398437278e-01
-2.469928741455078014e-01
-1.530491924285888594e-01
6.801811218261718528e-01
1.147257232666015619e-01
6.860590362548828480e-01
-4.988430023193359264e-01
2.221711540222167935e-01
-4.259218978881835760e-01
4.285807418823242010e-01
-4.327990341186523371e-01
-1.441209983825683660e-01
-1.897040557861328081e-01
-7.609976196289062189e-01
8.232768249511718262e-01
-6.392856979370117321e-01
4.969728851318359619e-01
9.202361297607422053e-01
1.200580120086669894e-01
1.724950218200683727e-01
1.132982730865478571e-01
-5.732975006103515625e-01
3.754233169555664107e-01
nan
nan
nan
nan
1.718234405517578223e+00
1.807213592529296753e-01
-3.835943937301635603e-02
5.886827468872070090e-01
-4.389599609375000044e-01
1.111704025268554608e+00
-3.839228057861328036e-01
3.910736465454101585e-01
-4.960670948028564342e-02
-9.939877510070800615e-02
-1.043645706176757892e+00
5.796606445312499911e-01
8.116825866699218794e-01
-1.461607513427734428e+00
7.724929046630859553e-01
1.215116500854492160e-01
-6.903959655761718883e-01
1.226132888793945330e+00
-1.168113861083984295e+00
3.325299835205078325e-01
-3.862058258056640381e-01
-5.253611755371093706e-01
-7.704947948455810602e-02
4.575076293945312678e-01
5.792890930175781383e-01
-7.346573638916015225e-01
2.585030555725097504e-02
3.209898376464843661e-01
nan
nan
nan
nan
2.799304199218750067e-01
2.072671813964843679e+00
-1.999680900573730380e-01
2.037873458862304588e-01
3.029871177673340021e-01
-4.418815994262695335e-01
-2.647798347473144798e-01
6.642618560791015980e-01
3.912146377563476829e-01
-3.743627548217773326e-01
4.435443496704101762e-01
-8.923845291137695590e-02
-7.371479988098145197e-02
7.026942443847655762e-01
-7.150147247314453391e-01
9.944983673095703081e-01
-1.496477794647216863e-01
-2.425870513916015547e-01
1.239786052703857472e-01
2.488758277893066417e-01
-1.159196624755859384e+00
-6.784666442871093439e-01
-7.257869720458984819e-01
8.266297149658202725e-01
-7.696496582031250311e-01
-3.735884475708007857e-01
-1.460741996765136663e-01
-1.383234710693359348e+00
nan
nan
nan
nan
8.807278442382812100e-01
-3.396513748168945579e-01
-9.464450836181641236e-02
3.034296512603759655e-02
5.317264080047607450e-02
1.489446258544921964e-01
-9.924934387207031694e-01
-4.046718978881835849e-01
1.316877288818359304e+00
-5.720739364624023438e-01
3.690153121948241965e-01
5.329316711425781117e-01
-6.828643035888671831e-01
-9.873143005371093350e-01
8.347795104980468839e-01
-8.108324432373046342e-01
-1.587285461425781197e+00
7.726873016357421742e-01
7.331848144531250000e-01
-7.068007659912108887e-01
2.956241226196288929e-01
-2.704884719848632546e-01
-9.102336120605468706e-01
-7.517233848571777677e-02
5.898139190673827859e-01
8.533773803710937855e-01
-9.529545593261719016e-01
-1.147889938354492267e+00
nan
nan
nan
nan
9.458632469177245816e-02
-2.289506912231445424e-01
7.374074554443359464e-01
4.579676055908203369e-01
2.677885055541992174e-02
-2.613476562500000044e-01
3.684631288051605415e-03
3.219311523437500266e-01
7.552143096923827903e-01
1.008125915527343652e+00
-5.717788696289062278e-01
-1.074440917968749964e+00
-6.943827056884765980e-01
1.858800659179687509e+00
7.767816925048828258e-01
-5.216660690307617365e-01
4.766558170318603571e-02
-2.919715499877929554e-01
8.988145828247069702e-02
-4.715805053710937500e-01
6.716869831085205134e-02
-1.290267944335937500e+00
2.865341186523437389e-01
1.992842912673950181e-02
-6.043803787231445401e-01
-3.469132614135742032e-01
-1.918047523498535023e-01
7.152790832519531072e-01
nan
nan
nan
nan
-1.742144584655761774e-01
1.003672885894775352e-01
-4.515705490112304488e-01
-6.849237060546875533e-01
-9.369596862792968217e-01
-8.454946899414061967e-01
5.300790023803710893e-01
-7.018142700195312278e-01
-9.149093627929687500e-01
-1.050680618286132795e+00
-4.805181884765625244e-01
-1.589273357391357555e-01
-9.228366851806640847e-01
-4.446492385864257990e-01
-2.779941177368164262e-01
6.151140689849853710e-02
1.473808956146240301e-01
-3.869277191162109331e-01
-4.363311529159545968e-03
-2.927274513244628729e-01
-3.822390365600585871e-01
-7.347760009765624822e-01
-2.420261001586914151e-01
-7.185607910156249778e-01
-7.007235717773437900e-01
-2.749605941772461093e-01
-1.746194362640380790e-02
-1.107112731933593830e+00
nan
nan
nan
nan
-1.204240722656249929e+00
-1.116488876342773384e+00
-1.554069213867187438e+00
-1.679148483276367287e-01
-1.326936798095703196e+00
-9.912949562072753684e-02
-1.053930130004882892e+00
-6.870333099365234508e-01
-1.180988159179687580e+00
-9.915791320800780850e-01
-4.370627975463867165e-01
-4.285772323608398604e-02
-3.427086639404297030e-01
2.273853683471679654e-01
-1.338576412200927768e-01
2.508172225952148282e-01
-5.425543212890624467e-01
-8.410586547851562900e-01
2.035974693298339966e-01
-9.122256469726562900e-01
-6.787716674804687988e-01
6.324781799316405717e-01
-2.326963806152343717e-01
4.861538314819335849e-01
-4.783033752441406272e-01
3.222224807739257901e-01
8.458595275878906250e-01
-1.997304725646972534e-01
nan
nan
nan
nan
-1.189434509277343732e+00
-2.410907173156738303e-01
8.241600036621093972e-01
1.184374713897705100e-01
2.041821002960204912e-02
-1.199707150459289502e-02
2.030064582824707142e-01
8.759478759765625400e-01
6.157332229614257413e-01
5.587701034545898837e-01
-6.072903060913086293e-01
-5.989231491088866655e-01
-8.489485931396484331e-01
4.059452533721923800e-02
-2.764134407043457031e-01
-7.551037788391112837e-02
2.553411293029785312e-01
5.489295196533202637e-01
7.153477191925049217e-02
5.391021347045898970e-01
7.491951751708983975e-01
-1.195091781616210991e+00
-7.226553344726562855e-01
-6.851727294921875488e-01
-3.636399078369140780e-01
2.440309333801269631e-01
-9.007764434814453658e-01
-7.644689941406249689e-01
nan
nan
nan
nan
-2.165959167480468572e+00
2.160288810729980580e-01
1.050589442253112814e-02
1.933741569519042969e-01
-9.038319396972656072e-01
-3.761682128906250200e-01
6.558112144470214233e-02
-4.980863571166992132e-02
-3.977745437622070557e-01
-3.764021301269531161e-01
-3.687708663940429954e-01
7.291747283935546831e-01
4.841434097290038818e-01
1.244970417022705084e-01
4.181547927856445468e-01
-1.689574432373046831e+00
-2.257857131958007912e-01
-2.474621582031250044e-01
-5.090557098388671653e-01
-7.030549049377440851e-02
1.059284567832946729e-02
-7.133891582489013117e-02
1.767214660644531143e+00
-1.700137329101562456e+00
3.790024185180664307e-01
-2.382221603393554765e-01
-1.466638488769531179e+00
5.124607467651367543e-01
nan
nan
nan
nan
2.377235603332519542e-01
-7.290629577636719150e-01
-8.323461532592774104e-02
6.614522552490234020e-01
4.016365814208984197e-01
4.274212265014648571e-01
1.251610107421875062e+00
-6.118783187866211337e-01
2.744392633438110310e-02
9.164191436767578081e-01
-4.302648162841796742e-01
-1.099859046936035173e-01
-1.193619155883788974e+00
-1.545492706298828178e+00
-3.132739067077636858e-02
-6.613939666748046564e-01
-1.389042377471923773e-01
-7.718722534179687234e-01
5.412586212158203292e-02
-1.248246288299560552e-01
-9.490142059326172053e-01
-2.741497230529785223e-01
-6.862717437744140225e-01
-5.920491409301757990e-01
1.576016044616699308e-01
-1.924885368347167836e-01
nan
3.346786880493163863e-01
nan
nan
nan
nan
-5.965581130981445490e-01
-9.408364868164063033e-01
9.745316505432129184e-02
-8.612726211547851174e-02
2.341795158386230369e-01
-4.489008331298828258e-01
3.199881362915039107e-01
-1.890030288696289140e-01
2.886257648468017536e-02
4.617700958251952925e-01
4.490730285644531361e-01
5.793622970581054910e-01
3.321732330322265669e-01
1.116520500183105502e-01
-1.094187698364257777e+00
1.198583831787109366e+00
-6.236491394042968928e-01
-3.601519107818603599e-02
-6.453995513916015447e-01
-1.061040833592414787e-03
3.275765228271484419e-01
-7.699552154541016158e-01
-4.364340209960937411e-01
1.881201171874999911e-01
6.419010162353515347e-02
-1.307115020751953072e+00
2.218687820434570301e-01
-3.433279800415038885e-01
nan
nan
nan
nan
6.007702636718750266e-01
-1.306568336486816362e-01
nan
-1.132621078491210964e+00
1.481252288818359464e+00
7.597572326660155806e-01
1.854642748832702540e-02
3.434694671630859619e-01
3.745136642456054488e-01
4.370405960083008079e-01
-1.203438873291015732e+00
-6.934828186035155717e-01
3.805165100097656072e-01
-6.972711563110350896e-02
5.354191207885742321e-01
-5.987969970703125311e-01
1.002051010131835840e+00
4.529246520996093595e-01
-6.835610198974609863e-01
-3.696528625488281206e-01
-3.933570623397827232e-02
-4.332760238647461182e-01
-6.826421356201172186e-01
5.257873153686523082e-01
-6.523064422607421919e-01
2.037978363037109275e-01
-1.791785621643066373e-01
1.466872100830078018e+00
nan
nan
nan
nan
1.159000682830810536e-01
-4.066455459594726651e-01
-1.182259521484374964e+00
8.538771057128906605e-01
-7.629288482666015669e-01
3.047925186157226518e-01
-1.173274307250976589e+00
-6.835062408447265536e-01
3.309203338623046831e-01
-3.200368499755859575e-01
9.123720550537108842e-01
-3.498888611793518101e-03
-2.038630485534667913e-01
6.035143280029297008e-01
3.066658020019531472e-01
-1.143179130554199258e-01
-1.514138317108154330e-01
5.080659484863281339e-01
-8.886917877197265669e-01
-5.932090759277344055e-02
-4.162545776367187478e-01
4.820744705200195046e-01
1.712107467651367287e-01
-1.146672744750976580e+00
-2.290517234802246227e-01
7.275505065917968750e-01
-6.402783966064453658e-01
-1.686593246459960893e-01
nan
nan
nan
nan
-8.217890167236328036e-01
-9.532234954833984641e-01
-7.693980407714843262e-01
5.282718658447265181e-01
1.232558536529541060e-01
-8.821608543395996482e-02
3.305829238891601629e-01
-1.031479415893554741e+00
-1.016671371459960893e+00
-1.578411865234375100e-01
-7.082682800292968706e-01
4.209069061279296919e-01
6.247404861450195357e-01
5.248356246948242543e-01
8.202143859863281206e-01
-6.513835906982421431e-01
5.108398056030273304e-01
-1.592924880981445301e-01
-3.781154251098632901e-01
-4.124920654296875266e-01
-5.144199371337890847e-01
8.240648651123047008e-01
7.457183074951171387e-01
-1.774613189697265669e+00
-4.732646942138671875e-01
6.683589172363281206e-01
8.329069137573241743e-02
1.132452392578125050e-01
nan
nan
nan
nan
-6.444943237304687766e-01
1.920290069580078196e+00
-6.366858673095703303e-01
-8.660436248779297408e-01
-4.265203475952148438e-01
-3.235702896118163863e-01
4.031346893310546742e-01
-1.556283569335937589e+00
3.140449523925781250e-02
4.663032913208007835e-01
9.548664855957030850e-01
2.439461898803710893e-01
3.002153968811034912e-01
1.994763374328613337e-02
4.772905349731445535e-01
1.146354370117187438e+00
-8.078081512451171786e-01
4.675320816040038907e-01
7.949943542480468750e-01
-7.345992279052734331e-01
-2.268937492370605435e-01
1.756989860534667880e-01
6.905554962158203525e-01
-8.603379821777343839e-01
3.602171325683593550e-01
4.506279373168945446e-01
1.818237686157226640e-01
-3.287281417846679710e-01
nan
nan
