nan
nan
-1.109604263305663974e+00
-2.770584297180175848e-01
-5.175436019897461382e-01
5.450906372070312145e-01
1.183569431304931641e-01
-9.605313110351562100e-01
2.690687942504882968e-01
-2.421573448181152388e-01
7.958194732666015736e-02
5.990032196044922097e-01
-1.293824157714843714e+00
1.479209442138671893e+00
-2.326584434509277322e-01
-6.331814575195312544e-01
-1.185090303421020529e-02
6.704347229003906339e-01
-7.693312835693358887e-01
1.157592773437499944e-01
1.942319335937499947e+00
1.766731414794921795e+00
5.227774047851562189e-01
1.681103134155273460e-01
4.488851070404052679e-02
5.749247360229492454e-01
7.204241180419921342e-01
-1.014114379882812556e-01
5.491764545440673551e-02
-4.979540252685547008e-01
nan
nan
nan
nan
1.216136550903320401e+00
-5.652163982391357477e-02
-2.180575561523437622e-01
1.157478046417236284e-01
-2.688699913024902299e-01
-3.929895401000976785e-01
1.229241371154785184e-01
1.292800903320312500e+00
4.076235961914062567e-01
5.823925971984863365e-02
-1.283358612060546911e+00
-1.386787796020507724e-01
-8.132225036621093528e-01
-6.301722335815429510e-01
-2.222850799560546764e-01
4.935210037231445579e-01
1.205548019409179661e+00
-2.280786895751953092e-01
8.956063079833984641e-01
-5.633488082885742543e-01
5.882071304321289107e-01
-7.829758453369141113e-01
-7.217442035675049328e-02
-1.286636734008789196e-01
-1.109803581237792935e-01
-2.115415763854980591e-01
-7.136432647705077681e-01
3.358852386474609625e-02
nan
nan
nan
nan
-5.287025070190429776e-01
-8.635498809814453613e-01
1.658947601318359277e+00
1.096184635162353455e-01
-3.520172834396362305e-02
7.881472015380859286e-01
5.818101882934569868e-01
8.242412567138672486e-02
-1.258321151733398535e+00
-8.102790832519531083e-02
3.975450134277343506e-01
2.447799301147460804e-01
3.607779368758201469e-04
6.198701477050780895e-01
-1.510378074645996049e-01
-9.747406959533691517e-02
-7.131837368011474665e-02
-5.611154174804687811e-01
-7.852957916259765137e-01
-6.563539886474609730e-01
-1.500548858642578143e+00
-8.017153930664062678e-01
-2.260043487548828001e+00
-6.364492797851561967e-01
8.470360565185547363e-01
-3.762720489501953369e-01
-5.363338088989257901e-01
2.392945528030395591e-02
nan
nan
nan
nan
3.343325805664062456e-01
9.460723114013671609e-01
1.350274047851562464e+00
9.611536407470703258e-01
2.511793518066406383e-01
7.470030784606933316e-02
-6.389561080932617543e-01
-1.281784152984619118e-01
-7.829340362548827814e-01
-9.121479034423828069e-02
-1.414426879882812571e+00
-3.056237030029296808e-01
-7.390087127685547319e-01
1.269129467010498002e-01
-1.945377731323242321e-01
-6.841384124755859331e-01
-1.444617156982421768e+00
6.420897674560547275e-01
-8.908357620239257257e-02
1.077126312255859419e-01
-3.203544235229492387e-01
6.495387268066405984e-01
4.928315353393554754e-01
1.866121673583984453e-01
2.581782531738281428e-01
2.642305564880371160e-01
1.912729454040527355e-01
1.030830574035644515e-01
nan
nan
nan
nan
-2.421300125122070324e-01
1.610652465820312518e+00
1.032105255126953142e-01
-2.530455589294433377e-04
2.584960174560546609e-01
1.598085937500000053e+00
4.782573699951171986e-01
1.702635383605957120e-01
-1.378426551818847656e-01
-8.809278869628905939e-01
-2.994706153869629017e-01
-3.474467849731445179e-01
6.995005035400390092e-01
-3.714048385620117299e-01
2.818233251571655371e-02
8.605909729003906605e-01
-4.199817657470703014e-01
-8.659722328186035545e-02
-1.179845657348632892e+00
-4.022582626342773304e-01
-1.443819732666015598e+00
2.904706192016601740e-01
-2.257999801635742210e-01
4.309115600585937678e-01
2.752752494812011896e-01
-7.675491333007812278e-01
-9.934675598144531161e-01
-3.112227821350097567e-01
nan
nan
nan
nan
-3.797935104370117054e-01
-9.779121398925780806e-01
-9.536781311035156250e-01
-6.033673477172851740e-01
2.752664947509765869e-01
-5.182745742797851829e-01
-3.861421585083008035e-01
2.124735832214355580e-01
-6.186825942993163796e-01
3.068548011779785312e-01
3.544966506958007746e-01
5.250408554077148349e-01
4.376142883300781494e-01
1.862722167968750009e+00
-4.882863616943359242e-01
3.729784774780273704e-01
-2.014950752258300865e-02
-4.917912292480468572e-01
-5.314510726928710627e-01
-1.007105636596679732e+00
-1.925339126586914085e-01
6.244626235961914240e-01
-6.634784698486327903e-01
2.908249282836913863e-01
3.801387405395507679e-01
2.510553932189941162e-01
8.024403381347656738e-01
9.743936157226562589e-01
nan
nan
nan
nan
-5.982853317260742321e-01
3.658978641033172521e-03
4.325878524780273349e-01
-3.830651855468750200e-01
-1.020616683959960858e+00
-7.008926391601562056e-01
-1.246290016174316367e-01
-1.247690105438232361e-01
3.299914932250976318e-01
5.357229614257812411e-01
-1.240547943115234419e-01
-1.150016403198242249e-01
4.716059875488280984e-01
-3.584007740020751787e-02
-1.670488739013671897e-01
5.150096130371093484e-01
-5.568474578857421919e-01
-1.478276133537292404e-02
2.397194147109985365e-02
-4.306601333618164107e-01
-2.744224548339843639e-01
5.958872604370116788e-01
1.265916519165039000e+00
-4.069676208496093572e-01
2.311258506774902244e-01
1.586543884277343830e+00
6.633605957031250000e-01
2.499838829040527399e-01
nan
nan
nan
nan
2.516692924499511763e-01
4.319012069702148349e-01
1.418261413574218643e+00
3.878459548950195512e-01
4.015864372253417913e-02
5.241908073425292913e-02
-4.140324401855468572e-01
-6.190190887451172408e-01
-8.326542663574219016e-01
2.655767059326171742e-01
-1.110266036987304750e+00
8.221531677246093350e-01
-1.683795166015625011e-01
-1.068368911743164062e+00
-1.118465805053710932e-01
9.385839843750000133e-01
-1.162914848327636780e-01
1.760356330871581942e-01
-7.708643341064452814e-01
1.202092208862304723e+00
-4.199167251586913840e-01
-1.065134716033935558e-01
2.952808952331543169e-01
-3.672961425781249845e-01
-1.089213943481445401e+00
-7.697406768798827903e-01
2.515441322326660289e-01
2.438227081298828258e-01
nan
nan
nan
nan
-1.482099723815918091e-01
5.380171203613280939e-01
2.340176963806152310e-01
6.937310791015625089e-01
-6.538105773925780850e-01
-4.559553527832031494e-01
1.294386386871337891e-01
1.857828521728515647e-01
1.579257392883300914e-01
2.043931427001953072e+00
-1.102657089233398446e+00
-3.086192131042480580e-01
-8.926734161376953525e-01
-9.868888854980468750e-01
-5.598015594482421697e-01
6.939792633056640625e-01
6.947437286376952903e-01
-7.385747528076171964e-01
-3.454587936401367076e-01
-1.665959739685058671e-01
1.369043254852294889e-01
-3.655582427978515403e-01
-3.811536788940429465e-01
4.577163314819335804e-01
5.886893463134765803e-01
8.680438995361328125e-01
-7.186689758300781605e-01
5.933649063110351118e-01
nan
nan
nan
nan
-1.144878005981445401e+00
-9.441378021240234286e-01
3.605913925170898260e-01
-5.260341262817382901e-01
1.702318382263183494e-01
-7.792440795898437633e-01
1.395652465820312438e+00
-1.128200817108154230e-01
7.081647396087646651e-02
2.515137100219726474e-01
-1.776386718749999982e+00
5.083400344848633123e-01
6.116837978363037082e-02
1.024811935424804643e+00
-4.959188842773437633e-01
7.139886474609374867e-01
-1.660100708007812509e+00
-2.786362648010253795e-01
6.480634307861328214e-01
7.441867065429687012e-01
1.309458065032959029e-01
-3.503739166259765558e-01
4.818487167358398438e-01
-1.362004089355468794e+00
7.662436676025390359e-01
4.589498519897460826e-01
-2.001080894470214921e-01
5.239924240112304732e-01
nan
nan
nan
nan
5.856015014648437988e-01
-2.010283660888671775e-01
-1.826225280761718806e-01
-4.321443176269531006e-01
-3.971483230590820424e-01
1.020149707794189425e-01
8.758038878440857489e-03
9.264170646667480025e-02
4.079241561889648260e-01
-1.637759399414062400e-01
-1.986491203308105580e-01
3.260878372192382857e-01
4.485471343994140714e-01
-1.092300720214843812e+00
-2.379550933837890625e-01
7.615515136718750133e-01
-1.042606887817382866e+00
2.576169013977051003e-01
-4.156351089477539062e-01
-6.239194869995116910e-02
4.789742660522460782e-01
9.807908630371093839e-01
-2.886622047424316495e-01
9.282527923583984431e-02
-2.069147109985351451e-01
-4.589849472045898215e-01
3.038078689575195446e-01
-8.203627777099609109e-01
nan
nan
nan
nan
1.928419685363769454e-01
-9.431867980957031605e-01
-2.377427864074707076e-01
1.027463226318359402e+00
5.621370315551758035e-01
3.667826461791992010e-01
6.418420410156250311e-01
5.980911636352539418e-01
-1.136285171508789160e+00
4.185480499267578147e-01
1.121231079101562556e-01
-5.669720077514648349e-01
-6.168229579925536832e-02
-2.292638540267944239e-02
-1.228531417846679741e+00
5.367971801757812633e-01
-1.541310024261474676e-01
4.480259704589844016e-01
8.098356628417968661e-01
-3.792499542236328347e-01
-5.248903274536133035e-01
-4.638571166992187522e-01
-3.980854415893554932e-01
2.928044891357421964e-01
-1.275660896301269442e-01
-4.293306732177734619e-01
-4.394454956054687500e-01
-2.779066276550292702e-01
nan
nan
nan
nan
1.147967758178710884e+00
-1.151679458618164009e+00
-7.046064758300780717e-01
6.343301773071289285e-01
-1.185276870727538956e+00
-1.011862564086914024e-01
-2.174926757812499847e-02
-5.950947189331055043e-01
4.797495365142822460e-02
-5.095576095581054732e-01
2.029652214050292891e-01
-1.108224792480468679e+00
8.392596435546875178e-01
8.648581695556640803e-01
-4.133399581909179554e-01
-4.646615219116210782e-01
-5.731683349609375533e-01
8.120255279541015447e-01
-1.121841888427734357e+00
-1.581521415710449296e-01
-2.677066040039062234e-01
-5.920906829833983975e-01
1.548752021789550903e-01
-7.579243183135986328e-02
5.863674163818359819e-01
1.134019012451171982e+00
-5.402274131774902066e-02
-6.858548736572265270e-01
nan
nan
nan
nan
-2.355211830139160023e-01
-1.046556243896484384e+00
-1.285007171630859313e+00
3.607487487792968572e-01
9.129605102539062322e-01
8.020590209960937189e-01
2.694415473937988303e-01
-2.216097640991210871e-01
-3.822521972656249822e-01
3.198115158081054621e-01
-1.304098606109619085e-01
-9.804572105407714788e-02
5.452876281738281428e-01
-9.942887115478515891e-01
-1.060335311889648358e+00
-1.104925079345703054e+00
-1.696491394042968670e+00
8.319666290283203036e-01
-3.322341918945312389e-01
7.779921531677246038e-02
4.681019210815429710e-01
5.218740081787109908e-01
-3.427083206176757546e-01
-5.603994846343993835e-02
2.322712707519531128e-01
-1.166519546508789085e-01
-3.643662643432616921e-01
-2.704155921936035045e-01
nan
nan
nan
nan
1.024848327636718848e+00
-4.396927642822265891e-01
2.233802032470703081e-01
-9.711542510986328480e-01
8.017791748046875222e-01
8.529990386962890137e-01
-1.243514919281005909e-01
9.543013000488280717e-01
-1.724587440490722712e-02
-7.591506195068359331e-01
1.255509185791015669e+00
-4.702790451049804754e-01
-6.716720581054687056e-01
1.074661788940429741e+00
2.817853093147278023e-03
8.473828125000000266e-01
1.368166160583496049e-01
9.083445739746093262e-01
-1.481865692138671919e+00
-4.180014801025390692e-01
2.762540626525878951e-01
4.919057846069335715e-01
8.457637786865233875e-02
4.745568084716796919e-01
-9.218427276611328436e-01
-1.145904636383056618e-01
-9.134206390380859020e-01
5.806577205657958984e-02
nan
nan
nan
nan
2.175758934020995961e-01
-1.358189010620117210e-01
-5.395487594604492232e-01
9.474922943115234863e-01
-1.312338562011718723e+00
5.315704345703125000e-01
-7.420293331146239624e-02
2.375175933837890607e+00
4.260325622558593928e-01
2.640822172164917006e-02
-9.043051147460937633e-01
-6.620294189453125311e-01
9.426527404785156605e-01
-3.159591865539550515e-01
-9.634889984130858842e-01
-1.027454833984374982e+00
-1.023972320556640669e+00
2.900131607055664307e-01
7.852146148681640181e-01
7.353366851806640847e-01
-1.383123931884765678e+00
7.662729263305663452e-02
-2.317727327346801730e-02
4.760501480102539151e-01
-1.022051811218261663e-01
2.373352050781250000e-01
-5.764597320556640314e-01
6.075729131698608815e-03
nan
nan
nan
nan
4.987080574035644698e-02
-6.689445495605468306e-01
1.123528289794921919e+00
-2.065567588806152266e-01
-1.392317962646484331e+00
9.047082519531249867e-01
-3.654653930664062411e-01
-6.027110290527343262e-01
3.510666275024413863e-01
-2.714305686950683749e-01
4.059400177001953325e-01
-5.928731918334960715e-01
-9.056453704833984375e-01
3.687553024291992387e-01
-3.674355697631835893e-01
4.994027328491210671e-01
-5.367277908325195357e-01
6.218954086303710715e-01
-4.500139236450195201e-01
6.908249664306640447e-01
1.986718749999999978e-01
3.338608932495117365e-01
1.742091751098632790e-01
5.607949066162108975e-01
8.448284149169922319e-01
4.822590255737304599e-01
3.864911270141601629e-01
-2.276549339294433594e-01
nan
nan
nan
nan
-4.033107757568359375e-01
9.542855072021484419e-01
-7.398281097412109375e-01
-2.703476428985595800e-02
9.099282836914062145e-01
-1.733898620605468732e+00
-7.075962066650390847e-01
1.315107879638671928e+00
-2.596333503723144420e-01
2.275080204010009738e-02
-4.721750640869140647e-01
-6.814070129394531605e-01
3.865691184997558510e-02
1.709793853759765669e-01
6.795228576660156117e-01
1.263283386230468652e+00
-6.715327453613281206e-01
1.006725616455078187e+00
-6.510105133056640625e-01
-3.952713012695312500e-01
4.298192560672760114e-03
8.806924438476562145e-01
7.863118743896484464e-01
8.945324897766113170e-02
-3.009009552001953303e-01
-2.917286300659179821e-01
-6.389278030395507679e-01
-5.721559047698974304e-02
nan
nan
nan
nan
1.229002075195312571e+00
-6.841060638427733931e-01
7.105290985107421964e-01
1.412123298645019398e-01
-5.754929733276367143e-01
2.997635364532470759e-02
-1.004964294433593697e+00
-3.673378753662109308e-01
9.809133148193359686e-01
-4.140990447998046942e-01
7.868183135986328569e-01
-1.753267288208007757e-01
5.605337524414062411e-01
6.369676971435547230e-01
8.250248718261719016e-01
6.366030502319336426e-01
-2.536637306213379017e-01
7.131977081298828125e-01
6.470660400390625400e-01
-8.760646057128905762e-01
1.220455527305602979e-02
1.209438610076904314e-01
-2.091767501831054699e-01
-4.631045532226562567e-01
4.961461257934570157e-01
1.410137329101562420e+00
nan
-1.541886925697326730e-02
nan
nan
nan
nan
-4.154894638061523704e-01
3.860014724731445357e-01
5.889640045166015803e-01
5.383857727050781472e-01
2.109788513183593617e-01
6.171191024780273704e-01
-3.809970474243163929e-01
1.437335357666015723e+00
-5.875122451782226474e-01
-1.847202491760253917e-01
1.667661285400390714e+00
1.217692108154296848e+00
1.830060005187988392e-01
7.942485809326171875e-01
3.907733154296875178e-01
-1.048999862670898509e+00
1.936242103576660267e-01
-9.205222320556640803e-01
5.100946426391601840e-02
6.006068420410156650e-01
-1.237423400878906232e+00
1.109474754333496099e-01
1.068835372924804794e+00
-6.734800815582275835e-02
-7.993040466308594105e-01
9.739402008056640137e-01
-1.571610565185546982e+00
1.865697288513183671e-01
nan
nan
nan
nan
-9.102323150634765714e-01
-2.851625251770019687e-01
nan
8.634104919433593928e-01
-2.831081628799438435e-02
1.179587326049804652e+00
-1.510326290130615257e-01
-5.238098144531250222e-01
2.030339002609252846e-02
-9.540775299072265514e-02
-6.409322357177734686e-01
-5.053147888183593395e-01
-7.042949676513672319e-01
9.993196868896484508e-01
8.604074859619140758e-01
-8.226658630371094238e-01
-7.204476928710937811e-01
-8.745082855224609597e-01
-6.445523071289062100e-01
-7.300185394287109775e-01
-6.756507110595703081e-01
2.171369934082031161e+00
3.259857559204101807e-01
8.066719818115234419e-01
-1.115668869018554776e+00
4.466288375854492454e-01
1.387869644165038996e-01
-2.753106384277343555e+00
nan
nan
nan
nan
9.186668395996093750e-01
1.243517589569091836e-01
-6.975361633300781738e-01
1.496279296875000053e+00
-4.265080261230468905e-01
3.558887481689453347e-01
-8.068960571289062189e-01
5.711903572082519670e-02
-6.979054260253906294e-01
1.009307632446289071e+00
6.423653125762938954e-02
-3.278112030029297075e-01
8.959204864501952859e-01
4.918488502502441073e-02
-1.690691757202148482e-01
9.331129455566405939e-01
-3.701419448852539262e-01
1.286382446289062509e+00
-9.522936248779296786e-01
-8.428061676025390137e-01
-6.203457641601562988e-01
2.113257980346679721e-01
6.325360536575317522e-03
-9.978117942810058039e-02
-8.033856201171875044e-01
1.878140640258789129e-01
2.429270744323730469e-01
-2.985658264160156450e-01
nan
nan
nan
nan
2.847839546203613237e-01
7.933385467529296964e-01
9.255110931396484109e-01
-2.898267745971679910e-01
3.604759216308593972e-01
6.689289855957031294e-01
-7.079016113281250133e-01
5.280699539184570135e-01
3.143941879272461049e-01
6.475027465820312189e-01
1.904191970825195312e-01
1.391058654785156223e+00
-5.882527828216552873e-02
4.240391540527344016e-01
-3.679693984985351607e-01
6.873219299316406516e-01
-1.055204467773437571e+00
-7.669845581054687278e-01
-6.865743255615234242e-01
-1.026885528564453143e+00
2.849076843261718617e-01
7.248847198486327859e-01
5.977103424072265359e-01
-1.164476242065429767e+00
4.634527587890625022e-01
-2.850794982910156428e-01
-7.060972213745117521e-02
3.190835952758788729e-02
nan
nan
nan
nan
1.020766143798828018e+00
5.425479507446289151e-01
-6.538577556610107588e-02
8.117219543457031561e-01
-1.327901763916015554e+00
-8.236357688903808705e-02
6.219406890869140225e-01
2.796365499496460127e-02
4.545196533203125222e-01
-5.509738922119140625e-01
1.189580249786376942e-01
-1.007323150634765518e+00
-5.451990127563476340e-01
3.123577499389648682e-01
4.327313232421874933e-01
-5.630673599243164462e-01
4.624878883361816656e-02
1.473980426788329967e-01
-1.337032318115234375e+00
-1.201123962402343759e+00
-1.528058147430420011e-01
-6.392778015136718617e-01
-2.250523376464843850e-01
8.082305908203124556e-01
-1.263811397552490334e-01
2.291613388061523315e-01
6.487042999267578214e-01
-9.592765045166015137e-01
nan
nan
