nan
nan
-1.643439331054687536e+00
1.701325683593750027e+00
-2.104941558837890581e-01
-2.721245002746581765e-01
3.593909263610840094e-02
-1.170085144042968706e+00
6.285912513732910822e-02
9.488217163085937988e-01
-4.401769638061523438e-01
-1.384498443603515705e+00
-2.736015701293945113e-01
-9.534711456298827770e-01
2.040937614440918035e-01
-4.697886943817138755e-02
3.667684173583984353e-01
3.561125755310058649e-02
-1.244357376098632839e+00
3.209632492065429554e-01
-1.177848339080810602e-01
3.222973632812500266e-01
5.436006546020508146e-02
-1.433620452880859375e+00
4.263183975219726474e-01
3.532332611083984220e-01
-4.234572219848632968e-01
-8.559840393066405762e-01
-6.206674957275390980e-01
-3.749484634399414262e-01
nan
nan
nan
nan
8.803163170814514576e-03
-1.216384410858154241e-01
9.475519561767578036e-01
1.551355457305908236e-01
-7.849971008300781206e-01
-1.164221191406249911e+00
-1.662651538848877036e-02
-8.690980529785156117e-01
1.356184539794921928e+00
1.540587234497070301e-01
7.761700439453125266e-01
-1.570140686035156330e+00
-2.543414878845214888e-01
-2.051413726806640692e-01
8.989509582519531472e-01
-6.939246368408202859e-01
-9.384193420410155695e-02
-3.366082382202148504e-01
-2.704821968078613414e-01
2.728875923156738326e-01
-1.921886634826660278e-01
5.651410675048827992e-01
1.058396148681640669e+00
2.642466163635253662e-01
2.854375839233398438e-01
-7.680125427246093928e-01
1.042761154174804750e+00
-1.527672424316406152e+00
nan
nan
nan
nan
1.234046745300292902e-01
6.689296722412109153e-01
7.901589965820312589e-01
-1.881480979919433472e-01
-8.134742736816406028e-01
5.405991554260253934e-02
-6.351905822753906028e-01
3.272292613983154158e-02
3.909417343139648393e-01
-1.418435363769531277e+00
6.718225097656249645e-01
-2.354252243041992099e-01
-5.790652465820312900e-01
-1.930271720886230502e-01
3.717629241943359308e-01
5.354766082763672275e-01
-2.028333091735839977e-01
2.390790557861328103e-01
-1.631085510253906357e+00
-3.738065338134765603e-01
1.009717025756835973e+00
-5.309816360473632590e-01
1.354245281219482455e-01
-1.873754119873046742e-01
1.774976730346679576e-01
-2.565037727355957142e-01
4.380741500854491988e-01
6.107000732421874467e-01
nan
nan
nan
nan
-6.450762939453125178e-01
5.289207839965820446e-01
6.062380218505859508e-01
-1.324455261230468750e+00
-3.350749969482421653e-01
6.684743881225585493e-02
5.098280715942382635e-01
7.008692741394043080e-02
1.064554824829101465e+00
5.215815901756286344e-03
-1.015727081298828161e+00
2.119599533081054643e-01
-7.960863494873047230e-01
3.011006355285644753e-01
-4.401490783691406339e-01
-2.190585136413574219e-01
-9.458052825927734109e-01
1.121780681610107383e-01
-7.581021881103515714e-01
-9.455744934082030984e-01
-2.944177055358886963e-01
1.341867675781249991e+00
2.355442237854003806e-01
-8.465207099914551225e-02
4.805267715454101807e-01
6.646616363525390536e-01
-3.331864547729492254e-01
3.417484283447265736e-01
nan
nan
nan
nan
-4.510234451293945179e-01
-1.131797409057617276e+00
1.012860183715820206e+00
1.234083652496337918e-01
-2.515260314941406006e-01
-9.478993225097656072e-01
-8.929856872558593617e-01
-5.813369369506835582e-01
1.615628051757812544e-01
2.947097778320312278e-01
-5.535278320312500000e-01
-1.335876464843750000e+00
-3.424343490600585960e-01
3.137414169311523171e-01
-4.927307891845703058e-01
1.031249847412109455e+00
7.822812557220458485e-02
-3.746553802490234508e-01
6.957303524017334484e-02
-1.237788162231445277e+00
-4.573598480224609353e-01
-7.761962413787841519e-02
-8.285491180419921609e-01
-4.320890808105468661e-01
2.249463272094726629e-01
-2.534257507324218506e-01
1.321694030761718652e+00
-8.233728027343749645e-01
nan
nan
nan
nan
1.479591846466064564e-01
1.739843368530273326e-01
4.253999710083007924e-01
-4.184523391723632968e-01
8.208875656127929965e-02
-8.775231170654297363e-01
-6.399272918701172097e-01
1.735785722732544056e-02
1.175350112915038991e+00
-1.071641845703124929e+00
-2.912016677856445468e-01
-3.417916107177734197e-01
4.375757980346679510e-01
2.599246215820312234e-01
-2.171690464019775460e-02
-1.002534103393554643e+00
-3.579172515869140647e-01
-1.331555938720703214e+00
-3.864329528808593817e-01
-4.232088088989257590e-01
6.695386505126953436e-01
-4.322418975830077947e-01
5.575450134277343262e-01
-8.623925781250000311e-01
-5.062565612792968572e-01
-4.522201156616210693e-01
7.046654510498047141e-01
1.518019256591796928e+00
nan
nan
nan
nan
-8.236160278320312500e-01
-3.198864746093750266e-01
-1.337215270996093830e+00
-4.308880329132080272e-02
1.564068794250488281e-01
-3.513923263549804665e-01
6.074293518066405939e-01
-7.646311759948730413e-02
7.230290985107421520e-01
1.791476058959960982e-01
8.136349487304687100e-01
2.224087333679199141e-01
1.527007675170898304e-01
-3.095433044433593683e-01
-3.157294464111328192e-01
5.664581680297851030e-01
-4.801465606689452881e-01
2.509828758239746049e-01
-5.355381011962890847e-01
-1.045270233154296902e+00
-1.416961193084716741e-01
-4.419772624969482699e-02
-4.311333465576172030e-01
-8.903684234619140270e-01
-9.209901428222656561e-01
1.303446197509765536e+00
-4.167773818969726651e-01
4.688127136230468839e-01
nan
nan
nan
nan
-2.962447881698608565e-02
-2.617819976806640692e-01
5.245283889770507857e-01
5.880107498168944957e-01
-1.290076751708984393e+00
-1.364994812011718794e+00
-1.112803726196289089e+00
1.009529495239257779e-01
-2.324897193908691539e-01
8.677436828613280806e-01
3.665422439575195535e-01
-1.244768905639648482e+00
-2.886241149902343817e-01
-3.118361663818359220e-01
-1.126618957519531339e+00
-2.468598365783691295e-01
3.494296669960021955e-03
-7.459762573242187944e-01
-7.367588806152344238e-01
8.780505371093749734e-01
-3.158138275146484264e-01
-2.816622924804687567e-01
-4.335155487060546875e-01
-8.033174133300781117e-01
3.416127777099609575e-01
-7.340646362304688033e-01
-1.175726242065429750e+00
2.268716335296630873e-02
nan
nan
nan
nan
-3.002254676818847390e-01
4.763876342773437633e-01
1.574989676475524805e-02
-1.584196624755859428e+00
-1.236846446990966797e-01
-1.555230102539062464e+00
-8.950461578369141025e-01
3.834925842285156206e-01
-5.731081008911133035e-01
-2.996642494201660067e-01
3.329759979248047008e-01
-3.814607620239257590e-01
4.134755706787109353e-01
2.937333679199218839e-01
1.675226593017578036e+00
-1.160951709747314459e-01
-3.905518341064453391e-01
-9.243653869628906117e-01
-7.628606319427490290e-02
-3.790251541137695246e-01
-2.692368316650390891e-01
-8.004646301269531528e-02
-2.032593345642089711e-01
1.855861091613769664e-01
7.436560058593749689e-01
-7.145261383056640270e-01
-1.984763145446777344e-01
5.868937492370605163e-02
nan
nan
nan
nan
-3.367253875732421631e-01
2.061971664428710882e-01
-3.273253250122070135e-01
-4.746267700195312411e-01
-7.174852752685546564e-01
1.017028141021728560e-01
-1.707955169677734253e-01
-3.976132202148437433e-01
1.606361198425292902e-01
-6.470005035400390181e-01
1.263282470703124938e+00
-4.654882431030273326e-01
-1.838288307189941267e-02
2.534292602539062744e-01
6.025064364075660575e-04
-8.275875091552734597e-01
-9.420307159423828569e-01
-6.444028472900390492e-01
1.257546901702880915e-01
-1.228733253479003945e-01
-5.260402297973633123e-01
-1.551064395904541149e-01
-2.383926963806152211e-01
1.020287418365478510e-01
-1.565641593933105591e-01
-6.166645431518554821e-01
-1.863315734863281170e+00
3.432510757446289307e-01
nan
nan
nan
nan
-2.605970764160156494e-01
3.276281738281249800e-01
1.705900573730468883e-01
-5.260912704467773926e-01
7.536882781982421342e-01
1.312854003906249956e+00
-3.856534576416015825e-01
4.979808807373046764e-01
-6.043262481689452847e-02
1.819241333007812544e+00
1.528114700317382835e-01
8.954093933105468361e-02
-4.537750720977783148e-02
-9.315248870849609508e-01
9.792463302612304521e-02
-4.770498275756835938e-01
-5.100748062133788618e-01
-9.345680236816406028e-01
2.345606422424316440e-01
-6.611662292480469105e-01
-3.345372009277343683e-01
2.005884361267089855e-01
1.049806976318359425e-01
-8.675019836425781339e-01
-7.013771057128905806e-01
-8.533921051025390447e-01
1.549320983886718794e+00
5.100732445716857702e-03
nan
nan
nan
nan
-1.243312358856201172e-01
1.473290157318115356e-01
4.291796112060546897e-01
9.103595733642577681e-02
1.204844665527343706e+00
3.553289413452148660e-01
-1.072252368927001931e-01
-8.194366455078124778e-01
8.854307556152343217e-01
1.017771835327148544e+00
1.389360656738281241e+00
-3.163637542724609397e-01
1.391319885253906152e+00
-8.818902015686035101e-02
-4.631985187530517772e-02
3.619921112060546786e-01
1.111076164245605458e-01
4.714506530761718994e-01
-2.740645217895507635e-01
2.584330797195434626e-02
6.256746768951415572e-02
-6.252223205566406206e-01
-1.158863906860351456e+00
-1.237077045440673762e-01
2.713629722595214955e-01
-6.918739318847656472e-01
-2.327721557617187464e+00
-4.508038330078125155e-01
nan
nan
nan
nan
-3.811254882812499800e-01
5.385612487792968972e-01
5.902211380004882546e-01
-1.481471157073974698e-01
-9.332852935791016158e-01
-1.015793457031249902e+00
-1.918600463867187467e-01
4.985990524291992188e-01
-7.692471313476562100e-01
2.988569641113281161e-01
4.282693481445312700e-01
2.946277809143066362e-01
-2.893193435668945379e-01
1.116786651611328063e+00
-6.027295684814453214e-01
4.398772048950195246e-01
-2.032642066478729075e-03
1.163152999877929750e+00
-2.519569015502929887e-01
1.065748062133789142e+00
-1.977382469177245972e-01
-2.523229026794433505e-01
-2.501506614685058416e-01
1.442145252227783336e-01
5.753107452392578480e-01
-6.561724853515624734e-01
-2.956683158874511830e-01
-3.097790718078613503e-01
nan
nan
nan
nan
1.315406341552734393e+00
-7.121472930908203658e-01
-3.994645690917968950e-01
-1.280890750885009810e-01
-1.198199653625488248e-01
-8.264618682861327725e-01
4.186675643920898526e-01
2.812552452087402344e-01
8.310440826416015669e-01
-7.374302673339844238e-01
-7.156581115722656650e-01
-6.231134796142577814e-01
1.444343566894531194e-01
3.451831436157226651e-01
1.438583526611328045e+00
9.607402801513671431e-01
-7.062759399414062500e-01
-2.864643096923827903e-01
3.584635162353515536e-01
-3.302129364013671742e-01
8.782890319824219194e-01
1.367759799957275479e-01
7.394152832031249956e-01
1.159508438110351536e+00
2.655276107788085982e-01
4.063512039184570268e-01
-1.388951420783996610e-02
-3.506967163085937256e-01
nan
nan
nan
nan
-1.208377933502197271e-01
-5.736145019531249667e-02
-5.093595027923583651e-02
2.752025222778320401e-01
-8.960598754882812544e-01
1.022567138671875098e+00
-9.800584411621093839e-01
-4.562192916870116965e-01
-6.674258422851562234e-01
1.139401245117187544e+00
4.690899658203124822e-01
-4.972504425048828169e-01
-1.507581329345703214e+00
8.735774040222167580e-02
4.362876129150390359e-01
8.349991440773009421e-03
8.836640930175780895e-01
-9.448340415954589733e-02
2.329088020324706909e-01
1.212305755615234348e+00
-1.008717193603515527e+00
-4.344857025146484641e-01
-1.938087158203124938e+00
-1.337551403045654230e-01
-1.499038600921630826e-01
8.674987030029296387e-01
-5.209140014648437900e-01
-3.881220245361328147e-01
nan
nan
nan
nan
-8.988704681396484375e-01
-1.185119781494140545e+00
-2.918457031250000222e-01
-5.953459930419922053e-01
-1.579543151855468786e+00
-1.522101116180419877e-01
2.562002868652343945e+00
1.415532379150390652e+00
2.997021102905273460e-01
-3.193808555603027122e-01
6.148208618164062444e-02
1.029413127899169861e-01
3.755472183227539368e-02
1.148881759643554767e+00
4.746736145019531117e-01
1.022114181518554599e+00
-3.432654571533202970e-01
-1.236347007751464888e-01
1.204412231445312509e+00
4.487154769897461204e-01
-9.363478851318359775e-01
3.029230308532714910e-01
6.893943786621093972e-01
1.406131172180175859e-01
6.772222900390625355e-01
7.273468017578125222e-01
-5.278076934814452947e-01
-4.088868713378906450e-01
nan
nan
nan
nan
-1.039069824218749938e+00
7.128413391113280762e-01
-2.141738891601562347e-02
4.653354644775390403e-01
2.920762825012206965e-01
3.508928298950195201e-01
-7.895902252197265492e-01
-4.746670532226562322e-01
1.895805549621581987e-01
-3.783938217163085871e-01
1.181336135864257786e+00
-1.266457824707031277e+00
-1.120176239013671804e+00
-1.559663543701171884e+00
-9.250890350341797186e-01
-4.025899124145507768e-01
-1.172227478027343839e+00
-7.901177978515625533e-01
-1.742570686340332020e-01
-8.699110412597655939e-01
9.699430465698242326e-03
2.183148002624511752e-01
2.337177658081054654e-01
4.523493576049804621e-01
3.051173210144043080e-01
9.641051483154297053e-01
-4.469577026367187456e-01
3.952739334106445401e-01
nan
nan
nan
nan
-6.885781097412109197e-01
2.060571289062499978e-01
-1.064744491577148455e+00
1.305399537086486886e-02
4.609742736816406228e-01
-1.927909278869628928e-01
-1.300805950164795055e-01
3.927514076232910267e-02
-4.678843307495117454e-01
7.403612518310547230e-01
7.182079315185546653e-01
-6.383530807495116921e-01
1.017637786865234428e+00
1.500521392822265598e+00
-4.868870925903320268e-01
-8.964630126953125611e-02
-2.732038116455078325e-01
-8.337797164916992132e-02
1.060998382568359322e+00
1.298733806610107289e-01
-1.359418201446533081e-01
1.323145599365234348e+00
1.369227409362792913e-01
9.080675506591796564e-01
2.876899147033691317e-01
1.008999156951904258e-01
3.022020721435547119e-01
-4.478226470947265780e-01
nan
nan
nan
nan
2.200716018676757701e-01
2.605303955078124845e-01
-6.874687957763672141e-01
1.888593482971191451e-01
4.383655548095702903e-01
5.505212306976318276e-02
-8.197816467285156117e-01
1.899682235717773393e-01
3.420574569702148349e-01
-9.653672027587890669e-01
3.885856628417968528e-01
-4.408501052856445557e-01
2.189353561401367054e-01
-3.732288360595703014e-01
-8.635255432128906561e-01
-3.032415199279785423e-01
-3.438517379760742121e-01
-9.613006591796874334e-02
8.451417541503906117e-01
-8.943584561347962120e-03
-7.124081134796142467e-02
9.638056755065918524e-02
4.218344879150390803e-01
8.790473937988281250e-01
-7.751626968383788785e-02
1.004124679565429723e+00
nan
-3.862193679809570179e-01
nan
nan
nan
nan
1.529915809631347545e-01
1.040404701232910123e-01
7.471893310546875444e-01
3.711397933959961204e-01
-5.691058731079101651e-01
-1.133325729370117108e+00
7.480884552001952903e-01
-1.107974052429199219e-01
3.521860504150390869e-01
2.025062084197997922e-02
-5.777259445190430220e-01
-3.388376617431640425e-01
1.212355728149414169e+00
2.598416900634765714e-01
1.257468338012695419e+00
-1.001118927001953152e+00
-9.186878967285155850e-01
-2.511136054992675892e-01
1.181840705871581992e-01
-2.973330116271972745e-01
-1.419734802246093830e+00
-1.036099529266357455e-01
-7.714234161376952725e-01
-5.751144027709961248e-01
-9.440814208984374956e-01
-4.538703155517578303e-01
2.604625129699706942e-01
4.182610988616943665e-02
nan
nan
nan
nan
2.705916786193847678e-01
-3.427154541015624972e-02
nan
-1.213313293457031206e+00
1.605033874511718750e-01
2.001609325408935589e-02
-1.052191543579101607e+00
2.648941802978515558e-01
-7.882208251953124467e-01
-1.902553749084472667e-01
1.567836761474609431e-01
-1.978861427307128940e-01
8.273007392883301170e-02
5.248226165771484597e-01
1.178694992065429714e+00
9.712176513671875178e-01
2.626621007919311551e-02
-7.052554321289062900e-01
-4.479220581054687567e-01
-5.887504196166992720e-01
-3.277883148193359575e-01
6.015523147583007324e-01
-5.172382736206054821e-01
-3.710218429565429465e-01
1.717871284484863148e-01
2.770798492431640891e-01
-1.062129974365234375e+00
1.162107467651367215e-01
nan
nan
nan
nan
3.408707427978515669e-01
5.892354583740234686e-01
9.956520080566406694e-01
2.337024497985839833e-01
-6.789512634277343750e-01
-6.321401596069335660e-02
5.475135803222656028e-01
-9.033118438720703081e-01
1.388188266754150357e-01
7.653099822998047363e-01
5.357761764526367543e-01
-3.200628280639648549e-01
6.731421661376952859e-01
-2.688536071777343772e-01
1.203135681152343733e-01
3.183939933776855358e-02
6.855309295654297141e-01
1.036765060424804652e+00
3.072487449645995850e-01
-5.508441448211669894e-02
8.416598510742187012e-01
9.554077148437499778e-01
1.016845703125000000e+00
-2.260887527465820224e-01
7.933833312988280984e-01
2.169251441955566406e-01
1.794587249755859482e+00
1.250312900543212868e-01
nan
nan
nan
nan
-3.361003112792968484e-01
2.436844253540039196e-01
5.420328521728515758e-01
3.226483154296875266e-01
-1.235386352539062482e+00
3.753902053833007568e-01
2.774426460266113392e-01
-1.462907695770263583e-01
1.124459266662597712e-01
1.016206436157226500e+00
9.528895568847656206e-01
-1.148413658142089788e-01
6.230790328979491921e-01
-1.390905151367187509e+00
1.497260131835937536e+00
-6.894888305664061967e-01
3.091984176635741988e-01
-1.296069488525390723e+00
8.772817993164062633e-01
7.665365600585937189e-01
3.411209869384765891e-01
-6.975259780883788507e-02
4.929438018798827925e-01
6.574803924560547186e-01
-8.962219238281250444e-01
3.491249847412109530e-01
4.081990718841552873e-02
-1.458785095214843786e+00
nan
nan
nan
nan
-3.986559295654296675e-01
8.239962005615234508e-01
4.242755889892578236e-01
-4.267609024047851474e-01
-4.077494812011718817e-01
6.909312438964844150e-01
-5.285648345947265708e-02
-5.623031234741211470e-01
3.190317153930664062e-01
3.812264251708984419e-01
1.175699768066406303e+00
-1.596943950653076094e-01
-6.710598754882812766e-01
-4.007975769042968484e-01
-2.314432907104492232e-01
8.178490638732910378e-02
1.205662460327148411e+00
8.280809020996093839e-01
-2.836448287963866943e-01
-5.038822555541991877e-01
7.139413452148437589e-01
3.731527090072631753e-02
-6.518778991699218928e-01
-4.470172882080077903e-01
-4.867576599121093972e-01
8.243311309814452814e-01
-1.931347465515136641e-01
-8.502633666992187589e-01
nan
nan
