nan
nan
-4.700730368494987488e-02
-3.743574023246765137e-01
8.403861895203590393e-03
2.030688673257827759e-01
-2.594900131225585938e-01
2.441788017749786377e-01
-8.841145038604736328e-01
1.472864627838134766e+00
-2.037103921175003052e-01
4.351179301738739014e-01
-3.471190109848976135e-02
2.285525351762771606e-01
3.085483051836490631e-02
-4.409288763999938965e-01
-1.963036656379699707e-01
-6.752032041549682617e-01
-1.536417007446289062e-01
-6.335979700088500977e-02
-5.800026934593915939e-03
3.835152089595794678e-01
6.101746112108230591e-02
-5.030188336968421936e-02
3.848286271095275879e-01
-5.859312415122985840e-01
-2.026262730360031128e-01
-1.536045074462890625e-01
4.080480933189392090e-01
-1.312700212001800537e-01
nan
nan
nan
nan
-2.814386487007141113e-01
4.447549879550933838e-01
-3.559036850929260254e-01
4.971352815628051758e-01
2.568317018449306488e-02
-5.549424886703491211e-01
4.819241762161254883e-01
-1.579240858554840088e-01
1.998450458049774170e-01
-1.449603736400604248e-01
1.573116332292556763e-01
6.089009717106819153e-02
1.785572245717048645e-02
1.190482079982757568e-01
-1.361092329025268555e-01
3.328809142112731934e-01
-4.775666594505310059e-01
4.997748136520385742e-01
-5.198466777801513672e-01
-6.931832432746887207e-01
-1.196982622146606445e+00
3.267470896244049072e-01
-7.796192169189453125e-01
-1.697319447994232178e-01
8.625907450914382935e-02
3.531217873096466064e-01
3.744418919086456299e-01
-5.809674263000488281e-01
nan
nan
nan
nan
4.793763756752014160e-01
4.019611477851867676e-01
-1.576932668685913086e-01
-1.001069784164428711e+00
7.752346396446228027e-01
-7.713767290115356445e-01
2.269945144653320312e-01
-6.071387529373168945e-01
-5.453034639358520508e-01
3.448615074157714844e-01
-6.396311521530151367e-01
-3.652125597000122070e-01
3.186712265014648438e-01
-1.308036446571350098e-01
-5.795959830284118652e-01
-4.789132177829742432e-01
-2.112361937761306763e-01
2.396216839551925659e-01
3.019818961620330811e-01
1.167265698313713074e-01
3.477036654949188232e-01
2.821732163429260254e-01
-9.826157987117767334e-02
3.193130791187286377e-01
3.357120156288146973e-01
-1.557888537645339966e-01
1.368023902177810669e-01
-4.361927211284637451e-01
nan
nan
nan
nan
4.613297283649444580e-01
-8.415802121162414551e-01
-4.080632627010345459e-01
4.864216446876525879e-01
-2.650535702705383301e-01
5.410568788647651672e-03
-1.333125352859497070e+00
-6.375454664230346680e-01
2.096057087182998657e-01
-6.423047184944152832e-01
2.553731203079223633e-01
-2.582720518112182617e-01
9.019175544381141663e-03
-2.364242076873779297e-01
1.002905488014221191e+00
-5.048266649246215820e-01
4.835129901766777039e-02
-1.464483141899108887e-01
2.981429174542427063e-02
-2.076801955699920654e-01
-7.208868265151977539e-01
-1.363650709390640259e-01
1.775707006454467773e-01
-4.512966871261596680e-01
1.180342165753245354e-03
-7.712952494621276855e-01
3.822692632675170898e-01
-9.301891922950744629e-01
nan
nan
nan
nan
4.493391215801239014e-01
6.388437747955322266e-01
1.343524217605590820e+00
-2.591928839683532715e-01
7.058244347572326660e-01
-1.705466061830520630e-01
-2.685657441616058350e-01
-5.643447041511535645e-01
-6.065033376216888428e-02
-5.354976058006286621e-01
7.614007592201232910e-01
8.715888857841491699e-02
-7.790691256523132324e-01
3.369703292846679688e-01
5.322616696357727051e-01
4.861364960670471191e-01
-4.817058145999908447e-01
6.427713036537170410e-01
2.634961605072021484e-01
-3.317636549472808838e-01
4.202335774898529053e-01
9.358620047569274902e-01
-6.550506353378295898e-01
-3.630116879940032959e-01
-1.138816714286804199e+00
4.710392057895660400e-01
1.789146102964878082e-03
1.891886740922927856e-01
nan
nan
nan
nan
1.586018800735473633e-01
1.000426411628723145e+00
1.880813576281070709e-02
-1.668270491063594818e-02
4.916108548641204834e-01
-9.926467388868331909e-02
-6.303897500038146973e-01
-4.889882802963256836e-01
4.077424108982086182e-01
-2.027490735054016113e-01
4.871597290039062500e-01
2.011836022138595581e-01
-7.158699631690979004e-01
-2.866510450839996338e-01
-1.028808355331420898e+00
-8.307354450225830078e-01
5.725731253623962402e-01
8.181948661804199219e-01
6.535452604293823242e-01
2.199371755123138428e-01
1.064371615648269653e-01
-8.437790274620056152e-01
3.442387580871582031e-01
-1.170310005545616150e-01
4.758206605911254883e-01
2.143389135599136353e-01
-2.424234002828598022e-01
1.653544232249259949e-02
nan
nan
nan
nan
-5.048438906669616699e-01
-1.485918164253234863e-01
2.678917348384857178e-01
-1.784544736146926880e-01
1.685168407857418060e-02
-8.503884822130203247e-02
-1.834013685584068298e-02
-4.345111846923828125e-01
-2.907060980796813965e-01
-2.796045839786529541e-01
-1.785868555307388306e-01
-2.532625198364257812e-01
-6.864932775497436523e-01
-3.988359868526458740e-01
1.234922334551811218e-01
6.793835163116455078e-01
-1.379200339317321777e+00
-3.267796039581298828e-01
7.748300433158874512e-01
2.653146684169769287e-01
4.478129446506500244e-01
3.015280067920684814e-01
-5.251051783561706543e-01
6.410084962844848633e-01
9.171365946531295776e-02
1.206681370735168457e+00
9.350323677062988281e-01
2.725658118724822998e-01
nan
nan
nan
nan
3.940938413143157959e-01
2.448739558458328247e-01
-6.213868856430053711e-01
3.545341491699218750e-01
-3.866562992334365845e-02
1.161575913429260254e+00
-2.398434877395629883e-01
4.066252410411834717e-01
-9.597355127334594727e-01
4.785763025283813477e-01
-5.647537112236022949e-01
3.903308212757110596e-01
-8.746432512998580933e-02
3.685849905014038086e-01
-3.120101392269134521e-01
1.186002492904663086e+00
8.718547821044921875e-01
-3.943305313587188721e-01
2.311071008443832397e-01
1.267156749963760376e-01
1.764854490756988525e-01
-4.128768444061279297e-01
-6.932120919227600098e-01
-2.475634217262268066e-01
-5.220394730567932129e-01
-7.400913238525390625e-01
1.140504702925682068e-01
4.505025148391723633e-01
nan
nan
nan
nan
9.011831283569335938e-01
8.980137705802917480e-01
-8.575350046157836914e-01
-1.847178488969802856e-01
-9.215182065963745117e-01
5.046425759792327881e-02
6.182391643524169922e-01
1.332693576812744141e+00
-1.918785423040390015e-01
1.100855693221092224e-01
-1.018991246819496155e-01
8.693638443946838379e-02
4.575676321983337402e-01
4.476369917392730713e-01
8.629047870635986328e-01
-5.490359067916870117e-01
3.840158134698867798e-02
-4.688146114349365234e-01
8.173450827598571777e-01
-8.880697190761566162e-02
-4.449996650218963623e-01
4.688309729099273682e-01
-1.489942520856857300e-01
-3.452343046665191650e-01
2.304466068744659424e-02
-1.836987584829330444e-01
8.320206403732299805e-01
6.495121121406555176e-02
nan
nan
nan
nan
5.509754419326782227e-01
-4.245955049991607666e-01
-6.181613802909851074e-01
2.587050497531890869e-01
9.795126318931579590e-02
-1.174732446670532227e-01
-3.042186200618743896e-01
1.012420356273651123e-01
-8.001999258995056152e-01
-3.504734113812446594e-02
-2.821972034871578217e-02
3.644565641880035400e-01
1.077996119856834412e-01
1.766310185194015503e-01
3.226324021816253662e-01
2.261191606521606445e-01
3.140880465507507324e-01
-4.296334981918334961e-01
1.681496202945709229e-01
9.872700087726116180e-03
-4.783785641193389893e-01
-2.469235211610794067e-01
6.520130634307861328e-01
-6.937439441680908203e-01
6.371828913688659668e-01
-2.023420929908752441e-01
-2.943012490868568420e-02
2.922617793083190918e-01
nan
nan
nan
nan
-6.606644988059997559e-01
1.403433680534362793e-01
8.000973463058471680e-01
-6.636034250259399414e-01
7.218006998300552368e-02
1.978993266820907593e-01
5.453909561038017273e-02
-3.465722203254699707e-01
3.491785526275634766e-01
2.708322107791900635e-01
-6.542488187551498413e-02
-1.663626432418823242e-01
1.944134235382080078e-01
-5.378550291061401367e-01
-2.278502881526947021e-01
3.784441649913787842e-01
3.119420409202575684e-01
-6.953976154327392578e-01
5.518881082534790039e-01
1.243989318609237671e-01
4.847502112388610840e-01
-7.623056769371032715e-01
2.738560438156127930e-01
-6.656594872474670410e-01
-3.149291574954986572e-01
3.025141358375549316e-01
-3.698917031288146973e-01
5.159393548965454102e-01
nan
nan
nan
nan
3.425559103488922119e-01
-1.114972010254859924e-01
-8.287747204303741455e-02
1.717190444469451904e-01
3.319522738456726074e-01
5.967079401016235352e-01
-4.794640243053436279e-01
-1.537235677242279053e-01
-3.054103851318359375e-01
3.254135251045227051e-01
-2.719392478466033936e-01
2.921833992004394531e-01
5.377511978149414062e-01
1.718538403511047363e-01
-3.125061690807342529e-01
-4.820177331566810608e-02
9.046099781990051270e-01
-3.297263085842132568e-01
-1.738117784261703491e-01
-5.946248173713684082e-01
2.414643466472625732e-01
6.484419107437133789e-01
-6.314661502838134766e-01
1.389413774013519287e-01
2.496905177831649780e-01
-3.002150952816009521e-01
1.015039309859275818e-01
-1.001588329672813416e-01
nan
nan
nan
nan
-3.835901990532875061e-02
-4.451506957411766052e-02
2.345826029777526855e-01
3.239607512950897217e-01
5.595526099205017090e-01
-1.273379921913146973e-01
-1.655559092760086060e-01
1.892610937356948853e-01
8.161821365356445312e-01
3.865742087364196777e-01
9.268274158239364624e-02
-2.001781165599822998e-01
2.353428006172180176e-01
-3.012630343437194824e-01
1.518390923738479614e-01
3.192756175994873047e-01
9.397120475769042969e-01
3.848080039024353027e-01
-2.488332986831665039e-01
5.513625144958496094e-01
-2.688884139060974121e-01
2.142846733331680298e-01
8.547882437705993652e-01
9.721337556838989258e-01
3.813618123531341553e-01
5.260727405548095703e-01
-1.150612086057662964e-01
2.140575498342514038e-01
nan
nan
nan
nan
-4.621610641479492188e-01
-2.477170526981353760e-01
1.243457272648811340e-01
-9.439985156059265137e-01
-2.223936319351196289e-01
-7.227354049682617188e-01
1.053752422332763672e+00
2.753719985485076904e-01
-2.903132140636444092e-01
-3.128079324960708618e-02
5.102469921112060547e-01
-2.074971348047256470e-01
7.362678647041320801e-02
-1.413892358541488647e-01
3.981612622737884521e-01
6.692960262298583984e-01
1.318737119436264038e-01
-3.036157488822937012e-01
-5.758687257766723633e-01
-4.468771517276763916e-01
3.329098820686340332e-01
-7.928051948547363281e-01
-3.210282623767852783e-01
-4.817388653755187988e-01
9.440927207469940186e-02
-9.497141242027282715e-01
3.938177824020385742e-01
3.810464143753051758e-01
nan
nan
nan
nan
5.499900579452514648e-01
-6.519520282745361328e-02
-8.902802467346191406e-01
-7.238202542066574097e-02
1.363408267498016357e-01
-1.359113454818725586e-01
8.990595489740371704e-02
-3.610324263572692871e-01
-2.384204864501953125e-01
2.854221463203430176e-01
-1.776344031095504761e-01
-2.261462807655334473e-01
-6.571462750434875488e-01
3.283890485763549805e-01
1.813393458724021912e-02
-2.506719529628753662e-01
2.132412791252136230e-01
-5.550206303596496582e-01
5.268064737319946289e-01
1.917055547237396240e-01
-1.512597352266311646e-01
6.020432710647583008e-01
-2.076881378889083862e-02
3.727165758609771729e-01
-6.182489395141601562e-01
8.517635613679885864e-02
-7.759929448366165161e-02
4.555953145027160645e-01
nan
nan
nan
nan
-1.558504998683929443e-01
2.960235476493835449e-01
2.622231543064117432e-01
-9.624005556106567383e-01
-8.534383773803710938e-01
-2.076063118875026703e-02
8.675000071525573730e-01
-2.430308461189270020e-01
5.342783331871032715e-01
-1.279877781867980957e+00
6.897240877151489258e-01
1.235757842659950256e-01
2.148295938968658447e-01
9.914752244949340820e-01
-6.432474255561828613e-01
-1.008348539471626282e-01
1.999235600233078003e-01
-4.790251553058624268e-01
2.676644325256347656e-01
-4.345757663249969482e-01
1.306553781032562256e-01
-1.070464774966239929e-02
4.588813483715057373e-01
-7.924132980406284332e-03
2.523872256278991699e-01
-6.498373746871948242e-01
-5.176667571067810059e-01
-1.001859664916992188e+00
nan
nan
nan
nan
1.875143647193908691e-01
-2.797936201095581055e-01
-1.012699723243713379e+00
7.719269990921020508e-01
3.961846828460693359e-01
-2.309833467006683350e-01
4.329611361026763916e-01
4.317899048328399658e-01
-3.991523757576942444e-02
-3.676641881465911865e-01
6.181530356407165527e-01
5.761306285858154297e-01
-1.482412070035934448e-01
1.013050004839897156e-01
1.408195793628692627e-01
-5.479129552841186523e-01
-3.943949192762374878e-02
2.846295833587646484e-01
4.573479890823364258e-01
-5.397846102714538574e-01
7.735808938741683960e-02
4.384089410305023193e-01
4.993911087512969971e-01
9.210411310195922852e-01
2.694485187530517578e-01
1.068707779049873352e-01
7.956387400627136230e-01
8.630306720733642578e-01
nan
nan
nan
nan
3.256597742438316345e-02
-2.954156696796417236e-01
5.882863402366638184e-01
4.067037701606750488e-01
2.342754974961280823e-02
-1.886384338140487671e-01
5.496305227279663086e-01
-7.934119105339050293e-01
-1.028383374214172363e+00
-6.888000667095184326e-02
4.464742839336395264e-01
5.211539268493652344e-01
-1.563282012939453125e-01
4.408830702304840088e-01
3.229151666164398193e-01
-1.831084191799163818e-01
8.222402930259704590e-01
3.065414354205131531e-02
3.357192873954772949e-01
-3.988194167613983154e-01
-6.260936856269836426e-01
-1.074569392949342728e-02
-5.641356576234102249e-03
1.027709722518920898e+00
2.036884725093841553e-01
5.757052451372146606e-02
-9.515293836593627930e-01
-1.056893706321716309e+00
nan
nan
nan
nan
6.849367022514343262e-01
-2.642451226711273193e-01
1.731397062540054321e-01
4.528166353702545166e-01
-2.734800577163696289e-01
7.869221270084381104e-03
-1.064588427543640137e+00
2.584464251995086670e-01
-9.517763257026672363e-01
5.854419469833374023e-01
-1.022559404373168945e+00
1.951810866594314575e-01
-7.752696275711059570e-01
-3.971030935645103455e-02
-4.443567395210266113e-01
3.729393482208251953e-01
1.295028440654277802e-02
1.481575369834899902e-01
-5.261462330818176270e-01
-2.139990776777267456e-01
8.830320835113525391e-01
1.560980975627899170e-01
-1.102790161967277527e-01
7.702038288116455078e-01
7.286503314971923828e-01
-6.663647294044494629e-02
nan
-1.901947408914566040e-01
nan
nan
nan
nan
-1.064761400222778320e+00
-3.761397004127502441e-01
-4.832080006599426270e-01
-7.729672789573669434e-01
-2.167764008045196533e-01
4.236247837543487549e-01
6.747341156005859375e-01
1.046196818351745605e+00
6.145493984222412109e-01
-2.603226602077484131e-01
-6.390901803970336914e-01
5.993223786354064941e-01
-4.323346018791198730e-01
4.773440957069396973e-02
6.765759736299514771e-02
-3.319794237613677979e-01
2.363678961992263794e-01
3.277216553688049316e-01
-5.026739239692687988e-01
1.418950110673904419e-01
7.715013623237609863e-01
-5.305798649787902832e-01
-4.990930110216140747e-02
3.080193698406219482e-01
-1.160902678966522217e-01
-3.613786995410919189e-01
1.963968127965927124e-01
1.917559951543807983e-01
nan
nan
nan
nan
8.491731286048889160e-01
-4.804705977439880371e-01
nan
3.057418763637542725e-02
-5.137129426002502441e-01
6.026034802198410034e-02
-6.610798835754394531e-01
3.839225769042968750e-01
-9.929643273353576660e-01
-3.368845880031585693e-01
-2.042962461709976196e-01
-2.786223590373992920e-01
-1.715232431888580322e-01
-7.316468749195337296e-03
-4.008058831095695496e-02
3.233443573117256165e-02
5.541848540306091309e-01
5.303476452827453613e-01
5.861767008900642395e-02
1.356292724609375000e+00
2.921602129936218262e-01
-2.543422579765319824e-02
-4.975770115852355957e-01
-5.603365898132324219e-01
1.161721795797348022e-01
7.124127745628356934e-01
-3.570982515811920166e-01
4.102237895131111145e-02
nan
nan
nan
nan
4.700757265090942383e-01
1.101315021514892578e-01
1.792471259832382202e-01
-3.703781589865684509e-02
-2.458337843418121338e-01
-9.368763566017150879e-01
3.426299095153808594e-01
1.007149100303649902e+00
9.025979042053222656e-01
1.203538291156291962e-02
-8.935317993164062500e-01
-5.040825009346008301e-01
7.655510902404785156e-01
-6.110650300979614258e-02
-2.079639434814453125e-01
4.579208791255950928e-02
2.739070057868957520e-01
5.606326460838317871e-01
-5.868078470230102539e-01
4.477182328701019287e-01
-2.434619069099426270e-01
6.996906399726867676e-01
2.321486771106719971e-01
5.872628688812255859e-01
-4.864330291748046875e-01
-1.019178852438926697e-01
-4.366545081138610840e-01
1.043905019760131836e+00
nan
nan
nan
nan
-2.492259144783020020e-01
6.287608146667480469e-01
1.672964692115783691e-01
-1.177729368209838867e+00
-9.186824560165405273e-01
2.953138351440429688e-01
2.345362603664398193e-01
6.598404645919799805e-01
3.259167820215225220e-02
-5.259886980056762695e-01
5.512181520462036133e-01
1.268696337938308716e-01
-4.091291129589080811e-01
-1.884997189044952393e-01
-2.581074237823486328e-01
-1.099106788635253906e+00
-9.001585841178894043e-01
6.683198809623718262e-01
-2.030106782913208008e-01
4.316105693578720093e-02
-1.995084583759307861e-01
-5.178816318511962891e-01
1.755077242851257324e-01
7.451258897781372070e-01
-3.180417716503143311e-01
7.546653151512145996e-01
6.037139296531677246e-01
-4.102402627468109131e-01
nan
nan
nan
nan
-1.862699389457702637e-01
2.250549793243408203e-01
-9.664046764373779297e-01
1.434570252895355225e-01
-1.630477309226989746e-01
1.169364809989929199e+00
2.258987873792648315e-01
1.292941272258758545e-01
6.169263124465942383e-01
-3.444995880126953125e-01
-8.697144985198974609e-01
4.009740054607391357e-02
-3.552018105983734131e-01
7.387883961200714111e-02
8.463176488876342773e-01
3.053324520587921143e-01
-6.589435935020446777e-01
-4.600528180599212646e-01
2.055422868579626083e-03
1.646621525287628174e-01
-4.118864834308624268e-01
-5.901241302490234375e-02
-5.456644892692565918e-01
2.893016338348388672e-01
-1.266402751207351685e-01
9.686414152383804321e-02
-2.379260957241058350e-01
-3.979178965091705322e-01
nan
nan
