nan
nan
5.459291934967041016e-01
6.927050948143005371e-01
7.720958441495895386e-02
5.445796251296997070e-01
-4.406291246414184570e-01
-1.021167993545532227e+00
6.135975718498229980e-01
2.486596107482910156e-01
-6.216006278991699219e-01
-3.586561083793640137e-01
-7.154384255409240723e-01
-3.449601121246814728e-03
1.022945973090827465e-03
8.296775817871093750e-01
4.631576240062713623e-01
-2.093378156423568726e-01
2.871606349945068359e-01
4.157685637474060059e-01
-4.997560381889343262e-01
-1.173905372619628906e+00
5.182426571846008301e-01
-1.071485996246337891e+00
3.393753170967102051e-01
1.242745015770196915e-02
-3.513947427272796631e-01
9.748646616935729980e-02
4.556981623172760010e-01
2.154716104269027710e-01
nan
nan
nan
nan
-4.026562571525573730e-01
-1.998535394668579102e-01
4.994485080242156982e-01
5.469197630882263184e-01
-5.860537290573120117e-01
2.949379086494445801e-01
7.274084687232971191e-01
-5.898653268814086914e-01
-1.630595326423645020e-01
2.614297568798065186e-01
1.736053228378295898e-01
-3.125876933336257935e-02
-8.805342018604278564e-02
-1.876472234725952148e-01
5.756672024726867676e-01
4.873517900705337524e-02
-7.351211905479431152e-01
-6.123031377792358398e-01
4.570231735706329346e-01
7.335761934518814087e-02
-9.697580933570861816e-01
1.227938197553157806e-02
-6.549658626317977905e-02
-3.489084243774414062e-01
5.257334709167480469e-01
1.749647855758666992e-01
-4.670599475502967834e-02
-1.644577533006668091e-01
nan
nan
nan
nan
6.745123863220214844e-01
4.320363700389862061e-02
-7.884883880615234375e-02
3.457559347152709961e-01
-1.954653533175587654e-03
9.450289420783519745e-03
-8.343362808227539062e-02
-6.245645284652709961e-01
-4.202744662761688232e-01
1.178026914596557617e+00
1.339014768600463867e-01
-8.243013024330139160e-01
-1.104331016540527344e+00
3.488074988126754761e-02
4.221808910369873047e-01
-2.671408653259277344e-02
-4.203900694847106934e-02
-2.439434230327606201e-01
2.959437668323516846e-01
-1.867253184318542480e-01
1.058182835578918457e+00
-5.732720494270324707e-01
-1.036867856979370117e+00
-2.574738264083862305e-01
2.721986547112464905e-02
-6.377507746219635010e-02
2.233076840639114380e-01
4.921270012855529785e-01
nan
nan
nan
nan
-4.395157992839813232e-01
8.762293457984924316e-01
5.984979495406150818e-02
-4.661841690540313721e-01
-1.034207105636596680e+00
4.289864897727966309e-01
-2.085513919591903687e-01
-6.366605162620544434e-01
-1.058918833732604980e-01
-1.804329827427864075e-02
4.451824724674224854e-01
6.700950264930725098e-01
2.782245874404907227e-01
3.990199044346809387e-02
3.198009431362152100e-01
1.474944055080413818e-01
-2.952433526515960693e-01
-6.760266423225402832e-02
1.548126190900802612e-01
4.457601904869079590e-02
-7.350786328315734863e-01
3.322119414806365967e-01
2.309312522411346436e-01
-6.969267874956130981e-02
1.167174935340881348e+00
-4.079834222793579102e-01
4.796774685382843018e-02
2.440799027681350708e-01
nan
nan
nan
nan
-9.310770630836486816e-01
3.651232719421386719e-01
5.756507515907287598e-01
-3.727098703384399414e-01
4.636221230030059814e-01
-5.816666409373283386e-02
-3.744988143444061279e-02
-3.921144604682922363e-01
3.361008465290069580e-01
-4.142446219921112061e-01
-4.171660840511322021e-01
8.134797215461730957e-01
-2.161422222852706909e-01
3.222392797470092773e-01
3.697956800460815430e-01
-6.614445447921752930e-01
-4.297006130218505859e-01
1.662468314170837402e-01
1.711732894182205200e-01
1.245994865894317627e-01
-4.701487720012664795e-02
2.752436995506286621e-01
-1.282508075237274170e-01
-4.595062732696533203e-01
-4.809711873531341553e-01
1.543686985969543457e-01
1.549180895090103149e-01
-1.201053336262702942e-01
nan
nan
nan
nan
-5.499868392944335938e-01
-1.726184785366058350e-01
5.960532426834106445e-01
8.586955666542053223e-01
3.949499726295471191e-01
7.479593157768249512e-01
1.073971271514892578e+00
-4.493430554866790771e-01
7.777508497238159180e-01
-2.813253086060285568e-03
1.513416469097137451e-01
-1.598621726036071777e+00
-5.180896520614624023e-01
1.708630025386810303e-01
1.832941472530364990e-01
-3.646194040775299072e-01
4.218720197677612305e-01
6.835682988166809082e-01
6.667359173297882080e-02
2.882266342639923096e-01
-1.533216387033462524e-01
-1.635899990797042847e-01
7.602543234825134277e-01
7.931764125823974609e-01
2.344387918710708618e-01
8.469437360763549805e-01
6.262835264205932617e-01
2.087156474590301514e-01
nan
nan
nan
nan
4.771234989166259766e-01
-1.632719337940216064e-01
3.918997943401336670e-01
2.569488584995269775e-01
-5.134267807006835938e-01
4.471940100193023682e-01
3.975967168807983398e-01
-6.379978358745574951e-02
3.756292760372161865e-01
2.780740894377231598e-02
-3.993243873119354248e-01
3.566625341773033142e-02
-2.751970589160919189e-01
1.247083535417914391e-03
-2.635322511196136475e-01
-2.660474739968776703e-02
7.395132631063461304e-02
-7.822725176811218262e-01
1.158314496278762817e-01
-5.880540013313293457e-01
-2.117631584405899048e-02
9.094026088714599609e-01
-1.033815667033195496e-01
9.225556254386901855e-02
2.732043266296386719e-01
-2.650840282440185547e-01
-5.562691092491149902e-01
-9.851514361798763275e-03
nan
nan
nan
nan
6.358204782009124756e-02
1.358075439929962158e-01
-2.558676600456237793e-01
1.334555819630622864e-02
-4.375796914100646973e-01
1.062008216977119446e-01
1.258318871259689331e-01
-2.167484313249588013e-01
3.165908455848693848e-01
-4.902261495590209961e-01
-2.437065839767456055e-01
-2.491632103919982910e-01
-9.909940361976623535e-01
3.539408743381500244e-01
4.279356822371482849e-02
5.350255370140075684e-01
4.630572497844696045e-01
2.002111263573169708e-02
-5.532379075884819031e-02
1.461928337812423706e-01
1.035557627677917480e+00
-2.703474164009094238e-01
-2.076591551303863525e-01
6.016318202018737793e-01
-1.074532866477966309e+00
5.577079057693481445e-01
3.802440166473388672e-01
7.264084815979003906e-01
nan
nan
nan
nan
5.216721296310424805e-01
4.307453334331512451e-01
9.234764426946640015e-02
-5.272228717803955078e-01
7.865706682205200195e-01
-4.051837623119354248e-01
4.421792924404144287e-01
-2.782639861106872559e-01
-8.103420734405517578e-01
7.399185299873352051e-01
-4.243574440479278564e-01
3.129528760910034180e-01
2.964276075363159180e-01
2.444799542427062988e-01
-7.791323065757751465e-01
3.931002318859100342e-01
-4.124742150306701660e-01
-3.472788631916046143e-01
5.053659677505493164e-01
1.823716163635253906e-01
7.217538356781005859e-01
4.258561134338378906e-01
3.828935921192169189e-01
-4.983942955732345581e-02
3.508955240249633789e-01
-3.655327856540679932e-01
-1.790993660688400269e-02
6.915211677551269531e-01
nan
nan
nan
nan
-2.794519364833831787e-01
-6.214731931686401367e-01
7.413499057292938232e-02
4.247197806835174561e-01
-1.374057829380035400e-01
-1.139404892921447754e+00
5.838405340909957886e-02
5.110308527946472168e-01
-4.704978466033935547e-01
6.327148079872131348e-01
2.822449197992682457e-03
-5.151049494743347168e-01
7.235677242279052734e-01
4.759710431098937988e-01
-3.948797881603240967e-01
-4.712042808532714844e-01
3.457103073596954346e-01
1.234902068972587585e-01
-8.196327686309814453e-01
-3.270520269870758057e-01
4.927126169204711914e-01
5.660786032676696777e-01
-5.123143196105957031e-01
-2.810218632221221924e-01
2.796461880207061768e-01
-3.326306939125061035e-01
-2.307408154010772705e-01
-6.214470267295837402e-01
nan
nan
nan
nan
6.355535984039306641e-01
8.335037529468536377e-02
-5.725523829460144043e-01
-5.274847149848937988e-01
3.218195736408233643e-01
3.261626139283180237e-02
8.432516455650329590e-02
-5.034153461456298828e-01
-4.524846076965332031e-01
3.168622255325317383e-01
1.637479513883590698e-01
-1.495846062898635864e-01
7.257357835769653320e-01
1.031020134687423706e-01
4.771813452243804932e-01
1.760250926017761230e-01
-3.817449510097503662e-01
-4.449463486671447754e-01
1.534740999341011047e-02
-1.035580754280090332e+00
3.853471279144287109e-01
3.344308733940124512e-01
4.234580695629119873e-01
7.677433490753173828e-01
-8.534767627716064453e-01
3.172196447849273682e-02
9.112589359283447266e-01
3.143096864223480225e-01
nan
nan
nan
nan
-8.933214098215103149e-02
2.159781306982040405e-01
-1.804050952196121216e-01
-1.563891768455505371e-01
1.049041986465454102e+00
6.199010834097862244e-02
4.022894501686096191e-01
1.520594656467437744e-01
-1.276592910289764404e-01
2.882168591022491455e-01
-9.352471679449081421e-02
-2.288760095834732056e-01
7.919033169746398926e-01
7.029215097427368164e-01
-1.174861565232276917e-03
1.024578928947448730e+00
-3.140141367912292480e-01
3.167927861213684082e-01
7.728314399719238281e-01
9.121007472276687622e-02
8.220855593681335449e-01
8.903202414512634277e-01
1.099240422248840332e+00
1.835300028324127197e-01
-3.581568896770477295e-01
6.430516839027404785e-01
6.474775671958923340e-01
1.485465168952941895e-01
nan
nan
nan
nan
1.406863689422607422e+00
2.919352054595947266e-01
1.138856053352355957e+00
-6.821689605712890625e-01
6.214679479598999023e-01
2.110426723957061768e-01
3.860216438770294189e-01
1.301762938499450684e+00
1.130821824073791504e+00
-3.050682842731475830e-01
-4.866657778620719910e-02
1.525048136711120605e+00
-1.336236357688903809e+00
6.425221562385559082e-01
-6.202981472015380859e-01
4.510807394981384277e-01
8.960276842117309570e-01
-4.352319836616516113e-01
6.248033046722412109e-01
-1.564511060714721680e-01
1.927305571734905243e-02
-1.507709771394729614e-01
3.286952376365661621e-01
3.187621384859085083e-02
1.293722867965698242e+00
8.303207904100418091e-02
1.372965216636657715e+00
9.114255197346210480e-03
nan
nan
nan
nan
1.020136713981628418e+00
3.313331305980682373e-01
2.278014272451400757e-01
4.442781209945678711e-01
-2.584327757358551025e-01
9.281267970800399780e-02
-1.353481262922286987e-01
1.180614352226257324e+00
9.927856922149658203e-01
4.538343548774719238e-01
6.466871500015258789e-01
-4.398020729422569275e-02
2.756079733371734619e-01
1.102331429719924927e-01
7.299218177795410156e-01
1.440799534320831299e-01
1.223239451646804810e-01
5.385075211524963379e-01
6.361624598503112793e-02
5.162252187728881836e-01
-1.557103246450424194e-01
3.495146036148071289e-01
8.992814421653747559e-01
7.532287240028381348e-01
9.197214841842651367e-01
6.579337716102600098e-01
-2.429708689451217651e-01
-2.107184976339340210e-01
nan
nan
nan
nan
5.864796042442321777e-01
6.297312974929809570e-01
2.192759066820144653e-01
6.370426416397094727e-01
-5.134358406066894531e-01
-3.101046979427337646e-01
3.308704495429992676e-01
-1.693064272403717041e-01
-1.456954777240753174e-01
-1.072102785110473633e+00
3.238631784915924072e-01
-7.429755330085754395e-01
2.522724270820617676e-01
2.273430109024047852e+00
7.390322536230087280e-02
2.830260992050170898e-01
-1.632971614599227905e-01
-5.175607800483703613e-01
1.023224830627441406e+00
1.030004173517227173e-01
5.754316970705986023e-02
3.075954914093017578e-01
1.564204245805740356e-01
3.550861477851867676e-01
4.363652169704437256e-01
4.760590493679046631e-01
4.999543726444244385e-01
-3.298085927963256836e-01
nan
nan
nan
nan
7.456456311047077179e-03
2.345047295093536377e-01
1.263791322708129883e+00
4.889966547489166260e-01
5.702586174011230469e-01
7.418699860572814941e-01
6.484481692314147949e-01
7.947949171066284180e-01
4.545260369777679443e-01
5.347518324851989746e-01
8.674572706222534180e-01
1.292581677436828613e+00
6.960899233818054199e-01
7.492101788520812988e-01
-4.717026948928833008e-01
6.762730479240417480e-01
-1.290036588907241821e-01
-1.377462991513311863e-03
-7.134632766246795654e-02
3.186888098716735840e-01
5.619754195213317871e-01
9.693951606750488281e-01
1.559633255004882812e+00
3.598779141902923584e-01
-1.204587340354919434e+00
7.396794557571411133e-01
6.176189780235290527e-01
5.875862240791320801e-01
nan
nan
nan
nan
-1.465158723294734955e-02
1.116512566804885864e-01
5.866935253143310547e-01
7.979949712753295898e-01
6.229540109634399414e-01
2.110264301300048828e-01
1.391893386840820312e+00
-3.790897130966186523e-01
-5.546669960021972656e-01
-5.535790920257568359e-01
6.416277289390563965e-01
1.448463052511215210e-01
1.670992746949195862e-02
7.720034569501876831e-02
1.114540696144104004e+00
8.807142972946166992e-01
1.241068005561828613e+00
-4.262194633483886719e-01
-2.083734124898910522e-01
9.995559453964233398e-01
1.937860399484634399e-01
7.517593502998352051e-01
7.801655530929565430e-01
5.048841834068298340e-01
1.844858080148696899e-01
1.038953900337219238e+00
8.261876106262207031e-01
-8.591555058956146240e-02
nan
nan
nan
nan
-1.479590311646461487e-02
4.250887036323547363e-01
5.707769095897674561e-02
1.702404171228408813e-01
1.306812912225723267e-01
-8.657585084438323975e-02
1.683156043291091919e-01
-3.677081167697906494e-01
7.963354885578155518e-02
6.403254270553588867e-01
2.162036001682281494e-01
-3.182317614555358887e-01
2.764773964881896973e-01
-7.365381121635437012e-01
3.088503777980804443e-01
-2.918316423892974854e-01
6.728710532188415527e-01
8.806805014610290527e-01
2.075066417455673218e-01
5.299341082572937012e-01
8.484786748886108398e-02
6.563041210174560547e-01
4.673942327499389648e-01
4.756942689418792725e-01
-2.487428337335586548e-01
4.811460971832275391e-01
-4.641600325703620911e-02
4.470641314983367920e-01
nan
nan
nan
nan
5.319675207138061523e-01
8.075118064880371094e-01
-1.716983169317245483e-01
5.472635626792907715e-01
2.746927440166473389e-01
6.202303245663642883e-02
1.173450350761413574e+00
7.534549236297607422e-01
-3.425531685352325439e-01
9.290308505296707153e-02
-4.927438199520111084e-01
5.009800195693969727e-01
2.331314980983734131e-01
9.134417176246643066e-01
3.255926668643951416e-01
8.782885670661926270e-01
8.430395722389221191e-01
4.009578526020050049e-01
-3.911671638488769531e-01
-7.356822490692138672e-01
3.801010251045227051e-01
-2.970514893531799316e-01
-6.587723735719919205e-03
7.145990729331970215e-01
6.085637807846069336e-01
2.364535182714462280e-01
nan
4.354167729616165161e-02
nan
nan
nan
nan
1.115927219390869141e+00
7.829954624176025391e-01
-5.856483578681945801e-01
3.752477169036865234e-01
6.710952520370483398e-02
5.359906554222106934e-01
-1.094065606594085693e-01
6.053450703620910645e-01
5.196074247360229492e-01
1.765817701816558838e-01
-4.988996982574462891e-01
-8.920558728277683258e-03
6.419826149940490723e-01
-3.818524628877639771e-02
1.003208681941032410e-01
3.471935987472534180e-01
3.551658093929290771e-01
2.158240228891372681e-01
6.727676987648010254e-01
-5.721738189458847046e-02
1.903141885995864868e-01
4.204765334725379944e-02
8.321288228034973145e-01
2.970609366893768311e-01
6.626346111297607422e-01
1.565397232770919800e-01
2.801390588283538818e-01
1.112253785133361816e+00
nan
nan
nan
nan
5.911474823951721191e-01
3.430517911911010742e-01
nan
-2.958832383155822754e-01
-2.097578197717666626e-01
2.305974215269088745e-01
1.500306278467178345e-01
4.713653028011322021e-01
-2.370763802900910378e-03
-2.242194712162017822e-01
4.099047183990478516e-01
-3.511973321437835693e-01
5.760120749473571777e-01
-5.856749415397644043e-01
6.434942483901977539e-01
2.479032874107360840e-01
6.722209453582763672e-01
5.220798775553703308e-02
-1.858593374490737915e-01
-4.205833375453948975e-01
-7.173971831798553467e-02
7.261356115341186523e-01
1.320341467857360840e+00
-4.342170953750610352e-01
-1.305312812328338623e-01
8.860845118761062622e-02
2.301067113876342773e-01
3.780186772346496582e-01
nan
nan
nan
nan
-3.100500702857971191e-01
7.484180331230163574e-01
8.109906911849975586e-01
4.000022709369659424e-01
5.403708219528198242e-01
4.577810466289520264e-01
8.696644902229309082e-01
-7.359850406646728516e-01
-1.650176644325256348e-01
4.579186737537384033e-01
1.370000123977661133e+00
3.141314163804054260e-02
5.184571743011474609e-01
1.084500193595886230e+00
4.611268341541290283e-01
7.859193086624145508e-01
5.800942182540893555e-01
6.643277406692504883e-01
6.052520498633384705e-02
8.791918158531188965e-01
2.063668519258499146e-02
1.269417881965637207e+00
1.406418830156326294e-01
2.997665107250213623e-01
-1.864169538021087646e-01
4.145827591419219971e-01
5.930063724517822266e-01
1.599595993757247925e-01
nan
nan
nan
nan
2.169422060251235962e-01
5.050381422042846680e-01
9.568044543266296387e-01
3.533034026622772217e-01
1.764291226863861084e-01
1.776026248931884766e+00
4.740275442600250244e-01
1.556311994791030884e-01
3.977937698364257812e-01
7.165294289588928223e-01
1.096701025962829590e+00
9.322740435600280762e-01
3.597728610038757324e-01
-2.995811402797698975e-01
6.524165272712707520e-01
7.690637111663818359e-01
1.345527619123458862e-01
-8.958692103624343872e-02
1.566499471664428711e-01
4.590531587600708008e-01
8.031958937644958496e-01
6.806201338768005371e-01
4.643201828002929688e-01
1.644088476896286011e-01
4.924321174621582031e-01
-1.035906076431274414e-01
1.252885699272155762e+00
1.002761960029602051e+00
nan
nan
nan
nan
1.070327281951904297e+00
-2.342938482761383057e-01
4.305305704474449158e-02
1.132895827293395996e+00
8.017483949661254883e-01
2.169708162546157837e-01
7.892681360244750977e-01
1.181093692779541016e+00
1.128546953201293945e+00
1.042495131492614746e+00
4.451275467872619629e-01
7.271860837936401367e-01
1.259092450141906738e+00
4.861918091773986816e-01
-2.289806604385375977e-01
7.695571780204772949e-01
8.419421315193176270e-02
1.514510214328765869e-01
9.398853182792663574e-01
4.162808656692504883e-01
-8.628019690513610840e-02
4.858787059783935547e-01
2.024856656789779663e-01
1.282887607812881470e-01
-5.052430629730224609e-01
1.474602460861206055e+00
5.976276993751525879e-01
8.689630627632141113e-01
nan
nan
