nan
nan
-4.298709630966186523e-01
8.820035457611083984e-01
-4.844991564750671387e-01
-2.387055382132530212e-02
5.895406603813171387e-01
-3.122805953025817871e-01
4.248216450214385986e-01
-7.846148610115051270e-01
-1.591308563947677612e-01
1.437384039163589478e-01
-4.423161149024963379e-01
1.463592648506164551e-01
-6.161207556724548340e-01
-6.808124184608459473e-01
-2.299207746982574463e-01
-1.170181334018707275e-01
-5.568544864654541016e-01
1.118490770459175110e-01
1.978579461574554443e-01
2.702954709529876709e-01
7.611569762229919434e-01
-3.247988820075988770e-01
-2.318608313798904419e-01
-1.445885282009840012e-02
-5.767561793327331543e-01
-7.467720657587051392e-02
1.524474471807479858e-01
5.973575711250305176e-01
nan
nan
nan
nan
3.691208660602569580e-01
-6.500609517097473145e-01
1.181856095790863037e-01
3.184562623500823975e-01
-2.522306740283966064e-01
3.079041540622711182e-01
3.348330259323120117e-01
1.200479045510292053e-01
-5.936855673789978027e-01
-1.477690935134887695e+00
2.588775753974914551e-01
1.066656589508056641e+00
4.849204048514366150e-02
1.354374643415212631e-02
1.021919846534729004e+00
9.830241203308105469e-01
-1.103745579719543457e+00
-2.982371151447296143e-01
4.496524333953857422e-01
-2.235457897186279297e-01
-4.917727112770080566e-01
-2.027503959834575653e-02
9.110257625579833984e-01
-1.999606192111968994e-02
3.404064774513244629e-01
1.742629259824752808e-01
4.013847112655639648e-01
1.183196663856506348e+00
nan
nan
nan
nan
2.936508953571319580e-01
-5.421447157859802246e-01
9.711290150880813599e-02
-1.114204674959182739e-01
5.763803124427795410e-01
-3.400980308651924133e-02
-4.807486832141876221e-01
-5.450537800788879395e-01
3.251969218254089355e-01
-1.368605494499206543e+00
-1.002718582749366760e-01
6.562334895133972168e-01
7.095823287963867188e-01
2.920424044132232666e-01
6.007764935493469238e-01
-3.622533380985260010e-01
-4.131316840648651123e-01
3.640998899936676025e-01
-2.441648989915847778e-01
7.215112447738647461e-01
6.422778591513633728e-03
1.404168307781219482e-01
-4.191831350326538086e-01
-5.612236261367797852e-01
5.642287135124206543e-01
-4.925968945026397705e-01
8.947237730026245117e-01
6.730927824974060059e-01
nan
nan
nan
nan
-1.240785956382751465e+00
-1.569815427064895630e-01
1.770761609077453613e-01
6.956485100090503693e-03
-9.062398076057434082e-01
7.771667838096618652e-01
-6.039736866950988770e-01
-7.589880377054214478e-02
2.982361614704132080e-01
3.799274563789367676e-01
1.086975097656250000e+00
-4.865071177482604980e-01
5.228979587554931641e-01
-3.042439222335815430e-01
-6.641598939895629883e-01
7.030334323644638062e-02
-6.962271779775619507e-02
-1.501376647502183914e-02
-6.398733854293823242e-01
-1.062026247382164001e-02
-4.070728123188018799e-01
-1.317301034927368164e+00
-1.295715272426605225e-01
-1.565664559602737427e-01
5.805046558380126953e-01
-6.103651523590087891e-01
-1.093337908387184143e-01
2.342925369739532471e-01
nan
nan
nan
nan
-6.071528792381286621e-01
-6.551469564437866211e-01
2.919053435325622559e-01
-2.515401542186737061e-01
-4.720392525196075439e-01
1.022352933883666992e+00
3.120722174644470215e-01
1.454150378704071045e-01
-6.253830194473266602e-01
-5.250434279441833496e-01
2.225746214389801025e-01
-3.760353624820709229e-01
2.498799934983253479e-02
4.734773337841033936e-01
7.843375205993652344e-01
-1.697861671447753906e+00
6.192064881324768066e-01
1.739506125450134277e-01
-1.229674339294433594e+00
-5.917079448699951172e-01
-1.230288445949554443e-01
8.380144238471984863e-01
-2.778723835945129395e-01
7.608317136764526367e-01
-1.248571872711181641e+00
-8.864148706197738647e-02
-4.727870821952819824e-01
-1.759096384048461914e-01
nan
nan
nan
nan
1.769953966140747070e-01
5.272856950759887695e-01
-2.312929183244705200e-01
5.882203578948974609e-02
-4.755620360374450684e-01
3.939074277877807617e-01
-9.490931630134582520e-01
5.234987139701843262e-01
-3.504009246826171875e-01
-1.911356598138809204e-01
2.698723971843719482e-01
-1.267915666103363037e-01
9.454348683357238770e-01
-2.712890803813934326e-01
-1.157416496425867081e-02
5.025628209114074707e-01
6.325444579124450684e-02
-4.521693885326385498e-01
8.495070934295654297e-01
-1.624484658241271973e-01
-3.600157499313354492e-01
7.925584167242050171e-02
-2.498597502708435059e-01
5.091972947120666504e-01
4.177506566047668457e-01
1.718249917030334473e-01
4.460121393203735352e-01
-3.268232941627502441e-02
nan
nan
nan
nan
-1.473045907914638519e-02
-7.753559947013854980e-02
8.632381260395050049e-02
-6.742016673088073730e-01
-1.006757259368896484e+00
-4.401526451110839844e-01
4.418195486068725586e-01
-1.854738146066665649e-01
2.235388606786727905e-01
1.116984412074089050e-01
5.128740668296813965e-01
-1.673453450202941895e-01
-2.751170843839645386e-02
-1.502993822097778320e+00
5.192118883132934570e-01
-3.706957772374153137e-02
-3.515346646308898926e-01
-5.161942839622497559e-01
8.530069887638092041e-02
-2.711050212383270264e-01
-2.111743092536926270e-01
-1.692966222763061523e-01
4.525721967220306396e-01
-4.698403775691986084e-01
6.516782045364379883e-01
8.234726786613464355e-01
2.118258476257324219e-01
9.494747966527938843e-02
nan
nan
nan
nan
-1.966265588998794556e-01
-6.816309690475463867e-02
-2.550832927227020264e-01
6.869280934333801270e-01
-5.405841469764709473e-01
2.626007236540317535e-02
1.143720030784606934e+00
1.706421375274658203e-01
-2.706573605537414551e-01
6.027845740318298340e-01
-1.167236328125000000e+00
3.212305307388305664e-01
-5.447079539299011230e-01
3.368533253669738770e-01
9.774970412254333496e-01
4.366045892238616943e-01
-3.347696959972381592e-01
1.296126842498779297e-01
-7.489655166864395142e-02
5.034899711608886719e-01
4.211152493953704834e-01
2.290458977222442627e-01
6.129103302955627441e-01
-7.585884928703308105e-01
-3.113026358187198639e-02
4.065098464488983154e-01
7.495503425598144531e-01
4.515662193298339844e-01
nan
nan
nan
nan
4.909559711813926697e-02
6.522256135940551758e-01
1.141061902046203613e+00
-1.008888244628906250e+00
-4.389697611331939697e-01
-7.562024891376495361e-02
-6.210098862648010254e-01
1.816389858722686768e-01
6.679447889328002930e-01
-2.450169771909713745e-01
-9.372414946556091309e-01
-9.750238060951232910e-01
-1.049690693616867065e-01
1.104518994688987732e-01
4.139062166213989258e-01
-2.782062590122222900e-01
-8.674167394638061523e-01
-2.463067136704921722e-02
1.203351616859436035e-01
-7.566381692886352539e-01
-3.425924777984619141e-01
1.063861995935440063e-01
-9.308843612670898438e-01
-2.963923513889312744e-01
-1.949574649333953857e-01
9.154307842254638672e-02
-3.726486563682556152e-01
3.149491250514984131e-01
nan
nan
nan
nan
2.053386531770229340e-02
5.211400985717773438e-01
3.713706731796264648e-01
8.189432024955749512e-01
5.620940774679183960e-02
-5.861071348190307617e-01
5.135567784309387207e-01
-3.727654218673706055e-01
2.331894636154174805e-01
-2.641189396381378174e-01
7.591425180435180664e-01
6.064641475677490234e-01
8.400669693946838379e-02
-5.815271139144897461e-01
5.635316967964172363e-01
-6.840381622314453125e-01
6.065422892570495605e-01
-4.590093195438385010e-01
-6.309227347373962402e-01
1.299649477005004883e-01
-5.636541843414306641e-01
3.761165216565132141e-02
5.780634880065917969e-01
-1.022527646273374557e-02
-1.966728866100311279e-01
5.134839564561843872e-02
-7.442192435264587402e-01
-3.423394560813903809e-01
nan
nan
nan
nan
-8.757220506668090820e-01
-1.352580934762954712e-01
-7.196308672428131104e-02
8.914408087730407715e-02
1.021420881152153015e-01
2.365521937608718872e-01
-4.495303034782409668e-01
6.844334602355957031e-01
-8.188229799270629883e-01
-6.232423186302185059e-01
5.011413693428039551e-01
-7.993084788322448730e-01
2.544667422771453857e-01
2.970154583454132080e-01
1.663330197334289551e-01
5.447854399681091309e-01
-8.622899651527404785e-01
-3.391347527503967285e-01
4.428466260433197021e-01
-4.506798386573791504e-01
1.990749537944793701e-01
-7.282341718673706055e-01
-2.233290672302246094e-02
5.361364483833312988e-01
-5.349725857377052307e-02
-4.180373251438140869e-01
-3.558389842510223389e-01
7.310897856950759888e-02
nan
nan
nan
nan
-2.190878093242645264e-01
3.155377507209777832e-02
-1.475699990987777710e-02
1.739487498998641968e-01
-9.773633442819118500e-03
-5.407159924507141113e-01
1.178719043731689453e+00
-3.943347930908203125e-01
2.212115675210952759e-01
7.288116216659545898e-01
-5.297691822052001953e-01
2.613795101642608643e-01
-7.212871219962835312e-03
6.069719791412353516e-03
2.800843417644500732e-01
1.765918433666229248e-01
9.640044569969177246e-01
-8.413496017456054688e-01
-1.589547246694564819e-01
-6.725636124610900879e-01
6.856244802474975586e-01
-6.085569858551025391e-01
-1.522650718688964844e-01
2.910325825214385986e-01
9.911288321018218994e-02
1.058331783860921860e-02
3.915392160415649414e-01
-9.847227931022644043e-01
nan
nan
nan
nan
7.704208493232727051e-01
-3.209983706474304199e-01
-2.767979726195335388e-02
-5.718974471092224121e-01
-9.001457095146179199e-01
2.516582012176513672e-01
1.680028438568115234e-01
6.202010512351989746e-01
-6.724308133125305176e-01
-6.547098159790039062e-01
3.148806095123291016e-01
7.885146737098693848e-01
5.965214967727661133e-01
-3.930078744888305664e-01
3.979063779115676880e-02
-8.556491136550903320e-01
5.190323591232299805e-01
-2.223345339298248291e-01
-3.135062158107757568e-01
-4.794877171516418457e-01
-4.884422719478607178e-01
-7.018315792083740234e-01
5.324680209159851074e-01
5.889081209897994995e-02
-6.498510241508483887e-01
2.724232077598571777e-01
-9.525830745697021484e-01
-5.591924786567687988e-01
nan
nan
nan
nan
-5.251064896583557129e-01
-5.281547307968139648e-01
3.818861544132232666e-01
-1.070485949516296387e+00
1.575399488210678101e-01
1.069115661084651947e-02
2.626818120479583740e-01
-1.477727890014648438e-01
-2.406817376613616943e-01
-6.537123918533325195e-01
-2.446904964745044708e-02
-9.750416502356529236e-03
1.943658888339996338e-01
-1.592363566160202026e-01
-4.433360323309898376e-02
-3.109504580497741699e-01
1.221082955598831177e-01
1.570624113082885742e+00
-2.143425196409225464e-01
-3.607531487941741943e-01
-8.916514515876770020e-01
5.804979801177978516e-01
9.396440386772155762e-01
-3.870087862014770508e-02
-9.113459289073944092e-02
8.385162353515625000e-01
1.460960060358047485e-01
1.141723617911338806e-01
nan
nan
nan
nan
-1.049023400992155075e-02
4.733598232269287109e-02
-5.196168422698974609e-01
-5.426630377769470215e-01
-8.382008671760559082e-01
-1.445247381925582886e-01
-2.044528126716613770e-01
5.968763828277587891e-01
-4.873465001583099365e-01
1.333352774381637573e-01
7.678568363189697266e-01
-9.736664295196533203e-01
-9.387341141700744629e-02
-6.774600744247436523e-01
5.034048557281494141e-01
3.219201564788818359e-01
2.304370403289794922e-01
4.607426524162292480e-01
5.518632531166076660e-01
-2.661556303501129150e-01
4.511808753013610840e-01
2.077414393424987793e-01
5.363686382770538330e-02
-7.872329354286193848e-01
2.332606911659240723e-02
1.870483309030532837e-01
-2.800461947917938232e-01
-6.829655766487121582e-01
nan
nan
nan
nan
-3.490411937236785889e-01
3.530918061733245850e-01
-3.459290862083435059e-01
-9.431365728378295898e-01
-5.496656298637390137e-01
-8.450534343719482422e-01
1.030207648873329163e-01
-4.794376194477081299e-01
1.065830513834953308e-01
5.361065864562988281e-01
7.125526070594787598e-01
6.472409516572952271e-02
-1.088110953569412231e-01
-5.179623365402221680e-01
8.329805731773376465e-01
-1.907071024179458618e-01
-1.319850329309701920e-02
-8.635030984878540039e-01
4.639393985271453857e-01
6.741473078727722168e-02
7.769080810248851776e-03
1.207113936543464661e-01
-5.401029586791992188e-01
5.903323292732238770e-01
5.088617205619812012e-01
7.227018475532531738e-01
-1.134789347648620605e+00
7.040671259164810181e-02
nan
nan
nan
nan
-6.096899509429931641e-01
-5.579073429107666016e-01
-2.642061412334442139e-01
2.002733051776885986e-01
-2.606226205825805664e-01
2.401993721723556519e-01
-6.381191611289978027e-01
-7.386599481105804443e-02
-2.161238342523574829e-01
-3.615175783634185791e-01
-2.198390215635299683e-01
3.417934477329254150e-01
-1.473796129226684570e+00
-3.820950090885162354e-01
-4.546145200729370117e-01
1.060101240873336792e-01
-2.328994125127792358e-01
4.139064252376556396e-02
-8.955498933792114258e-01
2.145404517650604248e-01
-1.140284895896911621e+00
-2.757981419563293457e-01
1.885328628122806549e-02
-3.620052933692932129e-01
5.347377657890319824e-01
7.378311157226562500e-01
8.621299862861633301e-01
-1.415559053421020508e-01
nan
nan
nan
nan
-6.790490150451660156e-01
-2.405357062816619873e-01
-4.250940978527069092e-01
-9.363728575408458710e-03
3.361698389053344727e-01
1.145732283592224121e+00
7.390056848526000977e-01
-7.991069555282592773e-01
3.962768614292144775e-01
-6.724696159362792969e-01
6.661897897720336914e-01
-4.882208630442619324e-02
1.643412560224533081e-01
-6.451134681701660156e-01
2.945015728473663330e-01
2.502595186233520508e-01
-1.880241930484771729e-01
1.223526239395141602e+00
7.935096025466918945e-01
2.277981303632259369e-02
3.452764451503753662e-01
-5.227815508842468262e-01
4.045506417751312256e-01
7.276815772056579590e-01
-5.919969081878662109e-01
5.579795241355895996e-01
1.331122070550918579e-01
1.319036632776260376e-01
nan
nan
nan
nan
-5.095766782760620117e-01
1.280996110290288925e-02
-3.076711297035217285e-01
1.180527359247207642e-01
-6.754468083381652832e-01
-2.681561708450317383e-01
6.952620148658752441e-01
-3.117370977997779846e-02
-5.672521591186523438e-01
-3.481296598911285400e-01
-9.489929080009460449e-01
-8.745583295822143555e-01
-3.192293345928192139e-01
-1.193898245692253113e-01
6.977530121803283691e-01
-1.191961169242858887e+00
-1.070644110441207886e-01
6.188033223152160645e-01
-6.516801714897155762e-01
-4.517253339290618896e-01
1.402415037155151367e-01
-2.952157557010650635e-01
-2.297301441431045532e-01
2.195091992616653442e-01
-2.727347984910011292e-02
-5.019528046250343323e-02
nan
-3.730337321758270264e-01
nan
nan
nan
nan
-2.063235044479370117e+00
9.065772891044616699e-01
-5.763834714889526367e-01
-4.520016908645629883e-02
4.797328114509582520e-01
2.533252239227294922e-01
-7.347732782363891602e-01
-3.106221854686737061e-01
4.214527010917663574e-01
9.656865149736404419e-02
4.498592913150787354e-01
7.403163611888885498e-02
1.673108339309692383e-01
9.135799854993820190e-02
1.034952640533447266e+00
5.515186190605163574e-01
-9.160966612398624420e-03
9.740700721740722656e-01
1.464768946170806885e-01
2.516872882843017578e-01
1.106660962104797363e-01
-5.999581217765808105e-01
7.498441636562347412e-02
2.653900682926177979e-01
3.557140827178955078e-01
4.776306450366973877e-01
4.403586983680725098e-01
-2.751475870609283447e-01
nan
nan
nan
nan
-3.931887745857238770e-01
-6.086997687816619873e-02
nan
-7.284976840019226074e-01
6.090248823165893555e-01
1.258639842271804810e-01
-3.285093009471893311e-01
2.821522653102874756e-01
2.648140788078308105e-01
-3.889514803886413574e-01
1.911590844392776489e-01
-5.065894126892089844e-01
6.573314666748046875e-01
-1.291382908821105957e+00
-3.216964900493621826e-01
2.074661105871200562e-01
3.778978288173675537e-01
-2.058601528406143188e-01
1.502182632684707642e-01
2.351027131080627441e-01
1.374622732400894165e-01
2.830428779125213623e-01
2.942757904529571533e-01
-2.760472893714904785e-01
2.390905655920505524e-02
-8.657517433166503906e-01
1.901222765445709229e-01
2.863342761993408203e-01
nan
nan
nan
nan
3.785819709300994873e-01
2.663897573947906494e-01
1.151461750268936157e-01
-8.214905858039855957e-02
5.131528973579406738e-01
4.858792424201965332e-01
-4.121150374412536621e-01
-5.461181998252868652e-01
7.187076807022094727e-01
3.943755328655242920e-01
1.240969300270080566e+00
-2.109773159027099609e-01
-2.101445011794567108e-02
-3.989704549312591553e-01
-1.288718730211257935e-01
-1.357586532831192017e-01
2.070978283882141113e-01
3.300344944000244141e-01
8.490204066038131714e-02
-3.617900907993316650e-01
-3.526320457458496094e-01
-1.851378008723258972e-02
2.512379586696624756e-01
6.371953487396240234e-01
6.452211737632751465e-01
1.899938881397247314e-01
-3.493165373802185059e-01
-3.935005068778991699e-01
nan
nan
nan
nan
3.226940333843231201e-01
1.257026493549346924e-01
-6.044837832450866699e-01
1.166420221328735352e+00
-3.277440369129180908e-01
-1.754151582717895508e-01
-1.729229688644409180e-01
1.754651516675949097e-01
-8.108585476875305176e-01
3.850203454494476318e-01
-2.732579410076141357e-01
-3.000852167606353760e-01
-5.764795541763305664e-01
-2.393540553748607635e-02
4.186095297336578369e-01
3.300004824995994568e-02
3.127265274524688721e-01
-2.653723061084747314e-01
7.831044793128967285e-01
-1.077382192015647888e-01
-1.339088380336761475e-01
-5.165022611618041992e-01
-1.131224185228347778e-01
-3.134054541587829590e-01
-8.095471858978271484e-01
-7.658711075782775879e-01
9.563134312629699707e-01
-1.022694110870361328e-01
nan
nan
nan
nan
-1.240206509828567505e-01
2.217140495777130127e-01
6.766404956579208374e-02
1.102806448936462402e+00
2.854501307010650635e-01
7.041443139314651489e-02
6.045331954956054688e-01
-1.439825594425201416e-01
9.562707506120204926e-03
8.731091022491455078e-02
-6.031401753425598145e-01
1.674628406763076782e-01
6.669203639030456543e-01
2.789247334003448486e-01
-5.699955672025680542e-02
4.538196325302124023e-02
2.663129568099975586e-01
2.277662307024002075e-01
2.909146845340728760e-01
-6.887908279895782471e-02
-5.878993868827819824e-01
-8.871961385011672974e-02
1.029172897338867188e+00
1.055362224578857422e+00
6.134780868887901306e-02
-1.958230733871459961e-01
-4.732185974717140198e-02
5.909430384635925293e-01
nan
nan
