nan
nan
-1.797070238325330915e-01
2.498319910632239294e-02
5.525484085083007812e-01
-2.550566461351182479e-01
3.938765790727403182e-01
6.853035291035970422e-01
-7.648609479268392297e-01
-1.030679278903537277e+00
-1.485226816601223354e-01
2.022613154517279854e-01
1.238214572270711217e-01
-6.077051162719726562e-01
3.355417648951212334e-02
4.521983530786302663e-02
4.986754722065395856e-02
4.164000352223714008e-01
4.514105055067274552e-01
5.381476614210340959e-01
5.039457215203179130e-01
-2.187851667404174805e-01
9.832230541441175364e-02
-1.020693143208821541e+00
-3.623197343614366073e-01
3.858993036879433767e-04
5.865450965033637276e-01
1.576308144463433036e-01
-1.258278025521172294e-01
-2.368354267544216518e-01
nan
nan
nan
nan
-1.703080866071912947e-01
-2.700311342875162945e-01
-3.562661806742350445e-01
-2.136248879962497349e-01
1.584292729695637947e+00
-5.466697282261318708e-02
-6.537078221638997766e-01
-1.647025214301215401e-01
6.317756440904405135e-01
-4.981394343905978794e-01
4.142923620012071151e-01
3.284016185336642857e-01
1.079778671264648438e+00
-1.590213179588317871e-02
-2.139738533231947196e-02
2.694414456685383930e-01
3.504972987704806919e-01
-5.268554720613691927e-03
-3.968025313483344307e-01
4.542739656236436385e-01
2.706823580794864154e-02
-6.366311709086099890e-01
9.560050964355468750e-01
8.379091686672635042e-01
2.971864740053812778e-02
8.640709850523206614e-02
1.227107471889919754e+00
1.659468147489759626e-01
nan
nan
nan
nan
8.836939599778917409e-02
-6.669185426500108260e-01
1.807808478673299246e-01
-2.702937391069200057e-01
3.610944416787889577e-02
-2.321406205495198660e-01
6.621185408698188057e-01
6.410375701056586495e-01
-1.233857605192396345e-01
6.926053894890679130e-01
-3.798810905880398159e-01
-3.083978229098849888e-01
7.971470885806614115e-02
-6.717464129130045203e-01
1.235652923583984375e+00
-1.630022260877821150e-01
-5.505374272664388391e-01
-6.019363403320312500e-01
1.213857862684461830e+00
-1.192978647020128014e+00
-2.351438734266493025e-01
1.791531377368503208e-01
1.392320632934570312e+00
-5.391927295260958708e-01
7.383628421359591520e-01
-5.074387126498751677e-01
7.618194686041938057e-01
-3.356705241733127232e-01
nan
nan
nan
nan
-7.760678927103678015e-01
1.329971154530843191e-01
1.071308135986328125e+00
-6.210999488830566406e-01
4.680632882648044085e-02
-3.026535775926378000e-02
7.921031845940483818e-01
-2.118108537462022600e-01
-6.549386448330349886e-01
-8.687375916375054130e-01
-2.946261564890543805e-01
-8.321484459771050224e-01
-5.052716996934678573e-01
1.029943161540561314e-01
-3.776330947875976562e-01
-1.107933786180284319e-01
6.289475758870443078e-01
8.094147178861829661e-02
-1.074004067314995758e+00
-9.202116860283745536e-01
-4.437436527676052456e-01
5.123814476860893974e-01
-9.329328536987304688e-01
1.950349277920193081e-01
7.356447113884819755e-01
5.589834186765882396e-02
2.021550999747382393e-01
-4.046640661027696151e-01
nan
nan
nan
nan
-1.333204772737291155e-01
-1.955746412277221680e-01
-1.273793220520019531e+00
-7.064497470855712891e-02
2.888302273220486049e-01
-1.196904394361707924e+00
-1.717869705624050503e-01
-2.292528682284885044e-01
5.052846272786458703e-01
-3.286420504252116070e-01
2.403956519232856026e-01
-6.615055931939018974e-01
-8.551176918877495536e-01
1.224887371063232422e-01
4.418332576751708984e-01
6.860099898444281807e-01
-2.295128504435221262e-01
-1.175323542621400583e-02
-1.809585491816202707e-01
2.279221746656629743e-01
2.020297050476074219e-01
4.194914499918619977e-01
-1.734445095062255859e-01
-1.127363416883680580e+00
-4.305792649586995258e-01
-6.278134451972113839e-01
5.052651299370659599e-01
-3.215368323855929966e-01
nan
nan
nan
nan
8.160622384813096541e-01
5.211804178025987166e-01
2.928211424085829240e-01
-3.802508513132731305e-01
2.642739878760443917e-01
-2.844404909345839005e-01
3.367808394961886997e-01
-3.476597203148735771e-01
1.147765053643120758e+00
-9.201255374484591520e-01
5.577273898654513395e-01
-2.529116802745395159e-02
8.980255126953125000e-01
-1.982245312796698800e-01
-1.623653968175252371e-01
4.094499746958414899e-01
9.959078894721137276e-01
3.572176562415229073e-01
1.873461008071899414e-01
-1.168741544087727791e+00
3.539871507220797991e-02
1.431945297453138533e-01
3.118664688534206753e-01
-4.185395770602756138e-01
1.441045602162679129e-01
3.824343151516384487e-01
3.537612756093342914e-01
-4.811039500766330357e-01
nan
nan
nan
nan
-5.170747968885633927e-01
5.619930691189236605e-01
1.486949523289998465e-01
3.100819322797987443e-01
-4.435075653923882255e-01
-4.423001607259114398e-01
-2.182157039642333984e-01
-3.199059963226318359e-01
-9.142653147379556922e-01
3.526285224490695591e-01
8.905278311835395089e-01
-1.306870460510253906e+00
-1.131269269519382115e-01
7.909982469346787948e-01
5.624812973870171318e-01
5.204653739929199219e-01
6.879796981811523438e-01
6.162919998168945312e-01
-9.780403640535142301e-03
-5.291033320956759489e-01
2.920633686913384208e-01
3.076354397667778739e-01
2.259027163187662668e-01
4.496163262261284599e-01
8.503711488511827010e-01
1.637288331985473633e-01
-5.252217186821831474e-01
-1.495301591025458565e-01
nan
nan
nan
nan
-7.119723425971137276e-01
5.791692203945584261e-01
6.659115155537923547e-01
-9.589525063832600449e-02
-7.839559978908963167e-01
1.449878745608859654e-01
7.436673906114366073e-01
1.557619041866726284e-01
3.905551698472764510e-01
-3.429821597205268136e-01
-8.707338737116919816e-03
3.202364974551730747e-01
-3.836580647362602958e-01
-1.078889237509833426e-01
-4.223098754882812500e-01
1.961956255965762591e-02
4.082735048400031042e-02
-1.021364662382337821e-02
2.436618010203043527e-01
4.766772588094075336e-01
8.033027648925781250e-01
3.970460891723632812e-01
1.905370155970255441e-01
-4.450759357876247768e-01
2.293603287802802038e-02
-1.894763939910464740e-02
6.122798919677734375e-01
-1.701846785015529995e-01
nan
nan
nan
nan
-3.262224727206760044e-01
7.169864442613389510e-01
-5.930185847812228239e-01
1.128754191928439621e+00
5.753166808022393275e-02
-2.785592608981662388e-01
-7.825989723205566406e-01
-8.342768086327446986e-02
5.699506335788302458e-01
-1.566032436158922014e-01
-3.737746079762776508e-01
2.200442022747463588e-01
7.803194787767198104e-01
6.829539934794108536e-02
5.481140878465440291e-01
-4.686348703172471541e-01
-3.880372047424316406e-01
-4.563236567709180735e-02
-9.339774449666341516e-01
-1.354785283406575447e+00
2.957993348439534320e-01
-1.675166289011637277e-01
-3.111055427127414341e-01
9.501483705308702565e-02
8.869468371073404578e-01
-1.167497422960069420e+00
5.812818474239773298e-02
-8.390594588385688057e-01
nan
nan
nan
nan
4.037069214714897880e-01
-3.650573889414469586e-01
1.096850219700071585e-02
2.485652499728732701e-01
-1.070518030060662179e-01
-9.269715415106879464e-01
2.685936954286363351e-02
-6.129461924235025672e-01
1.841554111904568081e-01
-3.675226105584038505e-01
-1.159838146633572098e+00
-1.117180612352159264e+00
-4.766650199890136719e-01
-1.315583917829725447e-01
2.921421527862548828e-01
-5.833348168267143974e-01
-4.538006782531738281e-01
4.811452229817708148e-01
-4.979468451605902901e-01
4.498028755187988281e-02
5.786493619283040735e-01
-2.872121334075927734e-01
-1.561978922949897042e-01
9.775532616509331751e-02
-9.013104968600802458e-01
5.604819456736246513e-02
-7.157253689236111605e-01
-4.464040332370334263e-01
nan
nan
nan
nan
6.563790639241536828e-01
7.366148630777994422e-01
2.569759951697455636e-01
7.413805325826009485e-01
1.948227816157870745e-02
2.081708643171522322e-01
-1.197591887580023856e-01
6.650564405653211497e-02
8.525255521138509485e-01
-8.301214641994900667e-01
9.817644755045572547e-01
1.322576946682400223e+00
9.201246897379556922e-01
1.569788720872667132e-01
4.314018355475531807e-01
4.913222524854872209e-01
5.714103380839029578e-01
3.528342776828342076e-01
-3.956254323323567523e-01
1.033005780643887067e-02
-1.471518410576714286e-01
3.199768596225314732e-01
-2.684676117367214565e-01
1.459110445446438198e-01
2.397949430677625837e-01
2.820826570192972935e-02
8.478521770901150667e-01
-1.350040833155314035e-01
nan
nan
nan
nan
2.396239671442243827e-02
-1.844233804278903599e-01
3.605179786682128906e-01
6.026903788248697685e-02
-3.955340120527479630e-01
-1.661146349377102260e-01
-3.454186386532253628e-01
-9.482543336020575475e-02
3.826048903995090122e-01
2.833238707648383370e-01
1.403095192379421596e-01
4.935406049092610492e-01
5.756563610500760042e-01
4.483611318800184709e-01
4.656238555908203125e-01
-2.660485903422037945e-01
-1.724102099736531668e-01
6.953114933437771761e-01
-4.067964818742539901e-01
5.928667386372884485e-01
-4.075336986117892857e-01
4.256404108471340680e-02
3.719248241848415737e-01
6.062020195855034599e-01
-2.281571759117974052e-01
2.508481608496772042e-01
1.738582717047797432e-01
1.117309729258219447e-01
nan
nan
nan
nan
7.055072254604763948e-01
-3.255614174736870536e-01
3.203304343753390904e-01
-1.528487470414903460e-01
-2.613058355119493026e-01
9.654170142279731026e-01
-9.579787651697794018e-03
-3.018845452202690849e-01
-4.171720080905490513e-01
1.876234213511148996e-01
-1.740997367435031529e-01
-6.020952860514322547e-01
-1.008144285943773089e-01
-9.039444393581814730e-01
7.316802872551811943e-01
1.156771977742512947e+00
-7.165188590685526819e-03
-1.410238477918836775e-01
7.156696319580078125e-01
1.381136576334635491e+00
4.619058503044976005e-01
-4.717326826519436384e-02
9.146992531087663053e-03
-8.585287200080023995e-01
-2.693002753787570591e-01
-3.268897864553663157e-02
5.425689485337998885e-01
2.980954911973741073e-01
nan
nan
nan
nan
-2.002535925971137054e+00
1.047704882091946010e-01
-9.306960635715060270e-01
3.330519464280869979e-01
-2.200114594565497628e-01
-2.685853110419379464e-01
-1.225768725077311272e+00
1.761989725960625419e-01
3.717285262213813057e-01
3.736307091183132534e-01
-1.072788967026604562e-01
6.629019313388401224e-02
1.236667897966172991e-01
1.220821804470486049e-01
5.488434897528754464e-01
-6.135511398315429688e-01
-3.633619679345024833e-01
-9.223433600531684151e-01
4.330246713426377791e-01
1.189671887291802316e-01
9.361786974800957728e-02
-2.282610370053185511e-02
-1.242188877529568192e+00
6.968701150682237166e-01
8.607491917080349886e-01
-4.897565311855740094e-02
2.517589471406406730e-03
-1.037792629665798660e+00
nan
nan
nan
nan
-8.917481104532877234e-01
-4.624440405103895646e-01
-2.930868996514214286e-01
9.250501791636149551e-02
-1.021268526713053459e+00
4.295635488298203963e-01
1.647177669737074079e-01
-9.167565239800347376e-02
2.619729571872287388e-01
1.059381630685594378e-01
5.141743554009331474e-01
3.897820843590630302e-01
3.904343711005316964e-01
2.373563183678520927e-01
-3.699173662397596818e-01
-1.360098732842339508e+00
-9.535881545808580495e-02
-7.526991102430555802e-01
-1.081418659951951817e-03
-9.299890200297038223e-02
-8.312349319458007812e-01
-3.276065190633137836e-01
2.271241876814100447e-01
7.572147581312391740e-01
-3.404978381262885323e-01
4.004291958279079799e-01
4.713912540011935826e-01
4.188189506530761719e-01
nan
nan
nan
nan
-6.901266839769151229e-01
-3.246177302466498604e-01
1.635168260998196010e-01
-3.364384174346923828e-01
-1.271938853793673996e+00
3.592219087812635880e-01
4.489153756035698661e-01
-3.220694330003526229e-01
-4.362460507286919364e-01
7.119797070821126672e-01
-3.153194586435953961e-01
-4.916910661591424037e-02
1.750489473342895508e-01
8.899467256334092635e-01
-7.067009475496080495e-02
-9.793526596493190572e-02
-3.984502156575520648e-01
7.762895690070258370e-01
8.991516960991753349e-01
-5.641395780775282365e-01
1.896403630574544363e-01
7.578332689073350448e-01
-1.654430362913343611e-01
-4.884758525424533482e-01
-2.795299953884548549e-01
-4.140492942598131276e-02
-1.125392648908827009e-01
3.307879236009385604e-01
nan
nan
nan
nan
-6.034745640224881136e-01
6.845755047268338167e-01
3.305913077460395089e-01
-6.930582788255479354e-01
1.933043003082275391e-01
-5.679165654712253070e-02
-2.576239903767903461e-01
-1.397678693135579353e+00
-5.393288400438096541e-01
2.778166135152180805e-01
-8.259487681918673552e-01
4.604061974419487724e-01
-6.832036442226834261e-01
-3.888568348354763393e-01
5.986822976006401786e-01
-1.775774028566148577e-01
5.614279111226400110e-01
-2.763624986012776508e-01
-8.503163655598958703e-01
-3.042019208272297992e-01
6.454810036553276786e-01
5.495895809597439730e-01
-1.314979659186469307e-01
3.701816664801703682e-01
1.206686364279852958e-01
2.462213238080342495e-02
-3.153366247812907086e-01
-4.918808407253689174e-01
nan
nan
nan
nan
-5.363941192626953125e-01
-1.356161965264214286e-01
-6.902794308132595980e-01
2.522006299760606307e-01
3.891596198081970215e-02
-1.142548455132378571e+00
1.624864604738023577e-01
-1.357762548658582924e+00
1.661368873384263811e-01
1.734426418940226144e-01
-8.081983990139431917e-01
-5.129239824083116073e-01
-5.069716241624619979e-01
-1.327859560648600334e+00
1.798554261525472098e-01
2.609650558895534878e-01
1.091575728522406585e+00
-3.459248542785644531e-01
-1.206384976704915291e+00
-6.187990506490071985e-01
-7.804760403103299105e-01
-9.710608588324652901e-01
4.966354899936252232e-01
3.359647260771857560e-03
-4.764894909328884487e-01
-5.485783153110079802e-01
-7.280433972676595422e-01
4.114996062384711495e-01
nan
nan
nan
nan
-6.481952137417263948e-01
-8.849343723720974886e-01
1.679738892449272880e-01
8.079413308037651786e-01
-4.683970411618550850e-02
-9.133065541585286828e-01
5.352644390530056917e-01
-8.957383897569444198e-01
3.404345512390136719e-01
-6.956500477261013948e-01
-8.968709309895833703e-01
-4.004817803700764789e-01
2.866336239708794364e-01
7.552457915412055245e-01
-1.619745890299479074e-01
5.123427708943685266e-01
6.642723083496093750e-02
1.758870283762613840e-01
-2.636549373467763149e-02
3.482316070132785435e-01
-3.870565692583719658e-02
-9.859067201614379883e-02
-1.334482961230807896e-01
3.484758271111382255e-01
-2.797312471601698380e-01
-1.441733042399088449e-01
nan
-1.454827123218112583e-01
nan
nan
nan
nan
-4.821666611565483818e-01
-4.273849063449435826e-01
6.816375520494248885e-01
8.270028694015409609e-05
3.128466341230604630e-01
-4.476704597473144531e-01
-9.911598629421658480e-01
-7.465890778435601005e-01
-9.423493279351128349e-01
4.753212398952907924e-01
-1.789263486862182617e-01
2.385550406244065988e-02
1.565773222181532087e-01
3.060613473256428851e-01
-1.461383369233873186e-01
-6.493686570061577568e-01
5.385308464368184639e-02
-8.169033262464735490e-01
2.803492810991075057e-01
8.981342315673828125e-01
2.606794834136962891e-01
-4.144253200954861049e-01
2.976671192381117118e-02
-1.009196387396918304e+00
8.713356653849283484e-01
9.457941850026448105e-02
1.355784310234917633e+00
-2.940025859408908482e-01
nan
nan
nan
nan
3.721926477220323104e-01
5.694025887383354911e-01
nan
-3.543851640489366073e-01
4.196086724599202289e-01
6.466655731201171875e-01
6.579963366190592078e-01
-4.784530533684624443e-01
4.854068756103515625e-01
2.724345856242709613e-02
1.880475216441684222e-02
8.013164732191297990e-01
-1.194296942816840262e-01
1.031821462843153236e+00
1.838583628336588616e+00
-1.242438422309027679e+00
-1.246891948911878767e-01
9.919485780927869700e-02
1.545291079415215263e-01
-7.694085968865288505e-01
-2.470014890034993582e-01
-4.200795491536458148e-01
2.933749887678358537e-01
-1.725451283984714146e-01
-1.534191502465142021e-01
3.819386959075927734e-01
3.574517038133409041e-01
-1.476603746414184570e-01
nan
nan
nan
nan
1.797489192750718889e-01
3.323274983300102958e-01
5.722241931491427458e-01
-3.508954842885335101e-01
-1.019713547494676409e-01
5.496348275078667411e-01
3.231256273057725448e-01
-3.631341457366943359e-01
-1.735979980892605190e-01
-5.573943588468763255e-02
6.910176277160644531e-01
-6.948916117350260047e-01
-8.227050039503309709e-01
2.048430575264824638e-01
3.505898846520317802e-01
-1.989494164784749441e-01
3.179510699378119698e-01
-7.873197131686739958e-01
7.688250011867947542e-01
6.330028110080294645e-01
-3.076669904920790177e-01
3.195170296563042411e-01
-2.570424874623616351e-01
1.157336235046386719e-01
9.039075639512803573e-01
1.515538957383897600e-01
1.030080020427703857e-02
-3.666811254289414901e-01
nan
nan
nan
nan
8.261188401116265068e-01
-5.264955096774630583e-01
-1.591832770241631279e-01
3.978069093492295760e-01
2.211812469694349539e-02
-8.509992228613959264e-02
4.973298178778754464e-01
-4.461258980962964915e-02
1.026851005024380092e-01
2.522718376583523159e-01
1.545484595828586216e-01
4.576129913330078125e-01
8.041933510038587474e-02
-4.290561940934922713e-01
1.596586571799384346e-01
-2.577482064565022601e-01
-1.121495458814832924e+00
-9.180380900700886582e-02
-4.110999107360839844e-01
1.041135999891493080e+00
2.812447018093532924e-01
-3.555042213863796596e-01
6.136596467759873885e-01
-7.383846176995171318e-01
-1.183223194546169754e+00
-3.231623106532626605e-02
-3.286673757765028459e-01
1.814625660578409738e-01
nan
nan
nan
nan
4.525663057963053570e-01
-8.674113618002997350e-02
8.798615667555067521e-01
1.013454662428961844e-01
-3.072293069627549666e-01
-9.307809670766194199e-02
2.942198117574055805e-01
1.251127454969618080e+00
7.435330284966362724e-01
-1.078087276882595535e+00
7.267978986104329797e-01
3.955136405097113561e-02
-2.574302885267469865e-01
4.525680541992187500e-01
-2.628556390603383267e-02
1.018115480740865025e-01
3.328680727216932755e-01
-4.144321812523735771e-01
-1.256756914986504325e-01
-9.384040832519531250e-01
3.241968154907226562e-01
-2.221384578280978794e-01
-1.959871715969509487e-01
-6.478485001458061943e-01
1.628634452819824219e+00
-1.362318992614746094e-01
3.082646528879801617e-01
-1.103575958145989327e-01
nan
nan
