nan
nan
2.730426788330078125e-01
5.702984929084777832e-01
2.161362469196319580e-01
2.395622730255126953e-01
2.025745809078216553e-01
-5.272485017776489258e-01
-1.616987735033035278e-01
-2.205217629671096802e-01
5.119352936744689941e-01
4.718799293041229248e-01
1.145612359046936035e+00
-8.877667039632797241e-02
-5.984009504318237305e-01
-2.117415815591812134e-01
-6.806493997573852539e-01
-4.883365035057067871e-01
1.663291156291961670e-01
2.010479122400283813e-01
1.865382343530654907e-01
5.475505590438842773e-01
9.151789546012878418e-01
6.821928024291992188e-01
3.294303715229034424e-01
-5.045374631881713867e-01
-4.792072251439094543e-02
-7.273236513137817383e-01
-5.789581537246704102e-01
-8.583666086196899414e-01
nan
nan
nan
nan
-6.546704769134521484e-01
2.053295820951461792e-01
-7.543395161628723145e-01
2.000162899494171143e-01
1.591957569122314453e+00
-2.660107016563415527e-01
2.278796285390853882e-01
-2.529589831829071045e-01
-6.808511167764663696e-02
-8.523241281509399414e-01
2.403628826141357422e-01
-9.415401220321655273e-01
-5.600729584693908691e-01
-7.157794386148452759e-02
6.235792040824890137e-01
5.708464384078979492e-01
7.175902128219604492e-01
3.011967837810516357e-01
5.565606951713562012e-01
2.580351531505584717e-01
3.778594434261322021e-01
1.399117261171340942e-01
-1.395395100116729736e-01
-5.324572920799255371e-01
-1.435441970825195312e-01
3.709440305829048157e-02
3.194723129272460938e-01
-2.506642229855060577e-02
nan
nan
nan
nan
9.006593227386474609e-01
-7.915409654378890991e-02
2.983637154102325439e-01
-9.254149198532104492e-01
-2.976879775524139404e-01
7.421142458915710449e-01
3.200080096721649170e-01
-7.384836673736572266e-01
9.300089478492736816e-01
4.988957345485687256e-01
-2.214273959398269653e-01
-1.204879403114318848e+00
2.375742942094802856e-01
-2.527631819248199463e-01
-5.288594961166381836e-01
-4.210363626480102539e-01
-4.653024077415466309e-01
2.446860224008560181e-01
-3.421497642993927002e-01
6.395718455314636230e-01
5.398885011672973633e-01
-1.397536545991897583e-01
5.748736485838890076e-02
4.535793364048004150e-01
-4.523926079273223877e-01
1.537961721420288086e+00
-3.608365356922149658e-01
6.842910051345825195e-01
nan
nan
nan
nan
4.939159452915191650e-01
-4.137058854103088379e-01
6.969295740127563477e-01
5.271847248077392578e-01
-6.316444873809814453e-01
-3.925383388996124268e-01
-5.125467181205749512e-01
-2.409360557794570923e-01
-2.468928098678588867e-01
-2.283620536327362061e-01
-2.125031054019927979e-01
1.600000858306884766e+00
6.464422941207885742e-01
-1.318004131317138672e-01
-1.204421639442443848e+00
-6.334421038627624512e-01
2.332683503627777100e-01
6.480098515748977661e-02
2.377514243125915527e-01
-5.113422274589538574e-01
2.457606494426727295e-01
-8.560993075370788574e-01
-1.751935034990310669e-01
-6.633399426937103271e-02
-4.602495133876800537e-01
-2.497924119234085083e-01
8.567282557487487793e-01
-6.765248179435729980e-01
nan
nan
nan
nan
5.068364143371582031e-01
-1.993976235389709473e-01
-1.516375303268432617e+00
-5.157771706581115723e-01
-6.460192799568176270e-01
-3.284745216369628906e-01
5.737900733947753906e-01
5.744348764419555664e-01
5.655714273452758789e-01
-2.735262811183929443e-01
-5.340082049369812012e-01
1.948005557060241699e-01
2.554870545864105225e-01
-2.335088849067687988e-01
8.928923606872558594e-01
5.289557948708534241e-02
5.779573917388916016e-01
-8.212399482727050781e-02
-6.848590970039367676e-01
9.631932526826858521e-02
-4.383246600627899170e-02
-9.695182442665100098e-01
-1.711167991161346436e-01
-3.798617124557495117e-01
2.606523036956787109e-01
-1.227340772747993469e-01
-6.617553234100341797e-01
-7.927228510379791260e-02
nan
nan
nan
nan
-6.452034227550029755e-03
-1.088354110717773438e+00
-3.324470221996307373e-01
-3.611046969890594482e-01
-2.045522928237915039e-01
1.058045774698257446e-01
-3.454117774963378906e-01
7.558270096778869629e-01
-4.614705443382263184e-01
-1.306738704442977905e-01
-1.512328982353210449e+00
-2.444098293781280518e-01
8.334212005138397217e-02
-2.435552328824996948e-01
1.393956840038299561e-01
-1.002417445182800293e+00
-1.136153936386108398e+00
1.017092108726501465e+00
1.962044388055801392e-01
-2.537440359592437744e-01
1.660623252391815186e-01
-2.830516993999481201e-01
5.634121894836425781e-01
-1.678807660937309265e-02
1.565804034471511841e-01
-7.043604273349046707e-03
1.001419544219970703e+00
6.491579413414001465e-01
nan
nan
nan
nan
1.817491203546524048e-01
-2.262878604233264923e-02
8.776947259902954102e-01
3.819929808378219604e-02
5.118167027831077576e-02
4.206739068031311035e-01
-6.056217551231384277e-01
-3.605070710182189941e-01
-8.258693814277648926e-01
8.821445703506469727e-01
-2.762552797794342041e-01
-3.494966030120849609e-01
-5.548046827316284180e-01
-3.603757917881011963e-01
-6.185557246208190918e-01
-4.989988803863525391e-01
3.395147919654846191e-01
7.748620510101318359e-01
-9.550808072090148926e-01
3.347420096397399902e-01
-1.001673340797424316e+00
7.159113883972167969e-01
-4.914813637733459473e-01
3.809260427951812744e-01
2.686630189418792725e-01
1.450914889574050903e-01
9.144083857536315918e-01
5.767175555229187012e-01
nan
nan
nan
nan
-1.264240592718124390e-01
-8.053363859653472900e-02
-1.256080865859985352e+00
-6.204224377870559692e-02
-2.126787453889846802e-01
9.400755912065505981e-02
-6.865557432174682617e-01
-2.528594732284545898e-01
-4.110749959945678711e-01
4.997422695159912109e-01
-2.225556522607803345e-01
-3.294674456119537354e-01
1.604968160390853882e-01
-1.019333973526954651e-01
5.743483901023864746e-01
-6.371672153472900391e-01
2.184520661830902100e-01
1.706885099411010742e-01
3.328921794891357422e-01
-2.776724100112915039e-01
5.930309295654296875e-01
-3.779436647891998291e-01
6.091917157173156738e-01
-6.254448890686035156e-01
5.223079323768615723e-01
5.306596159934997559e-01
2.951773405075073242e-01
-2.585797607898712158e-01
nan
nan
nan
nan
-1.086395978927612305e+00
4.928020834922790527e-01
2.849120199680328369e-01
-2.107397764921188354e-01
3.717077970504760742e-01
7.267330288887023926e-01
-7.265496253967285156e-01
6.897122263908386230e-01
8.685601353645324707e-01
-6.942287087440490723e-02
3.429609537124633789e-01
7.574671506881713867e-01
8.516194671392440796e-02
5.251973271369934082e-01
3.161725401878356934e-01
2.749170958995819092e-01
7.069144248962402344e-01
-9.613946676254272461e-01
2.325497008860111237e-02
4.123761951923370361e-01
6.787716746330261230e-01
6.025105118751525879e-01
-5.745229125022888184e-02
3.021451532840728760e-01
-2.230130434036254883e-01
-1.117468595504760742e+00
-1.629974693059921265e-02
7.276752591133117676e-02
nan
nan
nan
nan
2.298842966556549072e-01
4.237521588802337646e-01
3.674398660659790039e-01
8.803537115454673767e-03
2.032323777675628662e-01
2.328872382640838623e-01
7.931995987892150879e-01
-3.327339589595794678e-01
3.564254939556121826e-01
3.828758001327514648e-01
-3.518667817115783691e-01
4.625392258167266846e-01
-1.424851268529891968e-01
-2.229949533939361572e-01
2.726085782051086426e-01
-5.356776118278503418e-01
-4.159337878227233887e-01
-8.220741152763366699e-01
-2.024042904376983643e-01
-3.258357346057891846e-01
4.447145853191614151e-03
-4.536136090755462646e-01
1.729273200035095215e-01
-1.657874137163162231e-01
1.276651304215192795e-02
-7.687466740608215332e-01
2.457611262798309326e-01
-1.938252151012420654e-01
nan
nan
nan
nan
2.597578465938568115e-01
-3.384383860975503922e-03
-9.693127274513244629e-01
-9.300597310066223145e-01
5.596882104873657227e-01
-3.932908177375793457e-02
1.943478137254714966e-01
-7.256283890455961227e-03
-5.241031050682067871e-01
7.998310923576354980e-01
-2.715682387351989746e-01
-8.528040647506713867e-01
7.512452602386474609e-01
3.498015999794006348e-01
-3.957062959671020508e-01
-1.248802989721298218e-01
-1.302216768264770508e+00
1.705321967601776123e-01
3.363262489438056946e-02
-6.942534446716308594e-01
-3.293566405773162842e-01
6.580548286437988281e-01
-1.361380796879529953e-02
-5.829157233238220215e-01
-3.299302756786346436e-01
1.784845292568206787e-01
-1.532089114189147949e-01
-5.092375725507736206e-02
nan
nan
nan
nan
4.459680914878845215e-01
-8.856781721115112305e-01
7.483252286911010742e-01
5.139829516410827637e-01
-1.319932222366333008e+00
-8.755208551883697510e-02
4.591349959373474121e-01
-8.833785653114318848e-01
6.032960414886474609e-01
-3.998183012008666992e-01
1.463002860546112061e-01
-1.530710309743881226e-01
7.175467014312744141e-01
-8.602874875068664551e-01
1.454054750502109528e-02
-7.522344589233398438e-02
-1.686305552721023560e-01
-7.331246137619018555e-02
-4.216919839382171631e-01
6.335268914699554443e-02
8.813093602657318115e-02
-3.298890292644500732e-01
-1.382629852741956711e-02
-6.327917575836181641e-01
1.575887799263000488e-01
4.531780481338500977e-01
1.319313287734985352e+00
-5.407898426055908203e-01
nan
nan
nan
nan
3.788922354578971863e-02
-1.060790047049522400e-01
-7.872124016284942627e-02
9.299414753913879395e-01
5.661636590957641602e-01
3.973139822483062744e-01
-5.461484193801879883e-01
1.137047410011291504e-01
-5.602443218231201172e-01
5.372825860977172852e-01
-4.505828022956848145e-01
2.518725991249084473e-01
-6.476756334304809570e-01
-6.611422300338745117e-01
-1.739776879549026489e-01
1.629620641469955444e-01
-4.103992283344268799e-01
-7.967485785484313965e-01
5.034798383712768555e-01
-2.008162736892700195e-01
3.815079927444458008e-01
-1.735696941614151001e-01
9.761956334114074707e-01
2.424830347299575806e-01
5.831201076507568359e-01
8.000341057777404785e-02
-2.592188715934753418e-01
6.230795383453369141e-01
nan
nan
nan
nan
-1.401216834783554077e-01
-6.941608190536499023e-01
2.720973789691925049e-01
-1.300016492605209351e-01
1.047119140625000000e+00
-4.753167033195495605e-01
8.848153948783874512e-01
-4.356090426445007324e-01
-1.600949406623840332e+00
-2.888568639755249023e-01
6.492572277784347534e-02
5.854545235633850098e-01
-2.764674127101898193e-01
6.756520271301269531e-01
1.397214233875274658e-01
-2.778679728507995605e-01
3.038322329521179199e-01
-4.234710335731506348e-02
-3.768979907035827637e-01
6.708750128746032715e-01
-1.406791508197784424e-01
1.259513974189758301e+00
1.666091918945312500e+00
3.083988726139068604e-01
-5.951464176177978516e-01
1.309954166412353516e+00
1.814308613538742065e-01
-1.797555327415466309e+00
nan
nan
nan
nan
-2.822755090892314911e-02
8.935764431953430176e-01
6.457471102476119995e-02
4.661831557750701904e-01
-3.741769790649414062e-01
1.007754325866699219e+00
5.135684013366699219e-01
3.676360249519348145e-01
1.023042917251586914e+00
2.845927178859710693e-01
4.412981569766998291e-01
-3.471556901931762695e-01
-5.234984755516052246e-01
6.534319370985031128e-02
-6.472325921058654785e-01
-1.400964260101318359e+00
1.061089932918548584e-01
3.266737163066864014e-01
-1.763657927513122559e-01
2.906465232372283936e-01
6.449323147535324097e-02
1.003393054008483887e+00
1.021822094917297363e+00
-2.071183025836944580e-01
-7.063949704170227051e-01
6.940881609916687012e-01
2.990946173667907715e-01
-3.585752844810485840e-01
nan
nan
nan
nan
-2.939456105232238770e-01
4.621065258979797363e-01
-2.371943295001983643e-01
2.827628552913665771e-01
-5.804514884948730469e-01
-8.164904713630676270e-01
-3.584463894367218018e-02
1.269711405038833618e-01
3.567917048931121826e-01
-8.308241516351699829e-02
5.850097537040710449e-01
-4.737531244754791260e-01
3.950945436954498291e-01
4.211072623729705811e-01
7.236824929714202881e-02
4.748668074607849121e-01
-4.030127525329589844e-01
-3.774316310882568359e-01
2.111371159553527832e-01
3.166339993476867676e-01
-7.364993542432785034e-02
4.286563396453857422e-01
4.018332064151763916e-01
-4.404734075069427490e-01
4.094736278057098389e-02
2.145824283361434937e-01
-2.986387312412261963e-01
-4.821316599845886230e-01
nan
nan
nan
nan
6.066345572471618652e-01
-6.370037794113159180e-01
-6.822579354047775269e-02
-1.266693353652954102e+00
6.490690261125564575e-02
9.222799539566040039e-01
1.423064023256301880e-01
-1.661803275346755981e-01
2.075891941785812378e-02
-6.958422660827636719e-01
-4.469601809978485107e-01
5.902298688888549805e-01
1.563526540994644165e-01
-3.579460084438323975e-01
2.888530492782592773e-01
-5.150688290596008301e-01
-2.453939020633697510e-01
-5.167587399482727051e-01
-3.427029550075531006e-01
-5.001588463783264160e-01
-1.497153997421264648e+00
-7.833617329597473145e-01
1.049270555377006531e-01
7.757142782211303711e-01
-7.224507927894592285e-01
-7.218111753463745117e-01
-5.358924865722656250e-01
4.546955525875091553e-01
nan
nan
nan
nan
-5.078979134559631348e-01
-4.679778814315795898e-01
6.313443183898925781e-01
4.503186941146850586e-01
-5.769713521003723145e-01
-2.238560020923614502e-01
9.779406189918518066e-01
-1.413069963455200195e-01
1.503914594650268555e-02
-1.647231221199035645e+00
-2.038019597530364990e-01
-6.461560726165771484e-02
-1.254153847694396973e+00
8.514867424964904785e-01
1.990623921155929565e-01
-1.431865990161895752e-02
7.536241412162780762e-02
4.574739933013916016e-01
-9.336854219436645508e-01
1.975367665290832520e-01
2.006035596132278442e-01
1.174212098121643066e+00
-8.064542710781097412e-02
-6.592644751071929932e-02
7.978900074958801270e-01
1.892802864313125610e-01
9.045432806015014648e-01
3.209401667118072510e-01
nan
nan
nan
nan
-1.525344401597976685e-01
-5.780934691429138184e-01
-9.008229970932006836e-01
-7.910835742950439453e-02
9.440845251083374023e-02
-2.163685858249664307e-01
8.617962002754211426e-01
9.125671982765197754e-01
-5.395457148551940918e-01
9.900899529457092285e-01
-2.511729896068572998e-01
-6.104413270950317383e-01
4.447970986366271973e-01
3.317274451255798340e-01
-8.745026588439941406e-01
-3.179175853729248047e-01
3.740461170673370361e-01
-4.529305696487426758e-01
-1.196292340755462646e-01
9.001542348414659500e-04
-6.841958165168762207e-01
-1.336859941482543945e+00
5.963812470436096191e-01
-3.343208432197570801e-01
-1.354998648166656494e-01
-2.607874274253845215e-01
nan
-1.019354015588760376e-01
nan
nan
nan
nan
4.372894763946533203e-01
1.401168555021286011e-01
-3.965117782354354858e-02
2.867185175418853760e-01
1.970371156930923462e-01
-2.246377244591712952e-02
2.577491998672485352e-01
-8.804127573966979980e-01
-1.066148504614830017e-01
6.954582333564758301e-01
-2.883461862802505493e-02
-8.734691739082336426e-01
4.854377806186676025e-01
1.498935520648956299e-01
-3.767322376370429993e-02
3.352719843387603760e-01
-5.937737599015235901e-02
-3.072194159030914307e-01
-1.612966060638427734e-01
-8.866316080093383789e-02
2.680631875991821289e-01
-1.023481249809265137e+00
-5.451797321438789368e-02
-1.534178853034973145e+00
-3.617915213108062744e-01
-4.063009619712829590e-01
4.495616257190704346e-01
-9.857949614524841309e-01
nan
nan
nan
nan
-4.990059137344360352e-01
-4.289146661758422852e-01
nan
-5.450774356722831726e-02
-6.247827410697937012e-01
-4.743112921714782715e-01
-5.102822929620742798e-02
-1.261860251426696777e+00
-4.739534854888916016e-02
3.260069191455841064e-01
3.571743667125701904e-01
-8.183502554893493652e-01
-1.924295276403427124e-01
-3.996947109699249268e-01
-6.470738351345062256e-02
2.928828895092010498e-01
7.442415356636047363e-01
-2.762572765350341797e-01
-1.989353448152542114e-01
-1.817631572484970093e-01
2.188036590814590454e-01
-9.790444970130920410e-01
9.218174219131469727e-01
8.634184598922729492e-01
-5.820994451642036438e-02
-3.583103185519576073e-03
4.662895798683166504e-01
4.207442998886108398e-01
nan
nan
nan
nan
4.661400616168975830e-01
-7.756972312927246094e-01
-4.411627650260925293e-01
-3.865035772323608398e-01
-3.952304273843765259e-02
-6.087261438369750977e-01
5.030703917145729065e-02
-3.217520713806152344e-01
-1.224132701754570007e-01
3.695314824581146240e-01
-4.440907239913940430e-01
-1.716583520174026489e-01
-9.707642197608947754e-01
-3.917270898818969727e-01
-3.735258877277374268e-01
-8.632208406925201416e-02
1.125234067440032959e-01
-3.982746899127960205e-01
-5.916765928268432617e-01
2.689885795116424561e-01
-5.870525240898132324e-01
3.266908526420593262e-01
-1.262235343456268311e-01
8.020687699317932129e-01
3.245514631271362305e-01
6.472631543874740601e-02
-2.116298079490661621e-01
-8.046304583549499512e-01
nan
nan
nan
nan
6.834948062896728516e-01
-1.084497213363647461e+00
3.504571691155433655e-02
4.953964054584503174e-01
2.107072807848453522e-02
5.972279310226440430e-01
1.032306909561157227e+00
5.754036307334899902e-01
2.415461987257003784e-01
5.440644025802612305e-01
3.583315014839172363e-01
-4.848305583000183105e-01
6.059875488281250000e-01
-3.612488806247711182e-01
8.310225009918212891e-01
-5.961792469024658203e-01
-4.697024226188659668e-01
1.534471362829208374e-01
-7.468517422676086426e-01
-1.152998208999633789e+00
4.654320776462554932e-01
-9.944894909858703613e-01
-7.424216866493225098e-01
-3.831222280859947205e-02
-6.636995673179626465e-01
2.456427961587905884e-01
-1.675260812044143677e-01
-7.341258525848388672e-01
nan
nan
nan
nan
4.481773674488067627e-01
-5.779377818107604980e-01
4.463978111743927002e-01
2.823753654956817627e-01
1.122880801558494568e-01
-3.728548586368560791e-01
-6.151667912490665913e-04
-1.071377992630004883e+00
4.568161442875862122e-02
6.718533635139465332e-01
-5.929540097713470459e-02
4.326936006546020508e-01
-2.804180681705474854e-01
3.521293401718139648e-01
-1.066897630691528320e+00
-1.313529442995786667e-02
3.894244134426116943e-01
-3.307454586029052734e-01
-4.025095403194427490e-01
1.963383078575134277e+00
-5.000039562582969666e-02
1.546284258365631104e-01
1.243875473737716675e-01
-9.439077228307723999e-02
-8.303217887878417969e-01
3.248368203639984131e-01
4.322569668292999268e-01
-1.051581025123596191e+00
nan
nan
