nan
nan
2.336361010869343960e-02
-1.318234999974568777e-01
2.921499941084120255e-01
1.078218460083007812e+00
-9.536272949642604635e-02
-1.124528514014350028e-01
-2.775711748335096818e-01
-3.536260459158155345e-02
-8.875100347730848771e-01
-9.113805161582098913e-02
1.790266699261135463e-01
-3.966364595625135880e-01
-2.266014152103000279e-01
7.297501034206814730e-01
2.852055761549208146e-01
1.168095270792643303e+00
3.064418633778889789e-01
2.507806619008381976e-01
-7.724977599249945870e-01
4.214795960320366630e-01
3.514755037095811385e-01
-2.755020194583469029e-01
-4.023124906751844865e-01
-4.490560425652397880e-01
3.940136697557237166e-01
5.866487291124131698e-01
3.588625590006510602e-01
-4.155166149139404297e-01
nan
nan
nan
nan
-2.778793970743815289e-01
6.047374937269422990e-01
3.526536093817816964e-01
-7.729810608757866630e-01
5.682737562391493302e-01
-2.062908278571234932e-01
6.427533891465928573e-01
-6.702721118927001953e-02
1.075514886114332380e-01
-1.621532228257920982e+00
-4.311965306599934711e-01
5.906694200303819198e-01
2.011491060256958008e-01
1.400644911660088310e-01
-8.124911785125732422e-02
5.912928051418728792e-01
1.532902055316501255e-01
-2.191476159625583287e-01
2.928679850366380441e-02
-2.786820729573567523e-01
-5.967391861809624443e-01
5.452178849114311943e-01
-4.582487742106119977e-01
-3.333816528320312500e-01
1.103350718816121373e-01
-8.209938473171657369e-02
-5.897356404198540736e-02
1.235067447026570592e-01
nan
nan
nan
nan
-1.127636035283406529e-01
-1.387994421852959404e-01
5.868773990207247770e-01
-6.584563785129122770e-01
-7.188890775044759485e-01
2.397015359666612444e-01
-2.649270163642035714e-01
6.906028853522406807e-01
-1.060106356938679967e-01
-9.611389372083876115e-01
6.319330135981242325e-02
1.343726581997341518e-01
4.039950105879042130e-01
-3.067207071516249162e-01
-3.241996963818868233e-02
9.646317164103189734e-01
-6.762864324781630021e-01
2.743615839216444474e-01
-4.025837050543891182e-01
4.150941636827256698e-01
-1.346592240863376255e-01
-7.370242542690701448e-01
-5.359830326504178011e-01
2.281683021121554966e-01
3.609160847134060268e-01
1.134195221794976227e+00
3.064797984229193917e-01
-4.795648786756727677e-01
nan
nan
nan
nan
3.532257344987657088e-01
1.588890552520751953e-01
-1.383483277426825753e-01
3.055499924553765068e-01
9.584292305840386161e-01
3.694184621175130023e-01
5.136990017361111605e-01
8.805882136027017859e-01
-1.886297638217608206e-03
-3.769373363918728237e-01
1.275104284286499023e-01
5.825454394022623328e-01
4.685253037346733818e-01
-4.416120052337646484e-01
1.176522705290052595e-01
4.305390185779995466e-02
-1.603948805067274275e-01
5.906137360466851005e-01
-5.554632080925835380e-01
9.132964875962998885e-01
4.105924500359429130e-01
7.626001569959852677e-01
-4.941170480516221541e-01
-1.808676852120293388e-01
-3.305615848965114956e-01
-7.689703835381401786e-01
3.679660956064860211e-01
-1.806386576758490792e-01
nan
nan
nan
nan
4.025083647833930245e-01
-5.210917029115889193e-03
-4.634836481677161515e-03
-1.862392955356174107e-01
5.224749247233072547e-01
3.496334618992275739e-02
9.312184651692708703e-01
-9.271606869167752230e-01
4.114352597130669364e-01
3.271250989702012557e-01
-3.907374011145697823e-01
4.647052023145887834e-01
4.594750404357910156e-01
-4.429437319437662945e-01
-2.316686312357584543e-01
-8.846954769558377230e-01
-9.574069976806640625e-01
-3.906142976548936385e-01
-2.630050712161594029e-01
-4.114988909827338448e-01
3.719310760498046875e-01
-9.138326644897460938e-01
-2.689278920491536273e-01
-9.102957116232977819e-02
-2.580652501848008651e-01
-6.950368881225585938e-01
-2.612966696421305524e-01
1.190715895758734794e-01
nan
nan
nan
nan
-2.735841009351942521e-01
8.196814854939779016e-01
2.453048030535380161e-02
-3.639970620473225726e-01
-7.210670047336154020e-01
8.326017061869303015e-01
-1.670214732487996512e-01
1.872660451465182896e-01
1.281619495815701004e+00
3.795807096693251115e-01
3.641403516133626117e-01
1.291445096333821541e+00
-1.958540545569525948e-01
-2.392156918843587332e-01
-2.232655949062771206e-01
-7.884904411103990651e-02
4.986169073316786271e-01
2.929241392347547990e-01
-4.767047034369574776e-01
-2.284939024183485212e-01
4.273282951778835659e-01
-1.076625982920328822e-01
6.387341817220052453e-01
5.499131944444444198e-01
-4.513876173231337052e-01
1.405873828464084263e-01
1.025079687436421666e-01
1.632843017578125000e-01
nan
nan
nan
nan
3.501439624362521763e-01
-1.981635199652777679e+00
-2.156012985441419783e-01
1.286972761154174805e-01
-6.921805805630154573e-01
5.878453784518771624e-02
7.143742773267958146e-01
5.774847136603461495e-01
-7.001767688327364958e-01
-6.281034681532118302e-01
-5.197449790106879464e-01
-4.193532798025342845e-02
5.145809915330674666e-01
-8.410012986924912948e-01
-2.547690868377685547e-01
4.380436208513047713e-01
8.186525238884819755e-01
-9.505570597118800924e-02
2.493824693891737165e-01
2.622314029269748326e-01
8.583465682135688057e-01
1.078667534722222321e+00
3.768335183461506976e-01
-5.607629881964789620e-01
-4.418035613165961495e-01
6.629924641715155553e-02
5.353272226121690291e-01
6.063744756910535716e-02
nan
nan
nan
nan
-1.097242765956454869e-01
6.426840888129340401e-01
1.127136018541124163e-01
-9.138431813981798268e-02
2.644780211978488560e-01
5.532827377319335938e-01
2.331393294864230747e-01
-3.293662865956624164e-01
2.637699709998236886e-01
-2.388202879163953962e-01
1.653244495391845703e-01
-8.059104813469780693e-01
3.049662907918294086e-01
2.134133444892035714e-01
4.080177678002251396e-01
-1.331257290310329799e-01
-4.353367487589518414e-01
-3.977072238922119141e-01
-2.482059531741672154e-01
1.223627593782213030e-01
2.529930273691813336e-01
-8.807401524649725866e-02
-2.317388322618272600e-01
2.355873584747314453e-02
-4.429202609592013812e-02
-5.330473052130805245e-01
-3.340949945979648089e-02
-3.200442526075575334e-01
nan
nan
nan
nan
7.271815405951606026e-01
-1.354318062464396066e-01
1.923091941409640904e-01
5.177727275424532927e-01
8.689175181918673552e-01
3.146998882293701172e-01
7.441970374849107839e-02
2.169425222608778181e-01
4.892853101094563617e-01
-2.930502891540527344e-01
1.388217475679185686e-01
1.957088973787095842e-01
2.907707691192626953e-01
6.091499328613281250e-01
-2.229802343580457868e-01
-3.023487726847330914e-01
7.085515128241645089e-01
9.648378160264756698e-01
-2.485396067301432199e-01
-5.121633079316881276e-02
7.116874059041341516e-01
9.202034605873955775e-02
3.631473912133110771e-01
-9.422959884007771347e-02
3.579018016656239972e-03
-1.041843162642584891e-01
6.069512499703301478e-02
1.834530962838066825e-01
nan
nan
nan
nan
-8.685731887817382812e-01
5.383862389458550224e-01
-1.497003634770711356e-01
4.514875941806369419e-01
2.103358374701606026e-01
1.189888583289252372e-01
3.072770701514350167e-01
-5.803967052035861052e-01
1.073974715338812835e+00
-9.120568301942613698e-02
9.376213285658094865e-01
-5.979220602247450334e-01
-9.012537532382541849e-02
4.606218867831760044e-01
-1.165346172120836077e-01
5.635173453225029994e-02
6.615482436286078682e-01
2.941093444824218750e-01
-6.303299797905815849e-01
-3.489110734727647323e-01
-1.562205950419107980e-01
-2.923112445407443638e-01
5.334931479560004464e-01
-1.030434714423285492e+00
-5.478120512432522148e-03
5.431717236836751672e-01
7.253884209526909599e-01
3.220838705698649274e-01
nan
nan
nan
nan
-2.581308492355876595e-03
7.203308211432563057e-01
-3.080195519659254325e-02
1.261589262220594643e+00
-2.943954202863905412e-01
-7.907808091905381698e-01
-8.910154766506619417e-01
-4.473703702290852680e-01
-1.143877029418945312e+00
-5.079111523098416292e-01
3.209647602505154018e-01
1.508813699086507254e-01
-6.001177363925509489e-01
-6.364258660210503349e-01
-1.401678721110025949e-01
-6.664949523078070870e-01
3.784861415624618530e-03
8.709742625554402207e-02
1.539781192938486677e-02
5.795057614644368860e-01
1.140327135721842522e+00
2.712683147854275112e-01
-6.114255587259928015e-01
8.253757158915201453e-01
9.818408754136827010e-01
-3.169083065456814174e-01
2.301428847842746372e-01
-5.468681653340657922e-01
nan
nan
nan
nan
-6.444967587788900110e-01
3.498488333490160085e-02
2.032972541120317209e-02
3.672540452745225448e-01
4.856146706475151786e-01
9.269769986470539902e-02
2.123265663782755441e-01
-5.120928022596571427e-01
-7.749923600090874443e-01
2.638218137953016740e-01
-1.279906034469604492e-01
1.185128672255410069e-02
-3.350577089521620255e-01
-4.145624372694227677e-01
-5.289906395806206474e-01
-2.315582699245876674e-01
9.529409408569335938e-01
8.698443836636013948e-01
-8.277871873643663503e-02
3.182748622364468122e-02
1.590216212802463058e+00
-8.778878053029377793e-02
-6.496979395548502234e-01
2.945947117275661831e-01
3.236325581868489398e-01
-3.200989034440782088e-01
9.170507060156928014e-02
-8.109468354119194755e-01
nan
nan
nan
nan
2.023152510325113840e-01
-8.249169588088989258e-02
7.268934407167964391e-04
-7.054316202799478797e-01
1.455884377161661691e-01
-1.012547214825948033e-01
-5.215949482387967073e-01
3.153870105743408203e-01
-5.882589022318521765e-01
5.153477456834580916e-01
1.459656821356879464e-01
6.047587262259589147e-02
1.221536265479193778e-01
-7.605615191989474333e-01
2.056208716498480804e+00
-5.148374769422743302e-01
-1.158821317884657087e-01
-2.165741788016425362e-01
2.664234903123643416e-01
-1.373462544547187081e-01
-3.990803559621174945e-01
2.210800680849287284e-02
5.722421010335286828e-01
-4.289921389685736886e-01
1.263280550638834709e+00
5.546521610683865511e-01
3.828703297509087333e-01
-3.579547405242919922e-01
nan
nan
nan
nan
-1.862728595733642578e-01
3.802542885144551740e-03
-8.533634079827202568e-01
-1.074551145235697475e-01
1.273273494508531389e-01
-9.174524943033853797e-01
-6.994185977511935270e-01
-4.721483654446071987e-01
-3.732306957244873047e-01
-6.784101592169867745e-01
-7.435267236497666854e-01
6.764204237196180802e-01
3.807120058271620255e-01
-2.427359951866997489e-01
3.741087648603651505e-01
-3.446957800123426896e-01
-2.365489006042480469e-01
-7.602930598788790739e-01
6.017040676540799105e-01
3.238232930501301898e-01
-7.023927900526258927e-01
2.136996189753214426e-01
2.124514579772949219e-01
-9.056484434339735490e-01
2.864394916428460169e-02
5.415127542283799666e-01
4.585706194241841865e-02
4.594969219631618862e-01
nan
nan
nan
nan
-1.296637535095214844e+00
-3.234506448109944476e-01
-2.085870669947730016e-02
1.647547086079915457e-01
-9.793701171875000000e-01
7.135677337646484375e-01
6.400583585103353235e-01
-8.857647577921549109e-01
-4.665448930528428573e-01
4.519392649332682477e-01
1.076955861515468960e-01
7.157557805379232141e-01
-2.072346541616651786e-02
-2.240618069966634207e-01
2.430606153276231585e-01
-1.514293087853325614e-01
-2.205331987804836635e-01
8.152590327792696989e-01
4.553038875261942314e-02
5.479605992635091516e-01
-1.712971925735473633e-02
-8.309465646743774414e-02
-6.422709888882107698e-01
4.974264568752712612e-01
-1.412217087215847378e-01
-2.843664752112494698e-01
2.342489030626085100e-01
3.235341972774929409e-01
nan
nan
nan
nan
-7.877582444085015068e-01
-3.604142930772569198e-01
3.153017361958821430e-01
-6.594665845235189172e-01
2.757818698883056641e-01
5.197269651624891740e-01
6.706716749403212052e-01
-8.379325866699218750e-01
1.639881928761800223e-01
1.075723224216037277e+00
-5.340320799085829240e-01
-4.363949563768174666e-01
-2.640572388966878070e-01
-6.955426600244309782e-03
5.676301320393880578e-01
1.372984144422743080e+00
-2.381818824344211216e-01
-6.574664645724825895e-01
-3.020619683795505023e-02
5.543673833211263391e-01
6.677846113840739395e-02
-3.728876908620198383e-01
-3.909021748436821708e-01
-2.722351021236843471e-01
-1.971729993820190430e-01
7.432926495869954797e-01
-5.278446939256455916e-01
-1.834222740597195034e-01
nan
nan
nan
nan
-3.809274236361185478e-02
-3.666231897142198104e-01
-5.378417438930935823e-01
2.322013907962375279e-01
-1.669235891766018276e-01
-1.675299406051635742e-01
-1.291702522171868199e-02
-3.086097240447998047e-01
-1.065915028254191127e-01
-4.698745939466688615e-01
3.196364773644341239e-01
4.442266093360053292e-01
5.105054113599989396e-01
-2.688498761918809432e-01
-1.872972249984741211e-01
-4.768310123019748326e-01
-5.812531047397189177e-01
2.624139255947536831e-01
8.019939064979553223e-03
1.055136998494466072e+00
-3.387168248494465961e-01
3.549471431308322544e-01
-2.487587398952907924e-01
-6.141441663106282922e-01
8.231890996297200891e-01
-1.128799438476562500e+00
6.918674045138888395e-01
-7.588494088914659041e-01
nan
nan
nan
nan
2.512125704023573380e-01
7.534507115681966516e-01
4.443095458878411341e-02
6.538286209106445312e-01
-4.480690426296657924e-01
-3.973946571350097656e-01
7.130659288830226705e-02
-3.053647147284613839e-01
8.018462525473700475e-02
2.953610155317518693e-01
3.533059755961100445e-01
-5.210942692226834261e-01
-3.398767577277289620e-01
-5.711672041151258927e-01
-1.825423902935451870e-01
-2.666174040900336495e-01
6.589022742377387276e-01
1.712336672676934013e-01
-3.896028200785319195e-01
-1.880764431423611049e-01
6.525953610738118860e-01
-3.262605402204725724e-01
1.539404657151964007e-01
-8.642850981818304967e-02
-9.305503633287218190e-02
2.962348990970187779e-01
-6.068627039591471123e-02
-1.993290185928344727e-01
nan
nan
nan
nan
2.218229240841335798e-02
-5.699148178100585938e-01
8.966179953681098214e-01
2.481990555922190464e-02
2.809370093875461216e-01
-8.921818203396267855e-01
1.417754915025499107e+00
-7.745630211300319479e-02
-4.707776705423991070e-01
-1.180097394519382115e-01
2.350993951161702566e-01
1.127635320027669197e+00
8.505085309346517297e-01
-5.766028298272026786e-01
-6.661943594614665176e-02
-7.207628753450182058e-02
-4.565777248806423549e-01
1.240937709808349609e-01
-2.328422334459092913e-01
3.326429526011149274e-01
2.377310858832465401e-01
1.462181409200032478e+00
-6.948426034715440291e-01
-6.925769646962483261e-02
1.027821699778238979e-01
2.430819670359293527e-01
nan
8.458860715230306360e-01
nan
nan
nan
nan
2.206510305404663086e-01
-6.624540752834744417e-01
4.039580292171902065e-01
7.117780049641927453e-01
-1.446690493159823870e-02
-7.613651487562391740e-01
6.326834890577528459e-01
3.629939026302761440e-01
3.135226037767198104e-01
-3.097368876139323102e-01
-1.038452916675143833e-01
-9.293604956732856026e-01
-3.819358679983350657e-02
-1.125141647126939592e-01
7.244855562845865515e-01
-3.726632065243191128e-01
-6.699670685662163505e-01
-2.774346139695909041e-01
-9.113186597824096680e-02
1.844086514578925362e-01
4.178964826795790177e-01
2.525584962632920760e-01
5.896198749542236328e-02
-6.055502759085761022e-02
-2.128679222530788784e-01
8.434611426459418526e-01
1.132078303231133370e-01
-2.233074506123860770e-01
nan
nan
nan
nan
-8.102515008714463729e-01
4.136523405710856305e-01
nan
3.840824233161078682e-01
-1.258823606703016462e-01
-2.694208357069227677e-01
8.311067024866740371e-02
-1.170086463292439732e-01
1.382232771979438057e-01
-5.192214647928873328e-01
-5.750790701972113839e-01
-2.366173532274034319e-01
-7.370036972893608818e-01
-3.564918571048312779e-01
3.794270621405707589e-01
4.831737412346733818e-01
2.138660748799642020e-01
1.603473954730563755e-01
-2.599824269612630023e-01
7.013612985610961914e-02
-2.972367339664035435e-01
-6.399882634480794641e-01
7.879478136698404578e-01
1.301768938700358147e+00
1.533064842224121094e-01
-5.876740349663628349e-01
3.804206318325466518e-01
5.909572177463107145e-01
nan
nan
nan
nan
-2.626726528008778774e-02
1.848926146825154715e-01
1.792883740531073800e-01
1.046410454644097321e+00
-1.089486651950412277e+00
7.967356046040853235e-01
-6.045729849073622209e-01
-4.584910074869791852e-01
4.358749124738905412e-01
7.900021473566691543e-02
-3.738682534959580916e-01
-4.319314956665039062e-01
-7.254538536071777344e-01
-6.792107158237032927e-01
-3.409268856048583984e-01
-5.734834671020507812e-01
4.532531632317436943e-01
4.697892930772569198e-01
-1.190655893749660854e-01
3.060019678539700055e-02
8.082148763868544084e-01
-3.960970375272963168e-03
1.825377013948228655e-01
1.609406789143880134e+00
7.504935264587402344e-01
-2.794232368469238281e-01
-6.852811574935913086e-02
-4.652494854397243862e-01
nan
nan
nan
nan
4.883103370666503906e-01
3.990428646405538154e-02
8.455395698547363281e-01
-4.959146711561415177e-01
-1.459249390496147880e-01
3.026281992594401227e-01
9.060120052761502230e-01
2.786710792117648716e-01
4.818241331312391740e-01
2.561517556508381976e-01
-2.773620287577311383e-01
4.186181492275661831e-01
-4.469820128546820870e-01
6.640785005357530135e-01
-3.379398187001546039e-01
-1.217561033036973772e-01
-1.444241629706488617e+00
-3.775790532430012836e-01
9.428717030419243861e-02
1.095690661006503731e-03
5.247694651285806922e-01
-2.989748078915807888e-03
2.302971680959065848e-01
-3.934814929962158203e-01
1.503776179419623604e-01
3.876552051968044643e-01
3.633392386966281529e-01
-9.116603268517388392e-02
nan
nan
nan
nan
-1.487246089511447544e-01
-6.900165875752767297e-01
2.044347524642944336e-01
-4.538241359922620677e-02
4.036038186815049666e-01
1.435473759969075613e-01
2.272442446814643136e-01
-9.240738840566740855e-04
6.323218345642089844e-01
6.437664031982421875e-01
-2.933297422197129745e-01
-1.886668337715996513e-01
5.693708029058244108e-03
7.646820810106065291e-01
-6.944632000393338167e-01
-4.865251117282443638e-01
7.687937948438856584e-01
5.849335988362630578e-01
-1.891315115822685966e-01
-7.666412989298502234e-01
-4.828589227464463729e-01
-5.626986291673448104e-01
-9.964434305826822547e-01
6.336142751905653459e-01
2.722611427307128906e-01
-1.099390665690104241e+00
2.641004191504584542e-01
-3.045172691345214844e-01
nan
nan
