nan
nan
-2.591675519943237305e-01
-4.936364479362964630e-03
7.299267053604125977e-01
5.925832986831665039e-01
-7.151614874601364136e-02
-4.781956374645233154e-01
-8.896696567535400391e-02
-4.704610109329223633e-01
-3.233703970909118652e-01
1.157071217894554138e-01
-4.100841283798217773e-01
9.949592500925064087e-02
4.012565016746520996e-01
1.951164752244949341e-01
-4.432785212993621826e-01
1.659166067838668823e-01
2.498464435338973999e-01
1.618713736534118652e-01
5.625897049903869629e-01
-6.056625247001647949e-01
2.115207910537719727e-01
-6.156922578811645508e-01
-4.516261219978332520e-01
1.805539615452289581e-02
-1.617395877838134766e-01
-1.747906059026718140e-01
3.070592880249023438e-02
4.775635600090026855e-01
nan
nan
nan
nan
-7.040926069021224976e-02
-1.033984646201133728e-01
6.751792430877685547e-01
2.297081202268600464e-01
6.404573097825050354e-03
3.664283454418182373e-01
-7.633712887763977051e-02
-7.026813626289367676e-01
2.604898810386657715e-01
5.046002864837646484e-01
-3.400302827358245850e-01
2.378711998462677002e-01
3.399412333965301514e-02
6.066386699676513672e-01
6.238114833831787109e-01
-2.502441406250000000e-02
-4.137150049209594727e-01
-8.896837383508682251e-02
-4.211240112781524658e-01
7.799875736236572266e-01
2.422206103801727295e-01
-6.096094250679016113e-01
-1.328113377094268799e-01
7.808168530464172363e-01
4.926987290382385254e-01
4.409455358982086182e-01
-7.316758483648300171e-02
1.047587990760803223e+00
nan
nan
nan
nan
-1.331878453493118286e-01
6.366569399833679199e-01
-6.029978990554809570e-01
4.672662913799285889e-01
-2.688459157943725586e-01
3.104237616062164307e-01
-8.535591363906860352e-01
3.656437098979949951e-01
-3.429587781429290771e-01
1.716674417257308960e-01
-2.721936702728271484e-01
-7.907733321189880371e-01
4.658981263637542725e-01
4.319933652877807617e-01
6.798561662435531616e-02
3.574545979499816895e-01
4.091445803642272949e-01
2.974122166633605957e-01
3.252655640244483948e-02
5.332680940628051758e-01
1.589768379926681519e-01
-2.903005182743072510e-01
-1.407000236213207245e-02
-3.939217701554298401e-02
3.020536303520202637e-01
1.389587298035621643e-02
-6.111950874328613281e-01
-1.313924193382263184e-01
nan
nan
nan
nan
6.450185775756835938e-01
-2.208788245916366577e-01
6.461596488952636719e-01
-2.472119480371475220e-01
5.473276972770690918e-01
-9.509307891130447388e-02
6.777917742729187012e-01
1.049195975065231323e-01
1.992094516754150391e-01
-1.654720753431320190e-01
-1.787205971777439117e-02
4.318605065345764160e-01
-2.826947569847106934e-01
-5.303943753242492676e-01
-4.791887104511260986e-01
3.748478591442108154e-01
-6.777921319007873535e-02
-8.432021737098693848e-01
-6.674231886863708496e-01
-1.595904678106307983e-01
-2.569714188575744629e-01
3.322106599807739258e-01
3.214069604873657227e-01
-2.771893143653869629e-01
1.069588735699653625e-01
-2.904846072196960449e-01
1.182496082037687302e-02
-3.899614512920379639e-01
nan
nan
nan
nan
-5.803240537643432617e-01
2.633976005017757416e-02
4.462341777980327606e-03
1.078311279416084290e-01
-1.105691716074943542e-01
5.948719978332519531e-01
-1.676253080368041992e-01
2.694683074951171875e-01
1.745231300592422485e-01
1.258124262094497681e-01
2.633439600467681885e-01
1.718662679195404053e-02
-3.725790381431579590e-01
-2.799541316926479340e-02
-1.498483419418334961e-01
-2.549418807029724121e-01
-6.964120864868164062e-01
5.570647120475769043e-01
-3.840139508247375488e-01
1.973296552896499634e-01
-9.390240907669067383e-01
-7.063400149345397949e-01
-3.201997876167297363e-01
-3.284280896186828613e-01
-8.063062429428100586e-01
4.157848358154296875e-01
-2.413503378629684448e-01
-2.808419466018676758e-01
nan
nan
nan
nan
-7.149749398231506348e-01
-2.413599044084548950e-01
-7.751888781785964966e-02
4.380291700363159180e-01
6.752242334187030792e-03
7.196950912475585938e-01
1.180245131254196167e-01
8.429870009422302246e-02
7.159625291824340820e-01
-4.491177499294281006e-01
-1.150799822062253952e-02
2.676664292812347412e-01
-6.301953196525573730e-01
-1.421700716018676758e-01
-3.603533506393432617e-01
8.753869682550430298e-02
-9.029051661491394043e-02
-4.408852159976959229e-01
-8.980438113212585449e-01
-8.770557045936584473e-01
-1.034919396042823792e-01
-2.503252923488616943e-01
-2.484613656997680664e-01
5.932478308677673340e-01
-2.145323604345321655e-01
-8.187262415885925293e-01
-3.319210708141326904e-01
-5.300623551011085510e-02
nan
nan
nan
nan
-6.467215418815612793e-01
5.149115249514579773e-02
-9.647033214569091797e-01
-6.058503389358520508e-01
2.667166590690612793e-01
8.359514176845550537e-02
-3.085784316062927246e-01
-9.538918733596801758e-02
-1.777676492929458618e-01
1.536139100790023804e-01
1.204226970672607422e+00
9.266076236963272095e-02
5.210694670677185059e-01
-1.559135317802429199e-01
-6.810228228569030762e-01
-2.381828427314758301e-01
5.798025429248809814e-02
-3.534604012966156006e-01
5.100555345416069031e-02
6.745844483375549316e-01
-1.207244209945201874e-02
-3.033897578716278076e-01
3.377331420779228210e-02
7.511423528194427490e-02
-6.418643593788146973e-01
-1.075985208153724670e-01
-2.822298407554626465e-01
7.696288228034973145e-01
nan
nan
nan
nan
5.321448445320129395e-01
3.827369213104248047e-01
-2.662104964256286621e-01
-6.263778209686279297e-01
3.740207254886627197e-01
-8.440791070461273193e-02
7.517067790031433105e-01
8.424996733665466309e-01
-3.300451487302780151e-02
-1.965222805738449097e-01
1.712258458137512207e-01
6.198269724845886230e-01
-3.418639302253723145e-01
-4.934450387954711914e-01
-1.167969942092895508e+00
-6.009977459907531738e-01
-3.194393590092658997e-02
-2.544218599796295166e-01
-1.354813277721405029e-01
1.616354286670684814e-01
6.743432879447937012e-01
6.409325003623962402e-01
4.437236115336418152e-02
-1.935201138257980347e-02
-5.517199039459228516e-01
3.127269819378852844e-02
6.091884374618530273e-01
-9.148824959993362427e-02
nan
nan
nan
nan
7.203953862190246582e-01
-5.100322961807250977e-01
-3.002683520317077637e-01
2.474097907543182373e-01
5.242668986320495605e-01
-1.346997022628784180e-01
-3.618294373154640198e-02
-5.320262312889099121e-01
3.349634408950805664e-01
7.010853886604309082e-01
3.784825801849365234e-01
2.026565521955490112e-01
-4.793866574764251709e-01
1.341843158006668091e-01
-2.673939168453216553e-01
-8.177372217178344727e-01
-1.721154451370239258e-01
1.144833341240882874e-01
-3.181173801422119141e-01
8.724861145019531250e-01
-4.176950454711914062e-02
-2.323392182588577271e-01
3.373632729053497314e-01
-2.399433851242065430e-01
-1.115597561001777649e-01
-2.053328752517700195e-01
-3.276877999305725098e-01
3.254028558731079102e-01
nan
nan
nan
nan
-4.677198231220245361e-01
1.266886591911315918e-01
4.301286339759826660e-01
-4.170652329921722412e-01
-8.008326888084411621e-01
-2.925288975238800049e-01
-1.497033238410949707e-01
2.237842977046966553e-01
-7.221395373344421387e-01
-2.005717717111110687e-02
1.513934880495071411e-01
-4.193761944770812988e-02
-5.300195217132568359e-01
-1.548454314470291138e-01
3.032581806182861328e-01
3.282822668552398682e-01
6.712378263473510742e-01
-5.330953747034072876e-02
-3.450954332947731018e-02
-1.160522028803825378e-01
2.927814982831478119e-02
2.473285496234893799e-01
-2.438788712024688721e-01
-2.287004441022872925e-01
-1.098396033048629761e-01
1.110105961561203003e-01
6.091810464859008789e-01
2.425659894943237305e-01
nan
nan
nan
nan
-5.896365046501159668e-01
-7.461419701576232910e-02
6.202629208564758301e-01
1.236154288053512573e-01
-1.256522536277770996e+00
-1.210941448807716370e-01
2.227941155433654785e-01
7.719374299049377441e-01
6.603926420211791992e-01
1.767619997262954712e-01
2.438990771770477295e-01
2.332978844642639160e-01
-1.061385512351989746e+00
4.608882963657379150e-01
-6.653649210929870605e-01
4.337395131587982178e-01
-1.794036477804183960e-01
2.884614169597625732e-01
3.106922209262847900e-01
5.816596150398254395e-01
9.374783188104629517e-02
4.133377671241760254e-01
-4.550259709358215332e-01
-7.149349153041839600e-02
-7.000613957643508911e-02
1.178980171680450439e-01
2.145814448595046997e-01
8.265540003776550293e-02
nan
nan
nan
nan
7.806235551834106445e-02
-3.220978081226348877e-01
5.167375206947326660e-01
1.974924057722091675e-01
-9.319674968719482422e-01
-1.093562096357345581e-01
-2.010572552680969238e-01
4.033861458301544189e-01
1.458682715892791748e-01
1.315823644399642944e-01
4.610853791236877441e-01
8.608864247798919678e-02
-2.339535355567932129e-01
1.545701026916503906e-01
2.701337337493896484e-01
-2.403055131435394287e-01
1.348867654800415039e+00
-1.283593773841857910e-01
3.115412890911102295e-01
-4.450928866863250732e-01
6.708101630210876465e-01
-4.070533812046051025e-01
-8.668259531259536743e-02
5.790542364120483398e-01
-6.819865107536315918e-01
7.559123039245605469e-01
4.913681149482727051e-01
-1.469779312610626221e-01
nan
nan
nan
nan
-6.019440889358520508e-01
-3.069637902081012726e-02
8.020371198654174805e-01
-8.471731543540954590e-01
-1.109269857406616211e+00
8.045958876609802246e-01
-5.094544887542724609e-01
-3.224495649337768555e-01
-2.617936134338378906e-01
-3.797820210456848145e-01
-4.852787591516971588e-03
-4.989013373851776123e-01
6.343736648559570312e-01
-4.045857349410653114e-04
2.288787662982940674e-01
1.335356384515762329e-01
-8.086181282997131348e-01
4.176831617951393127e-02
-2.994641363620758057e-01
-7.915244102478027344e-01
4.920420050621032715e-01
3.832612559199333191e-02
-7.878288030624389648e-01
5.834791436791419983e-02
-3.405093848705291748e-01
-2.421975582838058472e-01
1.635837256908416748e-01
-2.428620159626007080e-01
nan
nan
nan
nan
8.550857752561569214e-02
-3.250278532505035400e-01
3.593058139085769653e-02
-6.360848248004913330e-02
-4.817081689834594727e-01
1.155308485031127930e-01
-5.577219724655151367e-01
-7.266523241996765137e-01
-6.327591538429260254e-01
-7.333633303642272949e-01
-8.157337903976440430e-01
-4.253084063529968262e-01
-2.356689274311065674e-01
-1.321637928485870361e-01
-3.808059394359588623e-01
7.549346089363098145e-01
7.782498002052307129e-01
3.376969397068023682e-01
2.259572893381118774e-01
-6.730470806360244751e-02
3.245491087436676025e-01
-7.630859613418579102e-01
-1.965801790356636047e-02
-8.998031020164489746e-01
5.124388337135314941e-01
6.251053512096405029e-02
-1.260609477758407593e-01
6.807898879051208496e-01
nan
nan
nan
nan
-6.829007267951965332e-01
2.029691785573959351e-01
-3.814864456653594971e-01
-2.053653150796890259e-01
-8.376950025558471680e-01
3.237134590744972229e-02
8.655402064323425293e-02
8.338179588317871094e-01
2.908071875572204590e-01
-1.110818758606910706e-01
-8.519037961959838867e-01
5.161561369895935059e-01
-2.475555390119552612e-01
9.836023300886154175e-02
-5.631785988807678223e-01
-3.157766461372375488e-01
-2.067914456129074097e-01
1.435315012931823730e-01
4.010756611824035645e-01
-4.589501321315765381e-01
-5.471553802490234375e-01
-3.668843507766723633e-01
1.946521401405334473e-01
6.269828081130981445e-01
-1.509444713592529297e-01
-1.621265560388565063e-01
-1.120402365922927856e-01
-7.872523069381713867e-01
nan
nan
nan
nan
-1.660542041063308716e-01
-2.471167147159576416e-01
-6.032785177230834961e-01
-4.001269042491912842e-01
-1.088920161128044128e-01
-1.102155447006225586e+00
-9.772908873856067657e-03
5.316207930445671082e-02
6.091699600219726562e-01
8.096034079790115356e-02
3.697286546230316162e-01
-2.299132496118545532e-01
3.925080895423889160e-01
-4.575081467628479004e-01
8.733437061309814453e-01
4.147227704524993896e-01
-1.383435726165771484e-01
-6.583777666091918945e-01
4.210044145584106445e-01
-3.393312096595764160e-01
7.307125329971313477e-01
-1.003590747714042664e-01
-1.591338068246841431e-01
8.186133503913879395e-01
-3.407491445541381836e-01
9.047131985425949097e-02
4.047536849975585938e-01
-4.549486935138702393e-01
nan
nan
nan
nan
3.308202922344207764e-01
-5.222616791725158691e-01
1.021658442914485931e-02
-7.917241752147674561e-02
8.130700588226318359e-01
-6.983253955841064453e-01
5.762002468109130859e-01
-3.732070624828338623e-01
3.639802932739257812e-01
5.672864317893981934e-01
3.092649877071380615e-01
-2.788403928279876709e-01
3.570211827754974365e-01
-5.752256512641906738e-01
-1.342007219791412354e-01
-7.746103405952453613e-01
-1.005589291453361511e-01
-8.911768347024917603e-02
2.164349704980850220e-01
1.192473322153091431e-01
8.034718036651611328e-02
-2.126872688531875610e-01
4.125271141529083252e-01
-2.163607478141784668e-01
-1.827340573072433472e-01
1.691664308309555054e-01
-4.804607015103101730e-03
-9.996744394302368164e-01
nan
nan
nan
nan
-1.189980208873748779e-01
-6.592605710029602051e-01
-1.787017583847045898e-01
-2.024359703063964844e-01
7.035681009292602539e-01
-1.102814450860023499e-01
8.257028460502624512e-01
4.903543889522552490e-01
4.834834039211273193e-01
2.994496524333953857e-01
5.603427290916442871e-01
-8.493952751159667969e-01
2.184711694717407227e-01
-2.782417237758636475e-01
-4.725916385650634766e-01
-9.823915362358093262e-02
-7.662416100502014160e-01
1.807595491409301758e-01
-2.277446389198303223e-01
-3.682204708456993103e-02
-9.933686256408691406e-01
-1.856355667114257812e-01
-6.500496864318847656e-01
-4.755922779440879822e-02
4.283514916896820068e-01
-3.274052739143371582e-01
3.514643311500549316e-01
5.586527753621339798e-03
nan
nan
nan
nan
2.322183102369308472e-01
3.937664031982421875e-01
-2.730861902236938477e-01
-6.581636667251586914e-01
1.137970238924026489e-01
-3.220522999763488770e-01
-5.307481884956359863e-01
-1.045658960938453674e-01
2.652254998683929443e-01
6.999918222427368164e-01
3.820799887180328369e-01
-2.609174549579620361e-01
-3.717948198318481445e-01
-1.267021536827087402e+00
1.379341334104537964e-01
6.834768056869506836e-01
4.647530615329742432e-01
6.253504157066345215e-01
-8.986810445785522461e-01
6.256971955299377441e-01
5.182857513427734375e-01
4.142453148961067200e-02
4.935304522514343262e-01
1.055124476552009583e-01
-4.213657975196838379e-02
5.059537291526794434e-02
nan
-2.575282156467437744e-01
nan
nan
nan
nan
6.966348886489868164e-01
-3.131352365016937256e-01
6.029323339462280273e-01
4.672139883041381836e-01
-1.365174353122711182e-01
-1.689595431089401245e-01
-8.982032537460327148e-02
8.657234311103820801e-01
-3.439010083675384521e-01
5.280703306198120117e-01
-6.050817966461181641e-01
-3.761574998497962952e-02
6.138647198677062988e-01
-5.716658234596252441e-01
1.909168958663940430e-01
3.162311613559722900e-01
-5.060471296310424805e-01
3.267673850059509277e-01
-4.567662775516510010e-01
-2.534165605902671814e-02
-1.568546533584594727e+00
-5.450895428657531738e-02
4.098890423774719238e-01
-2.334708124399185181e-01
8.114092051982879639e-02
-4.844094812870025635e-01
2.690535970032215118e-02
5.884099602699279785e-01
nan
nan
nan
nan
4.318317398428916931e-02
2.945230901241302490e-01
nan
1.028314948081970215e+00
-5.488053709268569946e-02
5.197769403457641602e-01
-4.631490707397460938e-01
3.218381106853485107e-02
-4.168837070465087891e-01
-1.040729999542236328e+00
6.698428094387054443e-02
-2.772786840796470642e-02
6.713324785232543945e-01
9.934120625257492065e-02
2.081313133239746094e-01
7.941675782203674316e-01
3.636464774608612061e-01
2.404926717281341553e-01
9.285248816013336182e-02
-5.979241058230400085e-02
5.155628323554992676e-01
-4.904991984367370605e-01
3.904722034931182861e-01
4.888547658920288086e-01
5.762175843119621277e-02
-2.614349722862243652e-01
1.300514221191406250e+00
-3.923638463020324707e-01
nan
nan
nan
nan
-4.202636778354644775e-01
9.830826520919799805e-01
1.240090802311897278e-01
-1.807956993579864502e-01
4.338763356208801270e-01
-4.292147755622863770e-01
5.812516212463378906e-01
-1.852894127368927002e-01
6.636798977851867676e-01
3.690250515937805176e-01
1.302792429924011230e-01
2.988720685243606567e-02
1.218997001647949219e+00
2.331398725509643555e-01
6.558760404586791992e-01
8.136406540870666504e-02
3.863955438137054443e-01
-1.477946162223815918e+00
1.699769943952560425e-01
7.965937256813049316e-01
1.836718171834945679e-01
-3.662879467010498047e-01
-2.993514537811279297e-01
-6.966129541397094727e-01
-5.601176023483276367e-01
9.317982792854309082e-01
1.233141124248504639e-01
-1.234845444560050964e-01
nan
nan
nan
nan
-9.357761740684509277e-01
-8.119013309478759766e-01
-7.827217578887939453e-01
-9.493403881788253784e-02
-7.346082478761672974e-02
-6.095137000083923340e-01
3.866963088512420654e-01
4.637689515948295593e-02
-4.082734882831573486e-01
5.735855698585510254e-01
-1.363406330347061157e-02
2.006264030933380127e-01
-1.425258964300155640e-01
1.331892609596252441e-02
-1.509663015604019165e-01
-2.920891940593719482e-01
4.177929162979125977e-01
-2.577361464500427246e-01
8.862327933311462402e-01
4.602231681346893311e-01
6.650099754333496094e-01
4.013509750366210938e-01
3.509426116943359375e-01
-3.613524138927459717e-01
3.463638126850128174e-01
4.164062142372131348e-01
2.385204732418060303e-01
5.450199246406555176e-01
nan
nan
nan
nan
1.097505837678909302e-01
2.604555189609527588e-01
4.617744386196136475e-01
2.411435991525650024e-01
2.511357367038726807e-01
-3.702826201915740967e-01
1.708581745624542236e-01
2.170733809471130371e-01
1.646731495857238770e-01
-7.268231511116027832e-01
2.530307173728942871e-01
-1.982601433992385864e-01
-1.372533142566680908e-01
2.882839739322662354e-02
-1.874753385782241821e-01
3.055727779865264893e-01
-5.746466517448425293e-01
-7.979787886142730713e-02
-5.734838247299194336e-01
2.518165707588195801e-01
7.429752498865127563e-02
7.401045560836791992e-01
-1.224201172590255737e-01
-1.101108789443969727e-01
-8.591024279594421387e-01
-2.465796321630477905e-01
-8.011260628700256348e-01
1.614491268992424011e-02
nan
nan
