nan
nan
2.068345844745635986e-01
5.483195185661315918e-01
1.804766505956649780e-01
5.074880719184875488e-01
1.622160710394382477e-02
8.802442550659179688e-01
-6.220240592956542969e-01
1.776776611804962158e-01
-3.384389877319335938e-01
-8.332885056734085083e-02
9.295713156461715698e-02
-3.112895488739013672e-01
3.270527422428131104e-01
-4.779707640409469604e-02
-2.216275930404663086e-01
2.929760813713073730e-01
5.664590597152709961e-01
1.120848536491394043e+00
-8.144357800483703613e-01
6.545432209968566895e-01
-1.013274714350700378e-01
-3.438667356967926025e-01
-1.133713126182556152e+00
4.589290544390678406e-02
1.122058153152465820e+00
5.433350801467895508e-01
-3.354993164539337158e-01
1.037956953048706055e+00
nan
nan
nan
nan
-1.696212887763977051e-01
6.209888458251953125e-01
9.465879201889038086e-01
1.577713042497634888e-01
8.405971527099609375e-01
-3.194713220000267029e-02
3.435119241476058960e-02
3.709132075309753418e-01
-4.618706405162811279e-01
9.965389221906661987e-02
6.440035700798034668e-01
6.526801735162734985e-02
8.013420104980468750e-01
4.849826917052268982e-02
-9.016132950782775879e-01
-1.645316183567047119e-01
6.190337538719177246e-01
-9.673251509666442871e-01
1.127703934907913208e-01
5.806207656860351562e-01
-8.848252892494201660e-02
4.298705458641052246e-01
8.607427775859832764e-02
1.377391695976257324e+00
-3.313431888818740845e-02
9.987190365791320801e-02
-3.106395602226257324e-01
-1.641247570514678955e-01
nan
nan
nan
nan
-6.307324022054672241e-02
1.048414036631584167e-02
-2.698970735073089600e-01
2.440325468778610229e-01
2.435127347707748413e-01
4.121252596378326416e-01
4.882895648479461670e-01
1.105394884943962097e-01
3.779184222221374512e-01
-5.347836613655090332e-01
-2.831290960311889648e-01
1.173831105232238770e+00
1.465908139944076538e-01
1.950811780989170074e-02
9.440177083015441895e-01
-8.085331916809082031e-01
3.224139213562011719e-01
6.109831929206848145e-01
-2.912942171096801758e-01
5.632280111312866211e-01
-3.783966600894927979e-01
2.063238620758056641e-01
-4.493871033191680908e-01
1.156467914581298828e+00
-2.347298562526702881e-01
4.205830097198486328e-01
5.528065562248229980e-01
2.616564631462097168e-01
nan
nan
nan
nan
-2.928907275199890137e-01
1.010045766830444336e+00
5.708276033401489258e-01
7.136782407760620117e-01
2.451677918434143066e-01
5.918254256248474121e-01
-7.169413566589355469e-01
8.597042560577392578e-01
-1.225904300808906555e-01
7.614294290542602539e-01
8.955287337303161621e-01
-3.264919519424438477e-01
3.401402235031127930e-01
3.278038799762725830e-01
-9.258618950843811035e-01
-3.304436206817626953e-01
2.727051079273223877e-01
-4.267775919288396835e-03
9.757316708564758301e-01
1.104850023984909058e-01
-4.992214739322662354e-01
-1.126134514808654785e+00
-9.978801608085632324e-01
1.877489089965820312e-01
1.016879916191101074e+00
7.548636794090270996e-01
7.634164690971374512e-01
6.501694917678833008e-01
nan
nan
nan
nan
5.466359257698059082e-01
-9.274553060531616211e-01
6.654982566833496094e-01
6.314976215362548828e-01
6.684048771858215332e-01
1.507425189018249512e+00
-2.879210710525512695e-01
8.164625763893127441e-01
-3.761610016226768494e-02
1.191106960177421570e-01
6.671000123023986816e-01
1.648213714361190796e-01
-1.872492581605911255e-01
4.372975230216979980e-01
4.124620258808135986e-01
-2.415480613708496094e-01
1.225511789321899414e+00
-9.377786517143249512e-01
-1.848999857902526855e-01
6.022341251373291016e-01
-3.251608610153198242e-01
-2.099467962980270386e-01
6.438747644424438477e-01
6.175271868705749512e-01
-6.494141370058059692e-02
7.642470598220825195e-01
2.091230303049087524e-01
6.556655764579772949e-01
nan
nan
nan
nan
1.095640659332275391e+00
3.479641303420066833e-02
1.124581992626190186e-01
-2.438933104276657104e-01
1.712753809988498688e-02
1.221878647804260254e+00
4.626958072185516357e-02
1.514648199081420898e+00
-2.697141170501708984e-01
6.835480779409408569e-02
-2.378819510340690613e-02
9.719269871711730957e-01
6.367799043655395508e-01
7.359406352043151855e-01
5.354749560356140137e-01
-2.602477371692657471e-01
-2.029184997081756592e-01
-2.527837455272674561e-01
-1.489216983318328857e-01
2.631463110446929932e-03
8.194028586149215698e-02
-5.760316848754882812e-01
1.121084913611412048e-01
1.067368149757385254e+00
9.821258187294006348e-01
-1.383108943700790405e-01
-1.471815228462219238e+00
2.967603206634521484e-01
nan
nan
nan
nan
-2.034181952476501465e-01
-4.174126777797937393e-03
2.739561796188354492e-01
-1.131514072418212891e+00
2.341875284910202026e-01
5.618146657943725586e-01
-2.077073752880096436e-01
5.586079955101013184e-01
-9.826543927192687988e-02
-3.251980841159820557e-01
-1.001696735620498657e-01
-1.688470989465713501e-01
-8.530301451683044434e-01
-3.135776817798614502e-01
2.545728087425231934e-01
-3.554540276527404785e-01
-1.032836437225341797e+00
4.423477500677108765e-02
-4.648201540112495422e-02
-3.853318095207214355e-01
8.503091335296630859e-02
-1.038524389266967773e+00
5.681507587432861328e-01
-2.060688734054565430e-01
-1.706367284059524536e-01
-1.096100091934204102e+00
-3.419294655323028564e-01
2.953392863273620605e-01
nan
nan
nan
nan
5.641186237335205078e-01
-6.016020774841308594e-01
5.196194052696228027e-01
-4.764567911624908447e-01
6.331738829612731934e-01
-1.910971552133560181e-01
-5.524986386299133301e-01
4.082790613174438477e-01
6.182371973991394043e-01
1.090517938137054443e-01
1.097605824470520020e-01
6.267511099576950073e-02
7.133631706237792969e-01
-5.147337317466735840e-01
2.051439583301544189e-01
-1.064449429512023926e+00
-2.195654362440109253e-01
3.946859836578369141e-01
-2.085951715707778931e-01
6.587036848068237305e-01
-1.975360959768295288e-01
6.794952154159545898e-01
1.160892605781555176e+00
-2.125740647315979004e-01
2.692756056785583496e-01
-2.893712818622589111e-01
2.798458039760589600e-01
-6.989257931709289551e-01
nan
nan
nan
nan
-2.194342911243438721e-01
-1.294251084327697754e-01
7.995399087667465210e-02
2.736987471580505371e-01
-5.659542083740234375e-01
1.634034663438796997e-01
-4.625930190086364746e-01
7.516112923622131348e-01
4.089981019496917725e-01
-1.857171654701232910e-01
-3.232371211051940918e-01
5.465564131736755371e-01
7.001723051071166992e-01
4.853505790233612061e-01
-4.087963104248046875e-01
9.161366224288940430e-01
6.107027530670166016e-01
-1.400332450866699219e-01
1.917447894811630249e-01
3.035793900489807129e-01
7.172129750251770020e-01
2.933021783828735352e-01
4.911492764949798584e-01
-2.396770864725112915e-01
8.631541728973388672e-01
-4.317485690116882324e-01
3.516492843627929688e-01
5.761531591415405273e-01
nan
nan
nan
nan
7.178159356117248535e-01
-2.948229908943176270e-01
1.055798053741455078e+00
8.826065063476562500e-01
-2.826555967330932617e-01
9.947227239608764648e-01
1.217526793479919434e+00
-8.239209651947021484e-02
1.070411443710327148e+00
1.749505400657653809e-01
9.807572513818740845e-02
5.771234035491943359e-01
4.745697230100631714e-02
-6.534752249717712402e-02
-2.935550212860107422e-01
2.627103328704833984e-01
8.155482411384582520e-01
2.502444088459014893e-01
8.031414747238159180e-01
-8.205088376998901367e-01
4.990577101707458496e-01
3.819520473480224609e-01
-2.108233869075775146e-01
-1.296315342187881470e-01
1.119181275367736816e+00
-3.925842791795730591e-02
7.526829093694686890e-02
-1.912666261196136475e-01
nan
nan
nan
nan
1.136208176612854004e-01
3.188606202602386475e-01
-1.810140609741210938e-01
-3.593260347843170166e-01
5.856432318687438965e-01
1.122788488864898682e-01
-3.572497963905334473e-01
6.209423542022705078e-01
7.478035688400268555e-01
1.319086670875549316e+00
3.950509727001190186e-01
2.316340804100036621e-01
4.327262341976165771e-01
8.239611983299255371e-01
1.078987240791320801e+00
2.132665961980819702e-01
-2.334748208522796631e-01
6.001403927803039551e-01
7.435636520385742188e-01
5.052180886268615723e-01
2.102834582328796387e-01
-1.148154616355895996e+00
6.900161504745483398e-01
1.510089397430419922e+00
9.986094832420349121e-01
1.314447373151779175e-01
8.128349781036376953e-01
1.753461956977844238e-01
nan
nan
nan
nan
4.831646382808685303e-01
7.565441131591796875e-01
-3.271430432796478271e-01
1.113067984580993652e+00
-2.133807688951492310e-01
7.472918927669525146e-02
1.174080014228820801e+00
9.143503308296203613e-01
2.435474842786788940e-01
1.578618645668029785e+00
5.693067237734794617e-02
6.071147918701171875e-01
3.914797902107238770e-01
8.279940485954284668e-01
1.133530020713806152e+00
1.634615182876586914e+00
1.266086697578430176e-01
8.115900754928588867e-01
8.511800765991210938e-01
-1.015717387199401855e-01
9.488577842712402344e-01
5.898838043212890625e-01
1.107092618942260742e+00
1.558234572410583496e+00
9.210547208786010742e-01
3.956912159919738770e-01
-4.221102967858314514e-02
8.957208395004272461e-01
nan
nan
nan
nan
5.697324275970458984e-01
5.239293575286865234e-01
3.003049492835998535e-01
3.466952741146087646e-01
1.091675043106079102e+00
2.827549278736114502e-01
1.034530639648437500e+00
6.090064048767089844e-01
6.979931592941284180e-01
5.811194777488708496e-01
1.622978568077087402e+00
6.191701889038085938e-01
1.568021774291992188e+00
1.363690853118896484e+00
4.687097966670989990e-01
6.991525888442993164e-01
2.526538968086242676e-01
5.948945879936218262e-01
2.088340520858764648e+00
1.046653628349304199e+00
1.606918215751647949e+00
1.038187265396118164e+00
1.107213735580444336e+00
1.129823327064514160e+00
1.684025168418884277e+00
1.313926458358764648e+00
9.935094118118286133e-01
1.326008081436157227e+00
nan
nan
nan
nan
1.622225880622863770e+00
1.612434148788452148e+00
2.406119108200073242e+00
1.044404506683349609e+00
2.764524817466735840e-01
7.423100471496582031e-01
1.282588601112365723e+00
1.175758361816406250e+00
1.896724104881286621e+00
9.777184724807739258e-01
1.404389023780822754e+00
8.983822464942932129e-01
8.768056631088256836e-01
6.452568173408508301e-01
1.967186331748962402e+00
6.382218599319458008e-01
1.417060256004333496e+00
1.829747676849365234e+00
1.073620676994323730e+00
1.255976438522338867e+00
4.843487739562988281e-01
1.401857733726501465e+00
1.211819291114807129e+00
7.625820636749267578e-01
1.966276288032531738e+00
7.798039317131042480e-01
7.663340568542480469e-01
1.553499102592468262e+00
nan
nan
nan
nan
1.952375769615173340e+00
5.014394521713256836e-01
1.326446413993835449e+00
1.314461112022399902e+00
7.519142627716064453e-01
1.192311286926269531e+00
1.210110783576965332e+00
4.308532178401947021e-01
1.352767348289489746e+00
7.603257894515991211e-01
-5.438569933176040649e-04
1.370015501976013184e+00
1.206943392753601074e+00
1.858220696449279785e-01
1.402129650115966797e+00
1.133736014366149902e+00
4.872774779796600342e-01
1.325580596923828125e+00
1.052328467369079590e+00
9.959470629692077637e-01
6.696555018424987793e-01
1.652811884880065918e+00
1.236043810844421387e+00
1.257023692131042480e+00
1.337431073188781738e+00
1.062032222747802734e+00
1.868606209754943848e+00
9.446275830268859863e-01
nan
nan
nan
nan
1.115554094314575195e+00
-1.439270079135894775e-01
1.215451478958129883e+00
1.442518115043640137e+00
1.734592318534851074e+00
1.430135726928710938e+00
1.910677909851074219e+00
1.084549188613891602e+00
1.201184749603271484e+00
1.978236794471740723e+00
9.812085628509521484e-01
9.599551558494567871e-01
1.624519586563110352e+00
2.120286703109741211e+00
8.054223656654357910e-01
1.227243065834045410e+00
1.714570879936218262e+00
1.605831980705261230e+00
2.210283517837524414e+00
1.205778956413269043e+00
1.140588760375976562e+00
1.374229431152343750e+00
1.165855169296264648e+00
1.672622442245483398e+00
1.974676370620727539e+00
1.633959412574768066e+00
1.136684894561767578e+00
3.825969994068145752e-01
nan
nan
nan
nan
1.750477194786071777e+00
1.987534523010253906e+00
1.437064528465270996e+00
1.631254673004150391e+00
1.054694414138793945e+00
-1.166360825300216675e-01
-5.295183062553405762e-01
1.246617317199707031e+00
1.613847255706787109e+00
1.870173215866088867e+00
8.865019083023071289e-01
1.603099346160888672e+00
1.874797821044921875e+00
9.480552673339843750e-01
6.883586049079895020e-01
1.462217807769775391e+00
7.744641304016113281e-01
1.909175992012023926e+00
1.290992259979248047e+00
1.844708323478698730e+00
9.890985488891601562e-01
1.312619447708129883e+00
1.164192080497741699e+00
7.147310376167297363e-01
2.015669345855712891e+00
1.151477694511413574e+00
2.220936298370361328e+00
1.817123174667358398e+00
nan
nan
nan
nan
2.710929811000823975e-01
2.166235208511352539e+00
1.927263855934143066e+00
3.626021444797515869e-01
7.792148590087890625e-01
1.067134737968444824e+00
1.654360651969909668e+00
1.063797235488891602e+00
1.030658841133117676e+00
1.194636583328247070e+00
1.435444831848144531e+00
1.338938236236572266e+00
1.888452291488647461e+00
8.208595514297485352e-01
1.318966984748840332e+00
4.830223023891448975e-01
7.731045484542846680e-01
1.205582499504089355e+00
8.074031472206115723e-01
1.852616429328918457e+00
1.289577722549438477e+00
1.437027096748352051e+00
1.528640031814575195e+00
4.860053360462188721e-01
1.099525690078735352e+00
1.410922050476074219e+00
2.953865230083465576e-01
6.372866630554199219e-01
nan
nan
nan
nan
8.652543425559997559e-01
1.056908369064331055e+00
2.042350292205810547e+00
7.536129951477050781e-01
1.371307015419006348e+00
1.141226530075073242e+00
2.282553464174270630e-01
9.375430941581726074e-01
3.111623227596282959e-01
6.023845076560974121e-01
1.136568903923034668e+00
1.171937584877014160e+00
1.544578313827514648e+00
1.400112032890319824e+00
1.439640402793884277e+00
2.387269020080566406e+00
1.540560960769653320e+00
1.287398457527160645e+00
7.534868717193603516e-01
8.659454584121704102e-01
1.152943849563598633e+00
1.042365908622741699e+00
1.337156534194946289e+00
1.661466360092163086e+00
1.058833718299865723e+00
7.260840535163879395e-01
nan
-7.967945933341979980e-02
nan
nan
nan
nan
1.821381807327270508e+00
1.323941946029663086e+00
8.397938609123229980e-01
1.704629659652709961e+00
1.041119217872619629e+00
6.512402892112731934e-01
7.796736955642700195e-01
1.444247961044311523e+00
5.700839757919311523e-01
9.498825073242187500e-01
1.339639186859130859e+00
5.190225839614868164e-01
9.155678749084472656e-01
5.355667471885681152e-01
1.380501985549926758e+00
1.045881390571594238e+00
5.477375984191894531e-01
5.206179618835449219e-01
1.810887217521667480e+00
1.585794806480407715e+00
-8.827603608369827271e-02
2.127774477005004883e+00
9.065941572189331055e-01
5.755687952041625977e-01
1.393673777580261230e+00
1.345910668373107910e+00
6.424378156661987305e-01
1.675647377967834473e+00
nan
nan
nan
nan
1.320888161659240723e+00
1.685397624969482422e-01
nan
1.078281641006469727e+00
2.344386339187622070e+00
1.312211036682128906e+00
6.611817479133605957e-01
1.250740528106689453e+00
9.010056257247924805e-01
1.935808211565017700e-01
1.475444793701171875e+00
1.699804782867431641e+00
1.245217561721801758e+00
9.454068541526794434e-01
1.330929517745971680e+00
1.817537069320678711e+00
9.722396731376647949e-01
1.507443308830261230e+00
1.832062005996704102e+00
1.632164478302001953e+00
1.024276733398437500e+00
8.324758410453796387e-01
3.372341394424438477e-01
2.056194543838500977e+00
1.145106434822082520e+00
8.246631026268005371e-01
5.430525541305541992e-01
3.122614622116088867e-01
nan
nan
nan
nan
1.489218831062316895e+00
5.360999703407287598e-01
1.059288620948791504e+00
1.715783953666687012e+00
8.885347247123718262e-01
4.520717859268188477e-01
3.850431740283966064e-01
1.811048865318298340e+00
1.841590523719787598e+00
9.725104570388793945e-01
9.442325234413146973e-01
1.622676730155944824e+00
1.451482534408569336e+00
1.834643602371215820e+00
1.152699828147888184e+00
1.644899725914001465e+00
5.381610989570617676e-01
1.833757996559143066e+00
2.102536201477050781e+00
1.755253195762634277e+00
1.752922654151916504e+00
1.347034931182861328e+00
7.950415015220642090e-01
2.272105932235717773e+00
1.328893661499023438e+00
1.447702884674072266e+00
1.802629947662353516e+00
2.697326898574829102e+00
nan
nan
nan
nan
1.628032803535461426e+00
2.324026107788085938e+00
1.800623774528503418e+00
2.579947948455810547e+00
1.622305035591125488e+00
1.732844829559326172e+00
2.426271438598632812e+00
2.664348125457763672e+00
1.131618857383728027e+00
1.240103483200073242e+00
1.306659936904907227e+00
1.178187727928161621e+00
2.805237531661987305e+00
1.847793579101562500e+00
1.577715635299682617e+00
2.720424890518188477e+00
2.259704113006591797e+00
1.075616121292114258e+00
2.780862569808959961e+00
1.131734251976013184e+00
1.673371553421020508e+00
1.470392584800720215e+00
2.324327707290649414e+00
1.980327606201171875e+00
1.666334867477416992e+00
2.817706823348999023e+00
3.130818605422973633e+00
1.108077526092529297e+00
nan
nan
nan
nan
1.888845443725585938e+00
1.994761466979980469e+00
2.298139572143554688e+00
2.216049432754516602e+00
1.610801696777343750e+00
1.696005582809448242e+00
2.727256298065185547e+00
1.430140972137451172e+00
3.434497117996215820e+00
1.189101219177246094e+00
2.497095823287963867e+00
2.756663084030151367e+00
1.849291443824768066e+00
2.670808553695678711e+00
2.491828680038452148e+00
2.255385875701904297e+00
2.659967422485351562e+00
1.424360752105712891e+00
2.566643714904785156e+00
2.432603836059570312e+00
2.630804300308227539e+00
2.945258378982543945e+00
2.797235727310180664e+00
2.618406534194946289e+00
2.714640140533447266e+00
3.263737678527832031e+00
3.022154092788696289e+00
1.614054441452026367e+00
nan
nan
