nan
nan
-4.585094833374023238e-01
-2.149386644363403265e-02
9.961193084716796209e-02
8.355654144287109064e-01
-2.098837661743163940e-01
8.877648162841796919e-01
-7.008174896240233764e-02
6.410632324218750178e-01
-9.258493185043334406e-03
9.818852996826171742e-01
-2.863720703125000044e-01
5.757983398437499512e-01
5.554459381103515891e-01
4.940038204193115262e-02
1.913343238830566284e-01
4.818227767944335826e-01
-1.964440727233886796e-01
1.484810180664062562e+00
3.926135253906249956e-01
4.088763809204101762e-01
-8.944091033935547275e-01
8.936497497558594238e-01
6.799211883544922230e-01
-2.227906036376953169e-01
9.087393951416015137e-01
1.930347633361816362e-01
1.362590885162353604e-01
1.058162460327148446e+00
nan
nan
nan
nan
8.136400604248046342e-01
5.478078842163085493e-01
3.041624641418457231e-01
6.941880798339843395e-01
3.930440902709960715e-01
2.801527976989746094e-01
-7.572973251342773882e-02
6.351715087890624778e-01
4.901298904418945335e-01
3.976354980468749800e-01
-9.640044212341308816e-02
1.169968032836913974e+00
1.346082782745361417e-01
-1.528493976593017500e-01
4.642724609375000200e-01
8.768766403198241521e-02
8.868870544433593572e-01
6.566844940185546653e-01
7.245199584960937411e-01
8.154717445373535489e-02
1.264932327270507750e+00
1.875111999511718697e+00
4.210106277465820446e-01
2.644354820251464816e-02
4.629508972167968861e-01
1.146909561157226642e+00
6.903134918212890936e-01
-6.646237373352051336e-02
nan
nan
nan
nan
6.861740112304687278e-01
8.019108581542968572e-01
3.604741334915161077e-02
5.937737274169921919e-01
5.356143951416015847e-01
7.392300415039062544e-01
5.710830307006835582e-01
8.973937225341797053e-01
2.852820014953613148e-01
7.898343658447265492e-01
8.918227386474609775e-01
3.879650878906250044e-01
8.746932983398437722e-01
1.138074645996093759e+00
1.287591094970703232e+00
-2.199562072753906417e-02
4.763115310668945557e-01
1.354689025878906161e+00
1.475440521240234393e+00
1.325094909667968723e+00
1.043448715209960964e+00
5.264216232299804288e-01
4.446097946166991943e-01
-6.698101997375488503e-02
4.416706848144531516e-01
6.157618331909179288e-01
1.244971656799316456e-01
1.266321563720703147e-01
nan
nan
nan
nan
-3.954039001464843550e-01
9.764254760742187012e-01
1.211306476593017600e-01
1.244809188842773473e+00
3.781329727172851318e-01
8.198119354248046831e-01
8.464194488525390581e-01
8.081914901733398826e-02
6.405060577392578391e-01
9.613988494873046964e-01
2.408423662185668959e-02
4.781949234008788796e-01
7.170198059082031339e-01
1.070905685424804688e+00
1.199713821411132919e+00
2.149968910217285034e-01
1.127620315551757901e+00
1.050449066162109313e+00
1.187556934356689409e-01
5.298566436767577770e-01
1.668111572265625009e+00
-8.007834434509276955e-02
6.947470092773437855e-01
1.678258666992187509e+00
7.986343383789062944e-02
1.009470596313476465e+00
8.298516082763671697e-01
6.132090759277343262e-01
nan
nan
nan
nan
1.333260650634765732e+00
1.008791580200195215e+00
-4.189916992187500133e-01
1.077266693115234375e+00
1.577120056152343741e+00
7.329249572753906428e-01
5.395704650878906383e-01
8.054232788085937678e-01
8.933633422851562367e-01
3.680563735961914218e-01
9.994299316406249911e-01
4.944735336303711093e-01
7.768220520019530895e-01
4.010947036743164329e-01
6.722392272949219150e-01
2.759247016906738459e-01
1.039464340209961035e+00
-8.964280128479003296e-02
1.075604553222656357e+00
5.322090911865234863e-01
7.165755462646484775e-01
-2.576554870605468617e-01
1.641949310302734277e+00
1.436510772705078098e+00
1.362677001953124911e+00
1.946507835388183727e-01
1.389596557617187589e+00
2.690238571166992387e-01
nan
nan
nan
nan
4.894852066040039085e-01
7.081670379638671520e-01
3.625004196166992099e-01
1.102108688354492161e+00
1.196565628051757812e+00
2.078940391540527455e-01
5.539447402954101873e-01
1.153268051147460893e+00
-1.936222648620605502e-01
1.219311447143554661e+00
3.145584678649902544e-01
3.123503494262695468e-01
6.613093566894531206e-01
3.130168342590332053e-01
4.539915084838866965e-01
-6.838988304138184093e-02
3.935025024414062766e-01
8.742501068115234863e-01
3.385855484008788996e-01
9.797166442871093617e-01
1.201926956176757821e+00
1.079614562988281179e+00
4.578229904174804799e-02
8.851644134521484686e-01
7.881007385253906428e-01
7.421635437011718794e-01
-2.002098083496093861e-01
9.611916351318359197e-01
nan
nan
nan
nan
-4.811297988891601318e-01
4.927028179168701366e-02
-3.703433990478515736e-01
3.574280929565429865e-01
3.125064659118652610e-01
7.181771087646484641e-01
4.778926086425780984e-01
6.984788513183594061e-01
1.139585571289062571e+00
-2.499303054809570435e-01
2.307941675186157143e-02
-1.489176601171493487e-03
1.296795501708984277e+00
1.758401036262512152e-02
9.672609710693359508e-01
3.636491775512695201e-01
7.999286651611328125e-01
1.014505615234374991e+00
5.115139484405517578e-02
7.000646209716796520e-01
8.777412414550780917e-02
6.417086791992187012e-01
1.283969020843505893e-01
7.724495697021483975e-01
3.935062026977538818e-01
8.818025970458984730e-01
1.786801452636718857e+00
-8.753807067871093306e-01
nan
nan
nan
nan
2.466176271438598466e-02
4.812432861328124756e-01
-6.336862087249756081e-02
5.871419906616210938e-01
1.345396728515624973e+00
6.056130981445312367e-01
3.305894851684570424e-01
2.336412429809570368e-01
7.988456726074218972e-01
6.345240020751953258e-01
9.594638824462890792e-02
1.415350189208984366e+00
4.373648071289062411e-01
1.350932312011718706e+00
9.517157745361327637e-01
1.115248641967773402e+00
1.532160644531249893e+00
1.217725677490234304e+00
-1.257487964630127075e-01
7.807163238525390847e-01
8.771954345703124600e-01
9.140511322021483975e-01
7.858670806884765492e-01
-4.165763854980468646e-03
6.484783935546875044e-01
1.147732772827148473e+00
-2.726253509521484597e-01
5.007947540283202992e-01
nan
nan
nan
nan
1.245512008666992188e+00
8.213318634033203169e-01
4.855567550659179443e-01
3.481735992431640447e-01
1.569682312011718706e-01
5.087385559082031605e-01
6.950473785400390625e-01
-5.724002838134765320e-02
4.318540191650390714e-01
1.084537658691406170e+00
1.143990859985351660e+00
1.681986083984374991e+00
1.273800582885742161e+00
7.351909637451171653e-01
1.076836242675781152e+00
1.243229980468750107e+00
2.897216987609863015e-01
3.284356307983398171e-01
5.109998703002929243e-01
-5.618565559387207059e-02
8.495620727539061889e-02
1.228149108886718688e+00
1.163617324829101518e+00
6.318354034423827592e-01
9.085303497314453081e-01
1.019469757080078143e+00
6.424326324462890092e-01
1.114847259521484446e+00
nan
nan
nan
nan
2.087344741821288985e-01
1.076593704223632875e+00
9.050267791748046742e-01
1.080089035034179634e+00
8.653771209716797363e-01
7.798773193359375133e-01
1.595639495849609402e+00
6.888684844970702770e-01
1.448260040283203098e+00
1.522632904052734437e+00
3.245974731445312456e-01
1.084942016601562420e+00
7.741048431396484464e-01
1.033167495727538965e+00
1.412603302001953054e+00
1.517147979736328089e+00
2.191086196899414140e-01
4.303118515014648371e-01
6.802640533447266158e-01
1.117165374755859419e+00
1.657875366210937562e+00
1.787014465332031232e+00
1.548437805175781223e+00
5.197940063476562678e-01
1.591805572509765732e+00
5.473574829101562900e-01
1.095871963500976598e+00
1.685575714111328116e+00
nan
nan
nan
nan
2.211941528320312322e+00
1.721998748779296928e+00
1.593058471679687393e+00
2.575964355468749911e+00
1.138353881835937553e+00
8.289949417114257646e-02
1.291077575683593714e+00
1.261632766723632892e+00
2.113199768066406303e+00
1.476176147460937393e+00
2.111222229003906214e+00
2.219498291015625124e+00
1.902721862792968732e+00
3.221148376464843643e+00
1.658974304199218652e+00
1.714832611083984437e+00
1.946037292480468750e+00
1.050379714965820277e+00
2.059567718505859180e+00
1.110940856933593679e+00
1.679026489257812393e+00
1.648669281005859411e+00
2.086914062500000000e+00
1.054977416992187500e+00
2.146324920654296697e+00
1.489694671630859446e+00
2.285058288574218555e+00
2.222923736572265607e+00
nan
nan
nan
nan
1.903530883789062544e+00
2.467249603271484570e+00
1.813703613281250071e+00
2.070494537353515518e+00
1.925465240478515527e+00
2.904028015136718821e+00
1.633703765869140678e+00
1.461354980468750009e+00
2.768002929687499947e+00
2.733917541503906090e+00
3.048616943359375053e+00
2.712444763183593732e+00
2.912115478515624911e+00
2.232718048095703178e+00
2.517335510253906339e+00
2.340023651123046999e+00
2.267676086425781445e+00
2.781864318847656392e+00
2.790957946777343768e+00
2.959411621093750000e+00
2.366366882324218768e+00
2.463395538330078072e+00
3.224432678222656445e+00
2.769082946777343679e+00
2.595874633789062358e+00
2.267905426025390803e+00
2.695274047851562660e+00
2.802589721679687340e+00
nan
nan
nan
nan
2.694548339843750195e+00
3.545963745117187482e+00
3.014304809570312660e+00
2.766648559570312305e+00
3.255404663085937678e+00
3.166387939453124911e+00
4.658142700195312180e+00
3.104134521484374964e+00
3.320177612304687553e+00
3.229517822265624893e+00
3.230745239257812429e+00
3.989708251953124840e+00
3.792841491699218803e+00
2.799323730468750160e+00
3.893671569824218803e+00
4.529533386230468750e+00
3.713024597167968732e+00
4.017347412109375071e+00
4.070493164062500391e+00
4.005788879394531321e+00
4.281669921875000284e+00
3.964792175292968679e+00
4.138054504394530930e+00
4.054822998046875071e+00
3.432743530273437482e+00
4.350799255371093466e+00
3.375464172363281445e+00
3.906363220214843945e+00
nan
nan
nan
nan
4.358251647949218821e+00
4.307835998535156641e+00
3.952283630371093537e+00
3.864518432617187305e+00
4.260321960449219070e+00
4.106476440429687180e+00
4.096862792968750000e+00
4.320887451171874893e+00
4.132465515136718892e+00
4.437795715332031321e+00
4.147488098144531676e+00
4.997124938964843999e+00
4.253781433105468857e+00
3.777760314941406072e+00
4.420885009765624929e+00
5.055491027832030859e+00
4.267712707519531357e+00
4.900775146484375178e+00
4.727665710449218572e+00
4.569684448242187891e+00
4.429626159667968466e+00
4.273757324218750320e+00
4.430478820800781037e+00
4.321679382324218999e+00
4.386623840332031676e+00
3.598839721679687464e+00
4.077536926269531570e+00
4.007755432128906392e+00
nan
nan
nan
nan
4.632548217773437393e+00
3.406900329589843679e+00
4.020511779785156392e+00
4.108575134277343999e+00
3.653397521972656214e+00
3.864283142089843803e+00
4.549641418457031072e+00
3.716911621093749840e+00
3.999217834472656108e+00
4.181403503417969070e+00
3.217684631347656143e+00
4.404637145996093572e+00
4.135180358886718643e+00
3.927575073242187464e+00
3.715299987792968661e+00
4.079714660644531143e+00
3.544661560058593786e+00
3.792810668945312713e+00
4.032747497558593963e+00
3.817158813476562607e+00
3.503145446777343963e+00
3.780146789550781428e+00
3.704556274414062322e+00
4.543226928710937251e+00
3.580796508789062305e+00
4.034978942871093821e+00
3.720173034667968892e+00
3.474335021972656090e+00
nan
nan
nan
nan
3.877891235351562660e+00
3.779424133300781197e+00
4.816876525878906357e+00
3.458707580566406037e+00
4.871199340820312251e+00
4.438556518554687358e+00
3.787651367187499840e+00
3.782560424804687571e+00
4.105362854003906214e+00
4.683898925781250000e+00
4.048165283203124964e+00
3.889195861816406197e+00
4.200372314453124645e+00
4.368606262207030966e+00
4.354529724121094070e+00
3.488703918457031428e+00
4.323749694824218892e+00
4.332546081542968608e+00
4.076790161132812784e+00
3.689706726074218679e+00
3.839485168457031250e+00
2.996798706054687678e+00
4.138879089355468999e+00
3.577588195800781357e+00
3.526364135742187322e+00
3.105409240722656339e+00
3.870187988281250213e+00
3.552638244628906428e+00
nan
nan
nan
nan
2.964312744140625178e+00
3.800455017089843679e+00
2.823009948730468732e+00
3.395067138671874929e+00
2.878352355957031428e+00
2.544029693603515607e+00
4.311645507812500000e+00
2.774506530761718714e+00
2.221844024658202965e+00
3.031996459960937695e+00
2.916966247558593572e+00
2.918637084960937322e+00
3.222748413085937624e+00
3.136305541992187695e+00
3.008970947265625195e+00
3.520501098632812464e+00
2.777849426269531463e+00
3.112390136718750089e+00
2.758524475097656303e+00
2.929300842285156303e+00
3.102662658691406339e+00
2.941426086425781072e+00
2.978585205078124964e+00
3.000229187011718590e+00
3.002904663085937287e+00
2.762103881835937358e+00
3.378511047363281339e+00
2.834454345703124822e+00
nan
nan
nan
nan
2.626523132324218857e+00
2.827818603515625195e+00
2.449709472656250053e+00
2.787375183105468945e+00
2.687759094238281410e+00
2.819880065917968803e+00
2.523213806152343697e+00
3.047941284179687571e+00
2.988053894042968839e+00
2.339721832275390767e+00
2.342193450927734233e+00
2.687633972167968732e+00
2.701001892089843537e+00
2.387739715576171928e+00
2.211510009765624840e+00
2.229720306396484553e+00
2.708561706542968572e+00
2.465541687011718608e+00
2.383793640136718572e+00
2.527115478515625124e+00
2.092567901611328107e+00
2.484468383789062429e+00
2.593434143066406072e+00
2.412888946533203072e+00
2.252415924072265430e+00
1.755534667968750018e+00
2.969241943359374858e+00
2.255630187988281410e+00
nan
nan
nan
nan
2.659373168945312393e+00
1.948056335449218857e+00
2.461308441162109339e+00
1.951403045654296786e+00
1.899243316650390589e+00
2.019404296874999893e+00
1.781728973388671866e+00
2.364315185546875142e+00
2.348446807861328089e+00
1.708518829345703205e+00
1.917315673828124956e+00
2.704703369140625036e+00
1.855207519531250071e+00
2.405882720947265518e+00
1.960731201171874938e+00
1.784818267822265714e+00
2.196544647216796875e+00
2.253948516845702965e+00
2.612478027343749787e+00
2.174921112060546946e+00
2.182579803466796697e+00
2.430961151123046893e+00
1.958233184814453187e+00
2.298371276855468714e+00
2.035877990722656072e+00
1.866732177734375053e+00
nan
1.543320922851562527e+00
nan
nan
nan
nan
2.008372497558593928e+00
2.226622314453125195e+00
1.844174804687499947e+00
1.849637756347656259e+00
2.186396331787109570e+00
1.315472869873046902e+00
2.023992462158203054e+00
2.319523620605468572e+00
2.280581359863281143e+00
1.934739990234374929e+00
1.452074279785156241e+00
1.608108215332031188e+00
1.880913391113281152e+00
2.810579833984375053e+00
2.409286193847656410e+00
2.210061645507812589e+00
1.851692047119140705e+00
2.486860046386718537e+00
1.427418212890624982e+00
2.088217773437500036e+00
1.938091888427734277e+00
2.711054687499999893e+00
2.790425415039062607e+00
2.290313415527343910e+00
2.044094543457031232e+00
1.876659240722656330e+00
2.044984741210937429e+00
2.194477844238281072e+00
nan
nan
nan
nan
3.012213439941406445e+00
1.552862243652343821e+00
nan
1.723614349365234277e+00
1.509842529296874902e+00
2.027633514404296733e+00
2.668524169921874911e+00
2.212073669433593626e+00
2.148087615966796982e+00
1.721913146972656294e+00
2.281203765869140643e+00
1.781007995605468741e+00
1.568165435791015527e+00
2.153075103759765518e+00
2.471143188476562447e+00
1.994600067138671884e+00
2.692493896484374982e+00
2.475921478271484233e+00
2.374606628417968768e+00
2.658122863769531108e+00
2.515997009277343821e+00
2.935021667480468555e+00
1.134601058959960884e+00
2.490775756835937660e+00
2.310012054443359553e+00
2.416766815185547035e+00
2.342250976562500142e+00
1.687840118408203027e+00
nan
nan
nan
nan
2.796757812500000107e+00
3.149117431640624964e+00
2.873041381835937713e+00
2.654698791503906197e+00
3.087265319824218590e+00
3.188510131835937678e+00
2.849668884277343661e+00
2.937045898437499858e+00
2.822442626953125089e+00
2.697165832519531126e+00
3.686592407226562340e+00
3.586180725097656286e+00
3.596304931640625036e+00
3.789513244628906374e+00
3.658301086425781445e+00
3.262856140136718874e+00
3.535796203613281286e+00
3.757434387207031268e+00
4.103541870117187074e+00
4.112018432617187358e+00
4.372112426757812642e+00
3.486609497070312536e+00
4.734115600585937500e+00
4.357965393066406179e+00
4.130851135253906570e+00
3.800141601562499805e+00
4.255481262207030824e+00
4.168751831054687607e+00
nan
nan
nan
nan
4.390847167968749964e+00
4.825304870605468643e+00
4.018505859374999822e+00
4.137971801757812429e+00
4.568725891113281534e+00
3.764044799804687536e+00
3.850739440917968714e+00
4.300240173339843430e+00
4.544032592773437074e+00
4.116105041503906214e+00
3.953172912597656463e+00
3.786963195800781445e+00
4.731182250976562642e+00
4.041964111328124609e+00
4.331763610839844070e+00
4.333063659667968359e+00
4.435147094726562322e+00
4.206931762695312216e+00
4.214013671874999645e+00
4.127387390136719070e+00
4.837905273437500320e+00
5.089831848144530824e+00
4.081372375488281357e+00
3.969101562500000124e+00
4.316325683593749574e+00
4.169173583984375320e+00
4.200525207519531179e+00
4.768436279296874858e+00
nan
nan
nan
nan
4.124790649414062926e+00
4.634431152343750249e+00
4.951710815429687607e+00
4.996668701171874893e+00
5.227678833007812109e+00
5.580689086914062180e+00
6.228806152343749680e+00
5.335512084960937429e+00
5.153261718749999609e+00
5.324692993164062749e+00
5.740859985351562500e+00
5.953311767578124858e+00
6.141330566406249858e+00
5.755802001953124858e+00
5.421853637695312145e+00
5.278634643554687145e+00
6.073763427734374609e+00
6.502150878906250320e+00
6.654876708984375000e+00
6.222048339843749609e+00
6.332785644531250036e+00
6.360503540039062820e+00
5.886506347656250249e+00
6.474302978515624751e+00
6.544943847656250036e+00
6.942611083984375320e+00
7.035595703124999822e+00
7.111609497070312536e+00
nan
nan
