nan
nan
-4.228249390920003070e-01
-6.971525086296929130e-01
4.617339769999186383e-01
2.676870557996962052e-01
4.069757991366916294e-01
-2.477871841854519253e-01
6.157955593532986605e-01
4.160070584879981340e-03
-3.025308979882134208e-01
1.512227800157335045e+00
3.333279291788737164e-01
1.554764376746283761e-01
-3.661767906612820034e-01
2.198660108778211775e-01
7.065350214640299109e-01
-5.965509414672851562e-01
-4.550977283053928013e-01
-8.782801628112792969e-01
-7.659798198276095427e-01
9.972837236192491628e-02
-1.359439558453029960e-03
-6.211622556050618860e-01
-7.900405459933810270e-01
8.169139756096733818e-01
-1.051367256376478376e-01
-1.687255303064982004e-01
2.243964142269558315e-01
-1.938987705442640486e-01
nan
nan
nan
nan
-5.172464582655165177e-01
1.953453090455797014e-01
-6.482644081115722656e-01
2.367378340827094307e-01
-5.231100238031811305e-04
7.594041691886053991e-02
1.006795989142523773e+00
9.722394943237304688e-01
7.417303986019557760e-02
1.043272336324055916e+00
2.559303177727593193e-01
-3.425197336408827287e-01
-1.440741618474324637e-01
5.148845579889085866e-02
-5.133548312717013395e-01
1.261741956075032478e+00
-1.596770948833889370e-01
1.068322605556911942e+00
7.465543217129178011e-01
-8.295873006184896203e-01
6.500678062438964844e-01
1.588888300789726982e-01
-5.927428669399685823e-01
3.561320834689670201e-01
-5.388664669460720980e-01
-3.020034366183810826e-01
1.035255657302008719e-01
-4.572653240627712612e-01
nan
nan
nan
nan
-4.320586389965481305e-02
-1.721120410495334263e-01
-4.354853762520684290e-02
4.551252788967556362e-01
4.239464335971408482e-01
-2.834702597724066964e-01
-2.539418141047159946e-02
6.276465521918402901e-01
1.128918329874674553e+00
-2.386079629262288504e-01
-2.281410429212782087e-01
2.130186425315009346e-01
2.125021219253540039e-01
3.764211866590712052e-01
-4.268117480807834263e-01
1.256700091891818527e+00
-1.212061140272352455e+00
-3.990008102522955846e-02
5.300950474209256136e-01
4.380581114027235490e-01
-5.102613766988118860e-01
3.318251768747965680e-01
1.319553057352701730e-01
8.972074720594618302e-01
-8.056124581231011161e-01
6.172829204135470427e-01
1.522245142194959822e-01
4.615992969936794643e-01
nan
nan
nan
nan
8.420129352145724333e-01
9.381308025783963167e-01
-3.416962623596191406e-01
-5.359190305074056360e-01
-1.860671308305528460e-01
-5.483602484067281319e-02
2.719813717736138114e-01
-2.791558371649847936e-02
1.233647399478488560e-01
5.094817479451497766e-01
-4.088788827260335101e-01
-7.511438793606228792e-01
-4.978850152757432479e-01
8.181738323635525667e-01
-1.841406424840291434e-01
7.829156981574164620e-01
5.126421319113837194e-02
-7.835435337490506136e-01
2.214882903628879185e-01
9.135208527247111465e-02
4.434394041697184430e-01
-7.728414403067694616e-02
3.306433094872368583e-01
4.304461214277479630e-01
-3.926960097418891182e-01
-2.384078237745496931e-01
-5.658575693766275672e-01
-1.424654854668511383e+00
nan
nan
nan
nan
-9.597980727752050125e-04
3.557149304283989677e-01
-3.257441520690917969e-02
5.401119656032986605e-01
-3.438602288564046039e-01
-1.491498781575096959e-02
1.677045424779256277e-01
-2.254341178470187779e-01
-4.840965403450860072e-02
-4.682378239101833706e-01
-6.980918778313530693e-01
-2.629650963677300224e-01
-1.186946762932671456e-01
-1.893265512254503069e-01
-1.837239397896660575e-01
4.128304322560628070e-01
3.631723456912570591e-01
1.742481688658396519e-02
1.239117383956909180e-01
-6.611814101537068222e-02
-4.606714844703674316e-02
-5.907759136623806917e-01
-1.664517190721299944e-01
-3.973916901482476005e-01
2.125055922402275810e-01
2.918611897362602958e-01
1.575357251697116490e-01
3.079954783121744977e-01
nan
nan
nan
nan
2.667199505700005302e-01
3.702043427361382255e-01
1.155054304334852455e+00
5.926960706710815430e-02
1.157639927334255692e+00
8.349050415886772880e-01
7.361613379584418526e-01
1.160287221272786384e+00
-2.330405712127685547e-01
5.156467225816514510e-01
1.024343384636773102e+00
4.564461708068847656e-01
2.073663340674506417e-01
-8.653336630927191964e-01
-3.797560267978244281e-02
4.097277588314480190e-01
-2.229730553097195034e-01
-4.383487966325547713e-01
-2.846202916569180036e-02
-5.244664616054959261e-01
-1.692792574564615793e-01
-2.157507207658555803e-01
-1.061481833457946777e-01
6.921110683017306364e-01
-6.019855075412325895e-01
-4.455453024970160714e-01
-6.666221088833279573e-01
6.324472957187228239e-01
nan
nan
nan
nan
-2.582161128520965576e-02
4.572295612759060268e-01
4.946465293566386194e-03
7.770000033908419645e-01
-1.468783948156568778e-02
-3.823358217875162945e-01
-4.986192915174696427e-01
6.667950418260362166e-01
-4.704675144619411831e-01
-1.666939258575439453e-01
-1.347963968912760491e+00
-8.254628711276583708e-01
-1.150168418884277344e+00
-5.828476481967501677e-01
-3.670118119981553573e-01
-8.710414833492702291e-02
-2.159227397706773577e-01
-8.752626313103569755e-01
-3.069879478878445034e-01
3.982200622558593750e-01
-1.708114677005344029e-01
-4.994325637817382812e-01
-3.355599774254692802e-01
-1.046113239394293876e-01
-3.762961228688557758e-01
-1.754255559709337053e-01
3.706335756513807755e-01
1.687620249059465158e-02
nan
nan
nan
nan
-3.395386801825629464e-01
-1.880080170101589565e-01
-1.981860564814673376e-02
6.134837203555636859e-02
1.371145036485460045e+00
-6.184841791788736609e-01
-1.296142074796888602e-02
-3.175631099277072544e-01
9.696420033772786828e-01
2.106887499491373605e-01
3.989930682712131138e-01
-4.330540498097737445e-01
-5.282853974236382255e-01
5.178905593024359932e-01
7.271232869890001393e-02
6.074153714709811663e-02
-6.876121626959906807e-01
1.044333881802029129e+00
-3.421018123626708984e-01
6.304155985514322547e-01
-3.680502043830023995e-01
3.702373239729139787e-01
-5.038868056403266182e-01
1.687199374039967739e-02
7.571422259012857703e-01
-1.525083382924397879e-01
-3.617252243889702568e-01
7.486140992906358260e-01
nan
nan
nan
nan
5.534677505493164062e-01
4.081415070427788505e-01
-3.030144903394911271e-01
-7.373504638671875000e-01
-5.668791135152181221e-02
9.018143547905815849e-01
2.698863612280951729e-01
-3.158455424838595982e-01
1.697423934936523438e+00
-4.826999770270453682e-01
7.556538581848144531e-01
-2.501253816816542130e-01
-9.174876742892794645e-01
-1.875887446933322544e-01
6.006996896531846541e-01
-7.676099671257866630e-01
6.480017768012152901e-01
-1.971645818816290807e-02
-1.059916178385416741e+00
3.213972250620524274e-01
-1.024353133307562835e+00
-2.369093894958496094e-01
5.431888898213704797e-01
-1.706879138946533203e-01
-5.595700475904676896e-01
-1.348024156358506920e+00
-4.999141163296169643e-01
-1.181961562898423967e-01
nan
nan
nan
nan
-2.202613751093546457e-01
8.518995841344197129e-02
-2.368788189358181362e-01
-4.431482156117756976e-01
6.329273117913140068e-01
-4.865212970309787388e-01
4.145399199591742745e-01
-2.287971178690592355e-01
-2.230548328823513393e-01
-3.814155260721842633e-01
1.146013339360554967e-01
-2.285922368367513113e-01
1.786233186721801758e-01
-1.553952852884928459e+00
-2.500255107879638672e-01
2.573415438334147320e-01
1.062989976671006920e+00
-5.725401242574056360e-01
9.373160468207465401e-01
6.603775024414062500e-01
-7.810979949103461495e-01
2.817260689205593471e-01
5.525012016296386719e-01
-6.756858295864529573e-01
2.838275962405734654e-01
-3.625206417507595424e-01
-6.153682072957357141e-01
-4.933240678575303573e-01
nan
nan
nan
nan
-3.606861664189232528e-03
-3.386418024698893414e-01
-3.052219284905327568e-01
-2.385534710354275112e-01
8.381394810146756136e-01
1.220795710881551061e-01
9.040342966715494422e-01
3.579313225216335659e-01
-3.560390472412109375e-01
3.797224627600775948e-01
5.200776524013943636e-01
3.715844419267442245e-01
4.499746428595648995e-01
-3.098252746793958914e-02
-1.357977522744072685e-01
-5.519687334696451453e-01
-3.363596068488227120e-01
-2.986369132995605469e-01
6.380804379781087610e-01
1.136488172743055580e+00
-2.496054437425401507e-01
-4.056456089019775391e-01
-6.853719817267523995e-01
-2.806689209408230190e-01
6.424680815802680245e-01
3.418907059563530693e-01
7.520565986633300781e-01
8.085771666632758370e-01
nan
nan
nan
nan
-8.579964637756347656e-01
3.865553538004557477e-01
7.202750841776529578e-01
-4.393150276607937221e-01
1.778831481933593750e-01
1.730766296386718750e-01
-9.209538565741645089e-01
-4.643188052707248326e-01
1.050039609273274666e+00
1.725772486792670479e-01
3.588309817843967076e-01
-3.496865961286756974e-01
7.912827200359767721e-02
-5.114607810974121094e-01
-4.422581460740830916e-01
6.183970636791653180e-02
-1.244268284903632255e-01
-1.306065771314832924e+00
-6.133602990044487724e-01
-4.542506006028916854e-01
-3.935839070214165458e-01
-7.395964728461371651e-01
-9.999036788940429688e-02
2.781274053785536271e-01
2.052760786480373745e-01
-9.916785558064779016e-01
-1.452529430389404297e-01
6.935555140177408484e-01
nan
nan
nan
nan
2.152263323465982980e-01
-6.680705282423231584e-01
-9.206495285034179688e-01
-8.337619039747450334e-01
-3.601841462983025599e-02
-1.764562262429131279e-01
1.188831223381890290e+00
8.028841548495821989e-01
-6.600941552056206751e-02
3.948890897962782365e-01
-1.993929412629869280e-01
1.071754243638780357e+00
4.173993004692925224e-01
-4.206682311164008370e-01
1.416332880655924553e+00
2.300228277842203684e-01
-1.706106298499637103e-02
1.681722137663099470e-01
6.433462566799588167e-01
1.205557187398274693e-01
3.682263957129584542e-01
-3.684215810563828963e-01
-6.443764103783501673e-02
5.924416118197970427e-01
-7.943714989556206474e-01
-4.900698661804199219e-01
5.407286749945746651e-01
-5.650190512339273857e-02
nan
nan
nan
nan
1.095067527559068499e-01
1.175331539577907924e-01
4.633664555019802456e-01
-6.476853291193644668e-02
-1.441308259963989258e-01
4.082775910695393695e-01
-4.020389186011420479e-01
-4.282671345604790458e-01
-1.591499646504720145e-01
-4.117327531178792133e-01
-9.460133976406520651e-02
-9.710822635226779020e-01
-4.309282369083828473e-02
-1.790371073616875419e-01
-3.184492852952744979e-01
5.375373032357957936e-02
-5.543523364596896208e-01
5.005446539984809151e-01
-2.692626052432590122e-01
6.254607306586371651e-01
9.579885005950927734e-02
1.411604384581247908e-02
-2.556940085358089948e-02
2.137634323702918004e-02
6.265876558091905135e-01
1.221501774258083817e+00
1.790309945742289341e-02
-1.294715139600965736e+00
nan
nan
nan
nan
-2.154157956441243582e-01
1.519539753595987863e-01
-2.886001004113091239e-01
-5.570609834459092635e-01
-1.037674678696526437e-01
3.894750542110866909e-01
-4.576330714755588169e-01
-2.955374187893337612e-01
7.428152693642510462e-02
9.591065512763129464e-01
5.075590345594618302e-01
5.887367990281847097e-02
6.913832161161634349e-02
8.516396946377224886e-01
-1.328797638416290283e-02
9.745828840467665177e-01
-7.175818549262152901e-01
6.002398596869574776e-01
-1.928477022382948103e-01
-2.679693698883056641e-01
7.319698333740234375e-01
-7.703232235378689730e-01
-1.170046806335449219e+00
8.308275706238217595e-03
2.378229300181070871e-01
3.542027208540174943e-01
-6.782453854878743860e-01
-7.264784177144368860e-01
nan
nan
nan
nan
2.708700497945149555e-01
-6.997487942377726700e-02
-2.418537934621175223e-01
-6.979763242933485490e-01
2.513399389055039901e-01
1.367295583089192801e-01
-5.154770745171440849e-01
6.294354862636990511e-01
-5.353764428032768974e-01
3.934252791934543247e-01
7.400174935658772324e-02
-7.044280237621730612e-02
-4.889615376790364398e-01
-5.119718975490994417e-01
-1.034806370735168457e-01
1.914997233284844447e-02
-5.406148698594834823e-01
-1.404983520507812500e+00
-2.446002430386013393e-01
7.282376289367675781e-01
-7.065796322292752230e-01
-5.609921349419487724e-01
-7.153389718797471541e-01
-2.635817527770996094e-01
-2.121681769688924246e-01
3.462499777475993024e-01
-6.094795333014594307e-01
6.812867588467068636e-01
nan
nan
nan
nan
4.021630552079942245e-01
2.282010184393988839e-01
1.081740591261121986e+00
-7.319018575880262834e-01
-3.699241826931635394e-03
-7.703753047519259489e-01
6.062588691711425781e-01
-5.421917703416612166e-01
1.372126340866088867e-01
-1.108177608913845535e+00
1.285887426800197963e-01
2.082232799794938791e-02
-7.596095403035482141e-01
-3.413885434468587055e-01
-5.311579704284667969e-01
-1.649618943532308035e-01
2.022040420108371372e-01
-6.330583890279134485e-01
-6.995082431369357145e-01
-5.215544170803494417e-01
-8.463127348158094865e-01
-4.929143587748209820e-01
7.101991971333821985e-01
-2.155674960878160296e-01
-7.962658670213487166e-01
-1.458261244826846575e-02
-1.246572468015882673e-01
5.223831070793999443e-01
nan
nan
nan
nan
4.732958558532927157e-03
4.866967731051974888e-01
1.965985695521036900e-02
5.657309956020779157e-02
7.914628452724881136e-01
-4.529434310065375557e-01
9.013393852445814036e-02
8.748688962724474050e-02
-5.766845809088813057e-01
-5.736596849229600448e-01
-8.663394186231825334e-01
1.859977907604641323e-01
1.743332809872097378e-01
-3.020371331108940849e-01
-1.037842167748345285e-01
-4.729125234815809153e-02
-6.015893088446723214e-01
4.758942921956380023e-01
-1.379062897629208112e-02
4.267672697703043805e-01
-6.128715938991970980e-01
-5.213199191623263395e-01
-1.239841567145453460e+00
-2.269761562347412109e-01
4.803613556755913505e-01
2.237192789713541574e-01
3.452776802910698661e-01
-1.691705650753445034e-01
nan
nan
nan
nan
-7.427431742350260047e-01
-1.473226123385959152e+00
-3.509475655025905971e-01
7.834503385755751115e-01
-1.011155049006144252e-01
4.002909395429823380e-01
-8.879285918341742745e-01
-2.361273765563964844e-01
-5.283497704399956474e-01
1.411790450414021902e-01
-7.310644785563150672e-01
-4.853090180291069755e-01
1.096084962288538557e-02
2.447552416059705915e-01
-6.127082506815592078e-01
-1.548719141218397322e-01
-3.496104081471760883e-01
7.469836341010199776e-01
7.978635364108614958e-01
-4.495924313863118305e-01
-7.472147941589355469e-01
-3.213774893018934709e-01
-4.117446475558810826e-01
4.681894514295790177e-01
-3.277442985110812779e-01
9.768739673826429271e-02
nan
-4.981439974572923757e-02
nan
nan
nan
nan
-1.271852519777086077e-01
-5.411239200168185270e-01
-5.932915475633409041e-01
-6.153884463840060270e-01
4.502879778544108258e-01
2.111039426591661272e-01
-4.550726148817274552e-01
7.007311185201009485e-01
3.003883692953321707e-02
-6.524617936876084823e-01
1.073185023334291208e-02
-4.531204965379502791e-01
-5.905972586737738561e-02
-1.034995820787217857e+00
2.694931030273437500e-01
3.390809430016411552e-01
-2.238333755069308872e-01
-2.602272828420003070e-01
1.880730125639173689e-01
4.294872813754611607e-01
6.949330435858832589e-01
5.850180519951714286e-01
1.934612592061360770e-01
7.787910434934827708e-02
2.840385701921250838e-01
-4.146979384952121372e-01
9.825655619303385047e-01
-5.625250074598524552e-01
nan
nan
nan
nan
-2.992393970489501953e-01
-6.886751386854383927e-01
nan
-4.468696382310655135e-01
-6.855161984761556360e-01
3.149618307749430524e-01
1.544433169894748187e-02
8.627781338161892855e-01
-9.975002871619330358e-02
-5.841015444861517858e-02
-1.313205957412719727e-01
-6.180763774447970427e-01
3.172198931376139508e-01
-1.477722724278767996e-01
-8.521778848436143416e-01
4.529777632819281807e-01
-2.677885691324869977e-01
4.208209249708387834e-01
6.899770100911458703e-01
5.778440369500054130e-01
8.201987379127077815e-03
1.772521999147203264e-01
5.233210325241088867e-02
3.786199622684054966e-01
1.487983862559000559e-01
3.013466464148627511e-01
-2.793682681189643136e-01
-3.551184866163465959e-01
nan
nan
nan
nan
-3.487720257706112235e-03
-7.098028924730088729e-01
-5.468432108561197547e-01
-9.438015355004204798e-02
-3.865316179063584823e-01
-8.861536449856228792e-01
-4.211536778344048271e-01
1.112204551696777344e+00
1.040471394856770759e+00
-2.959556314680311662e-01
3.229095935821533203e-01
8.459253311157226562e-01
-4.725009600321452008e-01
-4.183605511983235492e-01
2.459919187757703962e-01
-3.268555535210503349e-01
4.175055291917588729e-01
-6.237320767508612585e-02
4.164561960432264232e-02
-2.499055067698160715e-01
1.085192230012681780e-01
2.268089718288845424e-01
-7.912595007154676896e-01
5.063803990681966516e-01
6.072239875793457031e-01
-5.743491384718153459e-01
2.705613507164849052e-01
-1.166233883963690848e-01
nan
nan
nan
nan
6.105855305989583703e-01
6.085645490222506976e-02
1.184236102634006027e+00
1.853480471505059013e-01
1.346540848414103098e-01
-4.785317844814724469e-02
2.010369035932752790e-01
6.187672747506035853e-02
2.314655515882703962e-01
-6.489237679375542411e-01
-3.656494087643093471e-01
2.183882130516899833e-01
-5.432881779140896761e-01
3.169869316948784599e-01
3.022005028194851284e-01
-2.461921903822157087e-01
-1.121831205156114397e-01
5.570326381259493864e-01
-1.830833355585733957e-01
7.542722092734442663e-02
-3.163753350575764789e-01
2.242741319868299665e-01
-8.996169832017686385e-01
-2.379514906141493025e-01
-2.113997538884480887e-01
-4.929915534125434151e-01
-2.065120637416839600e-02
-2.373890611860487165e-01
nan
nan
nan
nan
-8.561405870649549388e-02
-4.499545627170138951e-01
-1.731345653533935547e-01
-2.094698746999104910e-01
-4.990291065639919643e-01
-4.445446862114800224e-01
-4.961707856920030135e-01
5.717685487535264510e-01
-7.451068692737156107e-02
2.993542088402642021e-01
6.487966643439398995e-01
3.493699762556288224e-01
-1.085060834884643555e-01
-4.153263568878173828e-01
7.398757669660779857e-02
1.708747612105475377e-02
4.335780673556857701e-01
1.999622318479749861e-01
1.037777158949110268e+00
-1.375494798024495535e-01
1.987521780861748466e-01
4.337124029795328961e-01
-1.455635494656032924e-01
2.440677748786078682e-01
3.840436670515272599e-01
5.422614945305718193e-01
-1.656652159161037807e-01
7.432249916924370536e-01
nan
nan
