nan
nan
7.859532568189833146e-01
-2.818515300750732422e-01
-2.970858679877387276e-01
-2.048798004786173410e-01
-2.541729311148325718e-02
1.113127072652180916e+00
3.024186028374565849e-01
-9.933196173773871651e-01
1.822677718268500557e-01
3.564872476789686662e-01
-5.182627571953667411e-01
-4.217927985721164341e-01
1.031117121378580803e+00
-2.811151875389946708e-01
2.817498313056097936e-02
-9.557978312174478797e-01
-6.343644460042318078e-01
5.497958925035264510e-01
-5.844832128948635602e-02
2.310439480675591239e-01
-4.064204692840576172e-01
9.331542915768092916e-02
5.657542546590169641e-01
-6.097755961947970427e-01
-8.520785437689887276e-01
-3.417078653971354352e-01
-5.035069783528646203e-01
9.066050847371419641e-01
nan
nan
nan
nan
1.343840387132432701e+00
-5.424936281310187292e-02
-5.110285017225477677e-01
-4.236354298061794643e-01
8.027769459618462611e-02
4.825652970208061943e-01
-5.104768541124131698e-01
5.910554462009005583e-01
-7.163860003153482703e-01
1.701887051264444894e-01
-1.553446054458618164e-01
-5.511361228095160714e-01
1.048862245347764732e+00
5.514648225572373885e-01
2.627788384755452289e-01
6.945787535773383092e-02
-1.358159250683254604e-01
4.091045856475830078e-01
6.631282170613607141e-01
-6.455755763583712614e-01
5.250967343648275110e-01
1.012804243299696150e-01
8.393617206149630583e-01
5.456920199924044645e-01
-1.641278266906738281e-01
5.141726599799262276e-01
-2.355674372778998604e-01
4.665246009826660156e-01
nan
nan
nan
nan
1.386093166139390764e-01
-1.175456974241468611e-01
1.798034032185872322e+00
6.622033649020724333e-01
7.945534255769517995e-02
4.739931424458821430e-01
2.505278057522243862e-01
-4.986671871609157924e-01
1.482735607359144392e-01
1.166266441345214844e+00
9.715185562769572403e-02
4.329535166422526227e-01
7.241755061679415739e-01
4.013349480099148159e-01
-8.304346402486165735e-01
-2.376071082221137276e-01
-1.299331585566202707e-01
-5.124091572231717073e-01
1.206609672970241909e-01
1.150228050020005999e-01
6.335013442569309428e-02
-4.424415694342719307e-01
2.957094775305854073e-01
-3.020760483211941128e-01
3.018998040093315849e-01
-8.431363768047756002e-02
-7.741900285085041855e-02
8.666208055284287948e-01
nan
nan
nan
nan
-1.146342621909247489e-01
-9.996465179655286692e-02
8.280034065246582031e-01
-1.825362973743014927e-01
-3.828083409203423271e-01
3.025803301069471818e-01
-6.008131768968369979e-01
-7.192602174149618968e-04
-5.229637357923719865e-01
7.777182261149089004e-02
-1.294701364305284319e-01
-5.186394055684407922e-01
-3.772622214423285714e-01
-8.258386717902289620e-01
5.051418410407172432e-01
3.251799477471245536e-01
4.111569987403022042e-01
-3.990578651428222656e-01
-3.405082490709092635e-01
3.154330253601074219e-01
-9.265118704901801339e-01
1.196558422512478348e+00
8.780752287970648717e-02
-2.887360784742567521e-01
-1.026215977138943192e+00
3.081409931182861328e-01
9.805444081624349328e-01
7.762562566333347513e-02
nan
nan
nan
nan
-2.166870981454849243e-03
6.598291926913790739e-01
-1.183454593022664342e-01
6.821168793572319755e-01
3.865087562137179966e-01
1.217007531060112946e+00
-5.087046623229980469e-01
9.959455066257052458e-01
1.862101157506307059e-01
2.542578379313151227e-01
-7.131214936574299668e-02
-1.072527633772955985e-01
-1.613735117846065194e-03
1.485143105189005441e-01
-1.456666390101114816e-01
-5.081096291542053223e-02
2.673084735870361328e-01
-1.441818078358968191e-01
5.332522259818182897e-02
3.190715842776828404e-01
-8.019745084974501115e-01
-4.629919264051649552e-01
-4.992700152926974888e-01
-1.489698092142740793e-01
-7.218526204427083703e-01
1.882438527213202706e-01
-6.055656539069281807e-01
-2.421777248382568359e-01
nan
nan
nan
nan
1.797522571351793108e-01
4.658995734320746651e-01
9.362453222274780273e-02
3.377269903818766461e-01
-7.417273521423339844e-01
5.469646983676486052e-01
-5.671771897210015068e-01
-5.402531623840332031e-01
3.829951021406385880e-01
-6.220148404439290735e-01
-4.795412487453884487e-01
-4.533396826850043526e-01
-7.204858462015787390e-01
6.347216500176323661e-01
-7.262009382247924805e-02
2.221764855914645787e-01
3.893448246849907646e-01
-1.510514948103162947e-01
6.273712052239311943e-01
-6.419726212819416855e-02
3.848719596862792969e-01
2.638082504272460938e-01
3.241655296749538784e-01
1.303540468215942383e-01
5.186669031778970984e-01
-1.164684693018595424e-01
-2.336626052856445312e-01
-3.868316544426811943e-01
nan
nan
nan
nan
-1.068867683410644531e+00
2.329878012339273996e-01
-1.542761988110012417e-01
1.575336191389295759e-01
-7.408066855536566964e-01
7.831698523627387276e-01
6.301925977071126672e-01
-4.860548443264431362e-01
-6.967750655280219307e-01
7.520970768398709261e-01
4.637123213873969307e-01
7.324518760045369004e-02
-2.135737737019856863e-01
-3.359556463029649276e-01
-6.199402941597832728e-02
-2.982541720072428570e-01
-4.928032557169596539e-01
4.755127694871690291e-01
2.982494897312588239e-02
-6.870889663696289062e-01
7.660877704620361328e-02
-1.886003414789835519e-01
1.155398024453057199e-01
4.543827374776204242e-01
7.434055540296766740e-01
3.266914420657687779e-01
1.725127034717136021e-01
-3.411058055029975167e-01
nan
nan
nan
nan
1.454250680075751430e-02
-3.328672779930962333e-01
1.557463275061713448e-01
-5.441148016187880021e-01
-2.509576214684380302e-01
-2.589012781778971539e-01
6.833271847830878210e-02
6.988926463656954802e-01
3.825990888807508927e-01
-8.721671634250216520e-01
-2.148719363742404576e-01
3.607837359110514508e-01
3.798873159620497209e-01
-4.330446720123291016e-01
1.472902615865071541e+00
-4.767539766099717635e-01
-4.427209430270724888e-01
-2.332040468851725168e-01
-6.064494450887044502e-02
3.427151574028862724e-01
-3.084703021579318638e-01
-3.432197570800781250e-01
-3.198262055714924945e-01
-1.059203479025098982e-01
-3.566230932871500836e-01
6.579231686062283480e-01
1.148260434468587193e-01
7.830274899800618860e-01
nan
nan
nan
nan
-1.076553066571553502e-01
1.216548707750108482e+00
-5.347039964463975448e-01
7.352367507086859932e-01
-1.683105627695719309e-01
-5.497761302524142302e-01
-9.611690044403076172e-02
2.345704237620035715e-01
-6.119137340121798552e-01
-9.455726411607530135e-01
4.501250055101183034e-02
-8.615155220031738281e-01
5.307635731167263948e-01
5.100284152560763395e-01
4.180229239993625279e-01
5.476198196411132812e-01
-1.160014751884672415e-02
9.864589903089735490e-01
2.744988070593940011e-01
1.148116853502061607e+00
-2.213059663772583008e-01
-4.435645739237467633e-01
1.700222492218017578e-01
8.394496970706516459e-02
3.500541581047905693e-01
5.380747053358290177e-01
-2.131456534067789621e-01
7.587612469991048547e-01
nan
nan
nan
nan
-5.125432014465332031e-01
-5.265074835883246651e-01
-3.612454401122199010e-02
-8.905214733547635042e-01
-2.281748453776041574e-01
2.476315763261583147e-01
-2.425349420971340680e-02
-7.072176370355818392e-03
1.173895465003119559e-01
6.251434750027127230e-01
9.783426920572916297e-01
1.153667635387844448e-01
-3.375922573937309989e-01
4.908338652716742745e-01
2.816569275326198940e-01
4.163286421034071427e-01
-1.768035623762342634e-01
-4.168055322435166854e-01
-5.991677178276909599e-01
2.288140190972222099e-01
-4.364284144507514229e-01
8.686217334535387136e-02
6.273501714070638391e-01
5.662527084350585938e-01
5.730772548251681364e-01
4.645089043511284599e-01
-4.787861886951658846e-03
-9.101682239108614958e-01
nan
nan
nan
nan
-4.745136896769205914e-01
-1.100665529568990025e-01
-8.217477268642849886e-01
1.048688888549804688e+00
3.656544685363769531e-01
-2.627798186408148995e-01
3.344514899783664341e-01
-7.190118233362834121e-02
8.884079191419813615e-01
2.315873305002848215e-01
-3.474536206987168807e-01
-1.542702913284301758e-01
3.383907212151421318e-01
2.321225272284613839e-01
-1.047485351562500000e+00
-2.467129495408799944e-01
-1.292548709445529576e-01
-4.868577321370442523e-01
-3.934808307223849888e-01
2.860569953918457031e-01
-5.192271868387857703e-01
-9.900043275621202010e-01
-4.934448136223686943e-01
6.220526695251464844e-01
-8.029109901852077291e-02
4.547211329142252789e-01
-3.328948550754123326e-01
-3.031685352325439453e-01
nan
nan
nan
nan
-6.287049584918552592e-02
3.645519945356581193e-01
-1.028082023064295393e-02
5.201495488484700891e-01
1.245284659994973057e-02
-7.418629858228895091e-02
6.622876061333550501e-02
1.785843504799736747e-01
-5.489807128906250000e-01
3.011617726749844098e-02
1.842205391989814034e-01
2.723973062303330916e-01
2.589677174886067523e-01
-4.261192745632595424e-01
5.488135549757215959e-01
4.011425971984863281e-01
-6.885639164182874583e-02
-5.624296400282118302e-01
3.492973115709092635e-01
-9.611476129955714987e-02
1.918340656492445173e-01
-4.042843182881672992e-01
3.201255533430311662e-01
-4.416779412163628349e-01
1.179202079772949219e+00
3.785563045077853794e-01
-8.863139682345919645e-01
7.355415158801609232e-02
nan
nan
nan
nan
5.612240367465548552e-01
-3.904619481828477401e-01
-2.330530749426947823e-01
5.624346203274197542e-01
3.269421789381239396e-01
-5.173803369204203056e-02
8.298592434989081335e-02
-5.558768908182779578e-01
1.245474285549587612e-01
-2.764111359914143695e-01
7.694931493865119279e-03
1.466134654151068917e-01
-3.538930945926242466e-01
1.166124131944444420e+00
-6.237050559785631276e-02
-7.205623520745171318e-01
-3.844930066002739955e-02
4.090238677130805245e-01
-1.123893658320109096e-01
4.083609051174587612e-01
-5.926135381062825891e-01
-8.889855278862847099e-01
-5.151609314812554130e-01
9.715496699015299109e-01
-2.798940605587429409e-01
1.253482818603515625e+00
-3.273051314883761997e-01
1.051815562778048996e+00
nan
nan
nan
nan
3.716988033718532924e-01
7.386191156175401229e-01
2.005906502405802316e-01
2.401958306630452566e-01
-1.049614085091484933e-01
-1.183083004421658035e+00
-3.064876397450764789e-01
-5.695479181077744979e-01
-7.180140813191732141e-01
-5.456379784478081474e-01
2.312163776821560268e-01
6.118220753139920198e-01
5.992589526706271208e-01
5.117076767815483818e-01
2.790176603529188615e-01
1.585803031921386719e-01
7.037051518758138391e-01
3.425005012088351841e-01
2.680309348636203404e-01
-5.059040387471517297e-01
9.087247318691676901e-02
9.665870666503906250e-01
1.245965560277303014e-01
-2.769404782189263114e-01
7.350948121812608260e-01
-1.315520339541965122e-01
-7.143887413872612724e-01
4.375892480214436664e-01
nan
nan
nan
nan
6.122087902492947542e-01
-1.851424905988905134e-01
-6.384445826212564734e-01
-2.807415591345893136e-01
3.153590891096327287e-01
6.047495206197103096e-02
-8.188747300042046318e-01
-2.083261145485771904e-01
-3.612792491912841797e-01
6.559219360351562500e-01
-1.041013717651367188e+00
-7.295769055684407922e-01
-8.583863576253255578e-01
-1.266316043006049386e-01
-5.884551472134060823e-01
-9.877611531151665736e-02
9.135698742336697542e-01
-1.666638321346706753e-01
3.766664134131537667e-01
8.719582027859157369e-02
5.411393377516005021e-01
4.813063409593369979e-01
1.390019522772894867e+00
-2.617961565653483258e-01
-4.403607050577799248e-02
-8.234927919175889510e-01
1.288176536560058594e+00
-2.235380808512369699e-01
nan
nan
nan
nan
-3.450542820824517021e-01
-4.542828665839301339e-01
-6.455186340543958567e-02
7.589677704705132255e-01
1.149947590298122879e+00
3.435784578323364258e-02
-1.078028784857855804e+00
-4.769717322455512276e-01
1.894158124923706055e-01
-1.478361421161227818e-01
-6.652516259087456474e-01
-7.866302463743421458e-02
3.339914215935601005e-01
-9.282275305853949776e-01
4.252068466610378628e-01
-1.644381019804212751e-01
-4.088387224409315568e-01
-1.120418230692545647e+00
1.456515524122450111e+00
7.294298277960883370e-01
-7.654391394721137276e-01
2.968738608890109654e-01
7.570457458496093750e-01
-7.197521527608236047e-01
6.859909693400064734e-01
2.355071173773871651e-01
-1.200311872694227455e+00
-7.148267957899305802e-01
nan
nan
nan
nan
-4.766745567321777344e-01
4.597522417704264508e-01
-5.498494572109646761e-01
-9.717445903354221537e-02
-2.976489861806233539e-01
-3.561789194742838727e-01
-3.173510233561198102e-01
7.167864905463324776e-01
-1.291071679857042076e+00
5.136282245318094658e-02
6.208880212571885604e-01
-4.101452562544081193e-01
-5.509261555141873323e-01
4.914958212110731584e-01
1.378866036732991629e-01
-3.397641446855332870e-01
1.047182612948947433e+00
1.165895038180881027e+00
4.576748212178547992e-01
1.258158418867323103e-01
-1.177648438347710519e-01
4.074754979875352401e-01
-1.444447537263234514e-02
-5.826059447394477120e-01
-6.400763723585340959e-01
-6.584811210632324219e-01
-2.145798868603176479e-01
-7.168039215935601005e-01
nan
nan
nan
nan
-5.202816327412923547e-01
1.686158842510647182e-01
-1.482370826933119001e-01
6.190126736958821985e-01
2.994227740499708426e-02
-2.191260258356730051e-01
-4.607192675272623883e-01
5.147533946567111052e-01
-1.264490021599663505e-01
7.199481858147515068e-01
-4.094485441843668805e-01
1.409079300032721645e-02
6.463922394646538505e-01
7.015589078267415735e-01
3.139639231893751048e-02
9.789311091105142859e-01
3.528414832221137276e-01
-4.588531917995876674e-01
-1.188451872931586273e+00
4.333492914835612164e-01
-1.218126747343275251e-01
-6.628955735100640068e-01
-4.576949543423122768e-01
1.498055590523613700e-01
5.995613204108344307e-01
-1.386242972479926339e-01
-2.612449725468953335e-02
-7.708240085177950895e-01
nan
nan
nan
nan
-1.936833328670925503e-01
5.086562898423936385e-01
-3.821441067589653739e-01
1.091733111275566964e-01
2.390576733483208427e-01
-4.641172091166178570e-01
1.088034179475572405e-01
7.653756936391194199e-02
-1.081386374102698451e-02
2.715658876630995255e-01
1.916068527433607283e-01
9.995218912760416297e-01
-7.414955563015408480e-01
1.574646313985188728e+00
-1.529565287960900181e-02
1.382727093166775112e-01
-2.701615492502848492e-01
-2.945004569159613839e-01
3.398479355706108818e-01
-6.593364609612358818e-01
7.055869102478027344e-01
4.577098621262444197e-03
5.676196946038140068e-01
-4.975957870483398438e-01
3.811202049255371094e-01
6.285405688815646208e-01
nan
4.469392034742567521e-01
nan
nan
nan
nan
-2.720321814219157086e-01
1.018031305736965542e-01
-4.369621276855468750e-01
-1.088699446784125335e+00
9.049528174930149271e-02
-1.619009441799587723e+00
-5.282069842020670203e-01
-7.808117336697049105e-01
-4.884078237745497209e-01
7.642419603135850448e-01
-6.772471004062228239e-01
2.695514625973171596e-01
5.526243845621744422e-01
5.324200524224175224e-01
-1.611579391691419783e-01
4.962399800618489398e-01
-4.974998368157280693e-01
-4.409631093343098773e-01
-4.340946144527859096e-01
-5.460371971130371094e-01
-9.981459511650933036e-01
2.211558553907606306e-01
9.928136401706271208e-01
-1.547487788730197433e+00
3.742939631144205914e-01
2.669620513916015625e-01
-5.079193115234375000e-01
4.731602470080057549e-02
nan
nan
nan
nan
-7.658349143134223214e-01
1.249073664347330803e+00
nan
1.437906954023573103e-01
-1.704205448428789847e-03
-1.009831627209981236e-01
-9.901087813907200053e-02
1.355524195565117711e-02
-3.956437640719943638e-01
-7.901497417026095427e-01
1.304271750979953404e-01
4.335420661502414202e-02
-8.451710806952582311e-02
-4.258126417795817242e-01
2.534412013159857979e-01
-7.679791450500488281e-01
5.968327522277832031e-01
6.194715499877929688e-01
-1.198914183510674386e-01
3.498858875698513532e-02
-1.100804752773708817e+00
4.016305340660943080e-02
1.786573727925618582e-01
-2.181025346120198660e-01
-7.543192307154338028e-02
3.922661675347222099e-01
-1.504901647567749023e-01
7.991789711846245536e-01
nan
nan
nan
nan
-1.283487346437242327e-01
-7.340972688462998885e-01
-4.851230647828844167e-02
2.317801316579183035e-01
4.506577385796440849e-01
6.067293220096164202e-02
7.865728272332085380e-01
2.947917514377170201e-01
4.001991218990749721e-01
-3.857625590430365792e-01
-6.247537400987412948e-01
1.085673636860317592e-01
-4.462019602457682060e-02
-1.678242021136813755e-01
-1.799855762057834263e-01
1.083355161878797768e+00
-3.457383579678005581e-01
-2.313840654161241350e-01
-4.487632049454583216e-02
1.832272211710611887e-01
-1.475853390163845424e-01
-8.599262767367892302e-01
7.326235771179199219e-01
-8.948342005411783484e-01
-3.864707946777343750e-01
-1.185771491792466936e-01
-2.207802269193861189e-01
3.159766197204589844e-01
nan
nan
nan
nan
9.907000859578450891e-01
6.028816964891221541e-01
4.436432984140184499e-02
-8.812705675760904578e-01
8.036536640591092073e-01
-4.870940314398871651e-01
8.750109142727322542e-01
-1.545612547132703962e-01
3.855579429202609654e-01
9.253132343292236328e-02
-3.475270271301269531e-01
-4.726915227042303991e-02
3.748034636179606305e-01
9.875097274780273438e-01
3.258507251739501953e-01
-6.637170579698350448e-01
-1.405949327680799665e-01
-4.796900219387478237e-01
4.014533890618218193e-01
3.091428544786241073e-01
-1.842008829116821289e-01
6.028677092658148995e-01
1.333149936464097796e-01
5.394997596740722656e-01
4.043592611948649274e-01
9.299151102701823379e-02
8.858822716606987724e-01
1.628866857952541713e-01
nan
nan
nan
nan
3.699896600511338729e-01
5.672933260599771765e-01
-3.774089813232421875e-01
-7.501588397555880583e-01
-9.765203131569756556e-02
-8.016623391045464286e-01
-1.899867057800292969e-01
5.404702292548285714e-01
-2.888544400533040180e-01
-5.015550388230217982e-02
-1.904429462220933733e-01
2.906341022915310268e-01
5.998094876607259485e-01
1.908406416575113840e-01
8.784353997972276229e-01
-8.861276308695474890e-01
-4.854763878716362724e-01
-5.008186896642049385e-02
1.976758903927273159e-01
-3.501018418206108818e-01
2.387300067477756138e-01
9.864082336425781250e-01
2.020262612236870536e-01
1.844841241836547852e-01
1.290967835320366852e+00
2.323320176866319475e-01
-2.227739493052164621e-01
-5.235162840949164620e-01
nan
nan
