nan
nan
1.402608203887939498e-01
-4.433746814727783370e-02
3.788303375244140847e-01
-1.865791893005371016e-01
5.750544738769530762e-01
-2.631988906860351363e-01
-5.483773422241210449e-01
3.426148605346679421e-01
-3.572475433349609486e-01
-2.221417903900146582e-02
-1.722351837158203058e-01
1.816436195373535289e-01
-7.306627655029296342e-01
-1.716851043701171919e-01
-3.112732887268066517e-01
5.856089019775390092e-01
2.254847526550292913e-01
-8.322061538696289007e-02
1.381538105010986228e-01
-1.563743877410888605e-01
-3.844030761718750244e-01
3.040950965881347723e-01
4.161434173583984653e-02
4.139026260375976429e-01
2.722069549560546808e-01
4.859582519531249756e-01
-5.338199996948241877e-01
-2.211624622344970578e-02
nan
nan
nan
nan
-6.418540191650390359e-01
-4.345998382568359575e-01
-2.828831291198730669e-01
-5.640169906616211426e-01
-5.697656631469726340e-01
-9.448749542236327681e-01
1.886752510070800748e-01
-1.598024749755859453e-01
-3.932743310928344532e-02
2.061185359954834095e-02
-4.032373809814452925e-01
-1.172725143432617134e+00
1.881330490112304576e-01
-1.888555145263671742e-01
-7.692105865478515714e-01
-1.941930198669433727e-01
1.211494731903076105e-01
2.205396652221679743e-01
-3.091362571716308461e-01
2.182062530517578092e-01
9.912550926208496538e-02
1.230924797058105535e-01
-5.437512207031249822e-01
1.507001495361328103e-01
-1.847938728332519653e-01
-1.552086734771728482e-01
-3.277415847778320512e-01
-1.923881530761718806e-01
nan
nan
nan
nan
8.116142272949218306e-01
-1.326931476593017599e-02
8.952040672302245816e-02
9.358320236206055243e-02
-6.066957473754882590e-01
3.567042922973632790e-01
3.950638961791992365e-01
-6.715730190277099942e-02
3.482783508300781317e-01
-2.398489570617675648e-01
6.115123748779296431e-01
-1.510145282745361250e-01
3.719302749633788818e-01
6.256812572479247825e-02
-1.674185395240783761e-02
4.043338394165039151e-01
-4.882915878295898682e-01
-5.393127059936523304e-01
-4.518573760986328014e-01
1.299724817276001060e-02
4.783312988281249734e-01
2.471239662170410245e-01
-5.731752395629882701e-02
-7.873929595947265492e-01
4.597556304931640359e-01
-6.206438064575194868e-01
3.751597166061401700e-02
2.708643722534179732e-01
nan
nan
nan
nan
-6.510468292236327725e-01
-3.552482986450195557e-01
-1.139716720581054749e-01
-3.429018974304199469e-02
1.039416980743408242e-01
2.405819320678710960e-01
5.888686752319336470e-01
4.324427413940429843e-01
-1.620887947082519653e-01
6.620289611816406738e-01
-9.600145339965820979e-02
4.922747135162353765e-02
-5.314345550537109553e-01
-5.586501121520996010e-02
7.134971618652343750e-01
-2.505887794494628951e-01
2.342087745666504017e-01
-5.555165100097656516e-01
1.794031143188476451e-01
2.059248161315918035e-01
2.956484031677246160e-01
-1.181926059722900324e-01
3.197344017028808660e-01
-2.299910068511962918e-02
-2.576929283142089799e-01
6.463214874267577681e-01
-2.713348269462585467e-03
-1.656866645812988259e-01
nan
nan
nan
nan
6.256238937377929521e-02
-3.313513565063476718e-01
7.247494506835937544e-01
5.508543014526366965e-01
-3.244013214111328147e-01
5.791890335083007546e-01
2.884510421752929932e-01
6.447023773193358842e-01
3.202056503295898637e-01
-3.101790428161620983e-01
-6.765822601318359775e-01
3.578776931762695512e-01
3.032496261596679954e-01
1.251971364021301283e-02
-9.140478134155273493e-02
1.272341632843017600e-01
-7.687173461914063033e-01
1.077287197113037109e-01
-3.042207908630371049e-01
1.738904953002929632e-01
4.753033447265624933e-01
-4.108024215698242165e-01
-3.244570541381835982e-01
-3.077293205261230624e-01
2.082618474960327287e-02
-1.329941082000732355e-01
-1.878099250793457131e-01
-2.222898483276367076e-01
nan
nan
nan
nan
-2.758490180969238037e-01
-9.030246138572693704e-03
7.713447570800781028e-01
5.304432296752930043e-01
2.818561553955077903e-01
-3.120019721984863548e-01
2.357260131835937633e-01
-4.350161361694335760e-01
-4.861616134643554493e-02
3.545152664184570424e-01
-2.738979339599609264e-01
1.272748374938964810e-01
-4.414709854125976607e-01
-1.080133914947509731e-02
-6.690869140624999822e-01
2.765972328186034890e-01
1.612614631652831976e-01
-9.310007476806640980e-01
5.258999633789062100e-01
-4.003180694580077970e-01
-4.902783203125000155e-01
2.094255447387695368e-01
7.866284942626953214e-01
-7.825810241699219238e-01
1.059776973724365218e-01
4.655918121337890847e-01
3.337810134887695401e-01
2.877534103393554754e-01
nan
nan
nan
nan
-2.291131782531738159e-01
1.599859714508056752e-01
-3.747325515747070290e-01
-4.678071594238281117e-01
-1.736612081527709808e-02
-4.854247093200683705e-02
-1.720299720764160156e-01
-3.620789349079132045e-03
1.215843963623046836e-01
2.488834571838378917e-01
-1.446254348754882901e-01
-5.859629058837890758e-01
-4.920300006866454995e-02
1.265131568908691440e-01
4.291549301147460915e-01
1.014405822753906283e-01
-1.214697360992431641e-01
-4.991659545898437522e-01
-2.583190345764160289e-01
-2.808309936523437633e-01
2.119644641876220620e-02
-1.164211854338645900e-03
-7.060579681396483842e-01
-1.849331665039062600e-01
1.006256256103515545e+00
6.386961936950683039e-02
3.019307899475097701e-01
2.082403564453124967e-01
nan
nan
nan
nan
3.537485504150390536e-01
2.046958160400390581e-01
-7.244938659667968794e-01
-2.002962112426757979e-02
-2.263825607299804754e-01
-2.536428689956665011e-02
7.659805297851562944e-01
1.539227843284606857e-02
-4.552561569213867121e-01
-4.107843637466430248e-03
7.401163482666015536e-01
4.194234371185302790e-02
2.668562889099121080e-02
-4.440627288818359553e-01
4.037999725341797075e-01
-6.019092178344727095e-01
2.665167045593261896e-01
-2.024878120422363148e-01
-2.849058723449707231e-01
-7.323525238037109641e-01
4.815303421020507568e-01
3.570929718017578081e-01
-2.071269035339355358e-01
-6.168708038330078525e-01
-1.743356704711914174e-01
1.250314235687255936e-02
-7.508986663818358887e-01
-1.965796852111816317e-01
nan
nan
nan
nan
1.854159164428710871e-01
3.816049575805663951e-01
1.080493450164794894e-01
2.475171089172363281e-01
4.591574859619140803e-01
5.591047668457030939e-01
4.032250595092773393e-01
-5.230839252471923551e-02
2.790203857421875155e-01
-1.129286479949951211e-01
-2.870596408843993988e-02
6.424246788024902399e-02
2.226083040237426813e-02
-4.700090408325195424e-01
-6.605847167968750266e-01
2.014212417602539162e-01
-8.652810096740722046e-02
2.850816345214843839e-01
5.248310089111327681e-01
-3.187955474853515492e-01
5.121209335327148171e-01
1.799580001831054821e-01
3.394705581665038996e-01
-3.590597534179687522e-01
-1.952303886413574163e-01
2.282834529876709082e-02
5.105599594116211337e-01
5.550389099121093572e-01
nan
nan
nan
nan
-4.859589004516601807e-01
-4.873013687133789240e-01
-1.341019153594970592e-01
-1.060562705993652322e-01
-7.588451385498047319e-01
-2.397300910949707042e-01
-2.974817514419555650e-02
-1.033403968811035106e-01
-1.809703063964843706e-01
-4.652180099487304710e-01
4.822931289672851562e-01
4.819927597045898238e-01
2.122716522216796797e-01
-7.796677398681640669e-01
3.138987731933593484e-01
3.889596176147460671e-01
1.412740230560302623e-01
1.998392677307128940e-01
-2.607070350646972789e-01
-2.101167488098144576e-01
-5.820522689819336293e-01
1.326857089996337780e-01
4.021321868896484131e-01
6.938748931884766158e-01
-4.113558578491210982e-01
2.280467033386230358e-01
1.783842658996581954e-01
3.619940567016601829e-01
nan
nan
nan
nan
1.863884353637695335e-01
2.792354822158813615e-02
1.336126708984375078e-01
-1.357586956024169900e-01
1.611667251586914040e-01
-2.547302484512329115e-02
5.709989666938781495e-03
-2.304176521301269653e-01
-3.854784011840820535e-01
1.255333709716796864e-01
-1.788960647583007768e-01
1.337864017486572188e-01
1.266576004028320268e-01
8.158847808837890181e-01
1.829229927062988315e-01
6.954068756103515270e-01
6.674884033203124512e-01
1.262486934661865290e-01
2.433858108520507713e-01
4.713002014160156405e-01
4.982104492187500178e-01
5.137419891357422053e-01
-4.747617244720458984e-02
2.918454551696777477e-01
-3.516528701782226651e-01
8.142287445068359109e-01
-7.534999370574951838e-02
4.709933853149413929e-01
nan
nan
nan
nan
3.582733917236328169e-01
1.632603454589843794e-01
-1.628367614746093761e-01
-6.232780933380126925e-02
1.890067100524902288e-01
6.806671142578124556e-01
1.288643360137939516e-02
-3.091544342041015470e-01
-1.437757396697998125e-01
4.828295135498046897e-01
-2.969388198852538907e-01
-7.114378809928894112e-03
-5.932631492614746233e-02
1.556956291198730580e-01
-1.979944038391113215e-01
-4.131121826171875178e-01
2.666429710388183438e-01
2.739127731323242054e-01
7.331721496582030984e-01
-3.198856353759765847e-01
1.010854530334472645e-01
-6.364719009399414373e-01
-2.817653083801269775e-01
-3.138114547729491943e-01
-6.436512756347656516e-01
-3.397372055053711204e-01
5.565468788146972490e-02
-1.867630577087402433e-01
nan
nan
nan
nan
-6.695758819580077681e-01
-4.488263702392578103e-01
-5.795719528198242099e-01
-7.388333129882812544e-01
1.082249069213867126e-01
-2.190260887145996094e-01
-5.502839279174804865e-01
-2.855361557006835804e-01
-5.615608215332030806e-01
-1.024855041503906217e-01
-2.655362319946288907e-01
-1.759123420715331954e-01
5.994270801544189509e-02
-8.553250122070312766e-01
8.926200103759766025e-01
1.080970001220703108e-01
-4.149812221527099387e-02
4.248704910278320312e-01
-7.932220458984374778e-01
1.895517158508300826e-01
-4.052202606201171786e-01
1.845760536193847556e-01
-9.963823699951172008e-01
-7.871139049530029297e-02
1.353280448913574130e-01
2.121432495117187567e-01
3.356647109985351762e-01
-4.566982269287109264e-01
nan
nan
nan
nan
1.021198196411132741e+00
-3.122913837432861328e-02
-8.412450790405273660e-02
2.378071784973144476e-01
-3.140389680862426536e-02
3.181097412109374911e-01
-1.187474060058593794e+00
-1.712321281433105413e-01
3.567159652709960826e-01
-1.684369087219238226e-01
-5.342505455017090149e-02
1.188467025756835965e-01
-2.663475227355956987e-01
-2.935676956176757613e-01
-1.503934288024902366e-01
1.019613361358642639e-01
9.822666049003600519e-03
2.968336677551269287e-01
-2.510321044921874911e-01
-5.015323257446289151e-01
1.559067487716674777e-02
2.210726928710937400e-01
-1.218326091766357422e-01
7.795387268066406028e-01
2.850411224365234641e-01
-4.175606536865234530e-01
1.732709503173828214e-01
-1.128117179870605502e-01
nan
nan
nan
nan
-7.767794132232666571e-02
1.469957160949706965e-01
4.287525558471679821e-01
-1.896828413009643555e-02
3.236203384399414240e-01
1.633218841552734446e+00
-3.615346145629882990e-01
-2.405495452880859475e-01
-3.675995254516601363e-01
-8.079463005065917747e-02
-6.954397678375244529e-02
-1.202098560333251936e-01
2.611807632446289107e-01
-5.558589935302734597e-01
-7.409277915954590177e-02
-1.198023986816406233e-01
-8.277712249755859730e-01
-1.528560256958007846e-01
-4.273690032958984419e-01
2.275615215301513700e-02
-2.372649383544921942e-01
-6.916394042968749822e-01
1.302514553070068248e-01
-3.471573638916015669e-01
-9.270495414733886941e-02
-1.940472412109374989e-01
1.864602851867675770e-01
3.229820251464844000e-02
nan
nan
nan
nan
3.468983078002929599e-01
-5.260328292846679771e-02
5.674459457397460493e-01
7.820366668701171919e-01
-2.329546451568603391e-02
8.389952659606933483e-02
-6.377719879150390847e-01
4.795936203002929554e-01
-9.189710998535156605e-01
1.860963058471679643e-01
-4.693660259246826283e-02
1.055531263351440485e-02
2.257124137878417924e-01
2.172940444946289129e-01
1.332532024383544789e-01
3.545896530151367299e-01
6.249932289123535240e-02
2.049101448059081898e-01
-3.063640975952148238e-01
2.398803901672363348e-01
-2.805285453796386719e-01
8.754594802856445479e-02
-6.447967529296874667e-02
3.092251396179199197e-01
-1.630641746520996027e-01
1.654648590087890725e-01
5.133121967315673606e-02
-5.944230651855468839e-01
nan
nan
nan
nan
1.335323143005371083e-01
-3.308458328247070312e-01
-1.905817794799804787e-01
3.326028060913086004e-01
8.705730438232421597e-02
6.591960144042968706e-01
4.139510726928710693e-01
4.054303646087646651e-02
8.891535758972167469e-02
-5.213530063629150113e-02
-1.827099990844726629e-01
-6.787883758544921431e-01
-4.216601848602295061e-02
-2.034164237976074097e-01
-4.129048538208007768e-01
-3.296841430664062544e-01
-2.576313972473144309e-01
1.863501667976379464e-02
-2.513299942016601340e-01
6.002745628356933455e-02
-4.947156906127929410e-02
6.059210300445556918e-02
-7.893856525421143189e-02
-4.186508178710937611e-01
-3.656140136718750155e-01
-3.936232376098632857e-01
-8.423557281494140070e-02
1.661917686462402455e-01
nan
nan
nan
nan
1.883171200752258240e-03
-3.141707420349121316e-01
1.750197029113769454e-01
5.072031021118163924e-03
-9.979723930358887218e-02
-2.134609031677246194e-01
-3.142583274841308505e-01
-8.368200302124023660e-02
-1.719294166564941384e-01
-6.637230682373046475e-01
1.136180114746093706e-01
-6.825186252593994085e-02
3.620384597778320557e-01
-1.561670207977294833e-01
-2.219799804687500044e-01
-3.835248947143554688e-02
3.716129684448242210e-01
1.474886512756347634e-01
-3.686624908447265758e-01
-3.190559387207031472e-01
1.927807044982910167e-01
-1.936740493774413985e-01
-4.318437576293945174e-02
-2.899479627609253055e-02
4.415898895263671853e-01
-1.905686950683593839e-01
5.915465831756591686e-02
-2.666038894653320335e-01
nan
nan
nan
nan
5.109398841857910184e-02
-1.735061836242675903e-01
6.844046020507812411e-01
-2.688917541503906272e-01
1.237708806991577072e-02
-5.920031070709228481e-03
-2.039053153991699230e-01
2.848313713073730713e-01
-2.752729797363281383e-01
2.299263477325439592e-02
1.695436239242553711e-02
-3.297299575805663907e-01
-4.267161178588867454e-01
-1.121885013580322249e-01
1.016255474090576177e-01
-7.167054176330565907e-02
-3.168458366394042991e-01
-5.991569137573242720e-01
-6.317344188690185436e-02
-3.492457962036132901e-01
-1.044763946533203147e-01
-2.576999282836914262e-01
3.573026418685913003e-02
-9.569309234619140236e-02
8.416891098022460938e-02
5.454112529754638616e-02
nan
nan
nan
nan
nan
nan
2.375343322753906139e-02
2.021792411804199108e-01
-3.141869163513183461e-01
-2.015133094787597556e-01
2.995961952209472701e-01
1.425233554840087957e-01
-3.258020162582397211e-02
2.915283012390136874e-01
2.636452913284301897e-02
-3.931645584106445157e-01
-5.032351684570312012e-01
-1.099232578277587885e-01
3.640239477157592579e-02
8.232180476188660084e-03
2.403297233581543069e-01
4.487590789794921875e-01
5.581436157226562500e-01
6.930121612548828525e-01
9.929906463623047186e-01
-1.846400451660156206e-01
1.237017822265625011e-01
-1.339614868164062424e-02
-1.614988327026367076e-01
1.516530132293701094e-01
1.157843875885009727e-01
1.261668324470520061e-02
2.462221336364746049e-01
-2.562134981155395411e-02
nan
nan
nan
nan
7.555285453796387052e-02
-1.194564628601074152e-01
2.337624740600585949e-01
-2.470847892761230402e-01
4.799909591674804688e-01
-1.005923461914062511e-01
-2.762223958969116377e-02
-1.888117408752441329e-01
3.980493164062500200e-01
9.515412330627441573e-02
1.429322957992553746e-02
-6.496042251586914285e-02
-2.563666152954101607e-01
4.494967269897460760e-01
-3.566082382202148682e-01
1.536541557312011697e-01
-1.940627670288085915e-01
1.661773681640625056e-01
-3.479911804199218861e-01
5.707620143890380915e-02
3.345530700683593817e-01
-2.867912864685058794e-01
nan
-1.849034667015075559e-02
-1.123416900634765653e-01
1.212366199493408181e-01
-3.113244247436523504e-01
-5.940035247802734064e-01
nan
nan
nan
nan
-4.108598709106445201e-01
-2.817052459716796742e-01
-2.357302474975585815e-01
-2.920829200744629039e-01
-7.077687072753906516e-01
-4.694220733642577859e-01
-3.057617568969726585e-01
-3.724356460571289218e-01
-2.014379882812500078e-01
4.148868560791015847e-01
-1.704869842529296853e-01
1.244928550720214855e-01
6.442601203918457697e-02
-3.400694370269775196e-02
1.895590972900390581e-01
4.825416564941406583e-02
3.781302213668823187e-02
6.312233805656433487e-03
-1.274070453643798839e-01
5.544830322265624778e-01
-3.407717514038086093e-01
8.321961402893066073e-02
-1.174959945678710899e-01
2.899234056472778376e-02
-3.641794586181640869e-01
1.331310558319091786e-01
-2.664055252075195335e-01
-3.728512573242187544e-01
nan
nan
nan
nan
-1.596179771423339722e-01
3.096551418304443332e-02
3.108994865417480380e-01
4.041061878204346008e-02
-1.440141296386718839e-01
6.465706825256348211e-02
-1.194466209411621099e-01
5.320778656005858975e-01
-5.234119415283202681e-01
-1.559369468688964755e-01
-4.708550262451172141e-01
-3.382755279541015403e-01
-1.613810920715331998e-01
-2.236238098144531228e-01
-6.565689849853515447e-01
-7.554567718505859064e-01
1.699919319152831954e-01
-6.715786743164062766e-01
nan
-4.643645477294922053e-01
-1.014855957031250089e+00
2.221044921875000022e-01
1.546948671340942459e-02
4.187266826629638949e-02
3.973332214355468905e-01
-5.292974472045898215e-01
2.910252189636230447e-01
-2.299207115173339810e-01
nan
nan
nan
nan
-9.820400238037109431e-02
-3.501709365844726807e-01
-2.712169456481933749e-01
-2.719327735900878840e-01
5.620616912841797097e-01
2.322607803344726440e-01
-1.255843353271484386e-01
1.243278980255126953e-01
-9.910729408264160045e-02
8.574293518066405939e-01
-1.973176193237304588e-01
7.081928730010986217e-02
7.145245361328125266e-01
5.731447982788085982e-01
-2.927624893188476296e-01
1.029912471771240179e-01
-3.102606773376465066e-01
-2.216917228698730424e-01
1.367940616607666027e-01
-6.802060008049011508e-03
-1.240521621704101518e-01
-2.838878059387207053e-01
-8.343278503417969061e-01
-5.585043716430664329e-01
-2.712557792663574108e-01
1.155884170532226612e-01
2.725708961486816295e-01
-2.968914222717284890e-01
nan
nan
