nan
nan
-4.383145904541015381e-01
2.041147422790527410e-01
4.656269454956054599e-01
-7.639552307128906206e-01
-2.618802642822265492e-01
1.827054977416992243e-01
-1.978093719482421908e-01
-3.263556289672851496e-01
-4.120980262756347712e-02
-7.081687164306640359e-01
-7.307521343231200561e-02
-1.657456398010253781e-02
3.088312625885009793e-02
-5.905007553100586337e-01
-2.211935520172119210e-02
3.357509231567382679e-01
2.837260246276855358e-01
-1.510944461822509854e-01
-7.370666980743408037e-02
6.817980957031249956e-01
5.138630294799804155e-01
-5.902078628540039507e-01
1.546111774444580145e-01
3.862368392944335871e-01
7.737679958343506026e-02
3.069558143615722656e-01
2.593210983276367232e-01
-2.363390159606933716e-01
nan
nan
nan
nan
-3.338490676879882768e-01
9.941399574279785600e-02
-1.443247413635253829e-01
3.397694015502929488e-01
-4.917602920532226363e-01
3.518235778808593839e-01
1.035781621932983440e-02
-2.149926948547363215e-01
-4.338906097412109641e-01
1.750497627258300881e-01
4.159748077392578375e-02
1.620414352416992276e-01
6.143416404724121038e-02
-2.821138572692871160e-01
-5.794213867187499867e-01
9.796022415161133312e-02
5.849427032470703169e-01
-2.752009582519531206e-01
1.361140441894531372e-01
2.201080131530761819e-01
-1.914801979064941484e-01
2.414621925354003829e-01
-1.168722343444824202e-01
3.896417617797851562e-01
1.819972991943359375e-01
-3.535133743286132946e-01
9.813120841979980358e-02
2.657333016395568934e-03
nan
nan
nan
nan
-2.535467910766601718e-01
1.605639076232910079e-01
1.123515796661376936e-01
3.920411682128906450e-01
9.331609725952148826e-02
-2.430973768234252763e-02
2.625399208068847634e-01
3.163914108276367210e-01
-8.944574356079101896e-02
3.687363815307617143e-01
-5.826703310012817418e-03
-2.035213088989257790e-01
-8.248614311218262218e-02
1.023967647552490173e-01
-3.330256652832030984e-01
2.273186111450195279e-01
-1.632718849182129006e-01
7.196066856384276955e-02
7.668526172637939176e-02
2.185771751403808583e-01
7.342635345458984331e-01
3.890805816650390603e-01
-6.273353958129882502e-01
3.591852951049804843e-01
5.504482746124267356e-02
6.791732025146484109e-01
2.861336708068847878e-01
-1.235142040252685536e-01
nan
nan
nan
nan
-7.413942718505859286e-01
1.632233810424804643e-01
3.140595674514770619e-02
-3.047590732574462918e-02
4.810625839233398371e-01
-9.271427154541016236e-02
-4.739163398742676087e-02
-9.873961448669434093e-02
4.547727203369140714e-01
-2.575910186767578214e-01
1.050429630279541005e-01
3.895238876342773660e-01
6.587123107910156650e-01
-6.984408569335937012e-01
-2.787568092346191517e-01
3.396546840667724609e-02
1.180832767486572205e-01
-3.148736000061035378e-01
4.844920349121093484e-01
4.402822494506836160e-02
-1.769553947448730402e-01
-1.097563076019287126e-01
5.909859180450439259e-02
6.335362243652343794e-01
-4.387327194213866965e-01
4.396506118774414218e-01
1.701113891601562511e-01
-4.460234832763672053e-01
nan
nan
nan
nan
-1.911520385742187522e-01
-2.288697624206542935e-01
-3.045467185974121138e-01
9.904278564453125044e-01
2.263151359558105424e-01
-4.759294986724853238e-02
-3.136477470397949219e-01
7.577664947509765714e-01
2.977965927124023304e-01
7.783683013916015137e-01
-6.099759674072265936e-01
3.462047576904296875e-01
-1.135530471801757778e-02
1.468072891235351618e-01
7.983519554138183982e-02
1.588889694213867221e-01
-4.616769027709961004e-01
-2.160222434997558505e-01
1.152664947509765558e-01
-3.235703659057617143e-01
2.478051662445068457e-02
-1.678212547302246060e-01
-1.271521472930908225e-01
3.051513671875000222e-01
-4.073543930053710738e-01
-3.768863916397094393e-02
-1.503000450134277244e-01
4.409641265869140847e-01
nan
nan
nan
nan
1.639660477638244657e-02
6.848079681396483931e-01
2.591275787353515825e-01
-4.498829650878906072e-01
-2.704972267150879128e-01
8.025708007812499822e-01
-1.689755249023437433e-01
1.173437309265136785e-01
-4.185239410400390381e-01
-1.951887512207031161e-01
1.261943912506103549e-01
4.405952072143554665e-01
2.378322792053222667e-01
3.049303627014159912e-01
-7.707484722137451782e-02
-1.345623850822448737e-02
-4.809878540039062567e-01
-3.948413085937499956e-01
-1.935627555847168058e-01
-3.155046224594116461e-02
1.211128330230712841e-01
4.880610656738281206e-01
4.845018386840820312e-01
-2.093285942077636741e-01
-1.148544311523437556e-02
3.530579757690429643e-01
3.519269180297851518e-01
3.723081588745117410e-01
nan
nan
nan
nan
3.802794218063354492e-02
-3.769408416748046831e-01
8.516313934326171786e-01
2.006597709655761619e-01
6.923735046386718661e-01
2.060260391235351485e-01
-3.127818405628204294e-03
5.412900924682617632e-01
-2.766298675537109397e-01
2.825794458389282310e-02
1.322947998046875018e+00
7.981089591979979858e-02
-1.509187340736389132e-02
-4.263411521911621149e-02
-6.391662979125976030e-01
5.238868331909179998e-01
-2.851102256774902255e-01
-1.349522829055786050e-02
5.953541183471680043e-01
-4.686680221557616988e-01
4.383991241455078014e-01
2.978706359863281250e-01
1.759311103820800914e-01
-2.313109970092773471e-01
2.128902626037597612e-01
1.605636787414550792e-01
-1.916748428344726696e-01
-5.347937393188476607e-01
nan
nan
nan
nan
-7.462371826171875222e-01
-4.670160675048828369e-01
-2.685756874084472834e-01
-3.997757720947265891e-01
3.863659667968750155e-01
1.726757168769836592e-02
-1.936362838745117054e-01
-5.954516410827636469e-02
2.042166900634765636e-01
5.248458862304687667e-02
-4.537402725219726318e-01
-3.009502029418945068e-01
-5.231107330322265492e-01
3.254809188842773260e-01
-3.718196868896484486e-01
5.470184326171875222e-01
9.127330780029296875e-01
-6.934809684753417969e-02
-4.713153457641601762e-01
2.635619640350341658e-02
4.170418930053710893e-01
2.828050231933593728e-01
-5.547920989990234863e-01
6.400314331054687278e-01
-1.072869205474853566e-01
4.120242691040039151e-01
1.244726371765136758e-01
1.986066246032714977e-01
nan
nan
nan
nan
4.338324356079101829e-01
-1.988743209838867154e-01
-7.270408272743225479e-03
-5.620298862457275696e-02
-6.009492111206055087e-01
-2.302834510803222767e-01
4.183511352539062700e-01
-1.066100597381591797e-01
-3.139222908020019576e-01
8.339820861816406028e-01
6.640750122070312456e-01
-3.522908782958984464e-01
2.598535919189453036e-01
-2.984639739990234131e-01
-5.987923431396484641e-01
-1.541488528251647866e-02
2.521035385131835671e-01
-9.890702247619628795e-02
-6.165768051147461071e-01
-2.054252052307128928e-01
-6.246507167816162109e-02
-4.660313034057617099e-01
6.147647857666015403e-01
-1.853681755065917924e-01
-3.137133026123046786e-01
3.315896224975585782e-01
4.385649108886718883e-01
-7.058025360107421375e-02
nan
nan
nan
nan
2.675582313537597789e-01
2.107278442382812533e-01
1.679711914062499978e-01
-2.446692657470703192e-01
-5.095613479614257563e-02
1.217380905151367182e-01
-5.858917617797851918e-01
-1.187523841857910101e-01
-1.300309371948242254e-01
4.054726791381835782e-01
4.207560729980468484e-01
3.598457717895507946e-01
4.666286849975586071e-01
-2.959584426879882657e-01
-3.365617752075195090e-01
3.160685777664184321e-02
-1.648595333099365373e-02
4.794690704345703214e-01
4.960876464843749778e-01
5.227540206909179199e-01
-3.299198150634765625e-01
-4.902696990966796675e-01
9.881977081298827514e-02
3.986045837402343861e-01
-1.736705017089843761e-01
-7.624214935302734419e-01
3.498799514770507546e-01
4.140909957885742232e-01
nan
nan
nan
nan
-6.172379493713378573e-02
1.116431617736816373e-01
2.422067260742187533e-01
-7.237206268310546475e-01
-5.439547729492187900e-01
2.532453238964080776e-03
1.828065109252929588e-01
-1.681844711303710771e-02
-7.215109252929687855e-01
-7.838512420654296653e-01
-3.536394882202148482e-01
6.842948913574218306e-01
7.913092041015624689e-01
2.270024299621582059e-02
-9.072786712646484508e-01
-1.133246612548828164e-01
1.368470573425293046e-01
4.469099807739257968e-01
1.929740142822265747e-01
-8.481748580932617354e-02
8.443075561523437633e-01
1.841766357421874972e-02
-6.056570816040038885e-01
3.805968093872070246e-01
-3.207971191406249756e-01
1.376428604125976528e-02
3.501071453094482117e-02
-6.060059547424316573e-02
nan
nan
nan
nan
-1.174226474761962957e-01
-2.440133333206176772e-02
-3.492323684692382746e-01
-1.514790344238281239e-01
7.243406677246093661e-01
4.565303421020507901e-01
8.257621002197265137e-01
1.465970325469970748e-01
-4.743115305900573973e-03
-8.855900764465332586e-02
4.727807998657226896e-02
3.134014701843261808e-01
4.059058761596679443e-01
1.139063720703124893e+00
5.433723831176757724e-01
-2.475087165832519642e-01
3.933517837524413974e-01
-4.867047119140625044e-01
-3.250857162475586093e-01
8.755562782287597268e-02
4.755946731567382568e-01
2.354522705078125056e-01
4.147529602050781250e-02
3.268484878540038885e-01
9.227376556396484908e-01
-6.282674026489257768e-01
-3.066440773010253862e-01
1.884356117248535134e-01
nan
nan
nan
nan
-4.444830322265624911e-01
-2.801247406005859530e-01
3.749203920364380105e-02
3.673757553100586160e-01
-1.245511054992675809e-01
2.492606544494628817e-01
-3.367124176025390603e-01
-1.134327030181884743e-01
3.856490850448608676e-02
-9.944704174995423057e-03
1.638620948791503773e-01
-6.073417186737060242e-02
-4.087940979003906183e-01
5.253272628784180220e-01
1.258830451965332053e-01
-1.520613861083984497e-01
-3.674684143066406228e-01
1.289615345001220714e-01
2.313921737670898426e-01
2.674407577514648637e-01
1.596516609191894476e-01
2.783370018005371094e-01
1.184796333312988226e-01
-3.124427604675292791e-01
4.942543506622314176e-02
-1.282573986053466841e-01
-4.884297943115234464e-01
3.456956100463867143e-01
nan
nan
nan
nan
-2.368736267089843750e-01
4.964693069458007701e-01
3.550794219970703214e-01
3.935729217529296831e-01
2.992387008666992365e-01
-5.818560409545898704e-01
2.743668556213378906e-01
3.363728713989257990e-01
-6.583517456054687189e-01
-4.858911895751953369e-01
-4.049042510986328169e-01
4.151438236236572321e-02
-8.980855560302734020e-01
2.845549201965332231e-01
-4.045203781127929554e-01
1.538674235343933175e-02
2.248264312744140681e-01
-4.966750335693359553e-01
-8.821272850036621094e-02
-8.886502265930175393e-02
7.383310794830322266e-02
1.051805591583251931e-01
2.572653293609619002e-02
1.151026439666748002e-01
3.253011703491210938e-01
1.316510105133056607e-01
1.566388607025146484e-01
6.245665740966797053e-01
nan
nan
nan
nan
-3.311238861083984353e-01
-3.005632781982421897e-01
6.813446807861328613e-01
1.051907730102539101e-01
-5.942009925842284962e-02
-5.375986576080322293e-02
-1.375717258453369174e-01
-5.297507476806641025e-01
-3.791626739501953169e-01
-1.045385646820068404e-01
1.496019172668457131e-01
3.687701034545898260e-01
-1.179959678649902394e-01
1.034306526184081976e-01
7.090077877044677346e-02
4.735023880004882724e-01
-7.139247131347655762e-01
-2.898554420471191606e-01
-3.435948562622070379e-01
-3.614540100097656250e-01
4.839973068237304887e-01
-3.119353866577148637e-01
-2.372023582458496205e-01
-1.732915759086608998e-02
-4.908194351196288885e-01
-5.172090053558349443e-02
-2.361782455444335904e-01
3.953744125366210893e-01
nan
nan
nan
nan
1.316493701934814409e-01
3.893165206909179887e-01
5.209799957275390581e-01
-3.313657379150390381e-01
-2.357364654541015681e-01
4.075355148315429887e-01
-2.482144165039062433e-01
2.494565010070800837e-01
-1.990664482116699108e-01
-8.443682670593261053e-02
-3.427173233032226318e-01
3.695496368408203169e-01
2.345460891723632688e-02
4.177972793579101674e-01
2.126302528381347756e-01
-5.563814544677734286e-01
-7.348628997802734153e-01
-2.689218330383300604e-01
-2.431668853759765547e-01
-2.014329528808593839e-01
1.445389938354492143e-01
-5.883049392700194780e-01
-4.583561325073242099e-01
-1.435673999786376831e-01
-1.275991344451904430e-01
-1.477355837821960408e-02
5.167066574096679243e-01
-2.639176940917968839e-01
nan
nan
nan
nan
3.045028686523437722e-01
2.441809082031249911e-01
-3.734500885009765792e-02
5.016350555419921697e-01
3.965585708618163951e-01
-2.782016181945800581e-01
-8.921469879150391025e-01
-2.679348373413085738e-01
-5.268075561523437589e-01
1.790464019775390714e-01
-4.032622146606445468e-01
-6.567968749999999467e-01
1.458675384521484486e-01
1.965576887130737402e-02
1.714151573181152410e-01
-4.338307952880859353e-01
7.522902011871338002e-02
-1.275766015052795348e-02
2.145238494873046853e-01
-4.080437088012695557e-01
6.828583717346191351e-02
-1.089596271514892550e-01
-6.423192596435547408e-01
4.670224380493164240e-01
-4.257388687133789040e-01
-4.998269271850586115e-01
-6.703304290771484597e-01
-3.452627563476562411e-01
nan
nan
nan
nan
1.431756973266601514e-02
-3.412380599975585738e-01
8.956703948974609197e-01
7.652501583099365068e-02
1.060697841644287071e-01
-3.221714401245117099e-01
1.147912406921386685e-01
4.047642898559570268e-01
-1.009405899047851607e-01
-5.351410293579101918e-01
-7.536057829856872975e-03
1.242641162872314409e-01
-4.397673797607422053e-01
-1.677992439270019620e-01
-3.401212310791015825e-01
4.929735362529754673e-03
4.278318405151367299e-01
2.339149665832519487e-01
-7.592507171630858975e-01
-9.465307235717773660e-02
-3.356533432006835738e-01
-3.797191238403320179e-01
2.086195182800293091e-01
3.143369102478027477e-01
-3.199896621704101385e-01
2.640491962432861203e-02
-2.515870332717895508e-02
2.024429512023925848e-01
nan
nan
nan
nan
5.075874805450439342e-02
-2.370305061340332101e-02
-5.243348312377930087e-01
-3.654431915283203325e-01
-7.058557891845702592e-01
-3.774740600585937411e-01
4.553939437866210693e-01
-8.644561171531678009e-03
-5.242977523803711293e-01
2.540205240249633623e-02
2.799114036560058638e-01
-1.589021682739257812e-01
-5.357323169708252258e-02
3.209389877319335782e-01
-1.998413085937499889e-01
-1.006418075561523517e+00
8.197349548339843972e-02
6.871274471282959317e-02
-1.918098640441894542e-01
4.494678974151611155e-03
-9.846851348876953236e-02
3.186993026733398460e-01
-9.983919143676757424e-02
-6.278669834136962891e-02
-1.857286071777343728e-01
-2.912187576293945312e-01
nan
nan
nan
nan
nan
nan
4.939262390136718861e-01
-1.151177978515625089e+00
-1.701579284667968650e-01
-3.161396980285644531e-01
5.078096389770507812e-01
6.421689987182617465e-02
2.083347892761230336e-01
-2.332001113891601640e-01
-2.328669166564941440e-01
8.151013946533203214e-01
-3.860232925415039151e-01
3.403984069824218528e-01
4.868608093261718728e-01
3.292218780517577881e-01
4.128347778320312633e-01
4.009583282470703391e-01
-2.107599449157714910e-01
1.258218860626220681e-01
3.808456039428710915e-01
1.613552856445312489e-01
4.575555038452148171e-01
-4.067173767089843905e-01
-1.037008643150329548e-02
2.410993766784667869e-01
1.533792304992675770e-01
2.721121597290039329e-01
-1.994133377075195390e-01
-1.699834823608398493e-01
nan
nan
nan
nan
-3.632738113403320424e-01
1.957791328430175670e-01
-7.027539730072021595e-02
-2.254333114624023360e-01
-2.740204811096191295e-01
-1.685398864746093794e-01
-1.736574745178222634e-01
4.121512603759765470e-01
-5.584300041198730219e-02
-6.695928573608397882e-02
1.955613517761230491e-01
5.525256395339965716e-03
7.273659515380859197e-01
-2.325835990905761597e-01
-4.451402664184570535e-01
9.957244873046875444e-01
1.136660156250000053e+00
-3.706302940845489485e-03
1.986168384552002009e-02
-9.664704322814941795e-02
-3.765278244018554488e-01
-7.391130828857421786e-01
nan
5.174264907836913924e-02
-1.835266876220703058e-01
5.960969543457030895e-01
-2.199104881286620961e-01
1.406576824188232322e-01
nan
nan
nan
nan
-4.031013965606689703e-02
-6.682617187499999556e-01
2.911824417114257657e-01
-6.445073699951171520e-01
4.848033142089843706e-01
-4.835824966430664062e-01
2.111751747131347667e-01
1.395136070251464799e-01
7.111260890960693914e-02
-5.616534233093261469e-02
5.292813873291015714e-01
-3.072562026977538885e-01
-3.249456024169921631e-01
1.304997062683105336e-01
-3.528271102905273238e-01
3.430050277709961182e-01
-4.146398162841796742e-01
-6.482080078124999867e-01
1.788809013366699230e-01
2.665657234191894376e-01
-1.188991546630859333e-02
-3.215600490570068304e-02
-1.844227981567382879e-01
-5.410590744018555220e-01
-1.530327916145324783e-02
-1.048825263977050809e-01
5.330152130126952770e-01
3.665718138217925921e-03
nan
nan
nan
nan
2.920225715637206898e-01
3.472810363769531228e-01
-1.922073173522949319e-01
3.471394729614257768e-01
1.171884384155273517e+00
4.077141189575195224e-01
-6.871643066406249445e-02
5.400575637817382757e-02
-3.363168478012085183e-02
-2.721970975399017403e-03
-2.287328958511352511e-02
-9.527710914611815796e-02
2.206999206542968883e-01
-7.373021697998046742e-01
-8.742321968078613226e-02
-1.435679721832275324e-01
-4.387035369873047014e-02
1.117755985260009827e-01
nan
-4.252828598022461160e-01
-5.579755783081055132e-01
5.829137802124023660e-01
-1.318088054656982311e-01
3.561917304992676114e-02
3.587422943115234353e-01
3.731335997581481951e-03
2.563010978698730402e-01
7.958904266357421653e-01
nan
nan
nan
nan
1.988393020629882768e-01
-2.520400428771972789e-01
-1.321920013427734242e-01
-4.688676452636718617e-01
-3.627204895019531250e-01
-4.106731414794921875e-01
9.362470626831054243e-02
7.638367652893066073e-02
2.828939056396484464e-01
-8.389847755432128240e-02
-1.632529973983764746e-02
1.808593368530273526e-01
6.251480102539062889e-02
-2.014601325988769620e-01
2.504557609558105691e-01
5.849511337280273171e-01
-3.464423370361328081e-01
7.865423679351807307e-02
1.722375869750976674e-01
6.206535339355468556e-02
5.206933975219726340e-01
4.368636322021484109e-01
1.611591815948486273e-02
-1.757302856445312478e-01
5.498977661132812278e-01
1.544318389892578025e-01
-8.246710205078124911e-01
4.867193984985351829e-01
nan
nan
