nan
nan
-7.025795745849608975e-01
-5.420655441284180087e-01
-3.730483245849609553e-01
1.938898658752441495e-01
1.105397033691406239e-01
-4.654590225219726318e-01
1.144894409179687544e-01
-4.825828552246094055e-02
-1.311559200286865207e-02
2.417990684509277455e-01
1.970563507080078103e-01
-1.071627807617187567e-01
-2.089989662170410045e-01
-9.683840274810791293e-03
2.028054046630859419e-01
2.520056533813476718e-01
5.549850845336914418e-01
1.436800479888916127e-01
-5.561807632446289507e-01
3.675545883178710782e-01
5.861009120941162304e-02
3.361262893676758012e-01
4.786527633666992076e-01
2.228929901123046786e-01
3.845893478393554443e-01
-3.365722656249999778e-01
4.365266799926758035e-01
7.648419952392577770e-01
nan
nan
nan
nan
-2.174860191345214799e-01
3.504718399047851429e-01
3.272719955444335915e-01
1.112371540069580084e-01
9.306131362915039118e-02
7.646848678588867576e-02
-1.054392910003662115e-01
-5.277951431274413574e-01
-4.939745712280273482e-01
6.636646270751953569e-01
-6.185244321823119701e-03
-6.228858566284179998e-01
4.108757400512695335e-01
2.642715454101562389e-01
-2.506750822067260742e-02
7.852298736572266291e-02
-1.855701255798339888e-01
8.927596092224121538e-02
4.268980789184570468e-01
-3.897583007812500111e-01
-3.985639190673828103e-01
-3.997144699096679688e-01
-4.017109680175781072e-01
3.948221588134765425e-01
-1.108588504791259699e-01
-5.288661479949951366e-02
6.255373001098633035e-01
-8.552900695800781383e-01
nan
nan
nan
nan
1.538169574737548728e-01
1.747401046752929676e-01
1.309264755249023304e-01
-5.770147323608398882e-01
-7.574269104003906738e-01
-1.141107749938964910e-01
4.286765289306640470e-01
8.224620056152344150e-01
-5.122547531127930043e-01
-2.982172012329101785e-01
-4.073901748657226540e-01
-4.309169006347656206e-01
-5.375191688537597767e-02
-3.033247184753418146e-01
-2.301144218444824141e-01
7.843515014648437811e-01
1.230093669891357405e-01
-4.898785781860351407e-01
-2.302699661254882790e-01
-5.414241027832030762e-01
5.284381389617919672e-02
-4.262552261352539062e-01
8.044264984130858887e-01
2.184214401245117287e-01
3.038716888427734353e-01
-3.224757003784179954e-01
-1.651501655578613281e-01
-1.128936100006103505e-01
nan
nan
nan
nan
5.740692901611328391e-01
-1.944474411010742310e-01
-5.104234313964843839e-01
-1.630202293395996149e-01
-2.769376182556152477e-01
-1.403743362426757846e-01
1.659705162048339955e-01
-2.732221126556396568e-02
6.111252212524413974e-01
2.214255523681640525e-01
-6.951228332519531206e-01
8.478441238403319757e-02
-2.496494293212890569e-01
-5.328246307373046831e-01
-4.927684020996093706e-01
9.830656051635742673e-03
9.275454521179199441e-02
4.188236236572265847e-01
-1.367635154724121116e-01
-1.472381305694580034e-01
-3.380822753906250200e-01
-5.503509140014648526e-01
-3.378610229492187700e-01
-1.919309425354003840e-01
1.107965707778930595e-02
1.783939719200134180e-02
1.186191177368164096e-01
1.976421475410461426e-02
nan
nan
nan
nan
-2.532919502258300648e-01
2.366485595703125000e-01
-1.551850032806396384e-01
-3.652019500732421875e-01
-4.914908218383788885e-01
-2.370333290100097579e-01
2.595435333251953081e-01
1.024678707122802720e-02
-3.906922912597656228e-01
-4.545002365112304488e-01
2.631018066406249911e-01
-1.964298629760742321e-01
-4.942811965942383035e-01
3.604375076293945268e-01
-1.191189479827880898e-01
1.353169155120849676e-01
5.794504642486572599e-02
8.254428863525391236e-02
3.868730163574218839e-01
4.463940811157226518e-01
-2.313727760314941428e-01
-5.029859924316406605e-01
-3.724142074584960715e-01
-3.029590415954589999e-01
-6.420896911621093439e-01
3.661949157714843861e-01
3.887942886352538929e-01
3.283708190917968839e-01
nan
nan
nan
nan
1.481806087493896529e-01
2.438879966735839691e-02
-4.814230346679687633e-01
1.142223358154296903e-01
4.618762969970703347e-01
-1.420172309875488148e-01
-3.047081375122070446e-01
-3.004637145996093550e-01
3.077557945251465088e-01
2.446821022033691395e-01
1.219624614715576205e-01
4.171859741210937611e-01
-1.026709079742431641e-01
-1.707036399841308505e-01
4.400518417358398326e-01
9.366803741455078658e-01
-1.693935203552246194e-01
-1.927001190185546886e-01
-1.420964145660400524e-01
-2.164908647537231584e-02
2.754598236083984353e-01
-3.192839431762695135e-01
5.772096633911132368e-01
-5.853927612304687944e-01
8.892314147949218484e-01
7.353052139282226229e-02
2.541230010986328391e-01
3.435506439208984575e-01
nan
nan
nan
nan
-2.162541198730468794e-01
-1.081411075592040999e-01
-2.489529991149902477e-01
1.696928405761718717e-01
4.237057495117187433e-01
-2.407014656066894520e-01
4.264870071411132613e-01
2.012999153137207120e-01
2.564186286926269376e-01
9.668674468994140070e-02
-8.521384239196777566e-02
7.255056858062744474e-02
4.432130432128906228e-01
2.494847679138183505e-01
2.318787956237793046e-01
-4.355904388427734308e-01
6.866907596588134322e-02
5.627082443237304554e-01
-4.164373016357421631e-01
7.469515228271483842e-01
-2.964474201202392523e-02
1.384977579116821247e-02
5.651080608367919575e-03
-1.917193794250488248e-01
1.735425376892089921e-01
-1.362573719024658125e-01
-9.135622978210448941e-02
5.987036132812499911e-01
nan
nan
nan
nan
3.729795074462890492e-01
5.170201110839843794e-01
-2.836793136596679754e-01
-5.275304794311523604e-02
2.556833326816558734e-03
-7.799691677093506526e-02
-3.340797805786132613e-01
4.310298919677734153e-01
5.505324554443359331e-01
-3.334002304077148260e-01
5.950481891632079801e-02
5.926050949096679510e-01
2.432607078552246060e-01
-1.049493694305419916e-01
-8.543869018554687278e-01
-5.750764465332031117e-01
-4.644273376464843617e-01
-2.589698982238769487e-01
-6.042678281664848458e-04
-2.604588890075683616e-01
-2.316851043701171897e-01
-9.019563293457031339e-01
6.662593364715575783e-02
5.285009765624999467e-01
2.504016160964965890e-02
4.947178268432617099e-01
-1.675208091735839733e-01
-1.432729434967041082e-01
nan
nan
nan
nan
-3.522593307495117121e-01
3.152015876770019598e-01
3.902669906616210715e-01
6.526202201843261941e-02
-3.010602569580078103e-01
2.013975143432617243e-01
2.644239044189453103e-01
-2.534490966796875133e-01
4.657269954681396429e-02
-3.666786575317382835e-01
-4.801666259765625111e-01
-9.902197122573851845e-03
-3.695663070678710804e-01
-2.980132341384887640e-02
4.738796234130859264e-01
1.838412475585937400e-01
4.445988845825195046e-01
-3.351581096649169922e-02
3.623361968994140425e-01
-6.537364006042480080e-02
-4.901237487792968750e-01
8.075726318359375266e-01
1.703497695922851496e-01
1.681761550903320412e-01
-8.432764434814452592e-01
-4.587804794311523549e-01
4.962237167358398704e-01
3.343790817260742232e-01
nan
nan
nan
nan
-2.344961929321288940e-01
-2.095983982086181696e-02
6.252196311950683483e-02
1.531514072418213024e-01
-1.256368923187255737e-01
-4.720732498168945246e-01
-3.804351043701171831e-01
-3.974635314941405984e-01
-2.334642982482910134e-01
4.713691329956054554e-01
-1.183627510070800748e-01
4.364462661743164218e-01
-7.946485042572021262e-02
-3.644211959838867254e-01
1.969676971435546931e-01
-3.307632064819335804e-01
-3.106840515136718994e-01
-1.197655105590820362e-01
1.623973274230957053e-01
2.462426948547363215e-01
-8.776926994323730469e-02
-1.754486656188964933e-01
-2.072565317153930720e-02
4.392148971557616882e-02
-4.226543045043945068e-01
-2.200291872024535966e-02
4.522227859497070512e-01
1.067525577545165999e-01
nan
nan
nan
nan
-2.471370697021484375e-01
-4.026879882812500200e-01
-1.763192367553710893e-01
6.575543975830078214e-01
-5.240009307861328430e-02
1.886203765869140514e-01
-8.981489181518555187e-02
1.625032806396484453e-01
6.915139198303223156e-02
-1.756759834289550737e-01
-1.292390060424804810e-01
-1.719328117370605424e-01
-4.935106754302978627e-02
-3.148599243164062478e-01
3.253076171875000089e-01
3.951154327392578103e-01
1.341163730621337813e-01
1.960046195983886630e-01
1.935493659973144542e-01
3.101734924316406072e-01
2.794707489013671942e-01
6.496893405914307140e-02
4.005643427371978656e-03
7.801741027832030939e-01
2.190613937377929588e-01
5.079164981842040905e-02
2.978432464599609641e-01
1.997799491882324141e-01
nan
nan
nan
nan
6.739676666259765137e-01
-1.846351814270019431e-01
1.849782180786132824e-01
2.670972061157226296e-01
2.259472656250000044e-01
-1.431600856781005959e-01
-1.902922439575195357e-01
1.804799270629882935e-01
-1.561166667938232444e-01
-1.167246150970459029e-01
5.715575027465820135e-01
1.907936096191406306e-01
-2.019914817810058716e-01
-7.050895690917968750e-02
-3.632011795043945113e-01
-7.210090637207031139e-02
-6.360142898559569824e-01
-3.731227111816406428e-01
4.380347442626952859e-01
2.090310335159301786e-02
-9.124258995056151733e-02
2.935064697265625244e-01
1.060194969177246094e-01
-4.124253845214843617e-01
-5.316878509521484331e-01
-1.646696090698242243e-01
-6.084706115722656738e-01
3.886454010009765536e-01
nan
nan
nan
nan
7.372154998779296697e-01
1.625314354896545410e-03
-1.598622894287109464e-01
-1.318247604370117176e-01
-4.891135406494140359e-01
2.144754600524902410e-01
-1.352562141418457153e-01
5.914547729492187766e-01
2.323318862915039196e-01
1.749490928649902466e-01
3.266985321044921786e-01
1.655211639404296775e-01
-1.692179870605468872e-01
7.948677539825439731e-02
4.047988510131835804e-01
1.333596992492675770e-01
1.583217144012451227e-01
-1.786654472351074108e-01
-4.945148086547851429e-01
-2.535195159912109197e-01
-5.138630867004394254e-02
3.700762176513671675e-01
2.102432060241699319e-01
5.131655883789062456e-01
3.029433250427245872e-01
-5.182768344879150335e-02
-1.088671493530273399e-01
-5.006835937500000444e-01
nan
nan
nan
nan
-7.348958015441894864e-02
7.474974060058593439e-01
5.798671340942382901e-01
8.927444458007812722e-01
3.244074630737304732e-01
5.514548778533935602e-02
-6.239700794219970453e-02
-2.664465141296386563e-01
1.831957817077636830e-01
-1.006443252563476554e+00
-5.484071254730224498e-02
-7.852643585205077992e-01
5.827290725708007546e-01
3.032360792160034013e-02
-2.812934494018554665e-01
-4.814293670654297141e-01
4.276090145111084012e-02
-3.662100601196289218e-01
-1.239691638946533170e-01
-2.101268196105957053e-01
3.905298995971679954e-01
-6.270595169067383345e-01
9.500139236450194646e-02
-2.094290494918823325e-02
-5.623287963867187322e-01
-7.209922313690185491e-02
-2.433846664428711004e-01
9.656429886817932684e-03
nan
nan
nan
nan
-3.709395599365234442e-01
-3.441727399826050027e-02
-4.995011901855468950e-01
-4.357052230834960738e-01
-2.625817871093750200e-01
-3.916276168823242254e-01
1.654662895202636819e-01
8.013144493103027677e-02
-4.712474822998046764e-01
-3.968127822875976429e-01
4.950962066650390486e-02
-7.449133872985840010e-02
2.073327636718750033e-01
-2.699313402175903404e-02
-3.375688934326172008e-01
2.452677011489868067e-02
-4.442079925537109619e-01
-6.206344985961913530e-01
-9.755596160888671542e-02
2.533151817321777077e-01
3.504040908813476629e-01
-5.460094451904297097e-01
3.240925598144531183e-01
4.651003265380859175e-01
1.061916542053222695e-01
-4.103671264648437456e-01
-1.565715122222900435e-01
2.297058486938476640e-01
nan
nan
nan
nan
-2.807156562805175892e-01
-2.197313690185546953e-01
-4.000603103637695446e-01
1.098267459869384788e-01
-2.961012268066406383e-01
9.510928988456726282e-03
2.564099693298340088e-01
4.218169784545898193e-01
1.285853099822998058e-01
-1.492919158935546997e-01
1.528095602989196743e-02
-3.227422714233398326e-01
1.250445270538330100e-01
-2.114458656311035134e-01
-2.823591995239257968e-01
-5.997918319702147949e-01
2.164521694183349498e-02
-4.519052124023437700e-01
-4.138111877441406072e-01
2.927674865722656450e-01
-1.468361663818359419e-01
-1.448335933685302723e-01
-2.347044181823730591e-01
2.526759529113769553e-01
4.609289932250976718e-01
-5.187772369384765492e-01
-4.354567718505859553e-01
-3.753179168701171742e-01
nan
nan
nan
nan
-2.096670150756835826e-01
2.976766967773437633e-01
-2.175180435180664174e-01
8.689523315429688033e-01
2.117101097106933727e-01
5.112786865234375533e-01
2.659082984924316384e-01
3.340551376342773549e-01
-1.154530525207519559e-01
7.587345886230468794e-01
9.834793090820312389e-02
7.135801696777344105e-01
3.583059310913085799e-02
7.017219543457031694e-01
5.356405639648437189e-01
7.634992980957031605e-01
-1.648559951782226640e-01
-1.107197952270507768e-01
-4.372437477111816573e-02
1.057284832000732477e-01
2.421738052368164196e-01
4.888208007812500089e-01
4.574140548706054910e-01
-7.800370693206787331e-02
2.948232269287109353e-01
-5.546367168426513672e-02
1.914183974266052413e-02
7.694936275482178178e-02
nan
nan
nan
nan
4.089397048950195179e-01
2.510588264465332120e-01
-9.750148010253906206e-01
-5.245025634765625444e-01
-9.645425415039062811e-01
-8.125796318054198664e-02
-2.796995925903320579e-01
-3.183117294311523238e-01
-6.148674392700195224e-01
-7.013387298583984020e-01
-1.091709594726562482e+00
-2.918448066711425981e-01
-7.168928527832031383e-01
-5.477782821655273748e-01
-4.451967239379882590e-01
-7.271591186523437278e-01
-5.281429672241211293e-01
-1.056198043823242116e+00
-4.093114089965820268e-01
-5.701767349243164196e-01
-9.149581909179687056e-01
-6.319095611572265181e-01
-7.155463409423827859e-01
-1.028634643554687589e+00
-3.978187179565429443e-01
-2.490246963500976629e-01
4.553108215332031250e-01
-2.971776771545410201e-01
nan
nan
nan
nan
-2.094078636169433572e-01
-1.271775054931640614e-01
-7.868335723876953569e-01
-5.695901107788086115e-01
-3.950844573974609530e-01
-3.485995864868163818e-01
-5.384057617187499867e-01
-1.180843276977538991e+00
-7.262119293212890847e-01
-9.113564300537109197e-01
-1.873760032653808694e-01
-7.295682525634765714e-01
-2.761093330383300737e-01
-7.492716217041015536e-01
-1.867517089843749867e-01
2.541942358016967621e-02
-1.756429481506347756e-01
-5.217112350463867232e-01
-4.460325622558593550e-01
-6.301195144653319868e-01
-3.466294479370117254e-01
-6.429632568359374689e-01
-4.054719924926757924e-01
-7.186837005615234197e-01
-2.593193054199218750e-01
1.997246742248535156e-01
nan
nan
nan
nan
nan
nan
-2.945071792602538818e-01
1.729285430908203136e-01
8.864043235778808205e-02
-1.435350060462951653e-02
-2.005218315124511763e-01
2.009911060333251925e-02
-2.839692306518554754e-01
5.489011764526367104e-02
-4.470137786865234220e-01
6.429462432861328403e-02
1.236051082611084040e-01
-5.749640941619873352e-02
2.435637664794921831e-01
-2.278923273086547879e-02
3.542356109619140825e-01
-3.836742401123046653e-01
4.378417968750000083e-02
-1.711661720275878817e-01
-6.423873901367187500e-01
-9.590632438659668635e-02
1.673539924621582076e-01
3.190422058105468750e-02
-2.710742378234863303e-01
-4.544584274291992021e-02
7.242449951171875400e-01
1.401757240295410135e-02
-1.866819381713867299e-01
-5.140387344360352051e-01
nan
nan
nan
nan
-3.272282409667968683e-01
-9.760931968688964233e-02
2.139315795898437400e-01
-2.348154067993163951e-01
-4.830611419677734442e-01
-2.503349876403808683e-01
9.131020545959472878e-02
-3.325020599365234308e-01
-5.922812271118164107e-01
-3.752354049682617432e-01
-5.057737350463866743e-01
-3.741558074951172042e-02
-2.014377832412719838e-02
-6.740411758422851229e-02
-1.781092643737793024e-02
8.697460174560546486e-02
7.525716781616210993e-02
-3.757575225830078192e-01
-1.996271133422851674e-01
-2.651000785827636874e-01
-2.486125755310058527e-01
-4.496228790283203214e-01
nan
-2.417170143127441440e-01
3.004619026184082164e-01
3.759467363357543723e-02
-2.419297409057617199e-01
6.068391799926757535e-02
nan
nan
nan
nan
2.082286357879638630e-02
-6.199417877197265225e-01
-3.828866958618164229e-02
-2.398297691345214755e-01
-5.226630020141601607e-01
-2.367502784729003940e-01
-3.920417785644531028e-01
-4.990404510498047119e-01
-2.364759254455566506e-01
-1.637171173095703092e-01
5.009230041503905939e-01
-1.224727916717529286e-01
-4.948087692260741965e-01
-2.379262924194335826e-01
-2.047482490539550837e-01
1.091478824615478571e-02
4.461503028869629253e-03
-1.798946571350097667e-01
-3.223980712890625044e-01
-2.184498405456543058e-01
-8.974043273925781383e-01
-4.213799285888671919e-01
-1.098215866088867176e-01
-3.288946151733398438e-01
-4.520647048950195146e-02
9.230031967163085382e-02
-7.281388759613037498e-02
-8.685162544250488170e-02
nan
nan
nan
nan
-4.162129878997802845e-02
-1.782848739624023349e-01
-4.581624221801757768e-01
-3.142652702331543146e-01
-1.119913768768310558e-01
2.434890174865722567e-01
-4.966360473632812633e-01
-2.312893486022949141e-01
-4.390528869628906317e-01
2.490262269973754841e-02
-1.353012180328369007e-01
1.386866283416748058e-01
-3.401020431518554932e-01
2.284959554672241072e-02
-3.186643218994140714e-01
2.328883934020996027e-01
-1.691814231872558472e-01
-1.134494304656982477e-01
nan
-4.014819335937500067e-01
1.138732135295867981e-03
1.936940073966979953e-02
-2.058252525329589966e-01
-3.988324356079101518e-01
-3.905857086181640514e-01
4.709487438201904325e-02
-2.211862373352050659e-01
-1.788200950622558516e-01
nan
nan
nan
nan
-2.955173110961913929e-01
1.717970085144042980e-01
-7.789146423339843306e-02
-1.842133140563964877e-01
6.619840264320373847e-03
3.912942504882812589e-01
-3.240644454956054799e-01
8.417098045349120927e-02
2.242099189758300914e-01
3.724710083007812256e-01
9.471223831176757424e-02
-6.401144027709960993e-02
-1.763326072692871227e-01
-1.500245285034179643e-01
-2.552516698837280218e-02
1.866146659851074252e-01
3.733234167098999079e-02
9.890487670898437389e-02
-1.024437713623046892e-01
-1.385153388977050648e-01
1.353947401046752888e-02
3.200294113159179443e-01
2.794721364974975600e-02
3.653689575195312456e-01
7.281330823898315811e-03
3.431951522827148549e-01
8.770461082458495816e-02
-2.700389099121093817e-01
nan
nan
