nan
nan
-2.762855339050293013e-01
6.831439495086670532e-02
2.156117630004882879e-01
1.330759429931640536e+00
1.579652786254882868e-01
-2.166776275634765547e-01
8.336939811706542414e-02
2.607920646667480358e-01
-7.452584075927733975e-01
-8.488218307495117021e-02
5.727355957031250444e-01
-8.887608337402344016e-01
1.051812171936035156e-01
2.195568847656249878e-01
-2.325859546661376842e-02
2.382410621643066273e-01
1.603557968139648349e-01
1.535511016845703125e-01
-3.506926727294921720e-01
-3.366371393203735490e-02
-4.969170761108398504e-01
-1.176012706756591752e-01
-3.897687530517577881e-01
-5.634973144531250089e-01
-5.518434524536133257e-01
-2.430472373962402344e-01
-1.142657375335693337e-01
-1.498505949974059982e-02
nan
nan
nan
nan
1.082967376708984381e-01
6.524259948730468661e-01
1.639332580566406350e-01
-7.032917785644531294e-01
5.516019058227539240e-01
-5.304762363433837558e-02
3.040663719177246205e-01
3.584311008453369002e-02
-1.466267228126525921e-02
3.422830820083617998e-02
-4.927895355224609641e-01
1.795393180847167924e-01
-3.884829759597778487e-02
4.392483139038085849e-01
-1.038404750823974654e-01
-2.740976524353027077e-01
4.121948242187499778e-01
-6.533212280273437145e-01
-1.147161388397216764e-01
-6.814919281005858975e-01
-2.254220771789550715e-01
-1.560547709465026807e-02
5.235262393951416182e-02
-1.687815284729003995e-01
4.188499069213867387e-01
-5.393498420715332059e-02
4.301309585571289062e-01
-6.803774261474608842e-01
nan
nan
nan
nan
8.873020172119140681e-02
-2.537876892089843683e-01
-1.830916595458984275e-01
1.167859954833984304e+00
-9.413456726074218572e-01
2.536765480041504039e-01
9.169853973388671919e-01
1.078620910644531306e-01
9.763544797897339214e-03
3.848717880249023504e-01
3.775924301147460804e-01
4.339062499999999933e-01
-4.580504989624023526e-01
9.447401428222655939e-01
-4.297986221313476740e-01
6.602192687988280850e-01
-5.036774826049804643e-01
1.055803894996643066e-02
-3.802312850952148660e-01
-3.403166198730468994e-01
4.774945068359375266e-01
-2.430069541931152433e-01
-3.783405685424804932e-01
-7.819261169433593395e-01
3.223599243164062544e-01
-3.677476167678832980e-02
-3.173732185363769553e-01
2.046385574340820190e-01
nan
nan
nan
nan
9.116448211669921919e-01
-5.636868667602539240e-01
-5.292221069335937278e-01
-5.227718734741211293e-01
-8.011768341064453569e-01
-3.008280563354492343e-01
-3.020915412902832053e-01
-1.682772254943847579e-01
7.175742340087890581e-01
5.302577495574951200e-02
6.099315261840820845e-01
-3.379713535308837696e-02
-3.833490982651710705e-04
-5.909385204315185242e-02
1.539050483703613414e-01
1.576217746734619174e-01
-2.165936231613159110e-02
-1.606377792358398560e-01
7.307304382324218972e-01
3.481975173950195290e-01
-4.126816272735595731e-02
1.086913108825683649e-01
6.757564544677734375e-01
1.297850036621093772e-01
2.938194656372070113e-01
-1.988250923156738292e-01
4.424821090698242143e-01
-1.817482566833495961e-01
nan
nan
nan
nan
4.806012630462646457e-02
-2.919179153442382768e-01
2.081673431396484364e-01
1.860852622985839921e-01
4.497060298919677845e-02
2.199979782104492243e-01
-6.027172088623047319e-01
1.641673088073730413e-01
-4.169886779785156317e-01
9.053588867187499500e-02
3.403760671615600752e-02
6.646225452423096258e-02
2.635182571411132657e-01
-4.283919143676757635e-01
-8.396385192871094194e-01
9.330168724060058927e-02
-5.274773025512695668e-01
-9.825330352783203658e-01
-6.100175094604491921e-01
-8.328046417236327770e-01
-2.104703140258789018e-01
-2.778640937805175737e-01
-5.239669799804687056e-01
-1.476517009735107411e-01
8.104428100585937544e-01
5.041919231414795227e-02
1.143550872802734375e-01
-7.648540496826171653e-01
nan
nan
nan
nan
8.463344573974609930e-02
1.836640548706054699e-01
1.220840960741043091e-03
-2.328927803039550770e-01
-2.563491439819335915e-01
2.508756637573242299e-02
-2.379881739616394095e-03
-1.529482555389404252e-01
2.159428977966308671e-01
-7.142858886718750355e-01
-4.126995086669921903e-02
6.624966430664062100e-01
1.555919456481933694e-01
1.787971973419189356e-02
2.296745681762695224e-01
-8.907640838623046564e-01
9.808311462402343750e-01
-4.271944427490234619e-01
8.359250640869140270e-01
1.773898887634277333e-01
-2.127318382263183594e-01
8.030276298522949496e-02
-1.716157150268554643e-01
4.710044384002685242e-02
-1.971077728271484475e-01
-2.408873176574707065e-01
-3.206910705566406450e-01
6.793796539306640181e-02
nan
nan
nan
nan
-4.711788558959961182e-01
7.657686233520508146e-02
-7.751502990722656250e-01
4.188646697998046897e-01
4.626293945312500155e-01
6.707039642333983975e-01
-4.764072418212890736e-01
-2.587282180786132924e-01
2.579401397705078369e-01
-5.829589080810546609e-01
8.971345520019531339e-01
-7.289503479003905939e-01
-4.809492874145507857e-01
-3.108409500122070179e-01
-5.951645374298095842e-02
4.322477340698241965e-01
-2.508282852172851740e-01
-1.305859184265136808e-01
5.938741683959960493e-01
-4.277952194213867076e-01
-2.913780593872070113e-01
6.336377334594726074e-01
5.062235355377197460e-02
-2.570641899108886963e-01
2.259623336791992121e-01
-4.119160461425781516e-01
-7.142918109893799106e-02
-1.056210136413574252e-01
nan
nan
nan
nan
-2.486913204193115165e-02
5.058521747589111300e-02
3.496049642562866488e-02
-2.031794548034668024e-01
1.265469169616699197e-01
1.961437034606933472e-01
4.447801589965820201e-01
5.025024414062499722e-02
6.794596099853515980e-01
2.669903182983398571e-01
4.167816925048828391e-01
-5.749852180480957003e-02
-7.402671337127685047e-02
1.905858421325683505e-01
-4.268495559692382924e-01
-4.382316970825195224e-01
-8.038785934448242076e-02
6.242160797119140903e-02
5.893019485473632857e-01
-1.466848754882812411e-01
5.787812709808349415e-02
-1.468398952484130937e-01
1.208328342437744174e-01
2.370732307434081920e-01
-7.731232166290283314e-02
1.719005012512206942e-01
1.986163711547851429e-01
-3.734797668457031095e-01
nan
nan
nan
nan
-7.405512332916260043e-02
-1.926675605773925659e-01
-5.780202484130859686e-01
1.743811416625976607e-01
4.109948348999023504e-01
3.742022323608398260e-01
3.479232025146484220e-01
-8.446469306945800226e-02
3.276361942291259460e-02
4.837423324584960715e-01
4.217047500610351385e-01
2.875517654418945357e-01
4.416845703125000244e-01
1.912866210937499978e-01
-2.770162200927734353e-01
-3.853308868408202859e-01
4.582374954223633057e-01
2.695773696899413929e-01
-7.916576385498046431e-01
-4.855164718627929532e-01
4.499274826049804443e-01
-5.331351280212402038e-02
-3.954600906372070512e-01
2.464552164077758734e-02
4.049403762817382901e-01
6.291175079345703303e-01
8.113009452819824885e-02
1.028086662292480441e-01
nan
nan
nan
nan
-3.249095916748047097e-01
1.665522003173828258e-01
-2.724383163452148704e-01
-1.629777145385742088e-01
2.869279098510741921e-01
-3.414896011352538951e-01
4.776493835449218683e-01
-4.379415893554687300e-01
-4.709233856201172075e-01
-4.166499328613281206e-01
-5.234038162231445801e-01
9.112168550491333424e-03
-1.649711799621582098e-01
-7.131938171386719150e-01
2.765892028808593708e-02
-3.194808006286621316e-01
-2.214856147766113281e-01
-6.072260284423828258e-01
4.193990707397460826e-01
4.909780120849609464e-01
-5.946462154388428012e-02
-1.277584552764892689e-01
-3.356260681152343772e-01
5.365461826324462863e-02
-6.208936309814453436e-01
1.036846065521240257e-01
-2.008329772949218883e-01
-3.734746932983398215e-01
nan
nan
nan
nan
-9.590744018554688000e-02
-1.961118125915527477e-01
-3.098604583740234286e-01
-2.727214336395263755e-02
4.429018783569336204e-01
-1.288601303100586071e-01
5.193652725219726207e-01
1.735250282287597590e-01
-3.071704292297363081e-01
-1.331546497344970603e-01
5.295222282409667997e-02
-1.221846485137939448e-01
1.412676239013671842e-01
-2.848411750793456987e-01
4.230943298339843728e-01
-6.738828277587890492e-01
-4.342270278930663863e-01
1.378030300140380970e-01
1.096660852432250997e-02
9.872972106933594061e-01
2.675693893432617432e-01
2.677748870849609442e-01
3.129520606994629084e-01
-9.625270843505859264e-02
-1.936848831176757879e-01
-1.649401283264160245e-01
3.581697082519531006e-01
-1.380209541320800704e-01
nan
nan
nan
nan
-3.801885986328125133e-01
-1.179705524444580045e-01
-3.388862991333007613e-01
4.247690582275390758e-01
-1.961881828308105480e-01
-8.001182556152343361e-02
-2.405759048461914018e-01
-3.629737854003906028e-02
-1.605035972595214855e-01
-4.332188796997070157e-01
3.112914085388183705e-01
3.153392791748046986e-01
1.082138252258300765e-01
-9.122461700439452592e-01
4.929741382598876870e-02
1.342281246185302868e-01
-7.241861724853515536e-01
-3.133119201660156117e-01
-2.207533454895019565e-01
-8.242044067382812145e-01
5.672945022583008035e-01
2.613659667968750155e-01
8.567494750022887698e-03
8.934373474121093395e-01
2.556742668151855691e-01
-8.505649566650390625e-01
-1.102428817749023376e-01
-3.413489532470703192e-01
nan
nan
nan
nan
-3.710181713104247769e-02
1.731793284416198800e-02
-2.845405769348144376e-01
5.312204360961914062e-02
4.538552474975585671e-01
7.594737052917480136e-02
-1.022468471527099576e-01
5.043259620666504239e-02
-1.093493843078613276e-01
-6.642114257812500311e-01
-1.678172874450683527e-01
5.368998718261718262e-01
5.304921150207519281e-02
2.177613258361816295e-01
-4.396370697021484419e-01
-6.346068572998047053e-01
1.076232528686523526e+00
1.201498794555664051e-01
4.023877334594726518e-01
-2.613576889038086160e-01
3.747663116455078325e-01
7.713032245635986772e-02
7.649717712402344105e-01
1.337127685546875000e-01
2.612627220153808660e-01
1.139903450012206970e-01
8.251087951660156516e-01
-9.218857765197753518e-02
nan
nan
nan
nan
2.379053878784179732e-01
1.039128875732421853e-01
6.052597427368163752e-01
4.009390258789062300e-01
-6.872366333007812189e-01
3.132265281677246160e-01
4.067972946166992232e-01
-3.236528778076172008e-01
-1.339907646179199219e-01
2.380613517761230591e-01
8.081189155578613614e-02
-6.321982383728026733e-02
-2.856028747558593817e-01
-6.221983337402343661e-01
-3.279689311981201505e-02
-6.267069625854492232e-01
3.893250656127929532e-01
-1.939766502380371183e-01
1.932905387878418035e-01
-3.256696701049804910e-01
-2.846133232116699330e-01
-3.487009048461914285e-01
-7.933061218261718839e-01
-4.423591232299804443e-01
-4.603621673583984109e-01
-7.112795257568359508e-01
-1.057103652954101580e+00
-8.064742684364318431e-03
nan
nan
nan
nan
-3.476004791259765803e-01
7.471643924713135265e-02
7.627811431884765625e-01
-2.519274520874023593e-01
2.061355352401733274e-02
-2.603995132446288996e-01
-1.352634334564208896e-01
3.428145599365234331e-01
1.792650985717773315e-01
7.637184619903564231e-02
1.346618175506591741e-01
-4.064984893798828103e-01
3.071026802062988281e-01
-5.152605056762695757e-01
3.958075714111328192e-01
2.632854461669921764e-01
-5.054077625274658314e-02
3.341522216796875000e-01
5.818437576293945535e-01
-2.847143411636352678e-02
-1.432746601104736284e-01
-2.305374145507812361e-02
8.080157470703125400e-01
-2.532878684997558749e-01
5.760492324829101785e-01
4.168637084960937766e-01
3.456290721893310464e-02
6.970558166503906250e-01
nan
nan
nan
nan
-6.805528259277343617e-01
-8.551346778869628462e-02
1.189698505401611262e-01
-2.328289604187011586e-01
3.090200901031494099e-02
-2.229441833496093872e-01
-3.138775825500488281e-01
-2.638454198837280121e-02
3.321813964843750022e-01
3.631618738174438588e-02
1.012240524291992294e+00
5.132722091674805087e-01
-1.769697570800781161e-01
2.795065689086914107e-01
5.519664382934570401e-01
6.596322059631347379e-02
-7.753087997436523826e-02
-4.987546920776367299e-01
-6.111070251464844061e-01
-1.488682174682617321e-01
-5.346585273742675976e-02
3.250746536254882635e-01
3.008288764953613303e-01
4.341630935668945590e-02
-6.095168590545654158e-02
2.124579238891601551e-01
3.414207839965820446e-01
1.375897598266601629e-01
nan
nan
nan
nan
3.346786880493163863e-01
1.435263347625732322e-01
3.208683013916015514e-01
8.847684478759765270e-01
-3.020852661132812367e-01
2.814923095703125155e-01
4.160765171051025724e-02
-2.333108663558959919e-02
-1.484353542327880859e-01
7.153576374053954856e-02
1.882636070251464955e-01
-1.831141281127929565e-01
-1.451131820678711049e-01
-1.173226928710937450e-01
4.757712364196777649e-02
-6.991045379638671786e-01
2.075603246688842787e-02
6.165802764892578391e-01
1.802691650390625122e-01
1.289229106903076183e-01
3.248174667358398326e-01
-2.185038089752197252e-02
9.271262168884276955e-02
-6.089418411254883257e-01
-1.210986995697021507e-01
-3.103470420837402544e-01
2.603063392639159979e-01
-2.128157424926757912e-01
nan
nan
nan
nan
5.918518066406250333e-02
-3.505683517456054665e-01
4.703913116455077925e-01
7.120982360839843706e-01
1.307373523712158231e-02
2.211366081237793046e-01
5.767472457885741699e-01
-9.012317657470703125e-02
-6.713825225830077903e-01
1.333177089691162109e-01
-4.532881736755371010e-02
1.008709907531738226e-01
-1.812756729125976629e-01
2.065032958984374944e-01
4.408146286010742321e-01
-1.778833389282226674e-01
-1.064145946502685486e-01
-3.059852600097656139e-01
-3.334447097778320268e-01
1.928462982177734514e-02
4.904499435424804488e-01
-1.196537208557128945e-01
-2.212856483459472723e-01
-4.459349060058593883e-01
-1.616416549682617165e-01
-2.655683326721191562e-01
4.780038452148437367e-01
-8.100826263427735041e-02
nan
nan
nan
nan
6.994170379638672275e-01
3.180737113952636919e-01
-4.511062145233154380e-02
4.479147338867187633e-01
-3.734242200851440457e-02
-2.871561813354492343e-01
2.730468559265136763e-01
-3.457880496978759516e-02
2.739329338073730469e-01
8.134474754333495539e-02
-3.112824678421020549e-02
-3.218197250366210960e-01
6.497177886962890447e-01
1.671672439575195290e-01
-3.852835083007812300e-01
3.125058746337890381e-01
-3.084163284301758012e-01
-3.362587738037109419e-01
-4.453442096710204939e-02
1.167083930969238237e-01
-1.791104316711425795e-02
-6.932588958740234508e-01
1.576317191123962486e-02
6.361195373535156738e-01
-4.970970535278320113e-01
1.835692644119262668e-02
nan
nan
nan
nan
nan
nan
-1.570639133453369252e-01
-2.418490028381347634e-01
-4.795577239990234109e-01
3.129380416870117254e-01
7.164804077148437811e-01
-1.986709976196289196e-01
2.242175865173339777e-01
6.926011562347411665e-02
-1.066316318511962846e-01
2.837420654296874956e-01
7.074674224853515492e-01
-6.722340393066406072e-01
-4.527965068817138561e-02
8.041260719299316018e-02
4.865669631958007835e-01
2.128358078002929588e-01
3.129397201538086093e-01
3.110966682434081892e-02
-1.288882446289062456e-01
-2.822880363464355669e-01
3.142922210693359641e-01
8.851253241300582495e-04
-4.034460830688476607e-01
3.729330825805663996e-01
-4.337645530700683788e-02
2.818715667724609464e-01
2.586991310119628878e-02
-2.166632270812988148e-01
nan
nan
nan
nan
3.379754257202148282e-01
6.125012969970703436e-01
5.962704658508300587e-02
2.592404365539550670e-01
5.505511093139648926e-01
2.174579811096191417e-01
3.364876508712768676e-03
2.084969520568847601e-01
-3.753127670288086137e-01
-1.837621307373046853e-01
1.175016117095947221e-01
1.192840194702148443e-01
-2.146403121948242121e-01
3.773031616210937300e-01
-2.348087120056152333e-01
-2.933884239196777322e-01
-2.892923355102539062e-01
1.217057347297668436e-02
4.484272766113281405e-01
-6.279176712036133035e-01
3.373009872436523171e-01
6.137327671051025224e-02
nan
1.353841590881347534e-01
-3.637627792358398282e-01
-6.784956359863281161e-01
1.377540779113769487e-01
1.234367561340332098e-01
nan
nan
nan
nan
-1.782143592834472545e-01
-1.571792888641357355e-01
-1.867502975463867232e-01
4.885662841796875044e-01
1.400138950347900313e-01
-4.503783416748046720e-01
2.606096839904785134e-01
4.287922668457031516e-01
6.001129150390625000e-01
3.616856765747070157e-01
-3.091284561157226496e-01
-3.409737014770508057e-01
-7.699645233154296387e-01
1.972238731384277355e-01
-1.200946235656738248e-01
1.529522705078124878e-01
-2.119387435913085982e-01
8.283641815185546764e-02
-3.236000442504882724e-01
-1.724364280700683705e-01
1.029173183441162154e-01
2.381838226318359342e-01
-3.329447555541992232e-01
1.615763473510742065e-01
3.777497863769531117e-01
-4.667168617248534934e-02
-2.090774726867675737e-01
2.327448844909668080e-01
nan
nan
nan
nan
2.048138809204101685e-01
-2.048387718200683494e-01
-4.058144569396972962e-02
-7.039063262939453391e-01
-1.797971343994140547e-01
-1.910824203491210960e-01
-2.916670560836791964e-02
-1.912563323974609264e-01
5.809729003906249911e-01
-4.358589553833007724e-01
-2.540687942504882835e-01
3.522199392318725586e-02
-5.842371749877929288e-01
3.315507888793945424e-01
-9.385474205017090010e-02
-4.016351318359375200e-01
3.531264543533325223e-02
3.282754135131835671e-01
nan
6.069642901420593643e-03
-2.161573410034179632e-01
8.323778152465820257e-02
2.668196296691894287e-01
-1.472558879852294833e-01
-2.333313703536987402e-02
-2.297592401504516477e-02
5.028931045532226696e-01
-6.030367660522460982e-01
nan
nan
nan
nan
-1.166907043457031223e+00
-2.462386703491210860e-01
-1.813431358337402322e-01
3.810644531249999800e-01
4.600907135009765780e-01
-2.103509140014648560e-01
-4.305041122436523704e-01
-2.017997354269027849e-03
-1.106812572479248108e-01
2.487592697143554688e-01
-5.303533554077148882e-01
-9.793326854705811102e-03
-3.222997665405273326e-01
2.599670219421386652e-01
-3.375788450241088562e-02
5.672182846069335760e-01
6.285574340820312411e-01
8.985165596008300171e-02
-2.235787200927734364e-01
-1.463032054901123036e-01
-3.546599578857421720e-01
1.099517517089843688e+00
1.941992950439453136e-01
2.436133956909179721e-01
3.317095184326172008e-01
3.727789688110351718e-01
-9.045889854431152233e-02
-7.701353073120116577e-02
nan
nan
