nan
nan
-1.711063957214355447e-01
2.445331001281738359e-01
7.138601779937743530e-02
-3.174787139892578103e-01
7.387294769287109375e-01
2.691210937499999845e-01
-9.997362136840820535e-02
-4.520407867431640581e-01
3.227107620239257901e-01
-2.693989753723144420e-01
-2.493835210800170871e-02
-9.662691354751586775e-03
1.603179550170898415e-01
1.603041839599609331e-01
4.407258987426757590e-01
1.423979949951171831e-01
-6.501821136474609242e-01
-1.313573169708251998e-01
7.723891448974609109e-01
2.600459671020508012e-01
-2.298720932006835804e-01
7.010547161102294311e-02
3.546919631958007635e-01
-1.974941730499267523e-02
1.198476433753967348e-02
-5.352059364318847989e-02
-3.269762802124023260e-01
2.689227485656738303e-01
nan
nan
nan
nan
1.368893814086914185e-01
-5.613132858276367321e-01
-3.885107421874999800e-01
-2.275552749633789201e-02
-2.142464828491210949e-01
6.416974544525146096e-02
-3.557674789428710849e-01
5.700765228271484908e-01
3.776174545288085715e-01
-4.042058181762695490e-01
-4.357136917114257657e-01
7.158586502075195424e-02
4.526740264892578081e-01
-2.318070793151855435e-01
-5.990914535522461337e-01
-1.467190361022949197e-01
-8.237228393554688055e-03
-3.436275482177734153e-01
8.798294067382812778e-02
-2.902190208435058705e-01
-9.179160118103027455e-02
-7.307605743408203125e-01
1.620453453063964711e-01
-4.440892028808594016e-01
5.727394104003906694e-01
6.261580657958983887e-01
6.682853698730468750e-01
3.931143188476562411e-01
nan
nan
nan
nan
4.830477142333984286e-01
-1.366582155227661147e-02
2.708215141296386741e-01
-4.739442825317382590e-01
7.503215789794921431e-01
-1.310676670074462924e-01
-4.336791992187499778e-02
-3.805896759033203236e-01
3.391788721084594560e-02
-2.743703603744506933e-02
-2.455492019653320382e-02
1.098885536193847656e-01
2.879595375061035356e-01
5.162719249725342130e-02
1.910449981689453236e-01
8.333868026733398660e-02
-8.644734954833984686e-01
9.055980682373047097e-01
-2.246885490417480369e-01
3.023250198364257901e-01
-2.284904098510742165e-01
-1.388617420196533170e-01
-3.789550781250000111e-01
5.201848030090332198e-02
-4.471405792236328169e-01
2.274604988098144487e-01
-4.252503204345703391e-01
-4.328630065917968839e-01
nan
nan
nan
nan
-2.447641754150390592e-01
-6.949295043945312722e-01
-4.421959877014160212e-02
1.679270744323730358e-01
5.554553604125976873e-01
2.916776847839355202e-01
1.378239536285400524e-01
1.672951889038085949e-01
-2.798104858398437478e-01
-2.672191238403320290e-01
-3.455401992797851318e-01
-2.073432350158691539e-01
-6.756478881835937811e-01
1.007746124267578092e-01
-2.623290443420410178e-01
-2.165359687805175903e-01
3.063299369812011452e-01
8.684804534912109464e-01
-1.644966316223144542e-01
-1.231230449676513627e-01
-1.802958679199218872e-01
3.672699737548827947e-01
-1.712542343139648315e-01
-4.469732666015625022e-01
9.586705017089843794e-01
-7.634117603302001398e-02
5.477581405639648793e-01
-4.296006011962890669e-01
nan
nan
nan
nan
-2.641120529174804665e-01
-5.029560089111327903e-01
8.370539665222168080e-02
-1.654490470886230413e-01
-3.513696289062500089e-01
7.660985946655272938e-02
2.242687988281250044e-01
2.751506614685058638e-01
-3.352868652343750089e-01
1.734605789184570368e-01
-2.995672416687011896e-01
-8.832855224609374722e-02
-1.093470287322998030e-01
1.293417263031005904e-01
2.372808456420898438e-01
8.286412239074707198e-02
-3.353841781616210826e-01
-4.507566833496093883e-01
-3.256707382202148615e-01
-5.851396942138671342e-01
5.542028045654296964e-01
-9.751912689208984686e-01
-2.019320297241210815e-01
-4.820970153808593617e-01
-2.271528434753417869e-01
-2.628561019897460715e-01
3.030985116958618067e-02
3.888280487060546964e-01
nan
nan
nan
nan
-1.601615524291992165e-01
1.621029090881347667e-01
-1.524041461944579956e-01
-6.629501342773437278e-01
1.042290019989013661e-01
3.176849937438964711e-01
-3.182421684265136497e-01
3.585611343383788840e-01
2.363133621215820213e-01
-8.427690124511718617e-01
-2.813785171508789151e-01
-4.402004623413086071e-01
-1.690217018127441462e-01
-1.381126117706298895e-01
-8.477454376220703303e-01
-5.456732177734374689e-01
-6.849974822998047275e-01
-8.602523803710937500e-01
8.177098083496093794e-01
3.645775222778320224e-01
-3.228420639038085960e-01
-5.970030212402344105e-01
2.936813116073608287e-02
-5.362451553344727007e-01
-3.409007644653320179e-01
-3.048692321777343728e-01
1.002488040924072316e-01
-8.242209625244140137e-01
nan
nan
nan
nan
-7.683805084228515492e-01
-2.178812217712402244e-01
-4.336958312988281050e-01
7.383827686309814287e-02
9.201065826416016113e-01
-3.565872192382812389e-01
7.010067939758300726e-02
3.273548126220703347e-01
8.724230957031250400e-01
1.803642082214355347e-01
4.870418930053710960e-01
3.631762695312499845e-01
-4.796331405639648465e-02
-6.085278511047362976e-02
-1.039703845977783259e-01
2.357885360717773549e-02
5.625353622436523038e-01
-4.241946792602538929e-01
-5.193873596191406206e-01
6.024781242012977253e-04
-2.907174682617187367e-01
-5.431772232055663840e-01
1.048150920867919889e-01
-3.464048147201537892e-02
4.778375148773193054e-02
1.754301834106445357e-01
1.907530975341796831e-01
-4.817403030395507879e-01
nan
nan
nan
nan
-8.817234039306640625e-01
2.190087890624999867e-01
2.109910202026367143e-01
-4.663652038574218617e-01
5.316693115234375488e-01
4.883230209350585826e-01
-6.924945068359374956e-01
3.691597366333007613e-01
1.550075244903564575e-01
5.923445129394531161e-01
1.278769373893737715e-03
1.381359004974365146e-01
-1.152439022064209034e-01
-3.594132661819458147e-02
2.161377716064453169e-01
-3.447635269165039151e-01
7.566648960113525613e-02
1.963154602050781183e-01
-1.328872108459472623e-01
2.513737487792968572e-01
1.473231887817382790e-01
-7.021757507324218883e-01
-8.408191680908203014e-02
-1.245238208770751975e-01
-1.637018203735351451e-01
2.836431980133056682e-02
1.140149784088134721e-01
-2.685302352905273304e-01
nan
nan
nan
nan
-1.380800437927246216e-01
-7.551496505737304021e-02
-2.319222640991210893e-01
-2.265840530395507868e-01
2.522981262207031339e-01
-6.247784614562987976e-02
-2.602184867858886586e-01
2.569145202636718972e-01
-6.035618591308593572e-01
-2.738818168640136941e-01
2.072858428955078047e-01
6.599353313446044977e-02
-7.261150836944579856e-02
1.943086624145507757e-01
-7.102532958984375533e-01
7.917066192626953658e-01
-3.904669952392578192e-01
5.201399612426758079e-01
1.649201202392578114e-01
-1.607707786560058638e-01
1.328746318817138616e-01
-8.157289886474609064e-01
5.892110443115234908e-01
-3.274489593505859331e-01
-2.389117240905761774e-01
-4.186684799194335671e-01
2.688932609558105646e-01
1.277946376800537243e-01
nan
nan
nan
nan
-2.691937065124511697e-01
7.326945495605469150e-01
-1.498682212829589855e-01
-3.015646553039550981e-01
-4.078618621826171631e-01
2.696859550476073952e-01
9.881692504882813033e-01
-2.358853149414062433e-01
3.815679168701172075e-01
2.157017135620117321e-01
2.489887619018554821e-01
-6.464444637298584484e-02
1.703566741943359497e-01
-3.003287315368652344e-01
4.779557800292968950e-01
-1.840709805488586343e-02
7.233245086669921609e-01
1.284040069580077992e-01
4.052868652343750155e-01
2.738085556030273593e-01
-4.162683486938476562e-01
1.734469032287597745e-01
1.377357196807861284e-01
-3.856456756591796764e-01
-3.756790161132812500e-01
-9.389193534851074385e-02
-4.482748031616211049e-01
-4.172816085815429510e-01
nan
nan
nan
nan
7.070561051368713483e-03
5.694731521606445357e-01
3.568320846557617165e-01
2.281319618225097767e-01
-4.346004486083984708e-02
-3.758330154418945135e-01
-3.579420089721679910e-01
2.755947113037109375e-01
2.912862062454223480e-02
-9.204085350036621260e-02
-2.946263694763183727e-01
-5.096832275390624778e-01
2.762228202819824174e-01
-2.740803337097167947e-01
-3.153573226928710893e-01
8.296421051025390514e-02
-3.007781219482421609e-01
-1.708762359619140636e-01
-1.778430747985839944e-01
-3.374692153930664018e-01
-2.578439331054687700e-01
3.664277267456054754e-01
-3.204209899902343839e-01
4.515089797973632635e-01
3.800907897949218905e-01
-2.431734275817871160e-01
5.527370834350585627e-01
-1.107523574829101465e+00
nan
nan
nan
nan
-4.373016738891601363e-01
-2.751832199096679865e-01
-4.759582519531249667e-02
2.355163764953613348e-01
2.746118545532226507e-02
-3.229501342773437589e-01
4.949374198913573941e-02
-2.454432010650634682e-02
1.895229721069335849e-01
-3.713439941406250222e-01
-4.882064056396484553e-01
-4.781319427490234308e-01
5.290010070800781339e-01
-2.659008789062500266e-01
-4.944767761230468572e-01
-1.176560306549072205e-01
2.788969612121581787e-01
5.399637985229491788e-01
2.438824653625488170e-01
-6.064638519287108842e-01
5.187244415283203125e-01
1.263204455375671435e-02
2.314490318298339788e-01
7.387914657592772882e-02
1.813028335571288951e-01
1.276767730712890514e-01
-3.270827484130859331e-01
-2.910860252380371160e-01
nan
nan
nan
nan
1.901936531066894531e-01
4.796160697937011663e-02
-1.421786880493164096e-01
-4.252802658081054621e-01
-2.282880020141601629e-01
2.822051048278808594e-01
-1.708975410461425759e-01
-5.403213500976562500e-01
-2.649469184875488104e-01
-9.639968872070311945e-02
-1.089303207397460949e-01
-1.457620525360107389e-01
3.156087112426757546e-01
-1.299811458587646351e-01
-4.937233734130859197e-01
4.880461883544922053e-01
-3.651060104370117132e-02
5.324161911010741877e-01
-3.187388181686401367e-02
4.887976646423339983e-02
-4.466102600097656555e-02
-1.513487243652343883e-01
1.044637527465820392e+00
4.939275741577148215e-02
-2.034428405761718739e-01
5.979579544067382679e-01
5.472634315490722962e-02
3.433762741088867143e-01
nan
nan
nan
nan
-1.177544975280761658e-01
2.878199577331542747e-01
1.500580883026123025e-01
-5.274122619628905939e-01
-4.308407211303710849e-01
-4.112910079956054732e-01
-2.810879707336425559e-01
-6.399622440338134655e-02
-5.795956039428711293e-01
-1.962388038635253795e-01
1.221044063568115234e-01
-5.475064086914062100e-01
-1.114884109497070286e+00
-1.218692874908447327e-01
2.539831924438476496e-01
8.874296188354492687e-02
-2.901933288574218839e-01
-4.098658752441406428e-01
2.326589822769165039e-02
-1.603756546974182198e-02
-1.496875572204589833e-01
-2.909844207763672141e-01
3.230368137359618946e-02
-2.004973030090332065e-01
2.737780761718749956e-01
6.911101531982422053e-01
-1.595876312255859464e-01
-1.181412029266357411e-01
nan
nan
nan
nan
-7.344583892822265092e-01
5.546358489990234064e-01
4.916246414184570479e-02
2.268393516540527233e-01
-5.578086471557617276e-01
-6.327286720275879239e-02
-5.254497146606444957e-01
-1.228259277343750067e-01
-3.555881881713867099e-01
-3.654711914062500067e-01
3.630672454833984153e-01
2.073892593383789076e-02
2.278759765624999989e-01
1.273389911651611195e-01
8.606918334960937667e-02
4.213548660278320090e-01
-2.318894195556640558e-01
-1.653003120422363303e-01
6.052408695220947571e-02
-5.651680374145507946e-01
1.885273933410644420e-01
6.007500457763671475e-01
-6.302645111083984286e-01
-1.893025970458984408e-01
-2.247888183593750033e-01
-1.792202758789062378e-01
-2.409544706344604603e-02
4.579991340637207253e-02
nan
nan
nan
nan
1.629391098022461015e-01
-1.943322944641113215e-01
1.037812709808349637e-01
-1.865711212158203125e-01
3.349618530273437700e-01
-7.688261032104491688e-02
4.588298416137695512e-01
-2.772271156311035267e-01
3.542824554443359530e-01
-3.972565460205078058e-01
-3.933685302734374889e-01
7.367843151092529075e-02
-1.518089962005615134e-01
1.004646492004394598e-01
-1.138714313507080134e-01
-6.289480590820312189e-01
4.502132797241211182e-01
-1.053361988067626903e-01
-7.209701538085937222e-02
8.037516784667968484e-01
-2.630879211425781183e-01
-8.212709426879882812e-02
-2.236065292358398460e-01
-2.903894233703613326e-01
4.317411422729491854e-02
4.468297195434570157e-01
2.041211891174316284e-01
-3.781986999511718905e-01
nan
nan
nan
nan
-1.395086288452148382e-01
-1.144934654235839899e-01
6.350928115844726163e-01
-3.762430191040039285e-02
-1.165564179420471198e-02
1.421381568908691440e-01
-5.473075485229492720e-01
-7.316071319580078613e-01
4.870695877075195135e-01
-3.184527587890624845e-01
2.535190963745116988e-01
3.398849105834960693e-01
-2.247833824157714766e-01
3.116178894042968550e-01
-5.603280639648438033e-01
4.596444320678710893e-01
-9.774949073791504295e-02
-5.968216896057128990e-02
-5.154533767700195668e-01
-4.110749435424804754e-01
-2.094092369079589844e-01
-2.398408889770507757e-01
2.227908515930175914e-01
-3.796173095703124778e-01
-2.507292366027831787e-01
-1.523908805847168091e-01
2.412712574005126953e-02
3.284487152099609397e-01
nan
nan
nan
nan
1.259384346008300681e-01
-3.946823120117187722e-01
2.416421318054199352e-01
-1.882069587707519420e-01
-1.446745109558105480e-01
6.532645416259765803e-01
-2.729608535766601674e-01
-2.089559936523437411e-01
3.257085800170898549e-01
2.376208305358886719e-01
-6.872405242919922275e-01
1.937207984924316506e-01
2.915159225463867174e-02
-3.028830718994140470e-01
-6.907465934753417858e-02
4.473680114746093617e-01
-4.477167510986327925e-01
1.944299888610839799e-01
1.045614242553710993e-01
9.625720024108887218e-02
-4.644823455810546675e-01
2.007034111022949208e-01
-3.846769714355468550e-01
2.392102050781249878e-01
1.810392951965331954e-01
-1.070094680786132790e-01
-4.811609268188476451e-01
2.713621711730956898e-01
nan
nan
nan
nan
9.895092010498046653e-01
-7.260525512695312766e-01
2.116067886352538951e-01
-3.732334673404693465e-03
-3.462469577789306641e-02
7.248322486877441240e-02
2.356655311584472667e-01
3.682917022705078369e-01
-5.631927108764648304e-01
3.006585121154785045e-01
-6.856441497802734375e-01
1.678709536790847683e-03
5.511973857879638727e-02
2.007630920410156117e-01
3.988832092285156117e-01
-1.537048697471618715e-02
-4.170388412475585782e-01
5.950001239776611661e-02
8.699414253234863392e-02
-4.999687576293945224e-01
-1.151809215545654234e-02
1.026086044311523393e+00
9.272144317626952736e-02
-8.360724639892578303e-01
7.241969299316406428e-01
-1.770719528198242132e-01
nan
nan
nan
nan
nan
nan
5.886972045898437589e-01
-3.327512359619140825e-01
-1.315326309204101485e-01
1.836695098876953147e-01
-2.544997978210449263e-01
-2.864143180847167902e-01
2.971132659912109619e-01
3.217335891723632768e-01
-4.959403991699218861e-01
-2.627640342712402322e-01
2.226801681518554565e-01
4.143829345703125000e-01
-1.482205581665038963e-01
-5.974031829833984508e-01
-3.554456710815429576e-01
6.865050315856933982e-02
-1.004775428771972623e-01
3.085156202316284221e-02
-5.391351318359375311e-01
2.482550621032714733e-01
-3.728708267211914285e-01
-3.707015609741211026e-01
1.412039184570312578e-01
4.365610504150390647e-01
-1.815660858154296842e-01
1.398521184921264725e-02
3.131152534484863414e-01
3.072086143493652499e-01
nan
nan
nan
nan
5.588102340698242188e-02
3.957299804687500200e-01
9.220403671264648660e-02
5.249082565307616743e-01
-5.561219453811645438e-03
3.748435592651367387e-01
5.778943634033203436e-01
6.219401168823242010e-01
1.437742042541503840e-01
2.424363708496093672e-01
-2.934185218811035112e-01
-2.431166839599609442e-01
-9.342414855957031916e-02
4.681856918334961204e-01
9.788902282714843917e-02
-1.681703758239746216e-01
6.593831062316894698e-02
-1.992994499206542924e-01
1.158994770050048861e-01
1.000033950805664096e-01
1.644004821777343694e-01
-3.873768997192382768e-01
nan
-6.119141387939452947e-01
1.891880226135253806e-01
3.878280401229858287e-02
8.341165542602539673e-02
-2.783411026000976451e-01
nan
nan
nan
nan
-1.979336547851562600e-01
-2.884232139587402100e-01
6.513890266418456698e-02
-1.558381652832031283e-01
-4.312192535400390381e-01
1.937946891784667891e-01
3.934661865234375111e-01
-9.065322875976562778e-02
-9.037440299987792303e-02
-9.206804275512694979e-02
-1.377236284315586047e-04
2.693048477172851340e-01
-2.034218978881836004e-01
-1.959616470336913996e-01
-3.936755371093749734e-01
3.496237277984619307e-02
-6.818558692932129295e-02
1.046616649627685608e-01
-4.871279144287109508e-01
1.075652408599853532e-01
-3.002213478088379128e-01
3.786943817138672119e-01
5.531303882598877231e-03
5.618037033081054732e-01
3.332308578491210982e-01
-5.062122821807861495e-02
5.199459075927734819e-01
1.105513095855712863e-01
nan
nan
nan
nan
2.334187698364257879e-01
1.811883544921875089e-01
-3.082320690155029418e-03
9.854913711547851063e-02
2.211340332031249967e-01
-1.283124542236327992e-01
-4.754433155059814564e-02
-1.175576686859130804e-01
5.522834777832030806e-01
2.215196609497070424e-01
3.664736557006835760e-01
5.284009170532226740e-01
-5.717562103271484064e-01
-4.432166290283203192e-01
-2.745103645324706854e-01
-3.610705566406249845e-01
2.727760505676269376e-01
2.573048591613769434e-02
nan
3.579338836669921919e-01
-3.829190826416015714e-01
-2.164802742004394431e-01
4.432218551635742076e-01
-9.653357505798339233e-02
-1.349957704544067424e-02
-1.367053604125976485e-01
-2.619521713256836026e-01
-5.961000061035156561e-01
nan
nan
nan
nan
-7.732947540283202637e-01
1.427133083343505859e-01
3.166421318054199463e-01
2.798578071594238215e-01
-7.992935776710509768e-03
-5.066789627075195257e-02
-1.900130081176757690e-01
-1.218872165679931591e-01
-2.667397117614745961e-01
5.700236129760741788e-01
-4.561243820190429843e-01
1.672721147537231320e-02
-8.544509887695311834e-02
7.099790191650390270e-01
-1.686646819114685086e-02
-6.852859497070312722e-02
2.080812835693359453e-01
6.426924133300780939e-01
-4.729595565795898238e-01
-1.079557991027832037e-01
7.302693176269531294e-01
3.258512020111083846e-02
-9.455825805664062889e-02
-7.441629791259765092e-01
-2.933295249938964733e-01
7.453610229492187988e-01
7.509939575195312411e-01
2.358238410949707042e-01
nan
nan
