nan
nan
1.015381240844726585e-01
-6.476885223388672008e-01
-1.125121498107910095e-01
1.026896476745605413e-01
-3.719786071777343994e-01
1.153423004150390563e+00
-1.844857406616211004e-01
5.785141468048096008e-02
-3.098662137985229437e-02
-1.505918407440185458e-01
9.884195327758789340e-02
2.525170326232910045e-01
-4.726368713378906183e-01
-2.408593559265136685e-01
-5.648569107055664285e-01
3.962438583374023465e-02
-3.374510192871093550e-01
3.043244743347168213e-01
9.453859329223632257e-02
5.062780761718750355e-01
-1.923363494873046864e-01
2.325684738159179699e-01
-3.824598312377929799e-01
6.985672760009765669e-01
-4.374691009521484153e-01
3.813909149169921742e-01
-2.687708473205566162e-01
3.613248062133789240e-01
nan
nan
nan
nan
6.237145614624023393e-01
-2.617412567138671653e-01
7.594113159179687322e-01
-1.140921936035156348e+00
3.795567274093628041e-02
-2.842762565612793058e-01
6.097741127014159879e-02
-3.061720848083496205e-01
-1.002576637268066395e-01
2.128946685791015536e-01
6.907881164550780939e-01
4.716139221191406050e-01
-4.345098495483398771e-02
-5.645933151245117188e-01
3.222345733642578147e-01
-3.552144527435302512e-02
1.081924343109130909e-01
1.628642082214355469e-01
-1.755348968505859308e-01
-2.915295982360839866e-01
2.650086641311645563e-02
-4.459337615966796897e-01
7.306241393089294399e-03
5.328904724121094061e-01
3.208504104614257613e-01
-1.127505874633789040e-01
1.232610034942626942e-01
1.176071166992187500e-01
nan
nan
nan
nan
-1.939749908447265525e-01
5.935088634490966880e-02
-3.160439109802246072e-01
-7.464109420776367243e-02
-4.403007507324218639e-01
-6.009710431098938370e-03
3.251958084106445490e-01
-3.700670242309570535e-01
4.243530273437500222e-01
2.997550201416015470e-01
-4.048128128051757812e-01
1.917274856567382779e-01
2.328102684020996183e-01
2.163800430297851685e-01
8.168209791183472096e-03
4.464655303955077925e-01
7.691759490966796342e-01
4.740071868896484353e-01
4.348434829711914085e-01
2.576997566223144798e-01
5.668169498443603738e-02
-4.631217956542968972e-01
6.160842132568359331e-01
2.505042314529418862e-02
6.256816482543945401e-01
-1.259006500244140569e-01
-2.532517051696777100e-01
3.305401992797851740e-01
nan
nan
nan
nan
2.534414100646972812e-01
-1.030723094940185630e-02
5.081875610351562766e-01
1.627926445007324141e-01
1.365057182312011674e-01
2.545791625976562278e-01
8.763822174072265492e-01
-3.148286247253417880e-01
1.782697486877441451e-01
5.028536605834961204e-01
-7.758504390716552956e-02
-8.862860107421874911e-01
4.305974960327148549e-01
2.322575759887695324e-01
2.557543182373047119e-01
2.337497711181640569e-01
-2.188538742065429810e-01
3.364603042602539174e-01
5.757369041442871038e-02
-1.020024299621582059e-01
1.373373126983642445e-01
2.678578567504882879e-01
4.918820190429687433e-01
4.522512817382812744e-01
-4.357388305664062766e-01
7.339414978027343217e-01
-6.581652069091796786e-01
3.591554641723632701e-01
nan
nan
nan
nan
1.971573066711425903e-01
9.594432830810546708e-02
3.182428169250488548e-01
1.038995170593261658e-01
-2.611021232604980313e-01
-2.399242401123046764e-01
-2.542654609680175537e-01
4.835295486450195135e-01
-1.057960319519042902e-01
-1.918250656127929721e-01
3.480842590332031139e-01
4.396841812133789329e-01
3.608631515502929710e-01
8.655709838867187145e-01
-1.183220505714416455e-02
5.097547912597656383e-01
-8.302969360351561967e-01
1.179837799072265686e-01
8.794117927551269032e-02
-3.774135971069336182e-01
-6.611318969726562855e-01
1.226908779144287170e-01
-1.462507438659667869e-01
-7.828906536102295255e-02
-4.178007507324218994e-01
-4.390257644653320357e-01
2.449075698852539174e-01
6.197777271270751842e-02
nan
nan
nan
nan
2.227669906616210893e-01
-5.050947189331054243e-01
-1.690254211425781250e-01
-8.388178253173828036e-01
4.665272140502929599e-01
4.772508621215820201e-01
9.469290733337402954e-02
7.176297903060913259e-03
1.766587448120117143e-01
-1.694805908203124989e-01
-3.492813348770141407e-02
2.046864700317382879e-01
1.907555961608886630e-01
-1.234057426452636747e-01
-2.010578918457031350e-01
4.387930679321289107e-01
-3.269247436523437522e-01
-3.611564159393310797e-02
1.261275196075439531e-01
2.591705894470214822e-01
2.041704559326171786e-01
3.353705596923828303e-01
-1.450266456604003829e-01
3.866411209106445090e-01
3.583131790161132590e-01
-1.811687850952148349e-01
1.043303108215331981e-01
-7.936692810058594283e-01
nan
nan
nan
nan
-9.360218811035155850e-01
-8.869666099548340066e-02
1.582080841064453097e-02
-8.331477165222167525e-02
2.361487197875976607e-01
3.299248123168945224e-01
3.942915344238281383e-01
-3.410071182250976607e-01
-2.945213508605957209e-01
3.954769897460937433e-01
-4.136343002319335938e-01
-4.035855102539062655e-01
-5.099049758911132768e-01
2.955191135406494071e-02
2.964080619812011763e-01
-5.633243560791015292e-02
2.276109504699707076e-01
-3.897589492797851607e-01
-1.638522911071777222e-01
1.589585494995117143e-01
-5.094007110595702992e-01
2.118795776367187467e-01
7.182435035705565796e-02
-9.036922454833984375e-02
3.377256393432617188e-01
-7.956333637237548995e-02
1.066214065551757795e+00
2.292170715332031150e-01
nan
nan
nan
nan
2.497380638122558560e-01
-1.174515628814697260e-01
-3.850829696655273526e-01
1.891846466064453225e-01
-8.015114784240723322e-02
3.352452850341796631e-01
1.838958549499511708e-01
8.502453804016113503e-02
-2.942879104614257724e-01
2.173468351364135631e-02
-2.381484222412109386e-01
-2.663293647766113437e-01
3.552595520019531383e-01
6.705908203124999467e-01
9.226634216308593484e-01
-4.159812927246094028e-02
-1.330666160583496016e-01
1.073991489410400374e-01
4.384223556518554443e-01
7.544129371643065740e-02
6.014691352844238337e-02
2.729178428649902122e-01
2.998676872253417947e-01
-5.390423774719238503e-02
-7.569691658020019642e-02
1.636297416687011730e-01
5.363700485229492276e-01
7.701589965820312411e-01
nan
nan
nan
nan
-2.272369003295898471e-01
4.676753234863281206e-01
2.958272171020507879e-01
-2.563230705261230202e-01
-5.773996734619140092e-01
-1.081441211700439470e-01
5.476923370361328480e-01
3.066800308227539129e-01
4.949173736572265447e-01
2.891236877441406006e-01
-3.355203628540038840e-01
2.989714145660400321e-02
-8.987071228027343484e-01
2.346724891662597678e-01
-1.951722145080566351e-01
2.039228630065917924e-01
8.883497238159179799e-02
-3.206315231323242365e-01
-2.724089622497558594e-01
1.248299026489257807e-01
-2.844623947143554710e-01
-7.200131988525391158e-01
5.847165679931640714e-01
5.373007202148437633e-01
6.922096252441406472e-01
1.585646247863769509e-01
5.832086944580078258e-01
-3.386371994018554932e-01
nan
nan
nan
nan
-4.623481750488281361e-02
3.287725448608398438e-01
1.024040508270263605e-01
2.805226325988769420e-01
9.029096221923827992e-01
-7.717617797851562544e-01
7.772199153900145874e-02
-3.333783721923828103e-01
2.502413177490234175e-01
9.690373420715331365e-02
-8.902697563171386996e-02
1.809050917625427274e-02
1.963524818420410156e-01
-6.837312316894531561e-01
-4.741271972656250222e-01
6.674597930908202637e-01
-4.944884872436523526e-01
1.771288871765136774e-01
-2.285616159439086970e-02
4.363434219360351474e-01
7.790622711181641180e-02
1.855596423149108790e-02
-1.785073852539062478e-01
-2.891013145446777455e-02
-4.525818824768066545e-02
2.193335342407226607e-01
-1.571850872039795011e-01
-1.268060874938964910e-01
nan
nan
nan
nan
1.069510173797607461e-01
5.444628143310547008e-01
1.403634834289550770e-01
5.685290336608886386e-02
-1.100250053405761735e-01
-3.428666591644287387e-02
1.731182289123535112e-01
1.074911499023437494e-01
-5.306181907653808455e-02
-1.545699501037597623e-01
8.076096343994140225e-01
1.262337207794189398e-01
-9.060655236244202076e-03
2.962377548217773326e-01
-1.676288795471191362e-01
-9.828071594238281528e-02
-4.191893005371093994e-01
-4.556103897094726518e-01
-7.800994873046875056e-02
1.617618918418884180e-02
-2.826079368591308816e-01
-5.289757537841797141e-01
1.683928489685058705e-01
3.474414825439453014e-01
3.024439573287963923e-02
3.094300508499145397e-02
1.203462004661560135e-02
1.349457359313964711e-01
nan
nan
nan
nan
6.212165832519531139e-02
-3.027907943725585693e-01
-1.462571334838867199e-01
-1.794391059875488359e-01
-6.714145660400390458e-02
-3.583647918701171609e-01
3.530067825317382835e-01
2.664310646057128640e-01
3.839886188507080078e-02
2.896155738830566428e-01
3.057788848876953347e-01
-6.958768463134765714e-01
-7.786398315429687855e-01
-9.286310195922851951e-02
1.531570816040039029e-01
2.008175086975097778e-01
-1.857985496520996038e-02
-3.675152206420898571e-01
2.461913108825683483e-01
5.849147415161133345e-01
-3.879578399658203391e-01
-3.299748611450195046e-01
-4.559708786010742143e-01
-3.348346328735351540e-01
4.384751129150390447e-01
-8.628351986408233556e-04
8.296316528320312189e-01
-6.734945678710937411e-01
nan
nan
nan
nan
-4.631540775299072127e-02
-9.165560722351073775e-02
2.088968276977539174e-01
-7.488385772705078436e-01
-5.729040145874023660e-01
-5.259064197540283536e-02
-4.799045944213867210e-01
-1.836298179626464910e-01
1.532585716247558683e-01
-6.916928100585937322e-01
-3.334565734863281228e-01
-2.606186103820800626e-01
5.488751220703125266e-01
7.914806365966796375e-02
3.807402801513671831e-01
-1.315310001373291016e-01
-6.113201141357421653e-02
-2.055972480773925748e-01
1.032506942749023410e-01
2.612876129150390470e-01
9.402872085571288563e-02
-4.329088592529297119e-01
3.694465637207031139e-01
-3.440383911132812722e-01
-6.729431152343750000e-01
-7.734088897705078403e-02
-1.262700843811035145e-01
5.892770767211914507e-01
nan
nan
nan
nan
-1.294086742401122925e-01
-2.102827310562133817e-02
1.203469276428222740e-02
7.167819213867187012e-01
3.627507019042968683e-01
-2.108753776550292836e-01
1.239399623870849620e-01
5.051875686645508345e-01
2.451092338562011752e-01
1.610051918029785090e-01
-5.855163574218750222e-01
-6.891675949096680298e-02
-3.111118125915527388e-01
-4.470944976806640603e-01
1.201814842224121077e-01
-2.057450294494628795e-01
6.001390457153320257e-02
-5.912110137939453613e-01
6.882968425750732311e-02
4.898387908935546986e-01
-2.038425636291504028e-01
-9.685557556152343262e-01
2.325896072387695357e-01
-1.941669654846191473e-01
-3.981405639648437633e-01
-3.254952239990234197e-01
6.520545196533202859e-01
-4.128650665283203208e-02
nan
nan
nan
nan
-3.572725772857666265e-02
-6.315830707550049161e-02
7.788121795654296964e-01
-5.001342773437500444e-01
-3.685564756393432811e-02
-8.912811279296875555e-02
-2.419740295410156283e-01
6.800523281097411998e-02
-8.934662818908691018e-02
5.724136829376220981e-02
1.524943637847900324e-01
9.436476135253906161e-01
-3.360782241821289040e-01
5.460628509521484597e-01
-4.825943374633789307e-01
1.415931701660156361e-01
-2.358494758605957087e-02
4.753459930419922097e-01
4.332239913940429954e-01
-4.084279632568359464e-01
1.015969562530517623e-01
-1.188062429428100517e-02
-5.383888244628906028e-01
-2.228712654113769454e-01
-2.395585060119628795e-01
-5.189418029785156650e-01
-5.243886566162109242e-01
-5.551414108276366832e-01
nan
nan
nan
nan
-4.596786022186279130e-02
3.581012725830078347e-01
5.451371765136718839e-01
-5.862849235534667997e-02
-8.474067687988280639e-02
5.013953399658203081e-01
1.252123451232910190e-01
-5.840229415893554155e-01
2.881581306457519642e-01
1.190970897674560602e-01
-3.124063301086426048e-01
5.617523574829101918e-01
3.337061882019042719e-02
-7.497212982177734464e-01
2.202669715881347690e-01
-2.237890434265136785e-01
5.924461746215820002e-01
6.483306121826172275e-01
-3.383193969726562278e-01
-5.500085067749023171e-01
4.785155296325683399e-02
-2.926220655441284096e-02
2.595166015625000044e-01
5.377646923065185214e-02
6.046728515624999467e-01
-1.734038925170898471e-01
1.725696945190429710e-01
5.893654632568359197e-01
nan
nan
nan
nan
-2.562769317626953369e-01
-1.311974906921386796e-01
-1.100376796722412065e-01
5.310385131835937411e-01
3.137957572937011830e-01
1.850285339355468850e-01
6.100909042358398926e-01
2.278478431701660145e-01
3.919271469116211160e-01
5.562704801559448069e-03
3.141524505615234109e-01
-3.610792160034179688e-01
-2.650645017623901381e-02
7.520795345306396928e-02
1.194996166229247980e-01
-1.362252712249755748e-01
2.792611694335937478e-01
-3.291151809692383079e-01
5.005870056152343928e-01
-1.441660404205322155e-01
3.298321914672851518e-01
4.917929840087890692e-01
3.558366012573241921e-01
3.896679687499999822e-01
2.503860950469970550e-02
-3.744047546386718994e-01
3.068957328796386719e-01
-3.289130401611328192e-01
nan
nan
nan
nan
7.041423797607422319e-01
-1.397500228881835838e-01
9.467180252075195479e-02
3.707434177398681585e-02
6.396924209594726518e-01
-3.050612807273864798e-03
6.241211414337158314e-02
9.343218994140625178e-01
2.937143135070801048e-01
-7.920986652374267800e-02
-4.456916427612304665e-01
-3.262317657470703014e-01
-2.397611178457737045e-04
-6.633087158203124778e-01
9.896632385253906206e-01
-4.443230819702148615e-01
4.422614288330077859e-01
-4.142833709716796653e-01
6.105792236328124734e-01
3.379525756835937700e-01
-2.690360641479492276e-01
3.719913864135742099e-01
2.071819496154785056e-01
3.359920382499694859e-03
-3.623170852661132812e-01
1.003488159179687506e-01
5.351770019531250089e-01
-2.128459358215332164e-01
nan
nan
nan
nan
4.712183761596679954e-01
-1.534996604919433572e-01
-3.725388336181640891e-01
1.863482284545898426e-01
1.393997573852538974e-01
6.667799377441405717e-01
-1.045187473297119196e-01
-1.168847274780273476e-01
6.879136657714843839e-01
3.447489166259765647e-01
-1.291875171661376887e-01
7.612837791442871038e-02
1.808068466186523449e-01
3.824801254272460760e-01
-1.825014686584472690e-01
1.883812904357910212e-01
-1.090122604370117182e-01
3.524253082275390359e-01
-5.312687301635742321e-01
-4.192430496215820424e-01
-2.674199104309081809e-01
-3.125318527221679910e-01
5.862031173706054865e-01
5.167323112487792747e-02
-1.869464111328124900e-01
-8.268068695068359064e-01
nan
nan
nan
nan
nan
nan
-1.010701656341552734e-01
5.420033645629882546e-01
-4.773142623901367454e-01
-3.154542541503906339e-01
3.318482971191406006e-01
1.111772632598876931e-01
5.314956283569336470e-01
1.014584064483642634e-01
-2.188543558120727497e-02
-5.536720156669616699e-03
3.570104598999023215e-01
1.832114219665527399e-01
5.367727279663085660e-02
-2.512360954284668102e-01
2.664123535156249778e-01
-2.878359794616699441e-01
2.874629259109497126e-02
-2.553960084915161272e-02
2.451527214050293058e-01
2.796578884124755957e-02
-4.844747066497803040e-02
9.442478179931640403e-02
-2.939355278015136630e-01
-5.356620407104492054e-01
-1.913001060485839955e-01
-2.079414367675781403e-02
-4.205069351196288885e-01
3.646001577377319669e-02
nan
nan
nan
nan
1.567898464202880926e-01
4.991581439971923967e-02
6.833923816680907704e-02
3.710734176635742121e-01
-3.242833614349364957e-02
3.317505598068237055e-02
5.005138397216797319e-01
4.067229080200195357e-01
1.463066005706787076e-01
2.110821533203124933e-01
-4.124589920043945090e-01
3.782149124145507968e-01
4.137008285522461026e-01
4.065967082977294672e-02
4.616363143920898526e-01
5.094117355346680087e-01
6.906455755233764995e-03
-3.903186035156249734e-01
1.049982738494873030e-01
2.422610473632812456e-01
-4.649393463134765536e-01
1.741412734985351429e-01
nan
-3.526446533203124734e-01
5.176330089569091547e-02
9.814643859863280903e-03
4.579464340209961071e-01
-2.758245277404784979e-01
nan
nan
nan
nan
-2.551081275939941495e-01
-2.135008430480956898e-01
3.383277893066406472e-01
-9.827061653137207642e-02
-9.498271942138672430e-02
-2.053351020812988204e-01
-3.410405349731445157e-01
7.420688152313231756e-02
1.067702323198318386e-03
-1.017644023895263733e-01
-1.740628814697265658e-01
-3.283306121826171653e-01
-2.273545503616333091e-02
-1.655826759338378806e-01
-3.664332199096679843e-01
3.989720153808593572e-01
-1.399215126037597623e-01
2.768993377685546875e-03
8.237725830078125311e-01
3.113137054443359530e-01
-4.414721012115478682e-02
6.257978057861328658e-01
1.258407592773437556e-01
2.458843994140625100e-01
3.942544555664062589e-01
-8.456002235412597712e-02
-5.532810091972350727e-04
1.342736625671386852e-01
nan
nan
nan
nan
-2.942637825012207053e-01
-1.131948661804199202e-01
-8.413326144218444963e-03
-2.422725296020507846e-01
2.673255348205566539e-01
-2.808449172973632724e-01
-5.886605834960937367e-01
-7.121370792388916071e-02
-4.227816390991210871e-01
-3.066354179382324019e-01
-6.108092498779297275e-01
-9.217699050903320479e-02
8.987059020996093217e-01
-5.059857845306396651e-02
6.021216583251952637e-01
5.238061523437500533e-01
-1.499245738983154275e-01
5.523609638214111578e-02
nan
3.345712661743164285e-01
2.045611190795898482e-01
-5.044524765014648526e-01
-1.274322509765624944e-01
6.885168457031249911e-01
-7.848387908935546831e-01
6.626305103302002064e-02
-1.024365329742431691e-01
-3.892676925659179776e-01
nan
nan
nan
nan
-4.988091659545898504e-01
-1.352002048492431663e-01
1.565507602691650346e-01
-2.273413658142089955e-01
4.565056228637695557e-01
3.294873809814453103e-01
4.351069259643554621e-01
2.031667327880859464e-01
-1.379935264587402455e-01
-2.099283599853515592e-01
5.695157241821289240e-01
2.286433792114257735e-01
-1.458193397521972690e-01
-3.898939132690429910e-01
4.969667434692383035e-01
5.749411010742186967e-01
-1.873034286499023482e-01
-2.063757514953613315e-01
2.201712799072265692e-01
-1.027511501312255854e-01
-8.259382629394531605e-01
3.645814514160156117e-01
-5.498496532440185630e-02
7.070122528076171475e-01
-3.407479858398437256e-01
-1.560321044921874900e-01
1.818995666503906150e-01
7.548371124267577725e-01
nan
nan
