nan
nan
3.704600906372070290e-01
2.295825004577636830e-01
3.123177528381347878e-01
2.316142654418945346e-01
5.162304306030273127e-01
-2.048278617858886597e-01
-5.436391448974609020e-01
-2.736351966857910045e-01
1.215747451782226568e-01
3.115913200378417902e-01
-9.711602783203124867e-01
-5.497259140014648660e-01
-1.905991363525390558e-01
-3.716666030883788996e-01
3.205063629150390891e-01
3.824703598022460849e-01
2.479445838928222567e-01
-4.055009841918945090e-01
1.693760681152343683e-01
1.007449245452880920e-01
2.054208278656005984e-02
-3.285324096679687611e-01
-7.092543601989746704e-02
3.974600219726562300e-01
-6.945101737976074052e-02
1.487210464477539129e-01
4.780348587036132857e-01
-9.855913162231445812e-02
nan
nan
nan
nan
-1.043471527099609358e-01
1.083757781982421925e-01
2.383971786499023415e-01
-4.385974407196045061e-03
4.588121414184570535e-01
-2.842180061340331965e-01
-6.195148468017577792e-02
-4.888368988037109508e-01
-8.074643135070801170e-02
2.809551811218261586e-01
4.345103073120117343e-01
6.197484016418457198e-02
2.785812377929687556e-02
4.558828353881835826e-01
-8.706861877441406383e-01
-2.114977455139160079e-01
-4.636597156524658453e-02
2.092936515808105358e-01
-4.184841918945312322e-01
6.313144683837890181e-01
3.699208450317382768e-01
3.154897117614746116e-01
2.016816711425781228e-01
-4.173488616943359097e-02
-1.978425216674804810e-01
1.141913414001464872e-01
1.774730873107910056e-01
2.787227249145508012e-01
nan
nan
nan
nan
-4.302637481689453036e-01
5.274380207061767772e-02
-8.309336662292481079e-02
1.913226890563964888e-01
2.428722620010375852e-02
-6.949744415283203303e-01
-3.219152450561523215e-01
-7.915429687499999645e-01
-4.288137817382812744e-01
-4.903585815429687411e-01
4.202935409545898171e-01
1.063385009765625000e-01
3.346008300781250222e-01
-9.186270904541015137e-01
1.267196273803710971e-01
-2.592838859558105336e-01
2.081984138488769398e-01
-3.868469238281250222e-01
-8.149411678314209123e-03
-4.755699920654297141e-01
-5.295468330383300976e-02
-2.141617584228515669e-01
-3.782781219482421742e-01
-1.192361259460449213e-01
-3.406346559524536105e-02
-4.361839675903320113e-01
-1.522747993469238392e-01
4.793685913085937722e-02
nan
nan
nan
nan
-8.947656631469726174e-02
4.129384231567382879e-01
-4.304210281372070068e-01
2.151566886901855602e-01
-8.444023132324218750e-02
3.295519256591796786e-01
-5.551112174987792719e-02
5.452175140380859375e-01
1.192702674865722678e-01
-3.440700531005859153e-01
1.248682975769042913e-01
5.221007919311523304e-01
1.804081916809082142e-01
-4.691572666168213057e-02
-5.978470230102539418e-01
4.704505157470703081e-01
4.205356597900390403e-01
4.946265220642089705e-02
-3.138107681274414085e-01
-1.575794935226440541e-02
2.883415222167968750e-01
-5.450310897827148615e-01
2.376878356933593839e-01
5.550951004028320535e-01
5.315221023559569824e-01
-4.084922313690185491e-02
-2.196290969848632701e-01
-1.354798984527587902e-01
nan
nan
nan
nan
-3.978570175170898504e-01
2.587783622741699485e-01
-2.236818075180053642e-02
5.688317489624022949e-01
2.849068641662597656e-01
-6.347736835479736439e-02
1.500965785980224731e-01
5.845567703247069868e-01
3.234062194824218611e-03
1.539218616485595603e-01
4.497598266601562367e-01
4.074923324584960871e-01
-1.328546428680419944e-01
9.445580482482909823e-02
-3.793363952636718550e-01
1.615886497497558694e-01
-3.436247253417968883e-01
8.345976257324219105e-01
-1.212193608283996561e-02
-4.140734481811523260e-01
-1.963317298889160067e-01
2.145087623596191317e-01
1.862512350082397294e-02
3.391556930541992365e-01
-2.181894493103027355e-01
-7.524785614013671520e-01
5.565114974975585715e-01
6.807573318481445479e-02
nan
nan
nan
nan
-7.376019287109375488e-01
6.383585357666015092e-01
-1.425624465942382790e-01
6.237223052978515536e-01
6.704508781433105025e-02
7.563746452331543413e-02
7.829743862152099831e-02
-4.831855773925781139e-01
-1.187415409088134755e-01
-3.266552734375000044e-01
-1.283684921264648393e-01
4.303209686279296786e-01
-2.438084411621093683e-01
5.936278533935547275e-01
2.467158889770507679e-01
-6.757959365844726229e-02
4.220076751708984331e-01
2.028650856018066329e-01
1.542285156250000067e-01
3.844564437866210826e-01
3.051021099090576311e-02
-4.446061706542968617e-01
2.589252853393554932e-01
2.035976791381836071e-01
3.033071899414062633e-01
-4.134959411621093595e-01
1.967148065567016560e-02
-1.214456677436828551e-02
nan
nan
nan
nan
-1.993691825866699130e-01
-2.226377487182617035e-02
5.507532501220703258e-01
8.209407806396484819e-02
-6.930633544921874778e-01
3.983173370361328125e-01
-8.261781692504882590e-02
4.853761291503906339e-01
-1.386354923248291071e-01
5.233836746215820845e-01
-2.711032104492187567e-01
2.413966560363769442e-01
9.106076049804687766e-01
3.945658111572265536e-01
-3.034346103668212821e-02
-2.474584197998046797e-01
4.078998565673828125e-01
1.665295362472534249e-02
9.491923522949218262e-01
4.518901824951171986e-01
3.780345153808593595e-01
3.365276336669921764e-01
-2.761819648742676048e-01
8.726277160644531072e-01
-2.752854919433593839e-01
-1.917580032348632779e-01
-3.868740844726562544e-01
-3.780774688720703325e-01
nan
nan
nan
nan
-2.501488685607909934e-01
-2.599904632568359464e-01
2.744350433349609375e-01
5.353108596801757768e-01
2.007157564163207855e-02
1.275757503509521440e-01
-3.293674468994140514e-01
-3.048945903778076116e-02
-7.543692779541015803e-01
-7.720693588256835604e-02
6.906009674072265403e-01
-5.485695362091064231e-02
-5.392037582397460893e-01
8.321421623229979803e-02
3.867533493041992454e-01
-1.098371887207031244e-01
-5.575208663940429965e-02
-4.208933639526367121e-01
-4.003942489624023188e-02
-3.156597137451171986e-01
-5.011519789695740093e-03
1.915431594848632790e-01
4.926668930053710871e-01
4.281068801879882590e-01
-2.737560653686523238e-01
3.949058914184570557e-01
4.502713394165038796e-01
-9.766430854797363004e-02
nan
nan
nan
nan
-7.559375000000000400e-01
5.844166278839111467e-02
3.452498197555541742e-02
-4.354743957519531528e-02
3.383073806762695312e-01
2.134519577026367243e-01
3.231724166870117432e-01
-1.816456031799316417e-01
6.796212768554688033e-01
5.591081237792968617e-01
2.411913108825683716e-01
3.434112548828124889e-01
2.522686195373535223e-01
8.200800323486328036e-01
-1.367147064208984464e-01
3.634891510009765625e-01
1.782213783264160190e-01
3.005336952209472501e-01
-6.847363281249999600e-01
4.140167617797851363e-01
9.001484870910644864e-02
-4.820392131805419783e-02
3.603664398193359153e-01
4.621512222290038996e-01
-5.582837581634521318e-02
4.530323410034179932e-01
1.701908683776855447e-01
1.726651573181152421e-01
nan
nan
nan
nan
4.048880004882812744e-01
-1.956317329406738192e-01
4.825903701782226496e-01
8.300166130065918246e-02
-1.878177642822265736e-01
-3.796370697021484442e-01
3.594855499267577970e-01
4.012704467773437478e-01
4.868985366821289018e-01
3.144306373596191251e-01
6.568952178955078658e-01
4.703020095825195535e-01
5.296380615234375089e-01
-1.589831113815307756e-02
4.038209152221679532e-01
8.374448776245117798e-02
6.563428878784179077e-02
4.018604278564453375e-02
4.671769332885742365e-01
2.434811019897460960e-01
1.589602279663085982e-01
-9.408890724182128462e-02
7.887314319610595759e-02
-1.426682376861572177e-01
-9.679413795471190907e-02
-5.172175216674804732e-01
-5.938579940795898349e-01
1.230537700653076133e-01
nan
nan
nan
nan
-1.767335700988769409e-01
4.540299987792968950e-01
2.691711044311523304e-01
-3.472237586975097934e-02
5.026315689086914285e-01
4.909962844848632657e-01
2.976861381530761519e-01
-3.964355468749999889e-01
-2.971760749816894365e-02
3.570455551147461160e-01
1.630430412292480369e-01
4.068965148925781095e-01
3.470119953155517689e-02
6.781099700927734064e-01
4.054558563232422141e-01
6.108136367797851740e-01
3.696657180786132590e-01
7.196667480468750266e-01
-1.680214881896972545e-01
5.381134033203124889e-02
9.864760398864745594e-02
4.758429718017578303e-01
3.202760696411132701e-01
3.523160934448242299e-01
1.038455128669738686e-02
4.377034187316894420e-02
1.890637207031249933e-01
7.436220169067382646e-02
nan
nan
nan
nan
6.800683593749999867e-01
1.013545244932174613e-03
7.919542694091796786e-01
4.717070770263671609e-01
1.569665527343749867e-01
-2.265841102600097690e-01
-9.481190681457520031e-02
3.009125328063964600e-01
-2.717754554748534890e-01
5.802541351318359908e-01
-1.993880653381347734e-01
2.443926429748535245e-01
4.989825248718261774e-02
1.051702594757080028e-01
3.835753631591796720e-01
1.098995666503906232e+00
2.937822723388671675e-01
1.654391098022461037e-01
2.611491584777831942e-01
4.334156799316406516e-01
-2.130421066284179654e-01
1.199964714050292952e-01
3.522927474975585671e-01
5.025359344482421831e-01
-7.274915313720703436e-01
8.935308837890625355e-01
8.786865234374999778e-01
-6.890172576904296520e-01
nan
nan
nan
nan
3.019012069702148304e-01
-3.539804077148437367e-01
-3.695763587951660101e-02
-1.988169670104980580e-01
4.755160522460937234e-01
-2.042821502685546742e-01
-2.833057785034179821e-01
6.337456703186035434e-02
9.192948150634765447e-01
3.409041976928711137e-01
-3.033064079284668035e-01
1.934561920166015525e-01
1.508092880249023438e-02
-5.821967601776122797e-02
1.592442512512207142e-01
4.636375427246093861e-01
3.840722274780273282e-01
-2.188330078125000078e-01
7.544583129882812544e-01
-4.155123901367187567e-01
4.713175773620605774e-02
2.934418869018554643e-01
-4.127499389648437433e-01
7.934730529785155584e-02
1.052416992187499983e-01
3.716753387451172119e-01
-2.074942588806152344e-01
7.517021179199219194e-01
nan
nan
nan
nan
5.179413604736328169e-01
8.743915557861328680e-02
1.957721138000488303e-01
-2.545369720458984242e-01
1.205601787567138622e-01
-3.888371944427490567e-02
3.222951126098632657e-01
-6.365316390991211382e-01
1.640154647827148371e-01
-2.369244766235351629e-01
-6.097277832031250400e-01
-2.426398658752441373e-01
6.822948455810546875e-01
4.992337226867675504e-02
6.779365539550781250e-01
4.899401473999023260e-01
-1.174357318878173767e-01
4.144618988037109264e-01
-5.605789566040039196e-01
3.652068328857421831e-01
-7.233017921447754128e-02
-2.474366378784179643e-01
1.361809825897216664e-01
3.638946151733398193e-01
4.888605499267578147e-01
-4.480123519897460938e-02
-8.115714263916015137e-01
5.534331130981445801e-01
nan
nan
nan
nan
6.919518947601317749e-02
7.317659759521484286e-01
2.985412979125976474e-01
-2.990741539001464666e-01
9.952756881713867299e-02
-3.500875473022461160e-01
9.586645126342772938e-02
-1.248565196990966825e-01
6.379764938354491877e-01
-9.136961102485656114e-03
-5.243104171752929199e-01
6.312300491333008301e-01
8.846876525878906161e-01
-1.219365119934082003e-01
-3.055155372619628995e-01
3.044531249999999911e-01
7.594187927246093262e-01
2.879329109191894331e-01
-2.824898719787597434e-01
-1.634512519836425759e-01
-1.597969174385070745e-02
-4.559140396118164240e-01
2.823414564132690346e-02
2.960337400436401437e-02
4.438320922851562433e-01
-2.265183830261230380e-01
-2.816703033447265359e-01
1.566749811172485352e-02
nan
nan
nan
nan
-2.158332252502441484e-01
-8.501047134399414285e-02
-2.776010894775390869e-01
3.896049880981445335e-01
-8.152409791946410578e-03
-2.450133705139160289e-01
-5.423128128051757368e-01
1.379962825775146451e-01
3.710461807250976518e-01
3.495722961425781206e-01
-3.093894195556640692e-01
-1.598366451263427690e-01
3.772006988525390403e-01
-3.101506233215332031e-01
-4.848647308349609553e-01
3.062673187255859353e-01
-3.936516571044921808e-01
9.801895618438720079e-03
2.170210266113281328e-01
7.166367769241332834e-03
9.505990600585937367e-01
4.352793097496032715e-03
8.242389678955078236e-02
5.603076934814452681e-01
-4.735634613037109641e-01
-1.575368595123290971e-01
-2.111188697814941340e-01
8.670426368713378407e-02
nan
nan
nan
nan
1.539028739929199086e-01
5.895479679107665932e-02
2.281635093688964833e-01
2.495797920227050826e-01
-2.452372169494628773e-01
6.901519012451171609e-01
-5.867000579833984292e-02
-3.980416536331176508e-02
1.436089706420898560e-01
-1.220253372192382779e-01
-6.837055206298827681e-01
7.287551403045654241e-02
-8.247299194335937222e-02
1.075873661041259755e-01
1.203569889068603488e-01
-8.771612167358398826e-02
1.626718640327453475e-02
-2.092638731002807728e-02
-8.142065429687499467e-01
-3.294847249984741294e-02
-4.474993896484374956e-01
3.819247055053711093e-01
1.959700584411621094e-01
-2.992686271667480691e-01
4.878816986083984175e-01
-1.519436931610107511e-01
-3.236386108398437433e-01
-4.140650177001953258e-01
nan
nan
nan
nan
2.290975570678711049e-01
-4.500036239624023438e-01
8.564358520507812100e-01
5.654005432128905717e-01
9.222288131713866910e-02
-2.961102294921875155e-01
2.410854721069335960e-01
-7.186151504516601063e-02
-4.768486976623535073e-02
4.612099075317382946e-01
2.729741477966308727e-01
-1.682063484191894664e-01
1.682939052581787151e-02
2.457184982299804588e-01
-2.078280067443847579e-01
4.876709938049316601e-02
1.839902114868164074e-01
2.249752426147461071e-01
-2.857053279876708984e-02
9.729168701171875266e-01
2.149320983886718883e-01
5.822254180908202903e-01
2.846556091308593550e-01
-1.184319591522216830e-01
3.814803314208984331e-01
1.280528664588928209e-02
4.200526046752929843e-01
4.557348251342773215e-01
nan
nan
nan
nan
4.063795471191406494e-01
2.449774742126464844e-01
2.120091247558593683e-01
7.678890991210937100e-01
-1.603776168823242143e-01
3.366713714599609553e-01
-4.204375457763671609e-01
5.596550369262695002e-01
-3.767684936523437583e-02
1.156225395202636758e-01
3.756480026245117010e-01
9.194305419921874889e-02
4.658288192749023282e-01
8.157089996337890669e-01
2.854371452331542769e-01
6.527797698974608931e-01
4.247327423095703103e-01
9.831637382507324441e-02
2.268745613098144542e-01
2.731005668640136830e-01
1.205073833465576116e-01
6.531977844238281428e-01
3.485199737548828058e-01
1.115913009643554749e-01
1.020841827392578116e+00
5.219177246093750083e-02
nan
nan
nan
nan
nan
nan
2.814015007019042836e-01
-1.084885597229003906e-01
8.260435485839843217e-01
1.145232295989990212e-01
3.038409233093261608e-01
4.476115703582763533e-02
-6.393364071846008648e-03
3.694263076782226540e-01
1.414006137847900468e-01
-1.832461738586425859e-01
5.907799530029297363e-01
4.802082443237304932e-01
4.408723449707031006e-01
5.576920700073242365e-01
-1.651499152183532812e-02
5.904383468627929510e-01
4.093107604980468772e-01
4.870355987548828369e-01
3.440873336791991921e-01
7.537038803100586104e-02
4.234285354614257812e-01
6.258549880981445490e-01
7.890287017822266158e-01
4.735728073120117343e-01
-2.383957481384277322e-01
4.786356735229492232e-01
4.853590011596679576e-01
6.350802230834960982e-01
nan
nan
nan
nan
2.501029777526855291e-01
5.815695762634277149e-02
-1.490611171722412143e-01
2.322524833679199263e-01
-3.145683670043945557e-01
2.353922843933105580e-01
1.996137428283691340e-01
3.699512100219726762e-01
6.220130920410156250e-01
-1.998500633239746194e-01
1.869500160217285045e-01
-1.065302729606628501e-02
-9.172541618347168635e-02
2.360010719299316384e-01
-4.562841892242431446e-02
3.690700149536133012e-01
-3.368001556396484353e-01
1.928717422485351496e-01
6.752595520019530895e-01
-4.450872802734375244e-01
8.775658607482909879e-02
-1.202411365509033214e-01
nan
-1.279612779617309536e-02
1.710505485534667969e-01
-2.008007431030273404e-01
-9.569917678833007868e-02
5.207564926147461026e-01
nan
nan
nan
nan
-2.357341194152832164e-01
2.606176757812500022e-01
2.060444259643554599e-01
3.154721260070800781e-01
-3.705112838745117099e-01
-3.254655456542968617e-01
2.850699424743652344e-02
-1.590359401702880759e-01
2.534330940246581898e-01
1.579950141906738270e-01
2.498865890502929565e-01
5.040516662597656072e-01
-2.517180681228637848e-02
3.810772323608398460e-01
-5.562446117401122908e-02
-8.848797798156737837e-02
5.480534362792969238e-01
-4.927948379516601807e-01
-2.051563262939453125e-01
-1.230680084228515658e-01
-5.080244541168212925e-03
6.255548858642577814e-01
-8.798982620239258201e-02
-1.428734397888183627e-01
-8.566883206367493370e-03
1.696105957031250056e-01
8.568620681762695312e-02
-2.636812782287597523e-01
nan
nan
nan
nan
-2.693795013427734419e-01
-1.176599311828613326e-01
-1.683296084403991533e-02
4.820844650268554799e-01
-2.454631328582763602e-02
-3.483509302139282254e-02
-2.907316398620605202e-01
-2.149937629699706920e-01
4.351744079589843772e-01
2.318090057373046742e-01
1.659661865234375033e-01
-1.760595560073852442e-02
4.065241336822509460e-02
4.469110488891601674e-01
-7.991049194335937411e-01
1.551032638549804665e-01
5.256265258789062367e-01
5.800168991088867215e-02
nan
1.181046295166015558e-01
3.599134063720703103e-01
-2.850301361083984464e-01
2.610634231567383057e-01
-9.479589462280273160e-02
-3.804922103881835938e-01
-3.446228790283203391e-01
-2.165098762512207009e-01
-4.798633956909179599e-01
nan
nan
nan
nan
-4.641847610473633090e-02
4.108682250976562478e-01
-4.306063652038574080e-02
9.692329406738281472e-02
2.323466682434082164e-01
4.032394409179687611e-02
-2.788297653198242299e-01
7.955139160156249334e-02
1.251431655883789018e-01
-4.160594940185546875e-02
-2.432280349731445190e-01
-1.330346679687499922e-01
-4.176860427856445290e-01
-2.336865234374999878e-01
-1.742059898376464855e-01
2.315145874023437633e-01
-8.952510833740234819e-01
-4.223398208618164285e-01
2.613549232482910156e-01
-1.956077575683593806e-01
-1.797257995605468783e-01
1.541032600402832131e-01
-1.359488964080810547e-01
-6.408721923828124556e-01
2.227413177490234486e-01
-5.008994102478027399e-02
8.693566322326659601e-02
1.303461360931396362e-01
nan
nan
