nan
nan
1.041375350952148393e-01
-4.181760787963867410e-01
3.187091827392578014e-01
3.433512115478515869e-01
-6.218744659423828258e-01
4.174945449829101651e-01
-2.584596252441406228e-01
-2.720100975036621183e-01
2.307220649719238237e-01
-8.032291412353516069e-01
-1.711063957214355447e-01
6.602233123779296387e-01
-4.992424774169921808e-01
1.914660072326660190e-01
-1.027307605743408153e-01
3.379101943969726740e-01
-4.585473251342773171e-01
-2.733623313903808527e-01
1.749928283691406239e-01
6.620388507843016912e-02
1.999921989440917869e-01
3.400213241577148549e-01
1.321091270446777266e-01
-5.675781250000000444e-01
2.045365810394287123e-02
-3.265332281589507918e-03
2.882051658630371271e-01
3.189235877990722612e-01
nan
nan
nan
nan
-9.369553375244140669e-01
-2.590771019458770925e-03
-5.372824478149413885e-01
-1.088410034179687402e+00
-1.810030364990234397e-01
4.383217620849609308e-01
-2.020233917236328169e-01
9.783035278320312278e-02
-4.230226516723632757e-02
7.589917182922363559e-02
1.155703163146972606e-01
-2.932502937316894265e-01
-5.576225757598876620e-02
-4.981879043579101607e-01
-1.454066181182861461e-01
-1.917690658569335960e-01
3.819873809814453014e-01
1.166762638092040949e-01
2.921132850646972479e-01
3.560158967971802091e-02
3.701993560791015381e-01
7.623111724853515181e-01
-6.681942939758300434e-03
-2.063127326965331909e-01
1.698425292968749889e-01
-8.725803375244139959e-02
5.097047424316406561e-01
-3.908864593505859131e-01
nan
nan
nan
nan
2.274463462829589833e-01
5.294888305664062766e-01
3.926055908203124889e-01
-1.866361045837402477e-01
1.288661384582519553e-01
1.764259910583496072e-01
-3.591390991210937633e-01
-4.453433990478515847e-01
-4.389118957519531072e-01
2.374128341674804632e-01
-1.110858345031738303e-01
-1.402919578552246083e-01
7.140563011169433205e-02
1.677773475646972545e-01
2.432096862792968717e-01
-1.834049820899963379e-02
-1.237459182739257812e-01
6.110673522949219283e-01
-4.962295055389404075e-02
-5.689735031127929332e-01
-2.453699874877929565e-01
6.091935634613036832e-02
1.297585773468017678e-01
-6.217473602294921742e-01
6.626767730712890270e-01
2.289482879638671808e-01
4.187073707580566545e-02
-9.509344482421875355e-01
nan
nan
nan
nan
-6.067806243896484153e-02
-5.507256698608398171e-01
7.743484973907470426e-02
-6.365722274780273304e-01
-1.705036044120788671e-02
3.729523468017578169e-01
-1.308887672424316473e-01
3.347178649902343706e-01
-1.008660964965820250e+00
-4.482921600341797097e-01
9.812149047851562167e-02
-3.131830024719238215e-01
2.352548789978027299e-01
2.768323898315429576e-01
-8.082357025146484908e-01
-7.762682914733887163e-02
-4.076554870605468839e-01
4.515985488891601785e-01
-2.298527717590332087e-01
8.528132438659667691e-02
7.529585838317870428e-02
3.045503616333007646e-02
-1.131069779396057066e-02
-5.848277664184570179e-01
-6.632871031761169468e-03
7.695527076721191129e-02
1.008547496795654252e-01
9.824129104614258423e-02
nan
nan
nan
nan
4.719382095336914218e-01
-7.083584308624267523e-02
-4.586448669433593750e-01
8.014120483398436967e-01
-2.219368743896484308e-01
2.700556755065918191e-01
3.063631057739257639e-03
-4.624251556396484220e-01
3.448353958129882768e-01
1.841185951232910123e-01
-3.018422508239745894e-01
-2.812551259994506767e-02
8.226273536682128518e-02
-3.452446365356445224e-01
-2.868027687072753906e-01
5.148209381103515669e-01
-1.170650768280029341e-01
-2.822348403930663996e-01
-2.636701011657714977e-01
-2.639999866485595592e-02
-6.885868835449219238e-01
8.958045005798340177e-02
-2.488589096069336037e-01
6.769666194915771595e-02
-4.360262680053710871e-01
1.244996929168701166e-01
2.809501838684081987e-01
-2.812294197082519376e-01
nan
nan
nan
nan
1.675642204284668035e-01
2.191955327987670996e-02
-2.620983886718750155e-01
-6.456666469573973943e-02
-1.786546826362609905e-02
4.752951049804687300e-01
1.589579963684082109e-01
4.014141845703125266e-01
2.514606666564941362e-01
4.753929138183593528e-01
-3.442755508422851718e-01
4.235925292968750200e-01
-1.201897907257080123e-01
-1.617603111267089944e-01
1.067583465576171925e-01
6.205863952636718750e-01
2.076066398620605435e-01
5.781714916229248324e-02
7.410483837127684881e-02
-1.473268795013427668e-01
-1.364255428314208873e-01
-3.428010940551757812e-01
-2.674721336364745961e-01
1.402076339721679554e-01
5.588745880126952947e-01
7.078764343261718661e-01
4.152065277099609153e-01
2.650658226013183350e-01
nan
nan
nan
nan
-4.365570831298828391e-01
4.517313766479492121e-01
9.911247253417969361e-02
3.853180694580078391e-01
5.712470626831054332e-01
4.409674072265625244e-01
-9.817149162292480857e-02
1.052807903289794955e-01
2.326399421691894565e-01
-8.467543601989746538e-02
-1.584846258163452246e-02
4.740277099609375155e-01
-6.068087768554687456e-01
4.591253280639648326e-01
2.642087936401367118e-02
-3.967127609252929510e-01
-4.076021194458007701e-01
-3.315109968185424999e-02
-7.712924480438232422e-02
4.903266906738281139e-01
-5.550624847412108931e-01
-3.665276336669922030e-01
5.608420181274413885e-01
8.442831039428710938e-02
4.775547409057617210e-01
-2.824480056762695424e-01
-2.690908622741698952e-01
4.693984222412109220e-01
nan
nan
nan
nan
4.857699275016784564e-03
1.412994670867920022e-01
6.271902561187743530e-02
7.749021053314208984e-02
-1.718186950683593672e-01
7.172434806823729803e-02
-1.444130134582519431e-01
-3.278568649291992432e-01
-3.573809051513671675e-01
-2.237957191467285223e-01
1.906211280822753817e-01
-1.052669048309326227e-01
-3.746566772460937500e-01
1.359146118164062389e-01
1.718184280395507746e-01
2.507166481018066606e-01
-5.629991531372070535e-01
-1.888384819030761858e-02
-2.910104942321777299e-01
-9.091841888427734109e-01
-1.516256046295166027e-01
1.068574619293212874e-01
-1.138155364990234425e-01
5.459787368774413618e-01
-9.514612197875976785e-02
3.775576400756835982e-01
-6.188652420043945224e-01
-3.241588592529296986e-01
nan
nan
nan
nan
6.100455760955810630e-02
9.632092475891113059e-02
-2.875292396545410245e-01
-2.033539772033691462e-01
2.460769081115722623e-01
1.384266853332519476e-01
3.909616088867187700e-01
2.694400596618652388e-01
-1.328633308410644420e-01
-4.395242309570312478e-01
7.315620899200439564e-02
8.856947326660156161e-01
-1.656440544128418013e-01
5.523949050903320668e-01
2.245581626892089733e-01
-5.976342010498046919e-01
-2.436392211914062411e-01
-1.002628040313720686e-01
-8.162960052490234042e-02
-3.981184387207031272e-01
3.493080520629882613e-01
-2.129639816284179810e-01
-4.116326141357422030e-01
7.668304920196533647e-02
-5.503805160522461382e-01
9.171194076538086160e-02
-3.563571214675903542e-02
1.086589717864990257e-01
nan
nan
nan
nan
4.171875762939453169e-01
4.657754135131835782e-01
2.885636806488037220e-02
3.349849319458007568e-01
3.607340240478515425e-01
-2.018916893005371083e-01
-2.539615631103515625e-01
4.253934097290039129e-01
3.365701293945312367e-01
3.227005767822265780e-01
-2.589442634582519442e-01
4.920586395263671919e-01
6.243436431884765714e-01
5.958793640136719194e-01
2.883249282836914187e-02
-4.143560028076171964e-01
2.926474189758300759e-01
-4.667957687377929932e-01
1.694935417175292836e-01
-6.589850616455078525e-01
-6.812775421142578391e-01
-2.648968696594238281e-01
-6.642250061035156472e-01
1.147687530517578075e-01
2.670846557617187478e-01
-6.807988739013671742e-01
-2.218940162658691317e-01
1.709122848510742088e-01
nan
nan
nan
nan
-3.435260772705078236e-01
-7.996379852294921431e-02
7.456067657470702992e-01
3.586742782592773349e-01
-7.591080665588378906e-02
-1.433766937255859464e+00
-4.318821716308594016e-01
-2.766194915771484353e-01
5.632837677001952814e-01
3.464965057373046720e-01
-2.388085937499999922e-01
-8.502542495727538618e-02
-6.117557907104491655e-01
9.324671745300293357e-02
-6.543613433837890403e-01
1.468422603607177634e-01
2.207838058471679743e-02
-1.248045806884765518e+00
-2.790097618103027366e-01
7.574416351318359331e-01
-3.366582107543945046e-01
2.474035453796386841e-01
-5.289382934570312500e-01
2.400741338729858385e-02
4.358564376831054465e-01
5.418667984008789240e-01
-1.677861213684082031e-01
-1.458621597290039040e-01
nan
nan
nan
nan
3.772625732421874822e-01
7.254669952392578391e-01
3.559508132934570135e-01
4.522948741912841825e-02
4.367770004272460982e-01
-2.431566047668456965e-01
-2.960523605346679910e-01
2.148611259460449230e-01
-8.301295471191406650e-01
4.320861434936523193e-01
-1.980217576026916532e-02
5.028948974609375178e-01
-1.591303443908691495e-01
-1.524966907501220659e-01
1.044775199890136674e-01
1.353886842727661070e-02
2.528980255126953014e-01
3.094693946838378840e-01
5.760739517211913574e-01
1.809764671325683472e-01
2.467441749572753806e-01
1.678202247619628995e-01
-7.248600006103515792e-02
-4.812583923339843750e-01
-3.339302062988281361e-01
-2.557412910461425715e-01
4.650283813476562694e-02
-5.544530868530273687e-02
nan
nan
nan
nan
2.558104896545410067e-01
-7.353529930114746649e-02
8.480215454101562855e-01
7.942079162597656117e-01
2.155430412292480558e-01
4.221874999999999933e-01
-5.712634086608886497e-02
6.050962829589843217e-01
-3.726026916503906161e-01
1.610775184631347556e-01
-7.628867149353027455e-02
-1.876680755615234286e-01
5.175452804565430220e-01
2.154064941406249878e-01
3.283708190917968839e-01
6.391183853149413618e-01
-3.543722915649414329e-01
2.218526458740234242e-01
-3.075712776184081898e-01
7.909722924232483188e-03
-3.913050413131714117e-02
-2.657154846191406294e-01
-7.372612762451171697e-01
-9.706927299499511219e-02
4.429740524291992387e-01
-7.210495471954345148e-02
-2.816082000732421722e-02
2.472027969360351685e-01
nan
nan
nan
nan
-2.544506835937500044e-01
-5.015306472778320312e-01
2.227066421508789029e-01
3.488962650299072543e-02
-1.059022712707519548e-01
5.001001358032226562e-01
3.728929901123047008e-01
-3.464340209960937722e-01
7.244343757629394254e-02
-4.678557205200195579e-01
-5.949451923370361467e-02
7.013826751708984730e-01
-2.121591377258300881e-01
2.285414695739746149e-01
-7.864122772216797230e-01
-3.407587814331054510e-01
1.208048534393310613e-01
-2.094728660583496105e-01
-7.757302093505858975e-01
-2.521289443969726429e-01
-5.823261260986327681e-01
-2.262232017517089855e-01
3.858666992187499978e-01
4.726970672607421764e-01
-7.728404235839844150e-01
1.666116905212402244e-01
2.782936286926269709e-01
-4.871870803833007746e-01
nan
nan
nan
nan
2.394577789306640558e-01
-2.106916618347167980e-01
1.242458057403564436e-01
-4.046902084350585960e-01
-2.624676227569579939e-02
3.093432664871215848e-02
-9.795432090759277621e-02
1.696185111999511663e-01
-2.169713020324706976e-01
-1.814894866943359275e-01
-1.305146884918212957e-01
-6.361711025238037109e-02
-2.759811210632324152e-01
-1.571665287017822155e-01
-3.151078033447265447e-01
-2.504211044311523415e-01
3.152270019054412981e-03
-1.065509033203125011e-01
3.784754562377929954e-01
-1.087475967407226518e-01
5.178240299224853849e-02
9.448748588562011497e-02
1.651671791076660123e-01
6.458084106445312333e-02
-3.066069221496581787e-01
-2.045494079589843875e-02
-2.326943206787109308e-01
-2.247279167175292858e-01
nan
nan
nan
nan
-3.965923690795898349e-01
2.075255203247070301e-01
1.764657783508300770e-01
4.087311267852783425e-02
-2.795257949829101363e-01
-3.945670318603515803e-01
4.817784118652344016e-01
-3.101045989990234286e-01
2.547854614257812345e-01
1.557921981811523360e-01
2.806880760192871360e-01
-9.041476249694824219e-02
1.391191101074218672e-01
5.002013015747069913e-01
-6.013019180297851651e-01
3.090480232238769775e-01
-4.536247634887695113e-01
7.912564873695373396e-03
3.981947708129882635e-01
1.445143127441406161e-01
-1.166332149505615173e-01
-6.142396926879882812e-01
3.798737049102782898e-02
5.473373794555663752e-01
2.403032302856445424e-01
-8.561712265014648215e-02
3.192098426818847923e-01
1.146666336059570246e-01
nan
nan
nan
nan
-1.725281143188476529e-01
2.278561401367187600e-01
-4.446082592010498075e-02
1.895740509033203014e-01
-1.597962379455566406e-01
4.141998672485351363e-01
-4.595890426635741988e-01
1.379176998138427757e-01
-1.693491172790527466e-01
-3.691009140014648304e-01
7.424474334716797408e-01
-5.483001327514648304e-01
2.342117881774902211e-01
1.730671691894531128e-01
-2.436534881591796986e-01
2.206918525695800715e-01
1.708213806152343861e-01
-1.820238113403320201e-01
1.874377727508544931e-03
7.535969734191894087e-02
2.571936416625976718e-01
-3.460126876831054465e-01
-5.927135944366454870e-03
2.482203245162963728e-02
-9.591261863708495927e-02
-1.724504089355468617e-01
2.964388275146484508e-01
2.150612449645996072e-01
nan
nan
nan
nan
-5.053174209594726296e-01
4.085833740234374734e-01
1.234836483001709034e-01
4.357930755615234131e-01
-4.437461853027344083e-02
-7.200528144836425282e-02
-4.605494976043700978e-02
-1.735253906249999978e-01
-2.098212242126464844e-01
-5.722879409790038868e-02
1.819974899291992299e-01
-4.615680694580078236e-01
-3.661899566650390625e-01
-1.828342819213867321e-01
2.052705192565917880e-01
2.206359100341796775e-01
-3.418326568603515803e-01
2.130478668212890669e-01
2.933442497253417880e-01
4.422645187377929887e-01
-7.361033630371093262e-01
-2.135007286071777255e-01
1.427473926544189364e-01
-3.272766113281250222e-01
-1.849518585205078003e-01
2.962745094299316650e-01
-4.875182807445525845e-03
-2.770105361938476340e-01
nan
nan
nan
nan
2.302178001403808461e-01
-1.015947055816650429e-01
-2.355835533142089933e-01
1.456405353546142700e-01
2.644163322448730424e-01
3.066449165344238281e-01
2.395153427124023515e-01
-1.937387847900390592e-01
5.604959106445313033e-01
-3.184913825988769376e-01
6.619149780273437811e-01
6.027214527130127231e-02
-4.313575744628906500e-02
3.946608734130859220e-01
5.113639450073241832e-01
-4.882645034790039085e-01
3.582970428466796808e-01
1.729778885841369573e-02
-2.787621736526489299e-02
5.166868591308593217e-01
5.201898956298828258e-01
5.347972869873046653e-02
-1.176153087615966764e-01
-2.064793777465820379e-01
2.945123863220214799e-01
2.320133018493652222e-01
nan
nan
nan
nan
nan
nan
-2.889278233051299945e-03
-3.858015823364258079e-01
2.107931709289550815e-01
-2.426733398437500022e-01
-4.178409576416015903e-02
2.699416542053222900e-01
-1.011920833587646451e-01
4.759559631347656111e-02
9.907805442810058150e-02
-4.317798614501953125e-01
-1.223296070098876948e-01
-2.052580070495605424e-01
3.443475341796874978e-01
1.730491995811462430e-02
-2.726502895355224776e-02
-1.855037117004394442e-01
4.161760330200195424e-01
-1.314597368240356424e-02
1.229016685485839894e-01
5.572751045227050670e-02
2.976313972473144664e-01
1.752007675170898504e-01
-9.485478210449218572e-01
3.148890018463134516e-02
-3.394369125366211160e-01
-2.128886604309082053e-01
1.043643832206726102e-02
2.911302375793456965e-01
nan
nan
nan
nan
8.577674865722656472e-02
8.686335754394530762e-01
-1.554887390136718839e-01
1.992629432678222623e-01
-6.622487068176269309e-02
5.071366500854491699e-01
4.800608444213867454e-01
-8.983522415161132590e-02
-2.119086837768554554e-01
-8.675059509277344150e-01
3.602022647857665988e-02
3.926163101196288863e-01
4.454658508300781139e-01
3.094881248474121160e-01
-5.505263519287109109e-01
1.770730376243591364e-02
-1.945235848426818751e-02
-4.189397048950195268e-01
-9.468646049499511441e-02
2.091299057006835993e-02
5.608248233795166265e-02
4.890731811523437722e-01
nan
-3.935480499267577925e-01
2.669299125671386608e-01
9.390586090087890137e-01
-5.381931304931640847e-01
5.930923461914062722e-01
nan
nan
nan
nan
-1.227194213867187494e-01
-2.994984245300292836e-01
-1.416620540618896418e-01
-1.256362247467041060e-01
-4.270564270019531206e-01
3.639399337768554621e-01
-7.300283813476562411e-01
3.408557128906249956e-01
1.112467670440673850e-01
-6.759675598144531117e-01
-1.288729000091552723e-01
-3.465158081054687256e-01
5.920274257659911832e-02
-3.058182334899902100e-01
1.218861484527587885e-01
1.562298685312271066e-03
-1.964198493957519664e-01
-4.710255432128906405e-01
-7.909650421142577770e-01
1.680425643920898382e-01
1.559500694274902344e-01
4.548555374145507590e-01
9.267838478088379073e-02
-5.886323547363281339e-01
1.812972259521484497e-01
4.431561279296875044e-01
-3.742929840087890758e-01
-4.171186447143554465e-01
nan
nan
nan
nan
-2.089750480651855480e-01
-6.414223909378052174e-03
1.619991683959960960e-01
2.723698377609252985e-02
2.219396972656250133e-01
-4.388523483276366988e-01
-3.582320404052734553e-01
5.210263729095459054e-03
-1.774822807312011752e-01
-5.327616500854491788e-01
7.777822494506836382e-02
-8.729606628417968528e-02
-2.020134353637695335e-01
-2.329036331176757846e-01
-4.114226913452148637e-01
-2.671367645263671986e-01
-1.613252830505371160e-01
-4.364861679077148282e-01
nan
-2.224589538574218706e-01
4.924488067626953125e-01
1.604630470275879017e-01
7.615181732177734863e-01
-2.782618522644043080e-01
-5.627025604248047097e-01
1.291538429260253862e-01
2.203718900680541951e-02
3.246970748901367165e-01
nan
nan
nan
nan
-9.865425109863280861e-02
-4.878958511352539107e-01
-2.559832382202148482e-01
6.208996200561522905e-01
-2.183420753479003995e-01
-1.716457939147949252e-01
3.423704147338867410e-01
7.393204212188721203e-02
2.529796218872070179e-01
2.320190620422363237e-01
4.283179092407226607e-01
-1.843826293945312611e-01
2.390315437316894442e-01
3.082113265991210868e-02
-4.556040191650390647e-01
-6.537596130371093883e-01
9.429557037353515359e-01
-3.156455993652343972e-01
3.989018630981445157e-01
-1.225679588317871160e-01
-8.923188209533691739e-02
5.242665863037109242e-01
7.240643310546874822e-01
2.054997444152832087e-01
6.329386901855468262e-01
4.991532802581787054e-02
-1.145549488067627020e-01
1.799738311767578036e-01
nan
nan
