nan
nan
4.604378509521484530e-01
4.886093902587890780e-01
-2.105489730834960924e-02
-2.978705978393554887e-01
-8.999301910400390181e-01
1.137119007110595770e-01
2.183102226257324086e-01
-4.358322906494140891e-01
-1.272297573089599676e-01
3.069270515441894775e-01
-6.636870503425598526e-03
3.350461578369140492e-01
2.854534912109374933e-01
2.671891403198242143e-01
-5.812135314941406783e-01
-1.386881732940673795e-01
3.617851734161377231e-02
-1.506089806556701674e-02
-1.279899787902832042e-01
8.337488174438476007e-02
-2.374842262268066495e-01
-7.163287353515624956e-01
6.086544990539551059e-02
4.647342300415038818e-01
-6.454535675048828081e-01
3.920467615127563171e-02
4.790626525878906028e-01
1.300746917724609486e-01
nan
nan
nan
nan
-1.655342864990234364e-01
3.196895027160644442e-01
-2.484719657897949130e-01
2.458572959899902322e-01
6.086991119384765891e-01
3.390663146972656139e-01
-5.465592193603515669e-01
-9.182475090026855080e-02
-6.691813659667968928e-01
3.399848556518554887e-01
7.906105804443359641e-01
-3.144296455383300826e-01
1.675813102722167880e-01
-7.778215885162353960e-02
8.339135169982909990e-02
1.684939002990722690e-01
5.050407028198242720e-01
7.914227008819579856e-02
4.047832870483398238e-01
1.817834663391113270e-01
-8.019732666015625400e-01
8.706176757812500444e-02
-1.020692539215087846e-01
-2.232524108886718706e-01
-9.059791564941405487e-03
-4.556752204895019726e-02
4.663876342773437544e-01
-1.213404750823974670e-01
nan
nan
nan
nan
6.321023178100585449e-01
-2.919723320007324152e-01
3.962540626525878906e-02
4.035907363891601540e-01
-3.125719642639160356e-01
-2.859897422790527166e-01
1.295344924926757901e-01
1.439803695678710804e-01
-2.625417518615722479e-01
-4.921701431274413951e-01
4.426869392395019198e-02
1.446561050415039185e-01
2.510408163070678572e-02
-1.308968734741211004e-01
1.845783424377441528e-01
-2.879713058471679576e-01
-4.312046432495117432e-01
-9.738221740722656783e-01
-3.562453460693359442e-01
3.284310150146484419e-01
-4.198889541625976385e-01
-2.561874961853027322e-01
5.177151107788086071e-01
-9.455007553100586160e-02
5.353660202026366832e-01
8.425363922119140092e-01
2.783008193969726540e-01
5.290386199951171431e-01
nan
nan
nan
nan
6.464441680908202814e-01
5.687466430664062100e-01
-2.476468849182128784e-01
-2.202839469909667891e-01
8.171273231506347157e-02
-1.774198532104492299e-01
3.227670288085937589e-01
8.619283676147461437e-02
-7.045114898681640314e-01
1.598471450805664107e-01
3.965090942382812345e-01
3.966539382934570201e-01
-1.759801673889160034e-01
-8.836804389953613337e-02
-5.281612777709960849e-01
2.104368591308593828e-01
-4.477122879028320179e-01
-1.004393482208251892e-01
-3.054548835754394287e-01
-4.843456268310546986e-01
-3.518418884277343950e-01
-1.085951232910156300e-01
-1.341567754745483405e-02
-3.760871124267577970e-01
4.329557800292968550e-01
-1.632568478584289426e-02
1.899070358276367110e-01
-4.481388092041015403e-01
nan
nan
nan
nan
4.074540328979492365e-01
2.633126449584961004e-01
-8.312738037109375089e-01
-3.122329711914062500e-01
-3.514261627197265425e-01
1.965931701660156294e-01
1.807879257202148482e-01
5.736793041229248241e-02
8.756862640380859153e-01
1.882867240905761741e-01
8.465223312377929965e-02
-4.435620117187499822e-01
-1.590143871307373169e-01
-1.963085746765136641e-01
-4.584807205200195357e-01
3.325048828125000133e-01
-9.752948760986328569e-01
-6.441407012939452947e-01
-1.101588630676269553e-01
-6.902620792388916571e-02
8.575907897949218706e-01
-1.036967754364013644e-01
-1.572250938415527266e-01
2.483965301513672008e-01
-1.113386726379394509e-01
-3.069833755493164285e-01
9.168265342712401955e-02
4.510253524780273304e-01
nan
nan
nan
nan
-4.307234573364258079e-01
-6.161199569702148215e-01
3.993677902221679510e-01
-3.378041076660156516e-01
4.262858581542968706e-01
3.269951248168945224e-01
-3.857102966308593728e-01
-8.463917541503905850e-01
4.882855892181396651e-02
-1.621348953247070401e-01
-6.044718551635742676e-01
2.681621932983398460e-01
-1.216601943969726624e-01
-4.642380523681640669e-01
-2.297661781311035045e-01
1.020147800445556641e-01
2.639053344726562389e-01
-3.122565841674804776e-01
4.184891891479491921e-01
-6.569725799560547363e-01
-5.281515502929687855e-01
-4.974384307861327847e-02
-4.094787216186523415e-01
-4.533727264404296964e-01
-2.650522994995117010e-01
-1.817764091491699263e-01
-3.340953063964843817e-01
6.311237335205077681e-02
nan
nan
nan
nan
-3.105344009399413907e-01
2.301082038879394553e-01
5.947973632812499911e-01
1.154086780548095742e-01
-1.916109848022460871e-01
3.418844604492187744e-01
-1.872230529785156097e-02
2.920260238647460760e-01
-1.043604850769042913e-01
1.061258220672607472e-01
4.823276138305663818e-01
3.247643470764160351e-02
-3.343451690673828192e-01
-3.946797561645507546e-01
4.546599578857422053e-01
2.190291595458984386e-01
2.870017051696777122e-01
-6.795290374755859064e-01
-4.665818405151367365e-01
3.311423110961914107e-01
-7.927964782714843617e-01
1.062661457061767623e-01
-3.892169952392577903e-01
-2.874231910705566384e-01
5.983129501342773771e-02
-5.658111572265625000e-01
-1.215172767639160212e-01
6.414686584472656383e-01
nan
nan
nan
nan
-5.676160812377929465e-01
2.545614433288574396e-01
2.066689300537109253e-01
1.147165775299072293e-01
-3.153289222717285400e-01
-5.794934463500976962e-01
-6.192173480987548523e-02
3.510158538818359264e-01
1.690020751953124900e-01
4.415355300903320290e-01
-5.576960754394530984e-01
-5.156620025634766069e-01
-4.166457748413086026e-01
1.292510414123535234e-01
2.857790946960448997e-01
-1.265161323547363270e-01
3.654573440551757701e-01
1.059931659698486323e-01
-2.359043121337890681e-02
8.891490936279297097e-01
-1.574410724639892512e-01
-4.739542770385742343e-01
-5.513373947143554998e-01
4.503557682037353377e-02
5.129562854766845509e-02
3.474421310424804510e-01
-2.836331367492676003e-01
-9.871011734008788840e-02
nan
nan
nan
nan
-1.361353111267089855e-01
5.036854934692382990e-01
4.701034545898437611e-01
2.034199333190918058e-01
1.923941612243652288e-01
-4.060564041137695312e-01
-1.350634193420410245e-01
1.084441566467285178e-01
1.830737686157226651e-01
-5.394100189208984597e-01
-4.856012463569640836e-03
5.166711044311523837e-01
-2.016553497314453047e-01
-1.918416976928710993e-01
-1.354991149902343706e-01
3.741377639770507857e-01
-1.183624362945556591e-01
-4.259552001953124944e-02
1.039034748077392600e-01
-2.499367904663085949e-01
3.677525329589843572e-01
4.988639450073242276e-01
-6.157247924804687411e-01
-1.075256347656250028e-01
1.037786579132080056e-01
4.398855209350586160e-01
-5.132335662841797097e-01
-1.266995191574096617e-02
nan
nan
nan
nan
7.396129608154297097e-01
4.907192230224609597e-01
-7.822851562499999467e-01
-1.601935577392578081e-01
2.951574027538299543e-03
4.616703796386718572e-01
8.919871520996093262e-01
-1.338493824005126953e-01
9.251724243164062278e-01
-1.985869216918945412e-01
-2.656663513183593617e-01
1.378934860229492076e-01
2.857266235351562655e-01
-1.948258781433105380e-01
1.490652656555175870e-01
3.885722732543945290e-01
3.076408386230468639e-01
-7.716320800781250044e-01
2.122184181213379039e-01
4.020222663879394198e-02
-9.857079505920410267e-02
2.553538703918457053e-01
2.204119682312011830e-01
-1.801953697204589921e-01
3.162127494812011497e-01
-1.020842933654785151e-01
-1.780815696716308572e-01
-9.421656608581542580e-02
nan
nan
nan
nan
4.956375122070312278e-01
3.956569290161132679e-01
-3.568134307861328125e-01
-1.469227695465087913e-01
3.814359283447265603e-01
-8.585979461669922264e-02
5.331137847900390137e-01
-2.352565193176269498e-01
4.359735870361328147e-01
-2.015911579132080231e-02
5.053285598754883035e-01
-1.877270889282226518e-01
-6.046460151672363587e-02
4.707188415527343572e-01
-3.963240051269531494e-01
2.921016120910644442e-01
3.060408210754394509e-01
3.094958686828613303e-01
7.051533508300781294e-01
1.804780197143554810e-01
6.416108703613281339e-01
4.847099781036377092e-02
1.992569541931152322e-01
5.650484085083007368e-01
-1.215939712524414101e-01
4.034379959106445535e-01
-6.683659362792968572e-01
2.377259826660156339e-01
nan
nan
nan
nan
5.002983856201171919e-01
5.490607833862304332e-01
-2.675053405761718683e-01
2.036211967468261608e-01
-3.932564926147461004e-01
-3.862113189697265470e-01
-8.710044860839843972e-01
6.101359844207763367e-02
1.833386802673339921e-01
9.881739616394043246e-02
1.729174232482910134e-01
-3.293912506103515714e-01
-1.771325492858886741e-01
-4.634991836547851518e-01
6.414688110351562944e-01
1.110981941223144476e-01
5.703530120849609197e-01
2.299811744689941317e-01
-9.374334335327148826e-02
1.161112976074218789e-01
-2.808706760406494071e-02
1.559777450561523338e-01
-2.156722450256347567e-01
-1.493392944335937556e-01
4.233515930175781317e-01
1.911979866027831987e-01
3.972798156738281405e-01
-3.478156280517578081e-01
nan
nan
nan
nan
-7.411064624786377342e-02
-2.581058502197265403e-01
-6.687537431716918633e-03
-5.914461517333984286e-01
-3.627559661865234486e-01
1.935347557067871038e-01
2.719020080566406095e-01
-6.176254272460937056e-01
-6.716453552246093306e-02
5.094531249999999512e-01
-1.423495674133300748e-01
6.586456298828125000e-02
8.018640136718749867e-01
-3.139931678771972767e-01
-5.248330116271972962e-02
-3.188009643554687300e-01
2.984089660644531072e-01
3.482022857666015603e-01
6.275607109069823719e-02
-3.699626541137695512e-01
2.880784416198730602e-01
2.226996612548828025e-01
-3.246923446655273215e-01
5.479588317871093572e-01
1.643326950073242254e-01
-4.635367202758788885e-01
7.651596832275390225e-01
-2.412874984741210926e-01
nan
nan
nan
nan
-2.931586837768554443e-01
7.260037994384765936e-01
2.321245002746581965e-01
-4.748538970947265708e-02
7.226255798339843439e-01
-7.749851226806640792e-02
5.961884975433349304e-02
-4.464377593994140470e-01
-3.649513721466064731e-02
-1.362230873107910245e-01
-4.430067825317383079e-01
2.438276481628418035e-01
2.651716613769531383e-01
-6.234080791473388394e-02
-3.155879402160644553e-01
1.130217933654785178e-01
-5.509526133537292168e-03
-3.424856948852539329e-01
1.228732395172119074e-01
6.094577407836914151e-01
2.664710617065429443e-01
-1.287865638732910156e-01
2.921704673767089866e-01
2.664166831970214977e-01
9.508504867553710382e-02
-2.861674690246582275e-01
1.654625511169433572e-01
-2.628102493286132990e-01
nan
nan
nan
nan
2.245597600936889704e-02
-1.224083805084228566e-01
-3.741152954101562567e-01
5.992371559143066378e-02
4.242673873901366965e-01
-6.859785461425781383e-01
1.316168975830078081e+00
-1.327348327636718728e-01
-1.799627113342285034e-01
-3.444788360595703036e-01
3.032426261901855491e-01
-7.605800151824951283e-02
-1.881472969055175692e-01
-2.975712585449218905e-01
-1.459665393829345792e-01
4.765181350708007635e-01
2.213258171081542991e-01
6.645191192626953569e-02
1.065775394439697210e-01
-4.069325637817382546e-01
-1.495291042327880904e-01
-1.213502120971679643e+00
5.899302482604980302e-02
-2.043364524841308483e-01
4.901297760009765692e-01
5.041246795654297230e-01
1.811250877380371216e-01
-5.919331741333008212e-01
nan
nan
nan
nan
4.698566055297851429e-01
-4.805490493774414174e-01
6.164991378784179243e-01
3.511227798461913907e-01
6.724923253059387519e-03
6.702530384063720703e-02
-1.570907473564147824e-02
6.947769927978515447e-01
2.150175857543945301e-01
4.554703140258788974e-01
3.790330505371093950e-01
1.956236457824707120e-01
-2.059335517883300881e-01
-2.250514793395995972e-01
2.607216644287109197e-01
-6.460504913330078480e-01
1.902606773376464833e-01
-1.826317977905273504e-01
-3.910266876220703236e-01
2.356571388244629028e-01
2.910887336730956787e-01
1.469231992959976274e-03
4.636051654815673446e-03
-7.773853302001952903e-01
8.212609100341796697e-01
-1.550375843048095725e-01
-3.688069534301757768e-01
2.175203132629394409e-01
nan
nan
nan
nan
2.575679206848144331e-01
-2.437371444702148560e-01
3.858948707580566601e-02
-4.217112541198730219e-02
-4.085759353637695157e-01
1.822554206848144565e-01
-4.949258041381836004e-01
5.983074569702148127e-01
5.288524627685546597e-02
2.550951004028320090e-01
-2.422743606567382690e-01
1.406115913391113303e-01
-1.266124439239501853e-01
-3.220114898681640803e-01
-1.931463241577148493e-01
-1.854679107666015736e-01
-4.786590576171875083e-02
5.228877258300781428e-01
9.859776496887207378e-03
-5.071305847167968395e-01
-9.095640182495116910e-02
3.329166030883788929e-01
4.373364257812499822e-01
-1.518464326858520556e-02
-7.434736251831054743e-02
-9.255705833435058649e-02
6.810482788085937544e-01
-2.791464042663573952e-01
nan
nan
nan
nan
8.401546478271484930e-02
2.559568977355957120e-01
4.616120147705078391e-01
-3.455929565429687322e-01
-3.868808031082153487e-02
1.206780433654785212e-01
-3.834923171997070557e-01
1.670735549926757879e-01
4.619445419311523637e-01
-2.537222862243652122e-01
6.348247528076171875e-01
5.690035820007324080e-02
-3.642442703247070201e-01
2.327957916259765503e-01
-2.026470756530761586e-01
-4.620952606201171597e-02
3.247837066650390708e-02
-8.292504882812500311e-01
-1.988259124755859253e-01
-4.380713939666747853e-02
2.376112699508666978e-02
-6.416917419433594283e-01
2.333341026306152421e-01
2.393227386474609253e-01
-8.628070831298828569e-02
-3.276427030563354437e-02
-8.943104553222656072e-01
-7.477616310119629406e-02
nan
nan
nan
nan
1.363525867462158161e-02
2.211511850357055636e-02
-2.020506858825683594e-01
1.698257327079772880e-03
-1.187003555297851509e+00
1.107321929931640581e-01
2.755016517639160001e-01
9.563621520996093417e-02
-2.064092636108398326e-01
9.494135856628417580e-02
-3.300978899002075112e-02
2.771052169799804732e-01
7.301061630249022771e-02
3.648959732055663818e-01
-3.271281719207763672e-02
7.487220001220703525e-01
3.687860488891601674e-01
-4.186834716796875022e-01
-1.513708472251892173e-02
3.606001663208007746e-01
-4.145278930664062500e-01
-3.417379379272460910e-02
-2.597373008728027372e-02
2.159202766418457098e-01
9.443333625793456920e-02
3.387171924114227434e-03
nan
nan
nan
nan
nan
nan
-1.453275203704834095e-01
-2.682439422607421631e-01
-1.659626960754394601e-02
2.171702384948730469e-01
-4.937514305114745761e-02
8.830381393432616688e-02
5.666488647460937722e-01
1.988405799865722579e-01
3.293183135986328391e-01
4.918515014648437433e-01
3.659806060791015447e-01
-7.359453582763672008e-01
-3.212965011596679576e-01
6.707218933105468794e-01
-5.176393890380859286e-01
-1.665211868286132768e-01
6.631263732910156472e-01
-5.096072196960449441e-02
-5.403615188598632768e-01
3.095985412597656028e-01
-8.819149017333983986e-02
-2.816948890686035156e-01
1.142066097259521462e-01
-6.031523513793944913e-01
-3.589447402954101807e-01
-1.130425548553466858e-01
-4.288154602050781028e-01
4.566667175292968839e-01
nan
nan
nan
nan
7.483763122558593217e-01
3.298490142822265714e-01
2.152923583984374944e-01
1.835619735717773371e-01
-1.073048019409179737e-01
1.478444188833236790e-03
-6.927081584930419589e-02
-4.119137191772461182e-01
-2.580496597290038996e-01
-2.681022644042968528e-01
-5.489469528198241965e-01
-4.239671707153320201e-01
-2.856819424778223187e-05
-1.001277160644531289e-01
4.395335674285888450e-02
-3.521242904663086093e-01
-8.874649047851562722e-02
-5.009034347534179199e-01
-4.277091979980468528e-02
1.177396202087402366e-01
2.613580322265625089e-01
3.480699920654297119e-01
nan
3.861571502685546831e-01
-4.258364105224609619e-01
4.499718189239501620e-02
3.228574752807616965e-01
6.766863346099853682e-02
nan
nan
nan
nan
-6.545221710205078036e-01
3.382791900634765647e-01
-2.338768386840820446e-01
3.611579132080078303e-01
-2.438376235961914051e-01
2.682241249084472701e-01
-2.857685661315917947e-01
-6.888504791259765225e-01
2.154320716857910101e-01
6.832929992675781383e-01
1.629127883911132835e-01
2.740605545043945379e-01
1.274419975280761674e-01
-7.114794921874999512e-01
-3.986309528350830134e-02
2.353550910949707142e-01
1.181609344482421886e-01
-2.424375343322753840e-01
3.974134063720702881e-01
-3.027982902526855646e-01
1.303935241699218650e-01
1.929758834838867232e-01
-6.082068634033203081e-01
-2.140130805969238381e-01
-1.225274944305419916e-01
-1.207192707061767595e-01
-2.700316619873046609e-01
8.304500579833984375e-02
nan
nan
nan
nan
-1.941607147455215497e-03
8.928250312805176281e-02
-3.285839462280273349e-01
1.876936531066894509e-01
7.241126060485840454e-02
3.594145774841308455e-02
3.952938318252563477e-02
4.300576782226562256e-01
-3.691570281982421708e-02
2.003601074218749889e-01
-2.393927383422851662e-01
1.489090442657470814e-01
2.858694076538086104e-02
2.062231254577636674e-01
-1.013201236724853571e-01
-8.720063418149948597e-04
-6.531564331054687811e-01
1.754193496704101463e-01
nan
-4.274821090698242010e-01
-1.381766319274902455e-01
-2.426783752441406261e-01
3.537199020385742299e-01
2.347017669677734508e-01
3.516062927246093595e-01
-1.059781646728515658e-01
-4.105003738403320557e-01
2.228589630126953103e-01
nan
nan
nan
nan
1.389517116546630793e-01
-3.894503402709961204e-01
6.805739593505859553e-01
-1.064135169982910190e-01
-1.484009838104247969e-01
2.060703086853027388e-01
-9.972326278686523271e-02
-2.737450408935546697e-01
-3.739351272583008035e-01
-1.909337234497070213e-01
4.958586692810058871e-02
-4.585566329956054510e-01
5.923093032836913574e-01
-3.716692733764648260e-01
3.802061462402343550e-01
2.125558137893676647e-02
3.412700271606445290e-01
3.878469467163085938e-01
-7.371832847595215232e-02
4.318616485595703214e-01
-5.158642578125000044e-01
-2.170103454589843717e-01
-1.435030555725097523e-01
-1.095157909393310591e-01
-4.401581954956054754e-01
-3.133283996582031383e-01
-8.927529144287109641e-01
5.568486022949218350e-01
nan
nan
