nan
nan
1.935439491271972734e-01
-7.918249511718750133e-01
-6.077882289886474276e-02
-4.373101234436035240e-02
5.389464569091796387e-01
1.985503005981445190e-01
7.829295158386230524e-02
1.043314647674560558e-01
2.794296264648437611e-01
1.837526893615722690e-01
2.893152618408202925e-01
3.465944051742553961e-02
3.743929672241210760e-01
1.490404891967773426e-01
-2.026055335998535045e-01
-7.469284534454345703e-02
-4.552493667602539040e-01
7.470954132080077637e-01
-3.187284231185913419e-02
-3.989187622070312633e-01
6.831472516059875280e-03
-8.620333099365233842e-01
-1.268796539306640547e-01
-1.388788223266601562e-01
2.626004457473754897e-02
-3.807361602783203014e-01
-3.875753021240234131e-01
-1.581364917755126998e-01
nan
nan
nan
nan
-7.926123809814452637e-01
5.951746368408202814e-01
1.852676010131835971e-01
-4.067948150634765891e-01
5.245915603637695268e-01
-2.589025497436523438e-01
-2.957880973815917858e-01
-2.365709495544433549e-01
-3.099525642395019598e-01
2.004807281494140614e-01
-1.213339424133300787e-01
3.932990646362304887e-01
-1.707284927368163951e-01
-4.014673614501952925e-01
-1.737687706947326632e-02
-3.030819892883300781e-01
-6.023227691650390875e-02
-1.516952896118164140e-01
6.151300430297851340e-01
4.580999755859375133e-01
-1.392923831939697210e-01
3.835712051391601540e-01
3.139133834838866988e-01
-4.711669540405273304e-01
3.734660720825195290e-01
8.093179321289062367e-01
-7.589243412017822321e-02
-6.400962066650390803e-01
nan
nan
nan
nan
-1.502156352996826261e-01
7.845511913299560436e-02
1.169742965698242210e-01
-2.507816553115844657e-02
-4.989640426635741921e-01
-5.990303516387939647e-02
5.759451675415039329e-01
2.813498497009277455e-01
-1.875266647338867110e-01
2.312351417541503862e-01
-1.154025650024414068e-01
-5.089441299438476340e-01
3.764839553833007613e-01
4.117336654663085738e-01
-1.703032302856445357e-01
-5.078239440917968750e-01
-5.904903411865234514e-02
6.748129272460937633e-01
-6.263486480712890936e-01
8.753284454345703347e-01
1.784488105773925914e-01
4.968670845031738365e-02
1.134161071777343821e+00
4.400679779052734109e-01
3.327893447875976407e-01
-3.336123657226562345e-01
-3.606725311279296853e-01
6.363926696777343350e-01
nan
nan
nan
nan
4.833699035644531405e-01
-3.001577758789062411e-01
1.723100471496581965e-01
-4.602437496185302762e-02
-1.488169860839843872e-01
1.965151214599609453e-01
-2.544920158386230202e-01
4.893284606933593905e-01
1.735067367553710938e-01
-6.613345623016357588e-02
-1.541219425201416082e-01
5.064705657958984419e-01
-1.058155727386474593e-01
4.166309738159179599e-01
-2.956637573242187345e-01
2.656739616394043213e-01
1.313147354125976662e-01
-2.397320747375488170e-01
7.151972961425780984e-01
-3.748655319213867188e-01
8.864958763122558760e-02
9.110110282897948553e-02
-2.830363845825195068e-01
-9.884675979614257479e-02
-2.470054817199706931e-01
-5.315467453002929998e-01
3.369433975219726651e-01
-4.307546615600585938e-01
nan
nan
nan
nan
-2.056605529785156261e-01
-3.366332244873047053e-01
-7.511220932006835993e-02
-9.435544013977051336e-02
3.473967742919921720e-01
2.856397867202758664e-02
8.329433441162109597e-02
-2.436966896057128906e-01
-2.680286788940429710e-01
-3.022324562072754017e-01
6.891255950927734908e-01
3.538656234741210938e-01
1.077255439758300765e-01
4.457791519165039129e-01
-1.411419200897216786e-01
-2.038459396362304610e-01
-1.864976692199707131e-01
-8.312233734130859419e-01
1.290250110626220692e-01
3.635065078735351674e-01
1.814004898071289174e-01
3.595557928085327259e-02
2.952121353149413929e-01
-7.713284301757812322e-01
3.001113700866699374e-01
-2.714519882202148238e-01
3.750256729125976407e-01
8.433373570442199638e-03
nan
nan
nan
nan
4.063457870483398460e-01
3.541725873947143555e-02
-3.524039077758789329e-01
5.594811439514160017e-02
9.246435165405272882e-02
2.105361557006835971e-01
1.651353001594543443e-02
6.650706481933593706e-01
-2.147465705871582087e-01
1.365207958221435480e-01
1.510274529457092223e-02
1.069058418273925726e-01
5.318220520019530939e-01
-5.865311431884765447e-01
-4.355704116821288996e-01
-1.240563392639160156e-01
4.372306060791015803e-01
-1.373657417297363403e-01
-6.674911975860595148e-02
2.630433273315429532e-01
8.319712066650390980e-01
1.738612937927246083e-01
-3.076761817932128773e-01
1.266743850708007824e-01
2.032803153991699086e-01
-7.919568634033202770e-01
-6.114198684692382368e-01
-7.748056793212890758e-01
nan
nan
nan
nan
-3.624437713623047119e-01
-9.452857017517089788e-02
9.220742797851562145e-01
-2.535035705566406339e-01
-3.838407516479492299e-01
-1.007805109024047935e-02
6.343736648559570312e-01
1.322662448883056563e-01
1.222194862365722640e-01
-7.744880676269531028e-01
2.216125679016113237e-01
-4.925364685058593595e-01
4.542037963867187611e-01
-5.374495697021484109e-01
1.143653392791748047e-01
-2.873163986206054843e-01
4.534152221679687567e-01
-1.200729274749755826e-01
2.626128768920898415e-01
2.410497665405273438e-01
-3.282663726806640536e-01
1.675223159790039107e-01
-5.060077667236327903e-01
1.438649463653564331e-01
-9.778015899658203391e-01
-6.950268554687499822e-01
1.851823234558105380e-01
2.110651779174804732e-01
nan
nan
nan
nan
-5.109073638916015320e-02
-3.398357772827148571e-01
3.401187515258788929e-01
2.088810729980468683e-01
-1.313450717926025468e-01
3.257359313964843794e-01
-1.855049133300781250e-01
1.844410133361816528e-01
4.280706787109375133e-01
-2.440861511230468794e-01
2.308556556701660267e-01
3.829024124145508079e-01
1.520515346527099576e-01
-3.809085083007812678e-01
7.198903656005859464e-01
4.615306854248046875e-01
-4.513087463378906428e-01
1.928342056274414129e-01
-8.145578384399414229e-02
-4.360902404785156339e-01
-9.703592300415038452e-02
2.072472572326660156e-01
8.662550926208495428e-02
-5.352030563354491788e-01
-1.199114131927490196e-01
1.387523937225341730e-01
-5.588772583007812766e-01
-3.992869567871093484e-01
nan
nan
nan
nan
6.988011169433593350e-01
1.498001289367675848e-01
-3.728310775756835671e-01
1.273055744171142645e-01
6.949280548095703169e-01
-3.750275421142578169e-01
-2.361065292358398571e-01
-1.678355979919433638e-01
-4.974101257324218817e-01
2.204138565063476496e-01
3.273146057128906161e-01
1.162862777709960938e-01
-4.225163269042968572e-01
2.346861457824707120e-01
7.244412994384765714e-01
1.173095989227294911e-01
4.286508941650390425e-01
8.163819909095764923e-03
6.384539794921875178e-01
-2.537491607666015891e-01
6.663533782958984686e-01
1.838296699523925826e-01
-3.965568065643310797e-02
-4.017449378967285351e-02
-1.060329627990722612e-01
-2.449253654479980336e-01
3.638868331909179688e-01
-3.365613937377929799e-01
nan
nan
nan
nan
-4.092898941040039040e-01
-3.068478965759277588e-01
5.046496582031250178e-01
-2.338302040100097567e-01
2.978274154663085871e-01
-7.929473114013672053e-01
6.802107238769531383e-01
3.228909301757812433e-01
2.277516937255859297e-01
-2.153502464294433649e-02
8.364685058593750167e-02
-1.472702407836914140e-01
2.597873878479003973e-01
2.785577964782715021e-01
-1.895999073982238686e-02
-5.819861221313477051e-01
-2.161742019653320190e-01
8.207546234130859431e-02
-4.845423507690429510e-01
-1.702293205261230513e-01
1.045325279235839872e-01
4.805295562744140714e-01
5.252157211303710715e-01
-7.817691802978515847e-02
-2.816994857788086004e-01
5.091091918945312988e-01
-3.939109420776367165e-01
-3.413778305053710715e-01
nan
nan
nan
nan
6.783510589599609508e-01
-2.618374443054199419e-01
5.213016128540038929e-01
6.807605743408202681e-01
-4.186071777343750022e-01
-5.520318508148193415e-02
-4.631893539428710849e-01
-4.397244644165039240e-01
8.326886177062987893e-02
5.627020645141601607e-01
2.075327301025390592e-01
-3.353296661376953258e-01
-5.315733337402344105e-01
-1.266616916656494174e-01
2.754348373413085804e-01
-7.396761322021484508e-01
-2.490033060312271240e-03
-2.478387260437011630e-01
-2.115118026733398549e-01
1.444838905334472623e-01
1.276807022094726685e-01
2.173427581787109319e-01
1.983816146850586049e-01
-3.468344879150390692e-01
-2.229373741149902333e-01
-2.622901153564453081e-01
-2.962516975402831876e-01
8.213240814208984109e-01
nan
nan
nan
nan
-5.674031829833984242e-01
4.841910552978515581e-01
6.661507415771484863e-01
-2.865272712707519487e-01
3.178953552246093772e-01
-1.985437393188476674e-01
-6.156149291992187855e-01
4.684713745117187744e-01
-4.111209869384765403e-01
2.241512489318847612e-01
-6.517823028564453391e-01
-3.443611145019531139e-01
-8.333494186401367576e-02
-7.713114166259765758e-01
-1.631016731262207031e-01
2.917088890075683616e-01
1.092251110076904314e-01
1.818571090698242188e-01
-1.390425586700439475e-01
-6.456322479248046697e-01
2.820007705688476474e-01
-2.964591264724731473e-02
4.652409744262695490e-01
-2.892821693420410400e-01
-5.796310806274413974e-01
-4.872288703918457170e-02
7.786170959472656083e-02
6.396189498901366788e-01
nan
nan
nan
nan
8.532734870910645142e-02
2.362450027465820279e-01
-2.673686981201172097e-01
-8.755072784423828525e-01
3.709349060058593772e-01
3.958739471435546720e-01
6.507452392578124689e-01
-3.834098052978515692e-01
-5.915723419189453658e-01
3.364033889770507990e-01
-5.094496154785156383e-01
-1.277288360595703054e+00
2.844366836547851385e-01
3.270869445800781428e-01
1.730796843767166103e-03
-5.186096191406250333e-02
2.342217445373535045e-01
-8.221439361572265014e-02
-2.946212387084961026e-01
5.668766403198242099e-01
2.438745307922363381e-01
-1.781806945800781250e-01
-4.101212310791015891e-01
-2.228253173828124989e-01
4.691551971435546919e-01
-5.822810649871826283e-02
9.522024536132812633e-01
-2.457376098632812478e-01
nan
nan
nan
nan
-2.261454820632934418e-02
3.331134033203124734e-01
-3.651993560791015891e-01
-6.793423891067505195e-03
5.191576480865478342e-03
1.112700939178466741e-01
-5.341734290122985424e-03
-7.339889526367187056e-01
3.109638786315918058e-01
-6.163731002807617543e-01
-1.448370838165283225e-01
-2.405069351196289021e-02
1.721744728088378806e-01
3.276748657226562500e-01
4.052497386932372991e-02
1.015463924407958990e-01
3.268410873413085671e-01
-2.316251182556152421e-01
2.868223953247070468e-01
-2.655692100524902344e-01
-5.462734222412108931e-01
7.922300338745116854e-02
4.645799636840820535e-01
-6.730178070068358887e-01
-2.121100187301635728e-02
-5.285914993286132679e-01
-4.624493408203125266e-01
-2.497834587097167991e-01
nan
nan
nan
nan
4.255008697509765625e-02
2.189269638061523415e-01
-1.801043891906738414e-01
1.457248306274414040e-01
6.372661113739014338e-02
3.622878646850585804e-01
8.123565912246704518e-03
1.625683021545410167e-01
5.119531250000000089e-01
2.877340316772460799e-02
4.236091995239257835e-01
4.171654510498046808e-01
-5.080233764648437456e-01
1.634541893005371227e-01
1.094737529754638700e-01
-4.301138305664062300e-01
7.105737209320067693e-02
1.399837970733642523e-01
-3.002908134460449130e-01
3.633768463134765536e-01
1.510145187377929799e-01
2.289058876037597667e-01
9.311601638793945424e-02
3.918332099914551003e-02
7.987655162811278797e-02
-4.050706863403320535e-01
-9.048355102539062944e-02
-1.994245409965515053e-02
nan
nan
nan
nan
7.208444213867187811e-01
1.351897811889648526e-01
-1.211097335815429638e-01
3.709918594360351318e-01
-7.675010681152344416e-02
-2.831836128234863081e-01
-3.717626571655273660e-01
-2.477603721618652222e-01
4.960301589965820379e-01
8.297334909439086498e-03
5.408317947387695224e-01
2.613464546203613237e-01
-1.590830421447753940e-01
-6.226924514770507679e-01
-5.619098663330077681e-01
2.383046722412109353e-01
1.544550418853759752e-02
2.467074394226074219e-01
-4.521065139770507613e-01
-2.664063644409179754e-01
-4.602865874767303120e-03
6.534412384033203569e-01
-2.866061687469482339e-02
1.196225738525390631e-01
5.968270111083984197e-01
-7.719050598144531206e-01
-3.758402633666992343e-01
-3.932210540771484131e-01
nan
nan
nan
nan
-2.595911216735840021e-01
-9.962014198303222046e-02
6.309728240966796520e-01
3.713286209106445579e-01
-3.065292167663574152e-01
-1.669876480102538974e-01
7.120614624023438033e-01
1.524459171295166060e-01
-4.311695861816406405e-01
-9.503857612609863115e-02
-6.729338645935058205e-02
7.639975738525390803e-01
-8.738517761230468750e-01
1.264135169982910090e-01
-4.176269531249999778e-01
3.669614076614379633e-02
-3.421706390380859220e-01
2.649858474731445201e-01
-4.914834213256835671e-01
-1.779751396179199141e-01
-2.520439338684081765e-01
4.589635086059570268e-01
-6.544646263122558261e-02
-3.189790916442871160e-01
5.488081741333007413e-01
2.550672531127929910e-01
4.825106430053711093e-01
-2.515714406967163239e-02
nan
nan
nan
nan
-1.897009658813476607e-01
-1.349135780334472789e-01
1.889787483215331909e-01
-4.808242034912109109e-01
-2.533891105651855380e-01
9.320955276489258090e-02
2.184327125549316295e-01
-7.801199436187744585e-02
-3.923545455932617165e-01
1.955052757263183727e-01
-3.318861770629882857e-01
-6.519500255584716186e-02
-1.017608070373535178e-01
1.570755290985107466e-01
-1.872088241577148371e-01
7.881816625595092912e-03
5.413218021392822432e-02
-3.667309951782226629e-01
2.972539520263671742e-01
-1.186110382080078018e+00
1.779798698425293091e-01
-3.185125923156738037e-01
-1.894277763366699341e-01
-4.502166748046875222e-01
3.754477691650390803e-01
-1.973310661315917924e-01
9.818028259277343794e-01
-1.579549789428710826e-01
nan
nan
nan
nan
2.038019943237304732e-01
9.751142883300780717e-01
-4.308717727661132701e-01
1.840102005004882746e-01
-3.015797805786132879e-01
3.479038238525390403e-01
1.582781791687011830e-01
-5.151622390747070401e-01
2.696734428405761497e-01
5.331343173980712669e-02
2.998373031616211049e-01
-2.696390533447265425e-01
-6.570775032043457697e-02
-6.610480785369872436e-02
-4.695792388916015803e-01
1.434178829193115123e-01
9.734112739562988947e-02
2.057489585876464966e-01
4.358894729614257724e-01
-1.203487110137939492e-01
5.885828781127929732e-01
-7.459813117980956809e-02
-1.583149433135986328e-01
1.601156806945800704e-01
1.349175548553466775e-01
1.727477073669433649e-01
nan
nan
nan
nan
nan
nan
1.142878341674804649e-01
2.376419448852539196e-01
2.847126960754394753e-01
2.872239494323730602e-01
2.923421859741210868e-02
3.942679977416992387e-01
1.389796352386474532e-01
-1.721955680847168102e-01
4.522085189819335938e-01
1.560810661315917836e-01
7.886172485351562456e-01
-4.057248687744140492e-01
-3.705014419555663907e-01
-5.511662292480469238e-01
-6.421591949462890359e-01
5.604424953460693248e-02
3.047344970703125266e-01
-5.357052993774413796e-01
5.879174709320068165e-02
4.626357269287109109e-01
-3.607438278198242254e-01
2.851425647735595856e-02
-2.509222030639648438e-01
-5.762513351440429199e-01
1.537257957458496027e-01
-1.792070770263671786e-01
2.018753242492675737e-01
-5.299478530883788840e-01
nan
nan
nan
nan
6.330370903015136719e-02
-2.355762863159179821e-01
-1.427702522277831954e-01
1.117649936676025357e-01
5.530912399291991743e-01
5.463628768920898438e-01
1.576034665107726995e-02
-3.657997512817383057e-01
5.103291034698486522e-02
-5.549900817871094016e-01
-8.856244087219238004e-02
-1.025984764099121122e-01
-5.111632919311523970e-01
-1.683230972290039040e-01
-1.066181850433349648e-01
8.369547843933106135e-02
-3.561347198486328192e-01
1.899273490905761808e-01
1.708137130737304721e-01
2.243874549865722545e-01
-5.396036148071289285e-01
1.220328140258788996e-01
nan
-4.124178886413574358e-02
1.154234123229980480e-01
2.907325363159179443e-01
-2.111264610290527477e-01
9.752896308898925670e-02
nan
nan
nan
nan
-1.538589859008789029e-01
-3.667487859725952065e-02
-3.479322433471679910e-01
2.975537490844726296e-01
3.747554016113281428e-01
4.576736831665039196e-01
2.454992383718490601e-03
-1.394504547119140674e-02
2.946861267089843639e-01
1.421873569488525391e-01
-8.351697921752929132e-02
2.669139862060546792e-02
2.687875556945800715e-01
-6.917099475860595537e-02
-1.912598419189453225e-01
1.025745487213134827e-01
-6.270256996154785489e-02
-2.150098991394042980e-01
-5.062684535980224720e-02
7.577127456665039285e-02
-5.132115840911865429e-02
-2.738816261291504017e-01
7.676818370819091242e-02
-2.297006988525390758e-01
2.078087043762207042e-01
-1.584861278533935547e-01
-5.278464126586913663e-01
4.740212559700012623e-03
nan
nan
nan
nan
3.783995819091796609e-01
-7.876780986785889005e-02
-4.160516262054443637e-02
-7.496582031250000056e-02
-3.459019470214843572e-01
-4.916621017456054843e-01
5.191394329071044589e-02
1.519833469390869107e-01
-4.910891342163086204e-01
-1.223325443267822277e-01
-3.198427772521972856e-01
3.820672225952148615e-01
-5.662300491333007724e-01
2.254877090454101562e-01
2.720978927612304754e-01
-8.738229370117187589e-01
-5.830624008178710849e-01
2.012447547912597778e-01
nan
-1.422831821441650491e-01
4.965698242187500111e-01
-2.044213676452636685e-01
1.560343551635742232e-01
1.909036064147949241e-01
-3.654915237426757946e-01
-9.059761047363280861e-02
-2.604398918151855646e-01
1.621414756774902377e-01
nan
nan
nan
nan
-1.390906524658203081e-01
3.527552413940429621e-01
-8.019369506835937189e-01
-1.721128463745117132e-01
-1.928257179260254028e-01
1.259862518310546908e-01
-2.672579765319824108e-01
1.284776973724365279e-01
4.996353530883789196e-01
4.979389190673828014e-01
3.039361000061034934e-01
1.466746902465820290e-01
4.079508781433105469e-02
-9.861705780029296486e-02
4.662471413612365341e-03
-3.708326721191406161e-01
5.723312377929687944e-01
5.080658435821533425e-02
3.057939529418945424e-01
-1.229006767272949191e-02
1.686745733022689767e-03
3.618973159790039307e-01
3.632669448852539062e-01
5.032242965698242587e-01
-5.389680480957030895e-01
1.831159400939941506e-01
2.040327262878418035e-01
9.357785224914551281e-02
nan
nan
