nan
nan
-1.690846824645996227e-01
-2.162243652343749933e-01
8.822640991210937145e-01
-4.968213272094726407e-01
8.065627098083495705e-02
-9.677761077880859819e-01
4.335520935058593817e-01
-6.397127914428710760e-01
-6.864085388183593928e-01
3.409899902343749845e-01
1.188841247558593689e-01
-6.817209720611572266e-02
-4.058394622802734553e-01
1.022040653228759727e-01
3.819424438476562433e-01
4.178894805908203169e-01
-4.198430633544921742e-01
4.322956466674804932e-01
-3.803281402587890825e-01
-6.500165557861328214e-01
-2.029281806945800737e-01
6.203485107421875533e-01
9.231230735778808705e-02
2.335862922668457131e-01
-2.931245422363281117e-01
-6.009606361389160240e-02
-4.178529739379882590e-02
-3.995526885986327992e-01
nan
nan
nan
nan
6.901799774169922186e-01
-6.451837539672851396e-02
-2.957357597351074063e-01
4.428096771240234153e-01
-2.925778388977050559e-01
1.720943832397461015e-01
4.654518890380859308e-01
-2.255140495300292924e-01
1.010298080444336000e+00
-3.307155227661132679e-01
-2.766579437255859419e-01
-3.662787628173828081e-01
-4.642874145507812633e-01
9.489049530029296520e-01
8.238232612609863725e-02
-2.899350166320801003e-01
-2.329775810241699330e-01
5.633725738525390270e-01
3.856751251220703058e-01
-5.874454498291015875e-02
1.830735969543456909e-01
-2.055333375930785966e-02
4.463436508178710849e-01
5.821823477745056465e-03
3.058457183837890447e-01
-6.574417877197266113e-01
2.932332420349121338e-01
-4.251405334472656006e-01
nan
nan
nan
nan
-1.515192127227783236e-01
4.718051528930664040e-01
-1.839374732971191528e-01
1.079018020629882862e-01
-3.117377519607543793e-02
1.629043936729430986e-02
-8.850535392761230136e-02
6.580774307250976396e-02
-3.295168685913085760e-01
-1.510512733459472567e-01
-2.553038978576659956e-01
-6.733160400390625355e-01
-2.383190727233886752e-01
-7.961596965789795310e-02
2.948109626770019642e-01
2.981503868103027588e-01
3.823688983917236661e-02
-1.540833663940429643e-01
-8.983949279785156117e-01
-7.813537120819091797e-02
-1.639506149291992121e-01
4.556136131286621371e-02
4.293858718872070046e-01
3.792996215820312322e-01
-2.226447612047195365e-03
2.731728363037109197e-01
4.950693130493163951e-01
1.945466232299804810e-01
nan
nan
nan
nan
-5.232983779907226518e-01
1.965442848205566362e-01
1.600912284851074285e-01
-4.446294403076171964e-01
-3.620525121688842468e-02
-4.917179870605468683e-01
8.241169929504393865e-02
5.933459472656249512e-01
5.524343872070311967e-01
-4.019959449768066573e-02
5.962184906005859597e-01
-2.530296134948730735e-01
-4.740414810180664240e-01
-4.818283462524414196e-01
-1.053729553222656268e+00
1.958527946472168046e-01
-3.726222038269042663e-02
1.751807594299316373e-01
8.440512084960937189e-01
-4.523617172241211071e-01
-1.176137351989746116e-01
1.628872489929199252e-01
-1.236363053321838310e-02
-1.137148284912109369e-01
-2.700108909606933616e-01
-2.549101638793945246e-01
-2.807863044738769798e-01
1.688946914672851685e-01
nan
nan
nan
nan
-2.498439979553222778e-01
-8.932524108886719105e-01
3.758965301513672030e-01
-1.394887542724609353e-01
-2.602091789245605247e-01
1.590725708007812433e-01
-1.783802223205566417e-01
2.816912460327148371e-01
2.148650741577148304e-01
7.677369117736816684e-02
4.096427917480468528e-01
-5.766494750976562944e-01
-1.399764442443847678e-01
8.180381774902344139e-02
3.757828521728515669e-01
4.322386550903320468e-01
-3.176041412353515780e-01
-3.238335800170898393e-01
-3.494878005981445490e-01
1.762081909179687433e-01
7.556432342529296742e-01
5.619692230224608842e-01
-1.037606048583984419e-01
-2.577356147766113326e-01
-3.793568038940429710e-01
3.048865699768066317e-01
3.144885063171386497e-01
2.881903266906738481e-01
nan
nan
nan
nan
1.054798030853271451e-01
2.508177566528320135e-01
3.871257019042968484e-01
-1.245433235168457026e-01
-4.996792221069336071e-01
-1.833958053588867210e-01
-3.112439537048339866e-01
4.139511489868163974e-01
1.731095123291015725e-01
2.260322380065918069e-01
-2.961946105957031228e-01
-1.226213836669921842e-01
1.744248771667480380e-01
-2.150398635864257946e-01
3.792907333374023193e-01
4.881466388702392772e-02
-1.399497318267822199e-01
-4.007567882537841492e-02
-3.196804237365722390e-01
6.116364288330078391e-01
-2.665983390808105424e-01
2.545072937011718661e-01
2.508759117126465044e-01
7.686607360839843306e-01
-2.134688138961791937e-02
2.305721092224121138e-01
6.630404663085937012e-01
1.556640529632568326e-01
nan
nan
nan
nan
2.326950263977050903e-01
-4.997658920288086115e-01
5.071107101440429643e-01
-9.512821960449219238e-01
4.051937484741210960e-01
1.285794639587402310e-01
5.670506286621094238e-01
1.965561294555664140e-01
-2.519017219543456809e-01
-4.605089569091797008e-01
2.224237060546875033e-01
-6.211362457275391158e-01
-1.013409805297851574e-01
2.919947433471679621e-01
8.691672325134276733e-02
-1.345645523071289096e-01
9.708641052246093361e-02
-4.115613937377929910e-01
-8.571960330009460727e-03
5.201351928710937766e-01
4.649386405944824080e-02
4.669659435749053643e-03
7.710221862792968617e-01
-3.675328826904296631e-01
-2.270114660263061399e-02
1.439205837249755981e-01
5.916357517242431391e-02
-4.084738159179687744e-01
nan
nan
nan
nan
-1.216623210906982444e-01
4.193041324615478377e-02
-4.362817287445068526e-02
-3.448385238647461160e-01
-2.808438110351562655e-01
-9.080625534057616688e-02
6.015130996704101118e-01
-3.001766395568847834e-01
-3.370920562744140758e-01
4.124811553955078369e-01
3.935406494140625266e-01
-2.341162562370300432e-03
-1.306330776214599532e-01
3.468551635742187500e-01
-6.348800659179687500e-01
7.171615123748779907e-02
-4.062161636352539240e-01
4.193117141723632924e-01
-5.162820339202880970e-02
-4.630114364624023371e-01
4.630522537231445135e-01
-9.297163963317871260e-02
5.174857616424560769e-02
-2.871147155761718528e-01
-6.412166595458984597e-01
-6.795868873596191961e-02
-2.399750900268554643e-01
4.076673889160156161e-01
nan
nan
nan
nan
-3.179326772689819447e-02
-1.220916843414306674e-01
6.246081352233887052e-02
3.015332603454589644e-01
-6.404812622070312766e-01
-7.534697723388671387e-01
7.463271331787109109e-01
-2.369666862487792847e-01
-3.004331111907958957e-02
-4.537580490112304576e-01
-4.704398512840271378e-03
-5.413762283325195268e-01
-4.897657394409180021e-02
-3.484481811523437722e-01
2.841911125183105291e-01
-8.163978576660156639e-02
-1.540159940719604444e-02
-2.601165008544921720e-01
5.631241607666015447e-01
2.562530326843261985e-01
2.773002243041992054e-01
-6.991993635892867825e-04
9.538134574890136386e-02
2.643196678161621183e-01
-4.588325119018554776e-01
4.120432662963867121e-01
4.016630935668945579e-01
-3.642603302001953258e-01
nan
nan
nan
nan
7.181239128112792969e-02
7.031999588012695368e-02
-2.322800064086913974e-01
3.943257141113281072e-01
-5.279722213745117188e-01
5.367320060729980497e-02
5.429615497589111023e-02
3.235576248168945401e-01
1.637429809570312422e-01
-7.648794555664062411e-01
3.925256347656250200e-01
-2.777980995178222501e-01
8.043997192382812411e-01
2.972366142272949152e-01
1.949435615539550914e-01
-2.590080833435058350e-01
3.227067565917968728e-01
7.734375000000000278e-02
3.589184570312500266e-01
7.852907562255859730e-01
6.985149383544922430e-02
5.467924499511718217e-01
-1.627849388122558638e-01
-4.734043502807617210e-01
-5.084905624389648299e-02
-3.616168212890624734e-01
-4.054815769195556363e-02
-5.843222427368164329e-01
nan
nan
nan
nan
-5.821370315551758212e-01
-1.067751026153564431e-01
-3.407187652587890803e-01
-5.147816848754882546e-01
-3.921947097778320512e-01
-8.130960083007812145e-01
-2.726901054382324108e-01
1.071479797363281278e-01
2.878548431396484308e-01
-1.807798862457275432e-02
-9.138978004455566850e-02
3.150278663635253662e-01
-1.337444400787353438e-01
-2.166377067565918024e-02
-5.310488891601562456e-01
1.042523956298828103e-01
9.833347320556640181e-02
8.411238098144531161e-01
-3.200320434570312345e-01
6.389280700683593883e-01
2.078359031677246005e-01
-1.301118373870849623e-02
6.848335266113281250e-01
-3.849086999893188560e-02
1.461962413787841752e-01
-4.694323348999023260e-01
1.531762504577636741e-01
5.972921371459961187e-02
nan
nan
nan
nan
3.101215744018554488e-01
-2.844323921203613104e-01
-8.860917091369628629e-02
-6.151664257049560547e-02
6.554801177978515359e-01
3.261336135864257857e-01
3.692501831054687544e-01
-1.557294750213623069e-01
5.206505584716797363e-01
1.656746673583984475e-01
1.383841130882501580e-04
1.720098304748535201e-01
3.982638931274414262e-01
4.324779129028320512e-01
3.363383102416992454e-01
3.616517257690429754e-01
-1.485462951660156128e-01
2.831245231628418124e-01
1.330344200134277455e-01
2.106924057006835938e-01
6.930058288574219016e-01
1.096960163116455084e-01
1.620130538940429688e-01
1.811259269714355358e-01
1.705781555175781283e-01
2.436487007141113215e-01
4.767096042633056641e-02
3.458573532104491921e-01
nan
nan
nan
nan
9.402439117431640736e-02
4.102766418457031161e-01
1.119801521301269503e-01
-3.662743377685546697e-01
1.162475490570068354e-01
6.722310781478882044e-03
2.247425460815429821e-01
-3.749988937377929932e-01
6.466517639160156428e-01
1.204432582855224643e-01
-2.071005249023437633e-01
5.655134582519530939e-01
2.140020561218261841e-01
1.918683242797851463e-01
6.594158935546875488e-01
-1.097420597076416010e-01
-8.786418914794921764e-02
-1.715870475769042947e-01
-9.261639595031738448e-02
3.399058151245117343e-01
-8.414972305297852007e-02
3.058005714416504039e-01
-5.502586841583251981e-02
1.311791229248046864e-01
5.446255111694335849e-01
1.224412822723388722e-01
-6.318711090087890669e-01
5.086870193481445312e-01
nan
nan
nan
nan
2.744103050231933572e-01
-3.352452468872070268e-01
-3.120248603820801048e-01
2.327114105224609431e-01
3.591589033603668091e-03
7.034908294677734153e-01
-6.490144348144530895e-01
2.700126457214355735e-01
1.427951049804687400e-01
2.580625343322753840e-01
2.412620186805725271e-03
3.027816200256347456e-01
-8.454112243652344150e-01
5.572076034545898615e-01
7.412602233886719238e-01
3.098110580444335960e-01
4.415775299072265403e-01
3.834624862670898415e-01
1.451934909820556674e-01
-1.554104423522949252e-01
-3.487118530273437544e-01
4.762594604492187411e-01
3.825710678100586182e-01
-7.018428802490234153e-01
2.555351066589355291e-01
6.522298431396484908e-01
1.242121124267578092e-01
-5.496131134033203081e-01
nan
nan
nan
nan
1.787701225280761697e-01
-5.884684085845947460e-02
1.923718833923339921e-01
1.341920948028564320e-01
1.329678630828857455e-01
-6.035725784301757546e-01
-4.069338989257812456e-01
-1.651124382019042991e-01
-6.719255828857422230e-01
-3.352252960205078236e-01
1.524461364746093617e-01
-4.613731765747070557e-01
2.942629051208496271e-01
9.573198318481444813e-02
3.382809829711914129e-01
4.854809188842773571e-01
5.069680023193359197e-01
5.202889251708984197e-01
-9.277422904968261885e-02
2.642456054687499778e-01
-1.898302841186523537e-01
1.106533660888671777e+00
-2.362407302856445179e-01
5.477315902709960493e-01
-5.120808601379394503e-02
-3.426881408691406228e-01
-7.091369628906250000e-01
-5.042754364013671831e-01
nan
nan
nan
nan
6.468736267089844061e-01
3.292170715332031206e-01
-4.471529769897460982e-01
6.117032623291015492e-01
1.021862149238586363e-02
-5.433356857299804776e-01
5.392835235595703214e-01
2.979734992980956898e-01
2.257691764831543102e-01
-4.791416168212890847e-01
-4.888171768188476762e-01
-2.196883201599121038e-01
-6.563795471191405939e-01
-1.038161754608154241e-01
2.165189027786254897e-02
2.010584831237792816e-02
-3.560788345336913796e-01
6.380822372436523171e-01
4.824722766876220897e-02
3.593282699584960938e-01
4.446065139770507546e-01
-4.891901969909667747e-02
5.328935623168945535e-02
1.105313873291015603e-01
5.270089721679687145e-01
-6.701828765869141113e-01
-5.596407699584960982e-01
-2.551317214965820312e-01
nan
nan
nan
nan
-5.332896423339843484e-01
5.916731643676758079e-01
-2.360766792297363248e-01
-2.598810195922851562e-01
-3.977004289627075057e-02
8.459969520568848267e-02
-5.186005783081054643e-01
1.817355728149414040e-01
-4.533780288696289129e-01
-5.354446411132812722e-01
-1.132280921936035106e-01
3.792812108993530440e-02
1.595399093627929699e-01
2.148846626281738226e-01
8.805955886840820257e-02
-3.912261724472045760e-02
1.410546874999999978e-01
6.409943389892578391e-01
1.923026657104492110e-01
3.343944549560546875e-01
-1.534027957916259677e-01
-4.221498107910156006e-01
-1.030288887023925737e-01
2.144530677795410123e-01
-4.696045398712158508e-02
-4.170189666748047030e-01
1.755998611450195201e-01
-1.987751007080078014e-01
nan
nan
nan
nan
4.241435241699218484e-01
6.177561187744140536e-01
-6.339157485961913752e-01
-6.236060619354247964e-02
1.908655548095703203e-01
6.301482009887695579e-01
4.529561996459961076e-02
1.972663879394531139e-01
-5.974779891967773038e-01
5.655104827880859109e-01
-3.591076612472534485e-02
6.512475585937500533e-01
7.130527019500731978e-02
6.940928649902343706e-01
-1.305138015747070446e-01
-1.954892730712890492e-01
-2.215701103210449274e-01
-4.714262390136718661e-01
1.721107721328735476e-02
3.073654556274413863e-01
4.330812096595764230e-03
7.426715373992920366e-02
2.761173629760741988e-01
-3.089203643798827947e-01
3.219675064086914285e-01
3.202972793579101363e-01
-8.498049736022948719e-02
-2.382204055786132924e-01
nan
nan
nan
nan
-1.196782493591308644e-01
-2.735612154006957994e-02
2.399723625183105558e-01
3.630986785888671853e-01
-3.131231665611267003e-03
7.429548645019531383e-01
-6.341235733032226651e-01
-1.043179130554199169e-01
5.979065704345702947e-01
-1.692472457885742243e-01
-5.160022735595703319e-02
1.956871223449707098e-01
-4.540154266357421808e-01
5.530250167846679776e-01
1.749727249145507924e-01
2.161266708374023349e-01
-2.429018402099609453e-01
-2.083501815795898438e-01
-5.254375934600830078e-02
1.457519912719726640e-01
-2.483149909973144664e-01
-4.812543487548828214e-01
4.496409225463867121e-01
5.067478561401367321e-01
-1.092998790740966758e-01
3.779513549804687234e-01
nan
nan
nan
nan
nan
nan
1.160346627235412514e-02
-2.000787162780761630e-01
-2.957652568817138727e-02
2.377229881286621049e-01
1.332358169555664107e-01
4.933692550659179443e-01
6.338107299804687234e-01
-3.470804977416992454e-01
3.107662391662597834e-01
4.995892333984375266e-01
1.670166206359863237e-01
-3.015494346618652344e-02
-7.486267566680908370e-02
3.789449691772460715e-01
6.477806091308593861e-02
2.425489997863769509e-01
1.637463951110839921e-01
3.314349746704101651e-01
5.818957328796386941e-02
2.310535621643066417e-01
-5.168187713623046964e-01
2.619939231872558394e-01
2.303139305114746127e-01
2.674312591552734375e-01
-1.561448669433593839e-01
-3.315145874023437411e-01
1.145290088653564409e-01
-5.214157581329345592e-02
nan
nan
nan
nan
1.482596492767334073e-01
1.918742775917053195e-02
3.281596755981445179e-01
-5.271452331542968439e-01
7.189021706581115966e-03
-5.305826067924499824e-03
-5.255824089050292747e-02
2.313847160339355391e-01
3.070123910903930706e-02
4.495802307128906050e-01
2.848567247390747237e-02
5.085606384277343572e-01
3.553652954101562678e-01
2.333202743530273515e-01
1.324398326873779397e-01
-2.129986190795898349e-01
2.680209875106811385e-02
1.611393165588378973e-01
3.295586395263672141e-01
3.421136617660522350e-02
3.823759460449218661e-01
-2.905435180664062700e-01
nan
-1.496335148811340360e-02
-4.863764572143554621e-01
-1.990069198608398482e-01
-3.588957214355468772e-01
1.184030914306640619e-01
nan
nan
nan
nan
-4.494132041931152288e-02
-2.841064643859863015e-01
4.985258102416992299e-01
6.726161193847656206e-01
-4.708670806884765470e-01
-4.233613586425781228e-01
-2.853786849975585849e-01
3.099187850952148660e-01
-1.117463302612304726e-01
2.090665626525878840e-01
2.004227638244628906e-01
3.700827789306640470e-01
1.202616691589355469e-01
2.846068000793456898e-01
1.692719459533691406e-01
-5.103576660156250444e-01
-3.892417144775390803e-01
-3.236223983764648371e-01
-6.233512878417968306e-01
-8.525850296020508201e-02
2.548731040954589910e-01
-1.330256843566894609e-01
1.743133926391601529e-01
2.197950363159179715e-02
-4.047394180297851363e-01
-5.114026069641113004e-02
9.181925773620605580e-02
5.244728851318359863e-01
nan
nan
nan
nan
-1.596457481384277455e-01
-1.313377475738525257e-01
-1.366771793365478549e-01
-6.676554107666015092e-01
-1.421034336090087891e-03
3.993861770629882901e-01
-4.693078231811523282e-01
3.982278442382812256e-01
-2.261296844482421908e-01
-4.514446258544921875e-01
6.573178100585937988e-01
6.449996948242187056e-01
-4.872920036315917663e-02
-7.243713378906250222e-01
3.416289567947387862e-02
-4.639102172851562456e-01
-5.574590301513672186e-01
-1.612022018432617276e-01
nan
1.442243576049804799e-01
1.721116256713867143e-01
4.397005844116210760e-01
3.251923084259033397e-02
-8.050765991210936945e-02
-2.874175262451171831e-01
-2.463410758972167935e-01
3.641101837158203236e-01
-8.998977661132812056e-02
nan
nan
nan
nan
-1.486724185943603394e-01
2.583183860778808794e-01
5.226823043823242143e-01
1.539479374885559075e-02
-8.111235809326171609e-01
-6.514433026313781912e-03
3.610508728027344016e-01
-4.875777053833008079e-01
-2.537145042419433616e-01
-6.414620971679687589e-01
4.955190658569336160e-01
-5.452607345581054199e-01
6.780627441406249512e-01
4.687722682952880776e-02
-4.584539794921875244e-01
1.774816703796386619e-01
-4.041809844970702947e-01
-4.917159652709960915e-01
1.314763736724853527e-01
1.424545669555664085e-01
-1.698928117752075348e-02
-9.346110343933106135e-02
-2.946547508239746177e-02
5.115871047973632457e-01
6.315861129760742543e-01
-2.008504486083984297e-01
-3.135765457153320557e-01
1.712058448791503873e-01
nan
nan
