nan
nan
-6.732846069335937100e-01
-2.481023979187011730e-01
-1.205581474304199263e-01
6.179977416992187278e-01
-3.867514419555664329e-01
7.132839965820312322e-01
1.893306159973144609e-01
-1.052453918457031179e+00
-2.395950126647949097e-01
2.328220748901367321e-01
-1.376665878295898482e-01
7.190923690795898715e-02
1.488667845726013121e-02
-2.555991554260254039e-01
4.005411911010742232e-01
-1.817655372619629006e-01
8.791555023193359242e-01
-8.235616683959960660e-02
-4.781532669067382613e-01
6.328711986541747658e-02
5.237441635131836470e-01
6.929236888885498269e-02
-3.258237838745117188e-01
8.690435028076172186e-01
1.872851943969726651e-01
-6.175058364868164090e-02
-4.857835388183593950e-01
-4.074051856994628795e-02
nan
nan
nan
nan
2.935467147827148238e-01
5.067529678344726562e-01
4.384756088256835938e-01
-9.683004760742187633e-01
2.664267349243163996e-01
-4.137993621826172030e-01
-4.967592620849609619e-01
5.099236488342285406e-02
2.969572257995605202e-01
-6.965832519531249822e-01
-3.504000854492187456e-01
5.566179752349853516e-02
-1.937203216552734475e-01
2.429783439636230558e-01
3.604041290283203081e-01
-5.317007064819335715e-01
1.325454330444335860e-01
-4.968672561645507968e-01
4.461859512329101607e-01
8.309913635253905750e-02
-2.601078224182128973e-01
-8.228641510009765403e-02
-7.561447143554687056e-01
-8.842078208923340177e-02
-5.314622879028320090e-01
-2.114099121093749867e-01
1.894641494750976540e-01
1.478879451751708915e-02
nan
nan
nan
nan
-5.488790130615234242e-01
9.616932868957520086e-02
2.732186913490295289e-03
3.600721740722656050e-01
2.970973253250121932e-02
-6.518585968017578391e-01
-3.742599725723266824e-02
-3.700055122375488226e-02
3.231145095825195268e-01
3.187647628784179843e-01
4.210163879394531183e-01
8.435796737670898937e-02
-1.591913318634033125e-01
2.939219284057617010e-01
1.992536664009094197e-02
6.629436492919922319e-01
-3.449027633666992276e-01
6.108195877075195401e-01
1.525967502593994218e-01
4.364646530151367054e-01
8.515861511230469194e-01
1.081058692932128917e-01
-2.141492843627929576e-01
-2.022341156005859342e-01
1.236008548736572260e-01
2.223800849914550903e-01
-1.094306278228759782e-01
5.146015548706054377e-01
nan
nan
nan
nan
2.476487350463867088e-01
-1.113171672821044872e-01
2.257023620605468628e-01
1.926258659362792836e-01
-1.383460760116577088e-03
-1.769786834716796931e-01
2.028666305541992065e-01
2.670051574707031361e-01
-3.420029067993163863e-01
4.598715591430664329e-01
-4.093400192260742143e-01
5.881671905517578125e-01
-1.317350101470947388e-01
4.127227401733398193e-01
1.627556419372558627e-01
4.059786224365234397e-01
4.870735931396484308e-01
2.579979324340820335e-01
-4.441477298736572210e-02
4.938628387451171609e-01
1.230177021026611361e-01
-1.564959049224853571e-01
3.439088058471679865e-01
-4.668491780757903949e-03
1.220158672332763705e-01
-4.725750732421875044e-01
8.383036041259765980e-01
1.926491355895996183e-01
nan
nan
nan
nan
5.697012329101562855e-01
3.293468093872070068e-01
6.646421813964843439e-01
2.619771957397460938e-01
-9.571263885498046964e-01
-5.185997390747070224e-01
1.834706687927246116e-01
-4.006699752807617032e-01
-3.022770881652832031e-01
5.415220642089844105e-01
-3.306175947189331221e-02
-2.194465637207031194e-01
1.252006530761718694e-01
-1.039150238037109403e-01
-3.190013504028320068e-01
-3.157952308654785045e-01
-1.080322456359863320e-01
5.344987106323242365e-01
-4.807011032104492321e-01
-8.991343498229981135e-02
1.056521701812744157e-01
2.345479393005371060e-01
1.338159179687500033e-01
-3.449975967407226674e-01
-4.094708251953125266e-01
-3.811946487426757790e-01
5.327222442626953214e-01
-5.058860397338866832e-01
nan
nan
nan
nan
3.628763961791992010e-01
5.947664260864257701e-02
5.852889251708984775e-01
-2.226040267944335849e-01
-4.427878952026367276e-01
-2.834262466430664262e-01
4.207679748535156361e-01
-3.064494705200195290e-01
-3.002172708511352539e-02
-1.644885826110839833e-01
6.647517395019530984e-01
6.949081420898436945e-02
-1.245060062408447216e-01
-2.429245567321777211e-01
-1.552972316741943470e-01
2.323314094543457164e-01
-2.183366715908050676e-03
1.801387786865234486e-01
-1.481132888793945390e-01
3.193019676208496138e-01
-1.297204780578613270e-01
-3.707773590087890536e-01
-3.796445083618164018e-01
7.952503204345703347e-01
4.935435485839843595e-01
4.441471481323241988e-01
-2.730259180068969616e-02
-3.344694137573241965e-01
nan
nan
nan
nan
-3.374876022338867410e-01
4.150347900390625178e-01
3.521548461914062456e-01
5.208498001098632590e-01
2.649323272705078058e-01
-7.801811218261718306e-01
-7.617547607421875089e-01
5.699813842773437944e-01
-1.490218830108642478e-01
2.353335189819335815e-01
-3.639212799072265581e-01
1.435611343383789151e-01
2.360791397094726685e-01
3.761778640747070468e-01
-1.586159324645995961e-01
2.712326049804687500e-01
4.970853805541992076e-01
1.850194549560546797e-01
3.553258132934570268e-01
4.045031738281250067e-01
-2.193599891662597612e-01
-3.526699447631835849e-01
4.812917709350585938e-01
3.166882991790771762e-02
5.451752471923828613e-01
-5.161222839355468217e-01
-3.640531158447265492e-01
5.455204391479492321e-01
nan
nan
nan
nan
1.516366958618164118e-01
3.230582237243652399e-02
1.478603947907686364e-04
2.302675056457519631e-01
-5.229872131347655939e-01
-2.576155281066894731e-01
2.126245689392089744e-01
3.298459625244140603e-01
-1.891053962707519576e-01
2.270709991455078236e-01
2.561526107788085760e-01
-2.521837806701660023e-01
8.535506248474121482e-02
-1.946119117736816451e-01
-2.904495811462402544e-01
2.612539052963256878e-02
-4.644892501831054954e-01
5.885217189788818221e-02
-6.304482460021972046e-02
3.428271484375000067e-01
-3.423056793212890803e-01
-9.401412010192870816e-02
-1.300589561462402351e-02
-7.098187446594238226e-02
-1.362637138366699086e-01
-2.870689582824706987e-01
2.601317024230956898e-01
-2.192409324645996083e-01
nan
nan
nan
nan
1.780708885192870961e-01
3.032015037536621160e-01
6.703248023986816198e-03
1.903618240356445279e-01
-5.149280166625976873e-01
-3.621032476425170565e-02
9.100470542907715399e-02
4.109014034271240429e-02
-1.132216835021972595e-01
-8.291319274902343439e-01
4.092211532592773260e-01
4.649247741699218950e-01
7.027520751953124645e-01
-2.115139198303222778e-01
-4.650102996826172008e-01
-6.216467857360839788e-02
-6.843006896972656516e-01
-4.259455490112304954e-01
4.885129547119140825e-01
-3.755289459228515758e-01
2.491945266723632757e-01
-6.872517395019531738e-01
9.911368370056151955e-02
3.885065555572509571e-02
6.571871185302734508e-01
1.932235908508300737e-01
-1.793630981445312467e-01
-5.962800025939941212e-02
nan
nan
nan
nan
3.291950607299804488e-01
1.061205768585205128e-01
-4.927789688110351674e-01
1.182613277435302784e-01
-1.973883628845214955e-01
-1.302685928344726463e-01
2.077477645874023504e-01
1.150558280944824208e-01
-2.151781797409057714e-02
3.078563690185546764e-01
1.154393768310546936e-01
-4.818413543701172141e-01
3.529988527297973910e-02
-1.798371887207031172e-01
-2.031108856201171986e-01
-1.854737663269042935e-01
3.515981912612915067e-02
-1.624877357482910067e-01
1.863501739501953192e-01
-1.581057739257812622e-01
1.047682571411132774e-01
1.677414774894714355e-02
-4.918835639953613587e-02
-2.743715095520019576e-01
-1.050654602050781206e-01
-7.243538665771483975e-01
-2.553910636901855491e-01
-7.462255096435547186e-01
nan
nan
nan
nan
-1.043432712554931696e-01
-1.310906505584716886e-01
2.507167434692382790e-01
-6.388329696655273837e-01
2.622218322753906428e-01
-3.255444717407226518e-01
1.909646606445312422e-01
-6.329439544677734064e-01
1.267464876174926799e-02
7.230230712890625133e-01
-4.596884918212890692e-01
-6.357518005371093350e-01
-4.005652618408203081e-01
1.941810989379882946e-01
-5.245050811767577592e-01
4.037941932678222601e-02
-7.017216205596923939e-02
4.720653057098388866e-02
-1.480712413787841839e-02
4.240089416503906028e-02
-7.428804874420165405e-02
-2.016176795959472579e-01
7.226116657257079801e-02
-4.285630226135253573e-02
1.363848876953125122e-01
5.312331390380858887e-01
-3.351727676391601518e-01
-7.966789245605468972e-01
nan
nan
nan
nan
4.084514617919922097e-01
-1.417107772827148338e-01
1.220704746246337874e-01
-3.161728858947753795e-01
3.958988571166991988e-01
3.530805969238281494e-01
-3.001084327697753906e-01
2.421437454223632768e-01
-8.723336029052733975e-01
-1.593808364868164185e-01
1.025076389312744168e-01
5.727740859985351873e-01
1.529405784606933660e-01
2.050001335144042980e-01
-2.476122665405273426e-01
2.093977165222168091e-01
-2.390696525573730510e-02
5.281093215942382901e-01
1.668636703491210849e-01
-8.719727325439453613e-01
-1.886022186279296964e-01
3.669001388549804621e-01
3.833814239501953103e-01
-3.789878463745117165e-01
-7.588803100585937988e-01
8.129638671875000222e-01
-2.508104515075683660e-01
-3.308109664916992210e-01
nan
nan
nan
nan
-1.387476921081542969e-01
-4.536073303222656339e-01
-9.777318954467772993e-02
6.662308502197266113e-01
6.313466072082520031e-02
3.724686813354491921e-01
-9.484058380126952903e-02
-6.570409393310546742e-01
-3.609762191772460799e-02
2.641959953308105624e-01
8.138832092285156472e-01
2.318642997741699185e-01
3.008408355712890447e-01
1.016641998291015619e-01
-4.310985183715820290e-01
-6.868003845214843972e-01
4.056723117828368863e-02
-3.327720260620117276e-01
2.558112335205078303e-01
2.545376586914062655e-01
4.662140274047851807e-01
1.690134429931640647e-01
3.100629997253417924e-01
1.798676109313964711e-01
-2.523767662048339577e-01
-2.973611450195312589e-01
5.261641311645507413e-01
6.999595642089844194e-01
nan
nan
nan
nan
7.169377136230469238e-01
-7.248545837402343706e-01
-2.322713851928711049e-01
1.614268183708190973e-02
-2.783705902099609109e-01
-4.190372943878174078e-02
-4.354121398925780984e-01
-6.838517189025879184e-02
-9.387823104858399048e-02
-3.340131378173827881e-01
-5.971261215209960893e-01
3.253073120117187522e-01
1.877134895324706898e-01
1.228792953491210926e-01
-2.402973413467407102e-02
3.488451004028320090e-01
-1.106277694702148429e+00
2.426643371582031250e-01
-8.911348724365234508e-01
-1.667962455749511796e-01
-2.595915794372558594e-01
2.446314048767089799e-01
2.903859901428222923e-01
1.220910358428955039e-01
-5.720255661010742454e-01
4.701282882690429599e-01
5.325840473175048884e-02
5.780762100219726252e-01
nan
nan
nan
nan
8.056834220886230358e-02
-1.689829063415527466e-01
-1.932719039916992176e-01
-9.097982645034790455e-03
-5.921987056732178067e-02
5.417453289031982228e-02
-6.440317535400390536e-01
2.796136665344238215e-01
-6.710807800292968583e-02
1.511276340484619118e-01
4.056056594848632679e-01
-8.913707733154296875e-02
-5.553791046142577681e-01
-8.458187103271484764e-02
-5.971765518188476562e-01
3.824394607543945557e-01
3.582679748535156361e-01
1.484850502014160023e-01
6.915475463867187811e-01
2.411176681518554799e-01
-8.456959724426268976e-02
8.249517440795899048e-02
-8.972718238830566795e-02
-1.824625778198242232e-01
-2.305167007446289051e-01
-2.618340492248535378e-01
-1.071328639984130832e-01
-8.717333793640136275e-02
nan
nan
nan
nan
3.495729446411132701e-01
5.945339202880859514e-02
-1.756744766235351640e-01
-6.776126098632812012e-01
3.967801284790039018e-01
1.981266593933105336e-01
6.008218002319335449e-01
7.360198211669921609e-01
6.036390304565429632e-02
-2.780281639099120850e-01
1.713635253906249933e-01
-6.720802307128905806e-01
7.680275440216063898e-02
-1.299581909179687578e-01
-2.437915086746215987e-02
4.193974018096923578e-02
3.736349105834960854e-02
7.394353485107422186e-01
-4.140510559082031250e-01
-1.335825443267822377e-01
3.951834869384765470e-01
2.895268058776855336e-01
-2.376738548278808649e-01
5.625833129882812367e-01
9.846178054809570646e-02
-4.758304977416992210e-01
-7.165029048919677179e-02
-6.844416809082031206e-01
nan
nan
nan
nan
2.026831626892089955e-01
-1.769631958007812367e-01
-3.063424825668334840e-03
1.175202369689941351e-01
3.268924331665039040e-01
-4.992838287353515425e-01
1.473917007446289007e-01
7.009569644927977905e-02
-2.962241172790527344e-01
-4.991975021362304865e-01
-6.872940826416015225e-01
2.800220298767089888e-01
-6.875941467285155984e-01
-4.798198318481445290e-01
5.719402313232422319e-01
1.011279582977294977e-01
6.709272766113281161e-01
-1.003513050079345714e-01
-2.986979103088379106e-01
2.531282234191894465e-01
7.702837371826172230e-01
3.341967010498047008e-01
-3.052182769775390603e-01
-3.192443466186523637e-01
-1.853900146484374900e-01
-1.411973857879638694e-01
-5.161191558837890936e-01
1.558162879943847667e-01
nan
nan
nan
nan
-7.292951202392577992e-01
-5.265381336212158342e-02
-2.707805633544921875e-01
7.215742492675780717e-01
-7.013166809082030939e-01
-2.084553527832031239e-01
-3.875110244750976651e-01
2.780169296264648482e-01
5.485874557495117321e-01
4.506882858276367032e-01
-7.618675708770751565e-02
-1.205375576019287048e-01
-2.231945419311523460e-01
-4.317535018920898304e-01
3.113635063171386608e-01
3.974430465698242099e-01
-2.567392539978027299e-01
2.522055435180663996e-01
7.800894230604171883e-04
1.956286239624023537e-01
3.540435409545898415e-01
2.460326004028320357e-01
-8.909014463424682131e-03
-1.477754831314086886e-02
-6.002818346023559674e-03
-3.346175384521484220e-01
3.285959243774413951e-01
9.393597602844237782e-02
nan
nan
nan
nan
7.427076816558837724e-02
4.693554687500000044e-01
4.636017608642578058e-01
-4.350173950195312389e-01
7.391323852539062322e-01
-4.749651718139648593e-01
1.123320999145507759e+00
-2.819471168518066229e-01
4.609362792968749734e-01
-3.809487581253051536e-02
3.418084716796874756e-01
-2.071804046630859319e-01
3.429507446289062345e-01
6.953034400939941961e-02
2.039726448059082098e-01
7.517121124267578391e-01
8.912934303283691351e-02
4.243882751464843617e-01
6.397764205932616743e-01
-2.333466720581054699e-01
-5.830208778381347490e-02
-1.586947631835937400e-01
-4.135867309570312456e-01
-2.493563461303710815e-01
-2.450221824645996138e-01
-5.867602539062499734e-01
nan
nan
nan
nan
nan
nan
-2.980874252319336004e-01
1.944702148437499889e-01
-5.129574966430664462e-01
4.325887680053711049e-01
-3.660123443603515714e-01
2.592192840576171831e-01
-2.475652313232421797e-01
2.060817718505859319e-01
-6.382326126098633035e-01
-1.041630783081054723e+00
1.647123336791992132e-01
3.165876007080077881e-01
-5.751772308349609730e-01
-2.597734642028808327e-01
9.047280311584472712e-02
-1.518523216247558705e-01
1.750934982299804654e-01
-3.716319274902343817e-01
-5.495961761474609242e-01
5.691395950317382768e-01
1.945665359497070201e-01
2.249437332153320437e-02
-7.058698654174805354e-02
-7.480606079101562167e-02
9.851251602172851618e-02
3.187602806091308638e-01
2.017872810363769420e-01
5.033701705932617232e-01
nan
nan
nan
nan
-4.992511749267578014e-01
-7.337492108345031877e-03
-1.143949127197265575e-01
-3.954054641723632746e-01
-6.067663192749023215e-02
8.287044614553451668e-04
2.461302757263183483e-01
-5.468116402626037841e-03
-2.467741394042968772e-01
5.935241699218749695e-02
1.983201599121093839e-01
-5.666672134399414196e-01
-2.107383155822754039e-01
-6.213563919067383035e-01
2.316989135742187622e-01
-7.301030635833739846e-02
-2.947136878967285267e-01
1.686474990844726574e-01
2.735821342468261475e-01
2.880323982238769398e-01
3.410750198364257968e-01
8.843808174133301059e-02
nan
-3.104891967773437678e-01
-7.743593597412109508e-01
1.132987213134765692e-01
-5.092525100708007457e-01
1.500106143951416005e-01
nan
nan
nan
nan
-1.414514636993408070e-01
-3.442547559738159263e-02
7.019693851470947162e-03
-4.881556701660156317e-01
-2.386312675476074119e-01
2.015175437927246016e-01
1.627936363220214844e-01
1.402261352539062589e-01
-3.441006469726562433e-01
-1.286328601837158081e-01
5.976316833496093661e-01
7.922872543334960604e-02
6.370586872100830744e-02
1.954867744445800692e-01
-4.238050079345703214e-01
4.746831893920898660e-01
-2.284441375732421953e-01
-3.825331330299377650e-03
-1.536353230476379325e-02
3.291412734985351696e-01
-8.651898193359375266e-01
-1.415880298614501931e-01
2.563927841186523504e-01
3.564274215698242099e-01
-1.963455009460449152e-01
-3.493330383300781161e-01
3.024103164672851674e-01
-1.165684461593627895e-02
nan
nan
nan
nan
-3.484067535400390825e-01
2.650615501403808527e-01
1.400302219390869019e-01
-6.561049938201904408e-02
-3.438722229003906006e-01
-4.069102478027343817e-01
6.960188293457031383e-01
1.566607952117919922e-01
-7.613526916503906561e-01
-1.123623561859130870e-01
-2.939099788665771457e-02
1.649753189086914096e-01
3.369630432128906117e-01
7.934794425964356024e-02
-1.020356273651123052e-01
1.643276453018188352e-02
6.158187866210937944e-01
-1.348174476623535123e-01
nan
-2.331529617309570368e-01
3.930635452270507812e-01
4.513575363159179621e-01
-3.545296937227249015e-04
-3.249422836303710871e-01
-6.078892898559570268e-01
1.055619277954101598e+00
-8.017126083374023771e-02
-7.894703000783920548e-04
nan
nan
nan
nan
-7.750604152679443914e-02
8.542290496826171475e-01
-1.306177139282226618e-01
6.903193664550780762e-01
1.750539183616638128e-02
-3.034800148010253773e-01
-1.241895866394042980e-01
-1.945093750953674414e-02
-6.299202728271484641e-01
-1.631815719604492176e-01
-5.218522071838378740e-02
-2.026169395446777433e-01
-7.984482288360596203e-02
2.653524208068847590e-01
1.108304309844970748e-01
5.291710853576660212e-02
6.557027816772460771e-02
-2.930031967163085893e-01
2.349503707885742254e-01
1.001435565948486373e-01
-7.107727050781249556e-01
3.050578689575195179e-01
-3.003592300415038885e-01
-3.684671020507812589e-01
8.353048706054687633e-01
-6.365492630004883079e-01
-3.495913696289062456e-01
-4.767520141601562234e-01
nan
nan
