nan
nan
2.115646553039550737e-01
-4.289217376708984175e-01
-8.755218505859374556e-02
2.419458770751953258e-01
-6.093762207031250266e-01
-1.590362167358398415e-01
1.264674186706543080e-01
3.127610778808593839e-01
1.208770465850830117e-01
4.782444000244140403e-01
-3.648914337158203347e-01
4.805080032348632568e-01
5.441659927368164285e-01
2.030158805847167847e-01
-3.010576009750366364e-02
1.799943351745605380e-01
-4.207200527191162082e-02
6.809255218505859686e-01
3.157850265502929465e-01
-8.571518898010253851e-02
3.518069458007812567e-01
2.192731475830078103e-01
-2.417271804809570379e-01
-1.637347030639648426e-01
2.189393806457519409e-01
1.325399637222290060e-02
-3.262677001953124822e-01
6.047525405883789201e-02
nan
nan
nan
nan
-5.055895233154297230e-01
7.907746315002441018e-02
3.788485336303710760e-01
4.223843765258789018e-01
-5.984334945678710938e-01
1.924630165100097712e-01
-3.794567823410033985e-02
-2.663072586059570535e-01
-1.717946624755859464e-01
2.495694732666015603e-01
2.587554550170898526e-01
-1.886553001403808716e-01
1.928900837898254311e-02
7.267720794677734464e-01
-2.093967056274413929e-01
-2.867421913146972479e-01
6.980039978027343661e-01
-6.807858276367187988e-01
5.979704284667968217e-01
3.517932128906249845e-01
-7.623903656005859286e-01
4.730609893798828347e-01
-1.221898078918457059e-01
-1.798827528953552204e-02
-4.236175918579101474e-01
4.878113937377929754e-01
-2.338201141357421908e-01
1.931042671203613281e-01
nan
nan
nan
nan
8.097182464599609331e-01
-4.419434356689453391e-01
-1.104917240142822277e-01
-6.888231658935546342e-01
-3.377608871459961137e-01
-7.807004928588867632e-02
-3.782795333862304932e-01
4.108219909667968905e-01
-1.583710384368896551e-01
-7.024037170410156738e-01
-1.528034019470214944e-01
3.359133148193359508e-01
-3.567559051513671808e-01
-5.216043853759765314e-01
2.362685203552246094e-01
-5.466539382934569868e-01
6.564772033691406161e-01
-3.851311111450195224e-01
-5.870864486694336026e-01
-5.352764129638672153e-02
-5.852788543701171742e-01
-3.441121292114257546e-01
2.483076858520507912e-01
-3.343265056610107699e-02
-8.857004547119140536e-01
-1.417121601104736339e-01
5.405524444580077637e-01
7.201478576660156339e-01
nan
nan
nan
nan
-1.595863819122314564e-02
5.274352645874023082e-01
8.153074264526366521e-02
-7.873569488525390681e-02
-2.027525901794433594e-01
-9.554393005371093484e-01
2.936964035034179688e-01
-1.204106616973876914e-01
7.313043975830078036e-01
-1.567443943023681674e-01
-1.051528091430664169e+00
-2.087726593017578125e-01
-2.677976417541503840e-01
2.722296476364135728e-02
-3.369014739990234264e-01
3.668251514434814342e-02
6.652784347534179688e-02
1.074475002288818315e-01
3.468146896362304665e-01
2.677222824096679443e-01
-4.594107437133789218e-01
5.116439437866211470e-01
-1.404453849792480502e-01
-1.845782661437988248e-01
1.314274501800537231e-01
-9.514250755310058039e-02
5.571988105773925670e-02
3.754944992065429865e-01
nan
nan
nan
nan
4.779915237426757835e-01
4.415581512451172141e-01
6.016921234130859775e-01
-2.124488449096679776e-01
6.248705291748046786e-01
-5.372922134399413796e-01
1.728186035156250022e-01
2.525464248657226518e-01
3.098837852478027455e-01
-1.072502231597900341e-01
-8.128752112388610077e-03
-3.143155860900879173e-01
-8.527895355224609508e-01
6.448940753936767412e-02
4.194895172119140758e-01
-3.462130737304687234e-01
5.497681427001953613e-01
-2.879411888122558327e-01
4.993936920166015536e-01
-2.866829299926758057e-01
5.287467002868652399e-02
4.137026786804199469e-02
1.018935799598693834e-02
1.669348716735839788e-01
2.365363121032714733e-01
-4.298575210571289329e-01
-7.090793609619140681e-02
1.211093068122863839e-02
nan
nan
nan
nan
7.565941619873046697e-01
-3.800523757934570201e-01
3.737732315063476696e-01
3.372585678100585849e-01
5.152986145019531339e-01
5.147791671752929288e-01
3.778845071792602539e-02
4.973231887817382568e-01
-1.977396774291992065e-01
-8.386367797851562722e-01
1.389298319816589279e-02
5.409049987792968750e-01
1.835970306396484397e-01
-8.539336395263671387e-01
5.331460189819335893e-01
-7.027465057373046831e-01
3.398467254638671831e-01
-1.364155101776123036e-01
1.290424251556396562e-01
2.857345390319824263e-01
-4.208293533325195290e-01
-5.769042968750000278e-02
-1.335524559020996038e-01
-3.546389770507812345e-01
-6.095788192749023171e-01
-2.619821357727050715e-01
-1.490314178466796813e+00
-2.307862472534179810e-01
nan
nan
nan
nan
5.196648120880126981e-02
-2.108624458312988170e-01
-5.070664978027343839e-01
-3.497218322753906095e-01
5.248377227783203036e-01
3.848383331298828036e-01
-1.732217407226562533e-01
1.676750373840331931e-01
-3.080552864074707076e-01
-2.114472198486328225e-01
1.022773075103759755e-01
4.029555892944335915e-01
-4.491596698760986356e-02
6.857079315185546919e-01
3.400422668457031006e-01
-4.890359401702881054e-02
-3.232456970214843683e-01
-2.453990364074707109e-01
5.933013916015624778e-01
-3.958014678955077970e-01
2.222238302230834794e-02
-7.606306076049804132e-02
2.657838058471679865e-01
8.113265991210937000e-02
-1.004440546035766622e-02
-6.750366973876953391e-01
-5.895732498168945179e-01
5.330416870117187234e-01
nan
nan
nan
nan
-3.111596679687499978e-01
3.786660766601562256e-01
1.579942226409912220e-01
-1.847795295715332076e-01
-6.326342010498047230e-01
2.427513313293457042e-01
3.190281486511230558e-01
2.193217754364013700e-02
-6.017020034790039329e-01
-2.456140899658203203e-01
-6.519952392578125533e-01
1.122139072418212868e-01
5.189269256591796387e-01
2.484303665161132768e-01
-3.480935287475586115e-01
-2.346483421325683549e-01
8.161325454711913785e-02
1.788033866882324241e-01
5.814020538330078036e-01
-5.466186904907226474e-01
-1.864827919006347701e-01
-3.216281890869140958e-02
1.911417961120605580e-01
-1.739379692077636652e-01
2.416165733337402310e-01
-9.634519577026366688e-02
-5.559675979614258079e-01
-1.524447250366210982e-01
nan
nan
nan
nan
-5.442259979248046387e-01
-5.952272415161132812e-01
-3.429840087890624889e-01
-5.009559154510498380e-02
-2.734403419494628729e-01
-1.627209663391113170e-01
-7.494361114501952859e-01
7.660503387451171597e-02
-5.910208892822265137e-01
-1.827490043640136730e-01
-9.276536941528319702e-02
4.597842025756835871e-01
-2.567928504943847723e-01
-2.573221969604492232e-01
-8.877701568603515447e-01
4.787083816528320268e-01
-2.527271842956542725e-01
-4.191350936889648438e-01
8.317838287353516158e-01
-4.217589569091796942e-01
6.304800510406494141e-02
-7.846040248870850276e-02
2.281327438354492088e-01
-5.487953186035156028e-01
-4.441396331787109131e-01
8.410531044006347434e-02
-6.019369506835937633e-01
7.014546203613281072e-01
nan
nan
nan
nan
-6.390004348754882990e-01
9.481711387634277413e-03
-1.937403297424316329e-01
5.497019958496093262e-01
-3.154023170471191295e-01
-2.663374900817870941e-02
-1.016044902801513661e-01
6.525579452514648771e-02
2.835676193237304799e-01
-1.243259048461914096e-01
3.829131364822387779e-02
-3.490950775146484109e-01
3.275091552734374911e-01
-2.258395576477050803e-01
-1.328379631042480580e-01
1.906662178039550681e-01
-5.727161788940429155e-01
-2.614581871032715110e-01
-2.959922981262206876e-01
-2.915338754653930622e-02
2.004256248474121094e-01
-1.124590015411376931e-01
-1.245897388458251931e-01
8.244920730590819813e-02
-7.222045135498046387e-01
2.432452392578124956e-01
3.209702301025390558e-01
-1.125168800354003906e-01
nan
nan
nan
nan
-3.694493103027343683e-01
-3.696696472167968484e-01
-6.699966430664062722e-01
4.406223297119140625e-01
-1.087221145629882757e-01
3.554852676391601629e-01
1.897865104675292847e-01
-4.887071609497070090e-01
4.977427005767822571e-02
5.256750106811523132e-02
3.741859436035156472e-01
1.365546607971191428e-01
1.320894718170166071e-01
7.175986480712890359e-01
-6.332774162292480885e-03
2.689262962341308350e-01
6.725248718261718217e-01
-9.337901115417480968e-02
8.542234039306640936e-01
-4.085952758789062611e-01
3.463926315307617188e-01
2.966979980468750083e-02
5.687059020996093617e-01
4.998040771484374978e-01
4.665844917297363309e-02
-2.492502403259277410e-01
-4.719264507293700894e-02
4.681356048583984464e-01
nan
nan
nan
nan
-7.166447448730468572e-01
-2.613177680969238081e-01
-4.563405609130859464e-01
-3.759289169311523238e-01
-1.087860393524169855e-01
1.022882747650146473e-01
3.718617630004882879e-01
-3.215234756469726451e-01
7.043792724609374556e-01
-4.660020828247070090e-01
4.636057662963867232e-01
1.079871082305908225e-01
-5.553920364379882901e-01
-7.636368751525879350e-02
5.918725013732910323e-02
9.892501235008240024e-03
-3.806928634643554910e-01
-9.460093498229980857e-02
-4.203147506713867387e-01
-4.994656372070312433e-01
-6.527404189109802142e-03
-2.571326446533203081e-01
2.412472152709961015e-01
1.533475971221923695e-01
-5.069177627563476590e-02
1.801080131530761741e-01
6.865251064300537109e-02
-4.000413417816162109e-02
nan
nan
nan
nan
-4.128277206420898349e-01
5.584018325805664151e-01
-5.400109767913818110e-02
-3.521109008789062300e-01
-7.282660484313964455e-02
-1.054332613945007345e-02
6.433976745605468617e-01
-1.971151161193847590e-01
2.346669006347656128e-01
-4.874395370483398243e-02
-1.671550559997558583e-01
3.828643417358398304e-01
3.514838457107544167e-02
5.442377090454101340e-01
4.234632492065429910e-01
1.857545089721679699e-01
-2.480564689636230447e-01
-3.051530456542968506e-01
1.193374252319335943e-01
1.354949092864990157e-01
-5.732019805908202814e-01
2.906624221801757946e-01
-4.807685375213623102e-02
-3.763906478881836049e-01
-1.247531318664550776e-01
-1.537755012512206920e-01
2.669072151184082031e-01
-2.321456336975097623e-01
nan
nan
nan
nan
4.508775711059570535e-02
2.523015403747558838e-01
1.181003952026367237e-01
1.235643577575683549e-01
2.434481430053710982e-01
-3.717527770996093550e-01
9.693014144897460493e-02
-3.168841552734374956e-01
1.558323574066162176e-01
-4.057408142089843905e-01
1.037831020355224620e-01
9.045425415039062833e-02
3.085491371154784890e-01
1.557397174835205012e-01
8.554153442382812778e-02
1.464671611785888783e-01
-1.753568887710571164e-02
-2.362721824645996060e-01
-2.390008735656738159e-01
-4.791351780295371836e-04
4.623219490051269642e-02
-4.773049163818359197e-01
8.238793611526488633e-03
2.775450515747070468e-01
3.916087722778320290e-01
6.449928879737854351e-03
5.212810897827148127e-01
2.003122711181640758e-01
nan
nan
nan
nan
-5.472486877441405939e-01
3.211413574218749956e-01
4.979350280761718484e-01
-4.945304107666015359e-01
-3.640571594238281028e-01
5.047528076171875488e-01
-2.227725028991699163e-01
4.095207595825195446e-01
8.509120178222656650e-01
4.848616027832031161e-01
-3.132430458068847789e-01
4.311846160888672119e-01
-6.500632476806640359e-01
-1.190756225585937467e-01
-3.343145751953124911e-01
-4.552603912353515581e-01
-4.885787582397461137e-01
6.272920227050781117e-01
2.476213264465332020e-01
2.076480293273925692e-01
-5.135364151000976207e-01
2.324324798583984331e-01
-2.312558364868164129e-01
-4.206896209716796675e-01
9.674608230590819868e-02
-4.260688781738281028e-01
5.204288482666015181e-01
2.662719488143920968e-02
nan
nan
nan
nan
3.384876632690429488e-01
-7.248414039611816850e-02
-3.758594131469726318e-01
-1.925886917114257857e-01
2.710976409912109197e-01
-5.771815109252930176e-01
2.819166946411132968e-01
-2.549164962768554754e-01
-4.134681701660156139e-01
-1.876298522949218783e-01
-6.836289215087890669e-01
2.125491380691528487e-02
-2.799959945678711093e-01
2.757034873962402322e-01
-8.498154449462890225e-01
6.801729679107665349e-02
4.527453231811523482e-01
4.257467269897460826e-01
9.742690086364745594e-02
6.881081390380859863e-01
-3.334339523315429932e-01
1.343071269989013772e-01
-3.180730104446410911e-02
3.790110397338867232e-01
-2.303621530532836900e-02
6.281148529052734686e-01
-5.545764541625977095e-01
4.709606170654296875e-01
nan
nan
nan
nan
-2.239881134033203103e-01
-3.951138973236083957e-02
8.452713012695312056e-02
1.044547843933105458e-01
-3.199032974243163907e-01
7.442027282714843706e-01
-2.694662475585937744e-01
3.248083877563476829e-01
-7.787693977355956976e-02
-2.025520515441894542e-01
1.044270801544189414e-01
5.348578453063965177e-02
6.655973815917968217e-01
1.116140556335449285e-01
-3.911974716186523704e-01
3.844736480712890869e-01
-4.272123336791991965e-01
5.274911880493163840e-01
1.186438941955566401e-01
-4.192554473876953236e-01
3.601935577392578192e-01
1.265126895904541138e-01
6.123115921020507724e-01
4.708355331420898682e-01
-1.852282524108886663e-01
-9.659177780151367854e-02
1.344249248504638672e-01
1.976334953308105380e-01
nan
nan
nan
nan
4.911772537231445246e-01
-8.284126281738281306e-02
-1.053964519500732444e-01
3.528656387329101585e-01
4.144663619995117010e-01
-2.909972190856933705e-01
-1.485619068145752064e-01
3.569053268432617054e-01
-2.476994514465332142e-01
-1.924182128906249956e-01
2.025883102416992099e-01
1.926197814941406350e-01
-6.950058341026306430e-03
-4.650244522094726385e-01
3.167899513244629150e-01
2.311549568176269609e-01
6.142668151855468217e-01
-5.508477210998535128e-02
1.558809089660644631e-01
1.664724349975585938e-01
1.421865940093994252e-01
9.246789932250976118e-02
1.790838599205017007e-02
-2.107193946838378795e-01
-2.261835289001464799e-01
1.560887455940246533e-02
2.768384933471679590e-02
-3.098795318603515536e-01
nan
nan
nan
nan
-4.600636291503906183e-01
4.007691574096679532e-01
-8.784703254699706421e-02
4.079496383666992437e-02
-1.710492897033691340e-01
-8.834182739257812056e-02
1.713793724775314331e-03
-3.661170196533203303e-01
-3.127492332458496338e-01
3.335232925415039240e-01
-2.999915122985840066e-01
5.704818725585937278e-01
7.276795864105224665e-02
-1.429719161987304810e-01
-8.157964324951172408e-01
4.824166870117187478e-01
-2.853372001647949130e-01
3.748664474487304887e-01
8.527278900146484375e-01
-3.329230499267578081e-01
7.072695732116698886e-02
-1.954874801635742287e-01
-1.062633609771728577e-01
8.051911926269531561e-01
-2.611332893371582156e-02
5.087704849243164240e-01
nan
nan
nan
nan
nan
nan
3.087921905517578280e-01
7.014948272705078258e-01
-3.886548614501952881e-01
-5.877632904052734197e-01
3.818699419498443413e-03
1.303162002563476585e-01
-3.599203109741210826e-01
2.553845214843750155e-01
-5.925269126892089566e-02
-1.846198654174804610e-01
3.627609252929687722e-01
-4.235063076019287415e-02
5.394340896606445446e-01
-3.840244674682617432e-01
2.259364891052245972e-01
-2.812836265563964933e-01
-6.944075107574462780e-02
7.368013000488281561e-01
4.031371116638183399e-02
1.443422794342041036e-02
-6.857800292968749822e-01
-2.677564048767089866e-01
4.198009490966796986e-01
-2.002782821655273438e-01
-3.213276672363281072e-01
-3.426950073242187589e-01
-8.208467483520508201e-02
3.177073860168457275e-01
nan
nan
nan
nan
-1.890101432800292969e-01
-3.245886230468750244e-01
-2.469313240051269620e-01
8.341485977172852229e-02
-1.810193061828613281e-01
-5.418174362182617276e-01
4.074819946289062744e-01
-5.734710311889648082e-01
-9.562971115112305076e-02
-3.557301712036132768e-01
5.601022720336914507e-01
-1.292151641845703247e-01
1.884526252746581976e-01
-2.302424049377441440e-01
-6.376273155212403010e-02
-2.896584033966064300e-02
-7.952667236328124778e-01
9.512633323669433816e-02
-7.915390777587890669e-01
7.714725971221923773e-02
-2.098774528503417891e-01
-4.252799224853515692e-01
nan
8.498427581787109109e-01
1.850906944274902377e-01
2.523565101623534979e-01
1.072933793067932205e-02
1.971553993225097778e-01
nan
nan
nan
nan
-2.053075981140136674e-01
1.142982578277587924e-01
-2.295762634277343783e-01
-7.628856182098388283e-02
-3.714225006103515359e-01
6.603781127929687633e-01
3.372514724731445201e-01
-3.371364974975585849e-01
4.572729110717773660e-01
5.841323852539062611e-02
6.991487121582031783e-01
7.390677642822265359e-01
6.753040313720702625e-02
7.681005096435546964e-01
-3.151182556152343772e-01
4.303363037109375067e-01
5.505587387084961426e-01
-3.228684997558593506e-01
-2.130046463012695290e-01
4.754122161865234619e-01
3.669329071044921675e-01
-1.324874997138977134e-02
1.384044456481933472e-01
-1.627755737304687478e-01
3.722823715209960804e-01
1.019754981994628884e-01
-8.426759719848632424e-02
5.968097209930420255e-02
nan
nan
nan
nan
3.854105377197265536e-01
1.784987068176269454e-01
1.660294914245605546e-01
5.237569046020508212e-01
1.671611595153808527e-01
5.686114501953124512e-01
-1.907899856567382701e-01
6.533664703369140847e-01
-1.905649757385253773e-01
-2.533529281616210896e-02
3.190830421447753973e-01
-3.758142852783203369e-01
-2.273942947387695424e-01
1.544122028350830012e-01
2.665931320190429443e-01
4.671686172485351451e-01
-2.606873893737792769e-01
7.706940460205078391e-01
nan
5.995085716247558483e-02
-5.072114562988281339e-01
-9.798936843872070590e-02
9.206140518188477007e-02
1.012973880767822216e-01
2.015599250793457045e-02
-4.772960662841796986e-01
7.229485988616943248e-02
-1.726196670532226529e-01
nan
nan
nan
nan
1.750690078735351596e-01
-5.530548095703125000e-01
-5.103662967681885099e-02
-1.547880363464355369e-01
-8.718104362487792691e-02
3.652579879760742276e-01
5.609912872314453125e-01
-7.503532409667968972e-01
-1.830148315429687422e-01
1.659706687927245961e-01
-2.394652175903320412e-01
-3.467989730834961093e-01
2.628047370910644442e-01
-1.698843765258788996e-01
-4.437477111816406361e-01
7.888447570800781738e-01
3.928973770141601651e-01
5.611633777618408453e-02
-2.028933334350585815e-01
7.223181152343749467e-01
2.796373367309570312e-01
-1.094927883148193309e-01
-3.491604995727539129e-01
-2.011582183837890558e-01
-7.087672424316405762e-01
9.349415779113769143e-02
2.186686515808105580e-01
1.522765040397643967e-02
nan
nan
