nan
nan
6.419285583496093794e-01
1.304057693481445179e-01
-5.688142299652099859e-02
-2.352671432495117287e-01
4.423804473876953303e-01
1.944636344909667913e-01
3.023197555541992099e-01
2.042952775955200057e-02
-5.642036819458007280e-01
-1.067087078094482444e-01
2.295498847961425781e-01
1.060639023780822823e-02
-7.872561645507812900e-01
-2.004859542846679776e-01
1.520784568786621160e-01
-1.953668403625488381e-01
8.042709350585937056e-01
-6.658594608306885043e-02
-1.506060123443603571e-01
-1.601847267150878773e-01
-7.022900390624999822e-01
5.887539672851562766e-01
4.064094543457031361e-01
-7.638099670410156694e-01
-8.941383361816406250e-01
8.154213714599609641e-01
-1.022004127502441351e-01
-3.919054746627807784e-02
nan
nan
nan
nan
7.709536743164062678e-01
-3.076598358154296609e-01
1.707444763183593728e-01
5.077447414398193054e-02
-4.431502914428711026e-01
2.918228912353515447e-01
-5.681412506103515891e-01
3.584468078613280984e-01
-3.349828720092773438e-01
2.965785789489746027e-01
-6.209499359130858931e-01
8.204696655273437944e-01
4.745266342163085849e-01
6.357136249542236217e-02
1.851738357543945279e-01
-1.356142997741699163e-01
7.239426422119140669e-01
1.574318027496337813e-01
-1.268247127532959040e-01
-8.342649841308593661e-01
8.462538146972655717e-01
-1.294297122955322399e-01
3.972987365722656095e-01
-4.655557632446288840e-01
2.668234348297119155e-02
1.300607681274414118e-01
3.508010101318359553e-01
1.401337814331054810e-01
nan
nan
nan
nan
-2.190544128417968861e-01
2.904486179351806543e-02
3.738187551498412930e-03
-7.508390808105468439e-01
-4.424824523925781072e-01
-2.524872064590454046e-02
-2.726979255676269531e-01
-5.524341201782226873e-01
8.823291778564452958e-02
-2.038220787048339866e-01
-1.867197155952453683e-02
-9.170060157775879184e-02
1.335749435424804787e-01
-2.023708343505859486e-01
3.234463500976562655e-01
-4.399011611938476868e-02
-1.309869289398193394e-02
-5.095943069458007679e-01
-2.104265975952148426e-01
-2.247113227844238226e-01
3.286087036132812611e-01
-7.784817504882812766e-01
5.841266363859176202e-04
-5.431607437133788574e-01
-3.667484283447265403e-01
1.093667125701904275e-01
1.308685874938964877e-01
1.065417575836181685e-01
nan
nan
nan
nan
9.863343238830565851e-02
6.499046325683593972e-01
2.320693778991699263e-01
6.780822753906250444e-01
-2.518988370895385714e-02
-3.659173488616943026e-02
-4.428406143188476363e-01
1.579330444335937389e-01
-1.251451015472412054e-01
7.057472705841064120e-02
3.406790161132812744e-01
-1.530614013671875107e+00
2.742527580261230336e-01
-2.843371772766113414e-01
-7.018003463745117743e-02
1.303376865386962902e-01
-3.733895063400268638e-02
-3.389773178100585760e-01
-2.803539848327636919e-01
2.864294624328613259e-01
8.011786937713623671e-03
-1.969857215881347656e-01
-4.475523376464843883e-01
1.542496585845947177e-01
4.189555358886718484e-01
1.974935913085937578e-01
2.533604240417480225e-01
-1.961598992347717355e-02
nan
nan
nan
nan
5.632424163818359197e-01
-7.198350524902343839e-01
-4.689670944213867321e-01
-2.435492515563964788e-01
-3.178790473937988525e-01
3.287505340576171720e-01
-1.723593521118164107e-01
-2.793682098388671764e-01
1.298450469970703069e-01
-1.979611039161682101e-02
2.994565200805663907e-01
-5.252922058105469194e-01
3.073239803314209082e-02
-3.425696563720703192e-01
8.148468780517578169e-01
1.792471122741699230e-01
3.061704063415527366e-01
-4.792245101928711004e-01
-1.014093875885009738e-01
-3.335751724243163907e-01
-3.303466033935547053e-01
-6.615235900878906339e-01
-3.263056182861328036e-01
-2.047841072082519642e-01
-3.529963302612304510e-01
1.345901131629943792e-02
-1.254858493804931752e-01
6.169227600097656472e-01
nan
nan
nan
nan
-5.883540344238281650e-01
-2.293103027343749989e-01
-5.470227050781250044e-01
-2.478153419494628917e-01
-1.554734516143798928e-01
-2.190386009216308549e-01
2.805341339111327992e-01
-2.004124641418457142e-01
-1.219866847991943337e-01
-7.111398696899413896e-02
-4.365254592895507768e-01
-1.448272228240966852e-01
-9.452072143554687833e-02
2.005517959594726451e-01
-1.392587280273437367e-01
-1.792845153808593772e-01
1.312452220916748014e-01
-8.540753173828125044e-01
6.755196380615234863e-01
-4.772876262664794977e-02
1.502754402160644542e-01
1.472632312774658225e-01
-1.802072143554687422e-01
1.818967056274413963e-01
-1.801820039749145452e-02
2.046672439575195346e-01
3.672358703613280984e-01
5.885236740112305132e-01
nan
nan
nan
nan
3.214713287353515581e-01
-7.168641090393065851e-02
-4.373814105987548773e-02
6.045643234252929821e-01
1.870959472656250067e-01
1.853223419189453103e-01
1.725009441375732408e-02
3.429086446762084905e-02
3.382611846923828103e-01
-1.338718986511230336e-01
-2.779231452941894331e-01
2.994403839111328125e-01
7.013024902343749645e-01
-3.710383605957031095e-01
4.985723495483398438e-01
4.032996368408203192e-01
-1.968765449523925681e-01
1.864093971252441528e-01
-7.056186676025391069e-01
-2.412428855895996094e-01
-1.170863437652587824e-01
1.145472526550292969e-01
-3.587405395507812234e-01
-3.945900201797485074e-02
-6.729061889648437766e-01
7.239182949066162720e-02
-3.085635375976562567e-01
-2.667950057983398682e-01
nan
nan
nan
nan
8.786006927490234986e-02
4.542652130126953458e-02
-4.591321349143981725e-03
3.472085952758788840e-01
3.902539062500000044e-01
-1.708870506286621072e-01
6.875733184814453169e-01
3.424231719970702859e-01
-2.282796478271484353e-01
-2.362917900085449163e-01
3.992345333099365373e-02
1.911408233642578058e-01
-1.739920616149902288e-01
-5.125021934509277344e-02
-3.228330230712890825e-01
1.723757624626159543e-02
4.017053985595703258e-01
-2.763448524475097812e-01
4.897754669189453014e-01
2.863421440124511719e-01
3.806168365478515558e-01
-4.777843093872070068e-01
2.951902580261230313e-01
-8.876173019409179521e-02
-5.216703033447265270e-01
-3.024656295776367299e-01
-3.274892044067382879e-01
8.791419029235840454e-02
nan
nan
nan
nan
2.706057357788085871e-01
2.077657699584961049e-01
6.652635955810546342e-01
-9.490524291992187556e-02
7.702337265014648493e-02
-8.714235687255859064e-01
-3.958713531494140736e-01
-3.245632934570312766e-01
-1.987452316284179787e-01
1.303395271301269476e-01
2.986864852905273260e-01
3.974602127075195224e-01
-2.649287986755370916e-01
3.684848785400390847e-01
-3.330836296081542830e-02
-4.907291030883789151e-01
-3.151403236389160312e-01
2.810108184814453236e-01
5.841973876953124867e-01
1.679886245727539029e-01
-2.464635848999023326e-01
-2.219947338104247964e-02
1.567183494567871149e-02
-3.029299163818359175e-01
-1.447083759307861428e-01
-2.041218948364257879e-01
-3.729095458984375000e-01
-1.550760459899902244e-01
nan
nan
nan
nan
1.584988975524902477e-01
3.050065803527832187e-01
-7.268678188323975109e-02
2.237033462524413985e-01
-4.823454284667968994e-01
-3.953412246704101629e-01
4.685568618774413885e-01
-4.535656356811523238e-01
-1.079911518096923762e-01
-5.858097839355468350e-01
-1.376865673065185425e-01
-1.927727460861206055e-02
7.583124542236328036e-01
-3.715009307861328325e-01
1.396723270416259655e-01
3.063060760498046986e-01
1.091244029998779258e-01
-5.336268234252929954e-01
-4.023259735107421742e-01
1.632940101623535090e-01
1.908176612854003973e-01
4.445549011230468528e-01
-5.103936672210693248e-02
-6.225600433349609553e-01
3.620366668701172075e-01
1.304808044433593828e-01
3.538405609130859109e-01
-9.873327612876892784e-03
nan
nan
nan
nan
-2.894819641113281494e-01
4.079978942871093639e-01
2.550118637084961004e-01
-1.500558948516845792e-01
-2.814972686767578391e-01
3.078180789947509641e-02
-5.613970947265625178e-01
2.603593826293945090e-01
-7.588595390319824441e-02
1.214731979370117232e-01
-1.591092681884765658e-01
1.175615119934081965e-01
-5.268995761871337995e-03
-4.158259582519531206e-01
-1.315072345733642456e-01
4.086322784423827847e-02
-3.754284620285033847e-02
5.028270339965820179e-01
-3.228750228881835938e-01
1.586817455291748002e-01
8.837551116943359597e-02
4.302485275268554954e-01
1.326605415344238315e-01
-7.966703414916992410e-02
3.507689476013183677e-02
-6.416907501220703303e-01
-4.305259323120116943e-01
7.342016696929931641e-02
nan
nan
nan
nan
5.779255390167236522e-02
-5.412770748138427679e-02
4.292795944213867454e-01
1.049188709259033236e-01
-8.570115661621093839e-01
2.209986686706542913e-01
2.522829437255859619e-01
5.800088882446288729e-02
-2.536878204345703325e-01
1.431132984161377075e-01
2.440703010559082120e-01
4.628885269165038951e-01
-5.194120025634765270e-01
1.908347725868225070e-02
4.981653213500976674e-01
3.829986190795898193e-01
4.309817123413086093e-01
2.287446594238281283e-01
9.110086441040038396e-02
5.280184936523437678e-01
-4.522620391845703081e-01
9.945740699768065851e-02
8.297863006591796320e-02
-3.968755340576171631e-01
1.502572154998779164e-01
-2.253289031982421975e-01
-2.345101165771484308e-01
-1.600414848327636752e-01
nan
nan
nan
nan
-5.321903991699218350e-01
-5.610746383666992410e-01
-7.787606048583984863e-01
-4.834634304046631081e-02
3.882779121398925726e-02
5.819133377075195179e-01
-1.983795356750488181e-01
-2.876998901367187611e-01
-3.954000711441039984e-02
3.980662155151367121e-01
-4.511791229248046653e-01
-5.480571365356445845e-01
-7.722467803955077592e-01
-1.432609844207763661e-01
7.136371612548828014e-02
-1.597099876403808572e-01
8.634783935546874734e-01
1.482270526885986206e-01
-2.349397468566894465e-01
-3.545410394668579296e-02
3.214194488525390359e-01
1.215299963951110840e-02
-4.490756225585937345e-01
4.121403503417968572e-01
-5.007991409301757457e-01
3.782061004638672119e-01
3.433465957641601562e-01
2.310109376907348508e-02
nan
nan
nan
nan
6.807775020599365901e-02
2.370385551452636741e-01
-6.720589637756348156e-02
-3.158920288085937389e-01
-1.122214913368225174e-02
-2.978516769409179643e-01
-2.390727615356445235e-01
3.394727325439453325e-01
5.035575103759765137e-01
2.008369255065917958e-01
4.602089405059814342e-02
1.718079566955566517e-01
-3.249255752563476318e-01
2.390868425369262543e-02
6.023409271240234286e-01
1.747693443298339866e-01
5.882928848266602007e-01
2.429022789001464844e-01
-8.887297630310059260e-02
-1.080786514282226496e-01
-9.892759704589844105e-01
-3.498644638061523260e-01
1.126483726501464888e-01
-2.309717750549316329e-01
-4.572231292724609347e-02
1.249920368194580023e-01
9.113108366727829500e-04
-7.237134552001953658e-01
nan
nan
nan
nan
1.894609069824218783e-01
1.902612304687499867e-01
3.260295486450195401e-01
1.800124168395996205e-01
-2.249484634399414040e-01
-2.282920455932617165e-01
8.137341499328613892e-02
-6.091215133666991743e-01
-7.596450328826903631e-02
1.172658920288085910e-01
3.829342365264892800e-02
-6.163550186157226163e-01
1.624542427062988237e-01
-6.392759799957276057e-02
-7.582217407226562456e-01
4.132213211059570512e-01
-1.690232467651367199e-01
-4.365789794921874911e-01
2.184252738952636719e-01
8.556926727294922319e-02
2.192507743835449274e-01
7.766142487525939508e-04
7.409133911132812500e-01
4.148626708984374800e-01
2.538754653930663796e-01
2.247228145599365276e-02
1.014786529541015642e-01
2.438443946838378951e-01
nan
nan
nan
nan
8.117782592773437056e-01
6.149697113037109197e-01
-5.153400802612304599e-01
3.349806213378906383e-01
4.214136123657226674e-01
1.445789527893066306e-01
-2.026735877990722690e-01
-1.656516838073730513e-01
3.261058425903320401e-01
3.173351097106933416e-01
-1.754046440124511774e-01
-3.514579010009765692e-01
-4.311534500122070068e-01
2.381245613098144642e-01
-3.208342361450195468e-01
2.932974624633788996e-01
-1.846808075904846080e-02
-6.677673339843749611e-02
9.800904273986815740e-02
4.329236984252929910e-01
4.374948883056640758e-01
5.395992660522460627e-01
-6.330557912588119333e-04
-4.572923183441161832e-02
1.642462348937988315e-01
-4.712649536132812456e-01
-2.827332687377929754e-01
3.574095487594604326e-02
nan
nan
nan
nan
3.538368642330169591e-03
-6.629542112350463555e-03
-1.133019542694091858e-01
-3.375067710876464983e-02
-3.904162216186523593e-01
6.700403094291687046e-03
7.369682312011718861e-02
1.860114097595214899e-01
-3.205967664718627902e-02
1.790536117553711004e-01
-6.827985382080078436e-01
6.763605117797850952e-02
-1.684673500061035223e-01
2.165766209363937170e-03
1.001733970642089827e-01
-8.204299926757813166e-02
-4.099400520324707198e-02
-4.001203060150146373e-02
2.107146263122558483e-01
9.556125640869141125e-02
-1.562381744384765681e-01
5.938183593750000488e-01
-7.986394500732422186e-01
-2.638771772384643569e-02
3.375237655639648504e-01
-4.396368789672851496e-01
-1.224394702911376920e-01
2.451065826416015669e-01
nan
nan
nan
nan
-1.489086627960204967e-01
-1.030637893676757733e+00
2.558474159240722856e-01
-3.747542190551758079e-01
1.511038970947265747e-01
1.165578886866569562e-03
2.560807228088378684e-01
9.084494590759277510e-02
-4.574174880981445035e-02
-2.369275093078613281e-01
5.209623718261718883e-01
-1.775530815124511663e-01
-1.371069812774658170e-01
5.380165481567382724e-01
-1.444181346893310680e-01
-1.208980369567871083e-01
-4.269589614868163907e-01
2.710231971740722501e-01
3.978405761718750155e-01
3.419925689697265736e-01
-1.330784988403320435e-01
-4.509411239624023238e-01
-1.987854957580566517e-01
-8.195597648620606135e-02
-6.358740615844726829e-01
-2.802005386352539040e-01
8.320989990234375355e-01
8.977315902709960549e-02
nan
nan
nan
nan
2.353626823425293002e-01
6.037393188476563033e-01
-7.304368972778320368e-02
2.704745292663573997e-01
5.759751510620116921e-01
8.473531723022460771e-02
1.515391230583190869e-02
3.162280654907226318e-01
-2.957088661193847390e-01
-2.735324859619140542e-02
2.166008377075195335e-01
-3.832041549682617121e-01
5.151548767089844105e-01
-8.584455490112304077e-02
-1.530837249755859497e-01
2.664817428588867054e-01
7.496436309814452637e-01
1.300414466857910123e-01
4.557521438598632901e-01
1.535331916809082042e-01
-1.071198940277099665e-01
-3.297803163528442716e-02
-2.189651679992675737e-01
7.197836303710937189e-01
-1.502634334564209029e-01
1.705114364624023549e-01
nan
nan
nan
nan
nan
nan
-4.385903930664062367e-01
1.109477329254150435e-01
-2.045408248901367243e-01
3.678241729736327903e-01
2.094837760925293002e-01
-4.461642456054687456e-01
-1.223074245452880904e-01
-1.374904823303222667e-01
6.800333404541015758e-01
1.495621585845947343e-01
3.031686544418334822e-02
-6.420944976806640669e-01
-6.206060028076172408e-01
8.252821922302246149e-02
-2.406103897094726551e-01
2.214331245422363204e-01
3.840576934814453058e-01
-3.212178802490234242e-01
-5.777449607849120816e-02
-1.403259277343749944e-01
-4.301384353637695557e-01
-4.937415695190429665e-01
6.631078338623046520e-01
-4.056322860717773704e-01
7.732434082031249822e-01
-4.023569869995117232e-01
-3.220724487304687522e-01
-7.512842655181885265e-02
nan
nan
nan
nan
-5.587537002563476296e-01
-5.786869430541992099e-01
-5.223010540008544977e-02
-1.185900020599365279e-01
4.199178218841552457e-02
7.661238098144531605e-01
3.437464952468872320e-02
-5.683107852935791182e-02
-2.393729209899902455e-01
-7.934597969055175171e-02
-2.105901718139648326e-01
4.811021041870117143e-01
4.796969604492187234e-01
1.728590393066406217e-01
2.222182083129882746e-01
2.063382530212402310e-01
5.267476654052734020e-01
-3.732497990131378347e-03
2.061114120483398537e-01
-5.888356399536133212e-01
-1.181819558143615799e-02
3.958943128585815097e-02
nan
2.420139312744140625e-01
3.146607017517089600e-01
2.586523437500000133e-01
3.092832374572753729e-01
-2.543754959106445113e-01
nan
nan
nan
nan
-1.401850986480712991e-01
2.073317337036132690e-01
-4.585337162017822515e-02
-8.628072357177734020e-01
4.921742248535156405e-01
-6.172554492950439731e-02
8.095474243164062500e-01
-3.549096822738647544e-02
3.527838134765625133e-01
3.170748710632324135e-02
-6.962474060058593262e-01
6.055567169189453036e-01
-1.418899631500244174e-01
-1.634138298034668035e-01
-5.313938522338866877e-01
-4.816104507446288818e-01
2.653632926940918124e-01
8.378339767456054188e-02
4.297225952148437389e-01
-1.129941177368164046e-01
-2.811128807067870827e-01
6.146274566650390403e-01
1.871506690979004017e-01
6.335483551025390403e-01
1.554081249237060647e-01
2.885448646545409890e-01
1.349105453491210860e-01
-3.329263305664062478e-01
nan
nan
nan
nan
-4.426717758178710938e-02
-1.371864795684814564e-01
-3.079442787170409979e-01
7.300614833831786665e-02
-4.292605972290038929e-01
-6.735063552856444813e-02
-2.781857490539550726e-02
-7.102229309082030984e-01
-4.029035186767578325e-01
1.041926193237304732e-01
-4.688708114624023371e-01
-2.741798639297485241e-02
1.071982383728027344e-01
4.409192276000976629e-01
-1.951854705810546903e-02
-2.189867401123046786e-01
-1.342990016937255782e-01
-4.181948852539062456e-01
nan
1.539107322692871149e-01
-3.602135848999023504e-01
8.923674774169921831e-01
-4.120462036132812589e-01
4.008538818359375089e-01
3.524538421630859508e-01
2.916746330261230646e-01
-9.630953788757323775e-02
4.549400806427002231e-02
nan
nan
nan
nan
-4.030637741088867465e-02
-8.671252727508545546e-03
-3.427854919433593883e-01
1.494190597534179599e-01
1.124430751800537115e-01
6.072203445434570801e-01
-4.996772384643554665e-01
-4.821198272705078391e-01
5.907799005508422747e-03
-4.859064102172851451e-01
-2.610975074768066562e-01
-3.380923748016357450e-02
-1.364348793029785123e-01
3.397782135009765891e-01
1.342085266113281217e-01
6.866873264312743641e-02
-1.844190025329589810e-01
-3.477285385131835826e-01
2.459603500366210893e-01
-3.075658798217773549e-01
-4.507050323486327947e-01
-2.512160110473632968e-01
2.215721130371093861e-01
-7.735016345977782648e-02
-3.185522317886352317e-02
1.570949554443359375e-01
5.388200879096984551e-03
-2.115671730041503995e-01
nan
nan
