nan
nan
-1.864921379089355402e-01
3.579149246215820312e-01
-2.372054862976074319e-01
1.311195611953735324e-02
3.068752479553222834e-01
-3.124333763122558727e-01
1.565499114990234475e-01
-5.154775619506836160e-01
-2.281449699401855435e-01
1.679855728149414196e-01
-1.671334266662597712e-01
-2.109621429443359342e-01
3.734590911865234286e-01
1.378371906280517478e-01
-2.452063369750976662e-01
1.016671371459960949e-01
-5.343569564819335982e-01
7.916770935058593806e-02
-1.726528549194336071e-01
-2.355726242065429576e-01
4.685433197021484641e-01
-1.222529125213623058e-01
-1.931826972961425692e-01
5.502795028686523482e-01
-2.215490722656250078e-01
1.049412841796875107e+00
-2.108168411254882912e-01
-2.483399391174316295e-01
nan
nan
nan
nan
-3.627461242675781294e-01
4.761964797973632924e-01
-2.533529281616210826e-01
-1.113699436187744196e-01
5.961229705810546786e-01
7.362885284423827947e-01
1.759583282470703058e-01
-3.992177546024322510e-03
-7.498868465423584595e-02
8.107484436035156117e-01
4.672458267211914151e-01
-2.383932113647460882e-01
3.036882162094116377e-02
2.895749092102050670e-01
7.779322624206543024e-02
-6.045289993286132590e-01
1.583211135864257824e-01
2.250276184082031228e-01
-3.599476242065429710e-01
-1.835773277282714833e-01
4.372063159942626842e-02
1.575891208648681763e-01
1.082531452178955023e-01
-1.381913661956787054e-01
2.751975059509277344e-01
-2.822064018249511586e-01
-3.126826858520507790e-01
-1.069589018821716364e-02
nan
nan
nan
nan
2.727793693542480691e-01
2.065768003463745034e-02
-3.804383516311645591e-02
-4.459972763061523238e-01
-3.400231170654297030e-01
-2.817732810974121205e-01
3.414671897888183622e-02
-1.870439910888671842e-01
-7.118730926513672230e-01
-4.637551116943359197e-01
2.049882507324218839e-01
-4.324895477294921631e-01
2.405477333068847534e-01
1.921291542053222556e-01
-4.255160140991210982e-01
1.184573650360107450e-01
-7.680195808410644753e-02
4.867354869842529380e-02
2.114361190795898404e-01
6.063121032714843262e-01
1.998516082763671931e-01
-6.148467254638672053e-01
-6.522553253173828391e-01
-3.860898208618164240e-01
-2.062895584106445301e-01
4.365777015686034962e-02
-5.155532455444336026e-01
-5.896116256713866965e-01
nan
nan
nan
nan
1.738652229309081976e-01
-1.443645095825195346e-01
-2.338952445983886741e-01
5.729928970336913840e-01
-3.502756729722023140e-04
2.385309600830078092e-01
7.253612518310547097e-01
-4.022697067260742054e-01
5.171317291259766025e-01
2.922445297241210715e-01
2.848465156555175515e-01
7.088276147842406845e-03
2.261772346496581931e-01
4.122936630249023349e-01
-1.075668907165527322e-01
-1.132714033126831082e-02
-3.767454910278320579e-01
1.095945644378662071e-01
2.309368705749511586e-01
-4.280969238281249756e-01
6.235260391235351030e-01
6.506834983825683649e-02
4.757052230834961093e-01
5.612276458740234064e-01
1.999928855895996005e-01
-1.984877204895019454e-01
2.223959159851074119e-01
2.893803024291992099e-01
nan
nan
nan
nan
2.507563400268554843e-01
-3.753190994262695090e-02
5.798931121826171597e-02
1.734715843200683727e-01
-2.507189035415649525e-02
2.667594909667968528e-01
5.517182540893554865e-01
4.541415214538574441e-02
2.545070075988769553e-01
-2.360356903076171742e-01
-1.644481468200683638e-01
-2.583056449890136497e-01
4.004175186157226674e-01
4.367707061767578391e-01
-4.230176544189452881e-01
2.212366676330566329e-01
-1.385915088653564553e-01
1.454634094238281272e-01
-2.604527664184570490e-01
5.187427520751952681e-01
8.151551246643067017e-02
-4.292884826660156028e-01
-8.401856422424316961e-02
4.941646575927734486e-01
-1.842218399047851618e-01
-9.392786026000976562e-02
-6.034446716308593528e-01
-3.074035072326660178e-01
nan
nan
nan
nan
-1.537415599822997969e-01
-1.114188079833984268e+00
4.224057388305664240e-01
6.530628967285155850e-01
4.604438781738281472e-01
9.722380638122558871e-02
-1.235225296020507763e-01
5.696909904479980497e-02
4.671506118774413907e-01
2.459093856811523371e-01
1.694057846069335904e-01
-2.675757408142089844e-01
2.351587486267089910e-01
-3.541439056396484264e-01
-6.059829330444336248e-01
-1.216706752777099582e-01
4.788251876831054465e-01
-3.716498947143554443e-01
-4.351575469970703214e-01
-1.059252643585205100e-01
5.919969940185546564e-01
7.474773406982422319e-01
-4.027570343017577992e-01
-2.200041389465332009e-01
-1.228766536712646434e-01
-6.584680080413818706e-03
-4.108051300048828347e-01
2.985018730163574441e-01
nan
nan
nan
nan
3.546497726440429599e-01
2.546353149414062322e-01
-7.072114562988280895e-01
-2.822193717956543169e-01
-7.520993798971176668e-04
2.175599485635757585e-03
6.983541107177734242e-01
-8.164984130859375133e-01
-3.065419006347656072e-01
2.643927383422851607e-01
-1.478707885742187589e-01
4.795441055297851585e-01
-3.206569671630859347e-02
6.905980587005615401e-02
-1.382157516479492199e-01
1.362961673736572399e-01
1.692501640319824252e-01
2.263110542297363248e-01
4.372923660278320579e-01
1.359691524505615146e-01
-2.425059127807617232e-01
-1.153765106201171814e-01
1.951972579956054721e-01
2.165350914001464844e-01
2.290492820739745972e-01
-2.767024040222167969e-01
3.272324752807617143e-01
-3.270190811157226429e-01
nan
nan
nan
nan
2.703585863113403334e-02
-1.800608444213867287e-01
1.893178939819336049e-01
-1.121665859222412132e-01
1.091598796844482355e-01
8.390087890624999822e-01
-1.135638904571533159e-01
-3.125959205627441562e-01
-4.998983764648437522e-01
-2.515153312683105491e-01
6.662245273590088057e-02
-3.673276901245117188e-01
-7.946055603027343262e-01
7.541938018798828303e-01
-3.780130386352539285e-01
-3.111066818237304826e-02
1.015927600860595664e-01
-6.199714660644530806e-01
3.143531417846679443e-01
3.962385559082031161e-01
2.033344268798828181e-01
8.002930641174316184e-02
-3.930842971801757901e-01
2.607165908813476318e-01
-2.122824287414550870e-01
3.519174194335937256e-01
1.624375343322753962e-01
-4.651103210449218928e-01
nan
nan
nan
nan
-1.752338528633117648e-02
8.186355590820312278e-01
-4.625812911987304821e-01
8.272567749023437833e-02
-6.955078125000000444e-01
-5.059417724609375222e-01
4.197433853149414307e-01
-1.918377685546875100e-01
-7.278488922119140669e-01
7.538610458374023215e-02
-4.664878368377685380e-02
3.550279235839843839e-01
3.049520492553711160e-01
8.109296798706054632e-02
-3.585147142410278348e-02
8.102524757385254350e-02
-5.883746147155761996e-02
-1.864577674865722789e-01
1.683794593811035190e-01
6.768441772460938033e-01
-6.875081539154052901e-02
1.278252029418945335e-01
1.661773681640625056e-01
4.028568267822265486e-02
7.659571838378905762e-01
4.641744613647461049e-01
2.847231149673461886e-02
-6.622204589843749822e-01
nan
nan
nan
nan
7.595372009277343572e-01
4.090978622436523132e-02
2.168008995056152355e-01
1.738372802734375056e-01
-7.833112716674804632e-02
1.271454429626464877e-01
-9.981593132019042636e-02
-3.725314712524414040e-01
1.787497138977050815e-01
-5.466621780395507502e-01
1.932964706420898515e-01
-1.532318210601806563e-01
-9.407374382019043080e-02
-1.086308746337890652e+00
7.056865692138671875e-01
2.225079154968261641e-01
3.874990463256836049e-01
-2.552959823608398349e-01
2.531430244445800892e-01
-1.665953063964843717e-01
2.449328804016113192e-01
-9.324678039550781117e-01
8.654883384704589733e-02
3.290666580200195535e-01
-2.202232742309570279e-01
4.425444412231445135e-01
-4.811061859130859597e-01
3.103699493408202947e-01
nan
nan
nan
nan
3.141824913024902077e-01
5.205153226852416749e-03
-5.043588638305663840e-01
3.849865436553955023e-02
-2.905094718933105558e-01
-3.036533164978027499e-01
8.898543357849121593e-02
-3.251091766357421808e-01
3.084646034240722812e-01
-4.653381347656250222e-01
4.659545516967773526e-01
3.388204193115234575e-01
-2.609576034545898482e-01
3.212293624877929910e-01
-5.734000778198242720e-01
3.144547080993652100e-01
-1.579670143127441528e-01
-1.294068908691406172e-01
-2.096984291076660067e-01
2.502023887634277077e-01
-2.625517654418945135e-01
-3.464909744262695268e-01
7.770150756835937367e-01
-3.331563949584960826e-01
1.277197074890136785e-01
1.526612567901611262e-01
1.594726592302322292e-03
-1.446122360229492310e-01
nan
nan
nan
nan
-1.338780522346496617e-02
-2.093377113342285156e-01
-4.007232666015624889e-01
-3.040527105331420829e-02
-1.976379966735839766e-01
2.765680122375488437e-01
-3.009719085693359220e-01
1.675645065307617143e-01
-2.597053718566894598e-01
-2.308270645141601574e-01
-2.764871978759765869e-01
8.775166511535643921e-02
-9.822041511535645197e-02
6.809442138671875089e-01
9.284752655029296919e-01
-4.532455062866210804e-01
-1.677362442016601674e-01
-3.458827590942382679e-01
-1.728873825073242165e-01
-2.153742980957031317e-01
6.170583724975586132e-02
-8.622372627258301225e-02
-6.323437690734863559e-02
-9.979135394096373679e-03
-1.440968227386474620e-01
4.087617492675781339e-01
-1.851084136962890536e-01
1.480300045013427657e-01
nan
nan
nan
nan
-2.055155563354492121e-01
-3.203507995605468506e-01
-1.615133285522460938e-01
1.160649394989013705e-01
-1.712793922424316329e-01
1.292949771881103382e-01
-9.945667266845703569e-02
3.878132343292236411e-02
2.108846473693847534e-01
1.028987693786621027e-01
-1.040206909179687556e-02
1.829008102416992271e-02
-1.852929306030273449e-01
2.841109085083007857e-01
-2.500150299072265714e-01
5.573321580886841237e-03
-3.170434761047363215e-01
-3.733549499511718550e-01
-6.833279418945312766e-01
2.797843933105468861e-01
-4.104146575927734575e-01
3.103079414367675981e-01
2.050028419494628884e-01
5.895013809204101285e-02
-4.937897872924804643e-01
-1.318545913696289040e-01
1.096783733367919927e-01
1.898422050476074319e-01
nan
nan
nan
nan
-9.968343734741211271e-02
1.264263248443603382e-01
8.813678622245788019e-03
2.700105476379394687e-01
4.659761905670165710e-02
-3.418040466308593928e-01
-1.947130393981933716e-01
-6.162891387939453125e-01
4.800009918212890803e-01
-1.559604740142822299e-01
1.398539543151855382e-03
7.112284660339356079e-02
1.541259098052978616e-01
1.728074645996093839e-01
1.050455379486083946e-01
7.483174800872802179e-02
-2.571013259887695579e-01
-1.656130218505859342e-01
3.073444175720214666e-01
-9.767402648925781472e-01
5.910756587982177873e-02
-1.345279598236084062e-01
4.843154907226562278e-01
5.069154357910156117e-01
-1.447258377075195390e-01
1.838275909423828236e-01
1.547807335853576723e-02
-1.545415592193603582e-01
nan
nan
nan
nan
-1.531707000732421831e-01
6.825025177001953214e-01
-4.601993560791015625e-01
-1.575511813163757435e-02
-2.468101501464843861e-01
2.755465126037597856e-01
-6.910080718994140447e-01
5.637677764892577992e-01
-1.464800685644149789e-03
-3.267803668975829967e-02
1.021493339538574185e-01
3.734153985977172602e-02
-4.170244216918945201e-01
1.512080669403076116e-01
4.243714904785156339e-01
3.833322143554687700e-01
1.019829940795898421e-01
4.742211818695068332e-02
-2.029258537292480402e-01
7.762236785888672053e-01
4.891468048095702903e-01
7.283052921295166127e-02
-7.821886062622070146e-02
4.776289749145508079e-01
8.485519409179687056e-02
-1.884164428710937422e-01
4.830546188354492010e-01
-1.305481338500976696e-01
nan
nan
nan
nan
1.282799148559570224e-01
7.305450439453125000e-01
-5.367942047119140803e-01
-1.004417343139648366e+00
3.191757202148437500e-01
6.095063781738281339e-01
-2.598029899597167902e-01
-8.841178894042968361e-02
1.976969909667968817e-01
3.740829467773437722e-01
1.786990356445312400e-01
2.647227287292480691e-01
-6.538355350494384766e-02
-7.304382324218750000e-02
-3.637370681762695512e-01
-6.658934116363525446e-02
-7.812516784667968839e-01
-3.206479263305663796e-01
-2.729302597045898393e-01
-2.131208610534668091e-01
9.296504211425781206e-01
1.557734584808349587e-01
-3.600934600830077992e-01
-1.068398094177246127e-01
7.777265930175780717e-01
2.284341812133789118e-01
3.311806488037109530e-01
6.814980316162109197e-01
nan
nan
nan
nan
-6.958119869232178012e-02
-2.556456375122070357e-01
2.086749076843261719e-01
-3.445745468139648215e-01
-6.358611297607421609e-01
-2.598811721801757568e-01
1.644673109054565346e-02
-2.574207878112793058e-01
1.017850799560546804e+00
-9.739856719970703403e-02
-5.865258789062499645e-01
-6.191107559204102051e-01
1.250562191009521595e-01
-3.458150863647461160e-01
4.631181716918945090e-01
-8.289790153503418316e-03
1.444089889526367076e-01
-1.982022285461425837e-01
1.490353107452392634e-01
4.546654129028320224e-01
5.940755081176757324e-01
-1.063869380950927673e-01
-1.351523590087890525e-01
6.011387634277344238e-01
4.747359752655029574e-02
-5.221841049194335671e-01
-6.704391479492187444e-02
-1.341755199432373147e-01
nan
nan
nan
nan
-2.268096351623535289e-01
-7.182364463806152621e-02
-2.092846107482910223e-01
-3.425939559936523326e-01
-1.321327590942382724e-01
1.119023036956787176e-01
-4.154523849487304910e-01
2.821983528137206876e-01
1.742730903625488159e-01
2.243253898620605480e-01
5.786862850189208873e-02
-2.301068305969238351e-02
-3.729500198364257835e-01
1.737633109092712527e-02
1.597431087493896562e-01
-7.475466251373291682e-02
1.241094875335693321e-01
3.616149139404296609e-01
3.892581558227539151e-01
7.956582641601562811e-01
2.686690139770507857e-01
1.537588977813720836e-01
1.035039520263671825e-01
3.554299163818359641e-01
4.072232818603515603e-01
4.392728805541992188e-01
-8.122444152832031250e-02
3.938550949096679688e-01
nan
nan
nan
nan
1.996586418151855558e-01
-6.038088989257812678e-01
1.392839908599853571e-01
3.718456268310547097e-01
1.111031723022460893e-01
5.449851036071777510e-02
4.224638366699218772e-01
4.146585464477539062e-01
-1.271708583831787087e-01
3.877472305297851585e-01
3.795616531372070224e-01
2.205897521972656206e-01
6.358121490478515492e-01
3.479811859130859109e-01
3.157446098327636452e-01
3.170460510253906294e-01
4.870932388305664329e-01
4.161585617065429732e-01
5.990801239013672230e-01
6.910707855224609286e-01
2.354698944091796753e-01
-4.311768531799316240e-02
-3.382411575317382790e-01
-1.552343082427978527e-01
4.986182785034179443e-01
-1.483792215585708627e-03
nan
nan
nan
nan
nan
nan
-1.061592864990234392e-01
-5.480185031890869030e-02
1.046061611175537059e-01
1.126337051391601562e-01
3.371431350708007924e-01
2.084702301025390669e-01
-2.455535507202148415e-01
-1.004605960845947332e-01
4.664994812011718506e-01
8.817403793334960271e-02
-6.773018360137939009e-02
-9.143634796142577903e-01
5.604394897818564892e-04
-2.055343437194824263e-01
2.618966674804687478e-01
-3.450130462646484597e-01
-3.822648239135741921e-01
-3.965948486328125244e-01
8.572340011596679688e-02
1.448843765258789051e-01
-2.847794532775879128e-01
2.208068656921386708e-01
7.948740482330322876e-02
1.030805397033691395e-01
2.824763774871826005e-02
1.581801128387451127e-01
1.751397705078124867e-01
-1.185599803924560491e-01
nan
nan
nan
nan
1.557458019256591775e-01
3.480044937133788818e-01
2.119796180725097567e-01
-9.518639564514159990e-02
3.967504882812499800e-01
9.571757316589354914e-02
-4.654590129852295005e-02
-3.375481796264648282e-01
-6.863888549804687544e-01
-4.172613906860351829e-01
2.614739990234374867e-01
3.129008293151855358e-01
2.052455139160156150e-01
-8.404448509216308483e-02
5.693033218383789507e-01
-5.024625015258789018e-01
2.165194320678710815e-01
-1.907742309570312489e-01
5.864332199096679993e-02
-8.132713317871094194e-01
8.960993194580078036e-01
3.208129167556762751e-02
nan
3.461878585815429954e-01
7.408601379394531561e-01
8.228913116455077725e-01
-6.838076782226562012e-01
1.392814445495605402e-01
nan
nan
nan
nan
1.577874183654785212e-01
2.800052833557128973e-01
-3.485703277587890447e-01
-2.633651924133300626e-01
-6.981412410736083374e-02
1.339349651336669833e-01
-1.554605722427368150e-02
4.514947509765624978e-01
-1.868150138854980380e-01
-4.993963623046874800e-01
-5.844061660766601829e-01
1.359302163124084459e-02
6.661625385284423995e-02
4.922809219360351762e-01
-1.844020366668701338e-02
3.459010314941406428e-01
2.822275352478027521e-01
-1.011221504211425731e-01
3.833664703369140669e-01
2.209317207336425684e-02
-8.210437011718749734e-01
7.384098052978516069e-01
1.295872974395751998e-01
2.142218589782714788e-01
-8.674789428710937000e-02
-1.388565897941589425e-02
-4.683930873870849332e-02
-1.199100539088249120e-03
nan
nan
nan
nan
2.933345985412597612e-01
-2.762208938598632590e-01
-5.871538925170898260e-01
2.769879531860351407e-01
-4.100539398193359109e-01
4.222752380371093683e-01
-3.619893264770507879e-01
-3.238946533203124756e-01
-1.303224086761474720e-01
-3.466782379150390447e-01
8.809467315673828736e-02
3.664695739746093861e-01
9.048332214355468694e-02
3.732192230224609109e-01
3.542860031127929576e-01
7.103556060791015314e-01
2.660942268371582209e-01
-1.609780693054199130e-01
nan
-1.462051105499267700e-01
4.222599792480468683e-01
-7.468602752685546964e-01
-2.255709457397460926e-01
-1.433975124359130882e-01
-5.562477493286133168e-01
-4.310372924804687367e-01
5.274037551879883212e-01
-2.002451705932617176e-01
nan
nan
nan
nan
-1.102736663818359442e-01
-2.815721184015274135e-04
1.047052001953125006e-01
-8.248308181762695201e-02
-2.314867019653320257e-01
3.307403182983398304e-01
2.624241638183593683e-01
1.860007476806640747e-01
-1.321999740600585949e-01
2.715478181838989341e-02
4.096804141998291321e-02
2.308472251892089711e-01
-1.453134155273437533e-01
2.284620523452758623e-02
-2.384397697448730480e-01
-7.379042148590088390e-02
1.543233394622802769e-02
8.253637313842773771e-02
2.102257013320922921e-02
-4.600726318359374956e-01
-5.638431549072265431e-02
2.428061103820800815e-01
3.436797714233398304e-01
-1.401093959808349665e-01
-6.252655029296875222e-01
-2.419879436492920061e-02
-4.535108566284179465e-01
-1.079544544219970675e-01
nan
nan
