nan
nan
3.377124023437499956e-01
-3.152717590332031472e-01
1.424714660644531283e-01
-2.445220184326171997e-01
6.832920074462890681e-02
6.295741081237793413e-02
-7.616928100585937944e-01
-1.969336318969726607e-01
-2.272948646545410178e-01
-1.146628856658935512e-02
2.210617780685424777e-02
-2.086287498474121149e-01
-1.485944628715515220e-02
-8.182111358642578658e-01
5.456653213500977095e-01
-4.415862274169921609e-01
-3.486622810363769476e-02
-8.505315399169921520e-01
3.211527633666992343e-01
1.340366721153259284e-02
-1.142277050018310480e-01
-2.466619682312011785e-01
6.008544921875000333e-02
5.406189918518066601e-02
3.132218360900879128e-01
9.688043594360351562e-02
3.117118644714355624e-01
-2.514095115661620916e-01
nan
nan
nan
nan
-1.947359848022461037e-01
-2.737119674682617076e-01
-6.587794494628905762e-01
5.893661022186279241e-02
-7.961225891113281605e-01
-8.344411849975585938e-02
-7.447631072998046609e-01
-4.351470947265624889e-01
-5.466677093505859508e-01
1.154680132865905720e-02
-8.822798728942871094e-02
-7.497409820556640847e-01
3.484126281738281206e-01
7.089141368865967130e-02
7.014510154724121205e-02
-5.145502853393554288e-01
-3.616253280639648571e-01
5.900196075439453208e-02
2.088159751892089966e-01
2.639057540893554599e-01
4.458660507202148460e-01
-1.500364017486572332e-01
-5.120619297027587807e-02
4.951438903808593750e-01
-7.824736785888671831e-01
-9.209704399108886719e-02
-4.952551269531250133e-01
5.956324768066406650e-01
nan
nan
nan
nan
-7.243059158325194924e-02
1.790462684631347612e-01
-1.374357891082763627e-01
-4.502297210693359530e-01
-2.281955718994140569e-01
-8.932187652587890714e-01
-5.485506057739257812e-01
-4.552090835571289129e-01
-7.753757476806640014e-02
2.264215469360351674e-01
-3.020886802673339866e-01
2.572375869750976318e-01
1.860720825195312511e-01
-3.760767364501952925e-01
6.425272369384765758e-01
-9.880728149414061967e-01
-7.834075927734375222e-01
2.857938766479491965e-01
-1.154856586456298878e-01
6.779614257812499600e-01
-5.348458099365234197e-01
2.272896766662597656e-01
3.245730590820312678e-01
2.284587669372558638e-01
-4.761490345001220814e-02
-3.065631151199340806e-02
5.116895294189452992e-01
-1.863608169555664162e-01
nan
nan
nan
nan
1.006049041748046768e+00
-1.850061058998107855e-02
-8.474858283996582198e-02
-3.986742019653320424e-01
-1.934180641174316484e-01
-3.855061903595924334e-04
3.271297073364257679e-01
-1.228704833984374939e-01
-2.320373725891113348e-01
-1.124949493408203161e+00
-1.331568813323974476e-01
3.893455505371093972e-01
2.045889282226562578e-01
1.193333244323730447e-01
-3.805257415771484131e-01
1.236902332305908209e-01
2.303598213195800770e-01
-2.458608055114746005e-01
1.293669319152832009e-01
2.160410118103027466e-01
1.897279739379882924e-01
5.079381942749023882e-01
6.714295959472655895e-01
-1.378265190124511597e-01
3.361827135086059570e-02
4.850912094116210938e-02
4.903400838375091171e-03
-1.793874740600585882e-01
nan
nan
nan
nan
-7.997364044189453347e-01
-1.997817611694335804e-01
-1.123845100402832108e-02
-4.167862701416015780e-01
-8.609773635864258201e-02
2.884058952331542969e-01
2.819768905639648549e-01
1.058312892913818304e-01
2.307825851440429565e-01
3.134490776062011652e-01
-2.839638948440551675e-02
2.571835327148437322e-01
-4.520294189453125111e-02
1.450724792480468650e-01
-3.282748031616211093e-01
-1.923676681518554643e-01
-6.256706714630126676e-02
3.061308097839355313e-01
2.774917602539062403e-02
2.805784988403320357e-01
4.071308135986328319e-02
-1.191520690917968750e-02
2.982526397705078103e-01
-1.337603473663330211e-01
5.377037811279297141e-01
1.014214134216308572e-01
-3.636064529418945451e-02
4.534723281860351674e-01
nan
nan
nan
nan
1.418612194061279197e-01
-1.872634696960449319e-01
3.819613933563232450e-02
5.218205261230468572e-01
1.741308403015136841e-01
4.927823638916015714e-01
-2.226258277893066462e-01
4.314286041259765558e-01
4.417487335205078081e-01
-2.649611473083496316e-01
-4.668200683593750067e-01
-5.620906829833984819e-01
4.743735504150390359e-01
3.096143150329589977e-01
2.143090820312499867e-01
-2.448448944091796975e-01
8.355509948730468484e-01
2.273026227951049916e-02
1.702281570434570346e-01
3.443899154663085938e-01
-9.278512954711913563e-02
-4.712475204467773682e-01
2.954586029052734264e-01
2.217330169677734497e-01
-2.471106910705566373e-01
-4.654770660400390780e-01
-2.850534617900848597e-03
6.818186187744140758e-01
nan
nan
nan
nan
-5.337315368652343350e-01
7.052245140075683039e-02
4.369697570800781250e-01
-3.653371429443359464e-01
4.808788299560546875e-01
-3.064748382568359131e-01
-1.031215763092040993e-01
-1.743752479553222767e-01
-1.662695765495300279e-02
-2.978633499145507679e-01
1.830475425720214933e-01
-1.657035708427429324e-02
-3.421686172485351451e-01
-9.813333511352538563e-02
-1.276702022552490268e-01
-4.320260238647460893e-01
5.198011779785156605e-01
-2.342959022521972634e-01
4.371311950683594016e-01
2.017148208618164129e-01
3.570806884765624911e-01
2.818015289306640692e-01
4.248040676116943137e-02
2.961370277404785090e-01
2.534314393997192522e-02
-8.857207745313643889e-04
6.412451267242431918e-02
2.185791015624999889e-01
nan
nan
nan
nan
3.381248474121093528e-01
1.947020149230956898e-01
-4.438813686370849526e-02
3.974854278564453058e-01
6.478667449951172053e-01
-1.000605773925781206e-01
-1.443232631683349643e-01
-6.531108093261718262e-01
4.779941940307617099e-01
-3.226573562622070401e-01
-4.818251609802245983e-02
-9.449361801147461437e-02
-4.201662063598632924e-01
6.172532272338867587e-01
-1.772072029113769542e-01
-5.183063507080077903e-01
2.049240875244140725e-01
8.326142311096190740e-02
-3.605809020996093572e-01
-5.620870971679687855e-01
-3.294336318969726674e-01
-5.577602386474609514e-02
-1.366163635253906383e-01
3.497226715087890514e-01
-2.771927642822265558e-01
1.070312881469726585e-01
3.603487777709961093e-01
8.785364532470703036e-01
nan
nan
nan
nan
-3.940439987182617343e-01
-8.277081489562988781e-02
-6.623666381835937589e-01
9.302005767822265625e-01
2.878218650817870872e-01
-4.397724533081054932e-01
-2.591456031799316273e-01
3.794434070587158342e-02
2.226931571960449330e-01
-2.315945386886596527e-02
-1.906030082702636630e-01
3.918158340454101496e-01
-1.662591552734374867e-01
5.109898757934570046e-01
4.137787628173827947e-01
2.350843429565429576e-01
5.649599075317383035e-01
-1.938302612304687589e-01
-2.476533174514770549e-02
-1.173427009582519581e-01
-3.240114593505859508e-01
-1.680767440795898349e-01
1.773106956481933505e-01
-3.981637191772460782e-01
-5.595851516723633345e-01
-1.538820266723632812e-01
2.720734786987304421e-01
-3.181009101867675604e-01
nan
nan
nan
nan
-7.066032409667968306e-01
4.953686523437499933e-01
1.424266099929809640e-02
6.110892772674560852e-02
2.985537147521972745e-01
4.533348464965820113e-01
-2.819355201721191473e-01
-9.084307670593261275e-02
7.449530029296874689e-01
2.413371849060058638e-01
-9.702691078186034823e-02
1.955009651184081987e-01
2.341693496704101429e-01
-1.227290153503417941e-01
-4.963883209228515669e-01
-3.186800575256347745e-01
6.082189083099365234e-02
-1.674370384216308516e-01
3.753655624389648504e-01
1.193255901336669894e-01
9.193708300590514373e-03
-5.009007263183593572e-01
-4.925513076782226385e-01
4.086420822143554954e-01
1.692295265197753806e-01
3.446459960937500178e-01
1.466005325317382701e-01
-1.707511711120605347e-01
nan
nan
nan
nan
-6.480379486083984730e-01
-1.536014652252197243e-01
8.720985054969787945e-03
3.916561126708984486e-01
4.425811386108398637e-01
1.446814441680908114e-01
8.803059577941894920e-02
-3.657644271850585826e-01
2.216364288330078258e-01
-9.190000915527343217e-01
2.609277915954589799e-01
-1.187824630737304599e+00
-3.326644897460937500e-01
4.344795989990234419e-01
1.337869262695312589e-01
4.416941452026367232e-01
1.480811214447021462e-01
1.014958667755126998e-01
-7.055787086486815796e-02
4.030197620391845481e-02
2.564035415649413840e-01
-2.167338943481445235e-01
1.846422767639160079e-01
-2.332200050354003851e-01
3.502401733398437522e-01
-2.017910957336425670e-01
5.828374862670898660e-02
-1.312421560287475517e-02
nan
nan
nan
nan
-1.973844337463378784e-01
3.993342876434326227e-02
-7.234976196289062411e-01
8.632356262207031561e-01
9.611477851867675226e-02
1.842094659805297921e-02
3.261735677719115878e-02
3.865354537963867076e-01
-3.365594482421874756e-01
1.873983740806579520e-02
-1.081665039062500028e-01
-1.789203453063964722e-01
-2.948281288146972767e-01
1.349421501159668024e-01
-4.871940994262695113e-01
-2.985207557678222767e-01
1.960072898864746171e-01
7.788751125335693914e-02
4.760754013061523349e-01
-1.506290340423583896e-01
-5.994487762451172069e-02
-4.781392097473144420e-02
6.158968353271484508e-01
-2.557041168212890736e-01
9.871046447753906161e-01
6.431878358125687123e-04
-4.314017772674560297e-02
-3.892345726490020665e-03
nan
nan
nan
nan
-1.253859996795654227e-02
-1.319451141357421975e-01
-2.815662002563476540e-01
2.678285026550292769e-01
9.941185951232910101e-02
-6.628424644470215510e-02
6.182413101196289062e-01
3.874214172363281139e-01
-2.199272871017456110e-02
-5.255107402801513505e-02
6.877801513671875089e-01
-7.216502380371093706e-01
1.453374862670898382e-01
1.479129028320312622e-01
-5.667616653442383301e-01
-1.051205348968505815e-01
3.121040344238281139e-01
7.307375335693359064e-01
9.431311607360839955e-02
1.918931388854980546e-01
-2.965685129165649553e-02
3.167260360717773504e-01
5.472333145141601296e-01
-8.802671432495116910e-02
-3.539659500122070424e-01
2.490494012832641588e-02
3.197763061523437589e-01
2.154746294021606459e-02
nan
nan
nan
nan
-3.486922073364258079e-01
4.263155746459961204e-01
1.861461639404296819e-01
-4.019686889648437234e-01
-2.331126022338867176e-01
-3.122358703613281050e-01
-4.352729797363281139e-01
-3.245331573486328058e-01
-6.350173950195311945e-02
2.755402374267578169e-01
2.976057815551758079e-01
7.200798988342285191e-03
6.388666534423828036e-01
-8.401802062988281139e-02
1.868535614013671908e-01
-2.577988815307616921e-01
-6.105310821533203036e-01
-1.680867004394531183e-01
2.742960357666015536e-01
-1.044554328918457092e-01
-1.679394531249999989e-01
8.778614044189453347e-01
-3.089646339416503990e-02
4.651037979125976496e-01
-8.704171180725098211e-02
4.401015853881836137e-01
-3.805373382568359442e-01
1.530395889282226696e-01
nan
nan
nan
nan
-3.885049057006835782e-01
4.358665847778320224e-01
-7.013743591308593262e-01
1.629679298400878995e-01
1.692768669128418002e-01
-3.910160541534423578e-02
-4.562281799316406095e-01
1.336097908020019431e-01
-7.193913269042968572e-01
5.418757915496826005e-02
2.404683113098144420e-01
-5.006283569335937544e-01
-1.884651947021484253e-01
3.708008193969726807e-01
-7.104265213012694868e-02
-3.447669601440429554e-01
-2.638922882080078081e-01
4.119409561157226785e-01
2.927460861206054865e-01
1.814298057556152366e-01
2.118999481201171847e-02
3.542668914794921964e-01
5.556208038330078258e-01
1.865979194641113337e-01
4.520265102386474693e-02
1.199913330078125062e+00
-1.725352287292480358e-01
2.084258556365966783e-02
nan
nan
nan
nan
4.725518703460693248e-02
8.566137313842774048e-02
1.980496788024902477e-01
7.587400913238524780e-02
1.422576522827148360e-01
-2.778331041336059432e-02
1.472246360778808605e-01
1.464170455932617132e-01
1.207867717742919927e-01
-5.409203338623046475e-01
-4.545545578002929688e-01
4.191949081420898171e-01
3.175951576232909912e-01
-2.848028373718261563e-01
-1.576377773284912132e-01
-3.411414337158202859e-01
5.444979476928710760e-01
3.575977325439452792e-02
1.015735626220703181e-01
-3.910004425048828058e-01
-3.746780014038085804e-01
3.448860931396484641e-01
-3.366485595703124778e-01
-8.870903968811034990e-02
8.528989410400390492e-01
-6.180603027343749556e-01
-3.155278396606445157e-01
6.230611801147460938e-01
nan
nan
nan
nan
5.864731979370116921e-01
-2.010627746582031306e-01
6.039326858520507324e-01
-3.202274703979492432e-01
-5.205627822875976696e-01
-3.862825012207031228e-01
3.116070556640624933e-01
3.791408157348633012e-01
1.250013542175293091e-01
9.956648254394531161e-01
1.150149703025817906e-02
-6.340202808380127064e-02
-1.599754619598388605e-01
-4.316026306152343506e-01
-3.176351356506347812e-01
2.949362182617187300e-01
-7.868018746376038292e-03
-2.116631889343261741e-01
-6.084820556640625488e-01
-2.566835594177245827e-01
2.470155906677246049e-01
8.461052894592285822e-02
1.258376312255859442e-01
2.948398590087890625e-01
7.611753082275390936e-01
-2.039182472229003895e-01
4.089270830154419049e-03
1.091381359100341841e-01
nan
nan
nan
nan
-2.389080619812011808e-01
2.686663055419921675e-01
3.739709377288818332e-02
-5.324871063232421431e-01
6.266637802124024048e-02
-3.619727706909179887e-01
2.861814260482788141e-02
1.287784218788146952e-02
1.477835750579833962e-01
-2.403610610961914029e-01
-1.322986412048339777e-01
4.543933868408203125e-01
-1.008802413940429743e-01
4.134258747100830189e-02
5.938120269775390980e-01
-1.495318984985351540e-01
1.145425677299499560e-02
3.942345809936523282e-01
3.042357444763183483e-01
-1.430131149291992143e-01
1.734338760375976618e-01
4.683566284179687678e-01
2.122808456420898493e-01
-2.279810905456542969e-01
-6.094216537475586337e-01
-1.447520923614502020e-01
-1.347133159637451116e-01
8.223009490966797230e-01
nan
nan
nan
nan
2.355870246887206976e-01
7.799524068832397634e-03
-1.856468772888183461e-01
-3.458368682861328036e-01
4.612073135375976407e-01
1.782212638854980546e-01
-2.075488471984863192e-01
-4.308205413818359530e-01
4.878869247436523615e-01
-4.157160568237304732e-01
-9.681612014770507590e-02
2.019189643859863326e-01
2.497358560562133734e-02
3.759412002563476407e-01
3.336504745483398482e-01
6.206317901611327903e-01
-1.840199089050292836e-01
3.034967422485351785e-01
3.928498458862304532e-01
-2.362509918212890581e-01
5.126654052734375133e-01
3.716678237915039262e-01
-2.875610351562499778e-01
7.243892192840575839e-02
-2.185733604431152333e-01
-5.347207546234131192e-02
nan
nan
nan
nan
nan
nan
-4.666887664794922008e-01
4.828262329101562500e-01
-5.816689491271972989e-02
5.885162830352783092e-02
-1.226374387741088930e-02
1.302974414825439353e-01
-1.157812356948852497e-02
-3.410144424438476540e-01
5.531708526611328613e-01
2.516992759704589910e-01
9.006402492523192527e-03
9.387171745300293413e-02
5.086657714843749734e-01
-1.536802005767822221e-01
-5.831930160522460493e-01
1.653895187377929787e-01
-3.768302917480468861e-01
2.302291679382324208e-01
1.933634185791015536e-01
-3.698688125610351540e-01
3.512694168090820246e-01
-9.762247085571289229e-02
-3.516835451126098383e-02
2.236816215515136652e-01
1.338158893585205123e-01
2.213660240173339899e-01
4.955158233642578125e-01
2.837647628784179532e-01
nan
nan
nan
nan
-3.137718677520751759e-02
6.533290100097656206e-01
-4.013368225097656006e-01
4.494264984130859619e-01
2.199257850646972601e-01
-7.380951690673828169e-01
9.751633644104003296e-02
5.993706893920898171e-01
6.616928863525390891e-01
-8.675981140136719283e-01
-1.877250099182128928e-01
1.779223251342773315e-01
-6.276723384857177401e-02
1.363809204101562589e-01
7.084283447265624645e-01
3.846635818481445312e-01
5.196480560302734197e-01
-4.071711730957031095e-01
4.871337127685546609e-01
-8.379437446594238670e-02
2.391427230834961004e-01
2.488285636901855502e-01
nan
-3.383142471313476674e-01
8.219879150390624334e-02
-7.778739166259766025e-01
4.964736557006835804e-01
-3.137595558166503817e-01
nan
nan
nan
nan
2.723175239562988237e-01
1.959133529663086015e-01
-1.286195850372314486e-01
4.675300979614258057e-01
1.354964637756347623e-01
-5.331154632568358975e-01
2.754923248291015758e-01
8.293694496154785378e-02
-3.292607069015503207e-02
1.899065399169921897e-01
-5.571143722534179776e-01
1.782273864746093672e-01
2.061386108398437500e-01
-1.153267955780029330e-01
-2.984768867492675892e-01
1.364190959930420000e-01
-1.503230333328247140e-02
7.306190490722656028e-01
-1.552352142333984497e-01
-1.741047286987304765e-01
1.769148707389831682e-02
3.970303344726562322e-01
-9.170888519287109242e-01
-1.641325116157531586e-02
4.560280990600585893e-01
-9.032334136962890669e-01
1.783856391906738226e-01
-1.049996566772460893e-01
nan
nan
nan
nan
-2.390784454345703247e-01
-2.230082511901855524e-01
-4.225711822509765625e-01
-8.904415130615234153e-01
2.680844116210937544e-01
-3.623848676681518804e-02
5.090258026123046786e-01
3.198551559448242210e-01
-1.050521697998046955e+00
2.570854187011718806e-02
1.786630821228027410e-01
8.893975830078124645e-01
4.275366210937500133e-01
-3.735313415527343750e-01
-6.406469726562500355e-01
3.815851593017577925e-01
-5.175254058837890359e-01
-7.240963745117187100e-01
nan
3.665383911132812367e-01
1.054380798339843717e-01
8.344808959960937633e-01
-2.295104598999023471e-01
5.740993499755859819e-01
-3.200339508056640470e-01
5.632291793823241965e-01
-1.449220848083496160e-01
1.211840057373046869e-01
nan
nan
nan
nan
1.373004055023193393e-01
3.111859893798827881e-01
1.600661277770996094e-01
8.668435096740723100e-02
-2.019610214233398537e-01
3.760478258132934903e-02
2.259391593933105513e-01
8.556710052490233975e-01
2.441083526611328158e-01
4.495852947235107200e-02
-6.215209960937500000e-01
-1.233512687683105402e-01
-1.218375205993652288e-01
-1.670381069183349623e-02
2.910842514038086137e-01
4.175835418701172030e-01
-2.106461715698242088e-01
2.280942726135253840e-01
5.531623458862304776e-01
-5.246290206909179910e-01
-4.476237106323242010e-01
5.309807205200195446e-01
-2.597107124328613126e-01
-1.510139751434326216e-01
9.747855186462402177e-02
-3.298982238769531117e-01
-3.522847366333007879e-01
-2.498241186141967815e-02
nan
nan
