nan
nan
4.257042312622070224e-01
-5.850628280639648127e-01
2.391140747070312489e-01
4.475744628906250244e-01
-2.363466262817382757e-01
6.944274425506591353e-02
-6.644204616546631192e-02
2.721061897277832209e-01
3.051553916931152299e-01
4.005568695068359442e-01
5.331030654907226163e-01
-1.369849109649658170e-01
-4.154058837890625133e-01
4.298801803588866988e-01
6.956431865692138533e-03
2.207690477371215907e-03
-3.604257822036743136e-02
-5.834078598022460760e-01
-6.576869964599608986e-02
3.047589874267578325e-01
-3.851772689819336071e-01
-3.534495162963867121e-01
4.235560607910155984e-01
2.006392860412597734e-01
2.842571496963500893e-02
-6.331060409545898049e-02
2.125027275085449308e-01
-3.225722074508666909e-02
nan
nan
nan
nan
1.836541748046874867e-01
-5.847585296630859464e-01
4.889118957519531516e-01
4.952058410644531450e-01
-2.414353942871093617e-01
4.061498641967773438e-01
-6.304084777832030806e-01
1.627187538146972756e-01
1.789658737182617254e-01
2.405147743225097556e-01
5.136711883544922141e-01
8.645542144775390792e-02
6.434621429443359020e-01
1.362131881713867232e-01
-8.165853881835937189e-01
-4.821796417236328125e-01
1.905275344848632868e-01
-2.507139968872070246e-01
-1.137233829498291021e-01
-4.760258674621582059e-02
3.290901184082031250e-01
-1.030018234252929599e+00
-1.905881500244140658e-01
1.011987590789794889e-01
-9.679014587402343661e-01
-1.000300216674804704e-01
1.084347152709960876e-01
-1.338347244262695357e-01
nan
nan
nan
nan
-2.661766052246093972e-01
1.390361595153808694e-01
-1.702879333496093717e-01
2.054146766662597601e-01
-4.809655761718750200e-01
3.680949449539184376e-02
-8.704420089721680298e-02
3.808321380615234397e-01
-2.541694450378417791e-01
-4.018938446044921786e-01
9.227648925781249956e-01
3.236120986938476607e-01
3.913942337036132590e-01
-1.732412147521972534e-01
-3.659648513793945512e-01
5.167767333984375488e-01
-3.559888839721679910e-01
-4.099456787109375111e-01
1.033305358886718733e-01
-7.537729644775390536e-01
3.197727966308593905e-01
3.915328216552734220e-01
7.358287334442138727e-02
-1.914849281311035156e-01
-2.968465614318847590e-01
-4.522218704223632951e-02
-1.905704498291015681e-01
-5.635868549346923634e-02
nan
nan
nan
nan
2.818346023559570312e-01
4.198828506469726718e-01
-4.238450622558593839e-01
-1.326870346069335960e-01
1.437248611450195335e-01
-4.526568603515624956e-01
-1.341651725769043013e-01
3.216793823242187766e-01
-1.541387367248535090e-01
-2.016750812530517661e-02
1.400970745086669855e-01
5.129541397094726507e-02
4.074410629272460782e-01
-2.270728683471679721e-01
2.272903442382812611e-01
-1.371889972686767545e-01
3.422050774097442662e-03
5.048731231689452814e-01
-2.103759956359863292e-01
-2.871010398864746183e-01
2.129065322875976496e-01
2.092637538909912151e-02
1.510976600646972701e-01
-6.193576812744140681e-02
5.066135406494141069e-01
-1.428725123405456474e-02
-3.287971878051758057e-01
-1.057203598022461000e+00
nan
nan
nan
nan
7.426883697509765181e-01
7.697708129882812056e-01
-1.315205001831054599e-01
1.416250705718994155e-02
5.307836151123046520e-01
-2.978743791580200362e-02
-1.532063770294189442e-01
3.706707382202148460e-01
-3.628858566284179910e-01
-2.399716377258300781e-01
4.894213485717773260e-01
4.113815307617187389e-01
4.205538177490234508e-01
1.841862106323242099e-01
4.279744338989257546e-01
3.391839218139648393e-01
2.668073844909668035e-01
1.298037719726562456e-01
5.136782455444336426e-01
1.927975654602050726e-01
1.962258911132812589e-01
-3.828899383544921986e-01
1.453109741210937556e-01
4.032915496826172119e-01
4.503980636596680021e-02
5.061921691894530895e-01
-6.312345886230468217e-01
3.129106712341308549e-01
nan
nan
nan
nan
3.106060409545898238e-01
-3.040902018547058262e-03
5.309114456176757812e-01
-6.999844551086426003e-02
4.039811706542968950e-01
9.897620391845702859e-01
3.382122039794921986e-01
9.561039733886719238e-01
3.779560470581054821e-01
3.050696849822998047e-02
1.635357475280761752e-01
7.779856872558593706e-01
6.952739357948303257e-03
1.403921985626220836e-01
1.973833847045898537e-01
1.491325283050537187e-01
7.104166030883789229e-02
2.532231140136718683e-01
6.953337860107421387e-01
-2.384190559387207031e-01
-3.482073593139648482e-01
-2.195943832397460882e-01
5.135416030883789285e-01
-4.191973114013671786e-01
6.512104797363281738e-01
-4.739105987548828391e-01
4.385854339599609131e-01
1.676272201538085982e-01
nan
nan
nan
nan
-6.694719195365905762e-03
8.436737060546875000e-01
2.013359832763671753e-01
8.433736801147460882e-02
-2.241817474365234431e-01
3.487647247314453192e-01
2.138124656677246049e-01
-1.561792564392089910e-01
3.272016048431396467e-03
-2.344280815124511752e-01
8.314878463745117854e-02
4.954375743865966492e-02
2.584455108642578214e-01
-9.450229644775390292e-02
-9.743024444580078436e-01
-2.247722625732421764e-01
1.762930297851562633e-01
-5.724036026000977051e-01
3.518740463256835871e-01
3.293555068969726829e-01
-4.946302890777588140e-02
2.484590339660644465e-01
1.227979755401611278e-01
-9.559789657592773771e-02
6.780168151855469061e-01
-7.452419281005859264e-02
3.393731307983398615e-01
-2.570403814315795968e-02
nan
nan
nan
nan
3.278864288330078369e-01
-4.730812835693359308e-01
1.059736132621765144e-02
5.051788711547851030e-01
5.238091278076172363e-01
-2.285439491271972767e-01
-9.091562271118164285e-02
-5.617993927001952992e-01
4.647879409790038885e-01
1.887775039672851540e-01
-4.929730224609374933e-01
-3.924370574951172030e-01
-1.015292167663574274e-01
3.724002838134765625e-01
1.855288505554199274e-01
-3.028633499145507724e-01
4.258729553222656006e-01
7.809684753417969194e-01
5.888026237487792997e-02
-1.146697521209716769e-01
7.179385375976562456e-01
3.509675979614257924e-01
3.214049148559570135e-01
-5.152135086059570490e-01
6.677414703369141113e-01
1.652900314331054721e-01
-5.744390010833740068e-02
-1.628018379211425837e-01
nan
nan
nan
nan
-2.318371582031250044e-01
-4.892665863037109486e-01
5.430590152740478321e-02
-1.641952705383300792e-01
9.091054916381835493e-02
-3.877443695068359397e-01
-2.842288398742675581e-01
1.355637264251708940e-01
1.054862785339355513e-01
2.211391830444335849e-01
8.938192367553711437e-02
-4.449063777923584206e-02
-3.138240242004394775e-01
3.629835128784179576e-01
1.205550384521484331e-01
-1.464530754089355402e-01
-5.005702376365661621e-03
3.329578399658202903e-01
-3.163447952270507790e-01
-1.557717418670654386e-01
1.223972129821777333e-01
7.528288269042968661e-01
4.750585556030273438e-02
1.453872680664062417e-02
1.488640022277832042e-01
4.491485214233398304e-01
2.042258644104003873e-01
2.303504753112793069e-01
nan
nan
nan
nan
6.214443206787109153e-01
4.307569885253906272e-01
-1.204890251159667913e-01
4.087700271606445335e-01
2.707968330383300759e-01
-1.291163921356201089e-02
-2.754095840454101607e-01
-1.490802764892578125e-01
-8.975492477416992243e-02
-1.141314506530761649e-02
-1.757151794433593761e-01
-5.179561996459960405e-01
-5.953878021240234242e-01
3.005008316040039262e-01
-1.293472003936767534e-01
-5.645715713500976118e-01
-2.860083770751953303e-01
-3.649774551391601340e-01
-5.131340026855468750e-01
-6.137004375457763561e-02
2.380089569091796975e-01
-8.284105682373046342e-01
4.088776397705078391e-01
-3.912958526611328147e-01
-3.354343795776367210e-01
-6.889717102050780806e-01
7.843124389648437056e-01
-4.216140747070312722e-01
nan
nan
nan
nan
-1.411677002906799351e-02
8.443510055541991743e-02
-1.396428793668746948e-03
-1.215500354766845675e-01
7.346727752685546786e-01
-2.395158386230468728e-01
-3.690999603271484242e-01
-6.526360321044921697e-01
1.465580463409423828e-01
1.071829032897949202e-01
-1.227326011657714905e-01
1.601517677307128795e-01
3.448675870895386020e-02
-4.169084167480468506e-01
2.966574096679687744e-01
-2.982776260375976651e-01
-3.904740810394287387e-02
4.139552307128906428e-01
1.944780158996582131e-01
-1.482210254669189542e-01
-8.451808166503905762e-01
2.148494958877563560e-02
3.142172050476074174e-01
5.549696445465088224e-02
-1.844718742370605458e-01
3.833452987670898371e-01
-1.459712505340576144e-02
-1.923894691467285256e-01
nan
nan
nan
nan
-1.593708801269531350e-01
2.001949882507324252e-01
3.644187545776367276e-01
-2.979459762573242188e-01
-2.018126487731933538e-01
-1.424224281311035067e-01
1.765893745422363326e-01
-1.357096290588378773e-01
-1.954846191406250100e-01
-1.256566905975341764e-01
-1.829885101318359242e-01
-5.682318878173827637e-01
4.069580841064452947e-01
-3.905879211425781206e-01
2.209549903869628962e-01
-2.177510070800781350e-01
3.909771347045898349e-01
-3.065277481079101696e-01
-5.162609100341796625e-02
4.757695388793945490e-01
-7.028969573974609419e-01
3.001593399047851607e-01
7.670684051513672053e-01
8.586122512817383201e-02
3.287348556518554510e-01
-2.420114517211914007e-01
1.259443378448486250e-01
6.790488362312317207e-03
nan
nan
nan
nan
3.633657455444335715e-01
-6.066615104675292941e-02
1.693547630310058560e-01
3.192393684387206942e-01
1.084392547607421875e+00
1.053851222991943337e-01
2.411862945556640658e-01
-5.643469619750977051e-01
2.278177976608276520e-02
1.846918678283691329e-01
-4.811335563659668163e-02
1.008417892456054676e-01
-3.817720413208007812e-01
-3.043639183044433705e-01
2.784836387634277433e-01
-4.393334579467773615e-01
1.962310791015625111e-01
-4.093630599975586204e-01
-6.582726287841796919e-01
6.556011199951171653e-01
4.448611068725585871e-01
-3.367948150634765825e-01
1.077729988098144465e-01
-3.658035659790039307e-01
-1.653614997863769587e-01
-7.829686164855957642e-02
4.949484252929687300e-01
-4.254108810424804821e-01
nan
nan
nan
nan
6.099037933349609197e-01
-2.121950340270996049e-01
-2.182745933532714844e-01
1.797033691406250133e-01
3.316788482666015447e-01
3.090563583374023593e-01
-2.381588172912597612e-01
2.040345382690429699e-01
6.038269042968750222e-01
6.622524261474609375e-01
2.290374565124511652e-01
2.338724708557128884e-01
-3.524639511108398349e-01
8.645339965820313111e-02
4.136127090454101429e-01
-3.877367973327636858e-02
7.881944274902343839e-01
-1.963124465942382713e-01
-4.688961410522460849e-01
1.231714725494384710e-01
1.018770065307617267e+00
-4.196288585662841936e-02
3.052293360233306919e-03
-4.581623554229736356e-02
-7.700743675231933039e-02
4.316048431396484197e-01
-1.869630813598632812e-01
-6.036865711212158203e-02
nan
nan
nan
nan
1.023061752319335965e-01
1.036125278472900396e-01
2.035682439804077301e-02
5.188303375244140980e-01
-2.547023200988769442e-01
-2.742415809631347789e-01
-2.684219598770141643e-02
-3.489783096313476829e-01
1.891261672973632846e-01
5.019707679748534879e-02
-2.284474372863769531e-01
-4.926430130004882946e-01
-6.579148101806641113e-01
2.790001869201660378e-01
-9.916880607604980358e-02
3.477085113525390514e-01
1.788613510131835949e-01
-1.230991649627685564e-01
5.264148712158203125e-01
-3.746191406250000133e-01
4.587794113159179843e-01
-1.056893348693847684e-01
-2.551033592224121183e-01
-5.635131835937500222e-01
6.549942970275879350e-02
-3.713390350341796986e-01
-1.934350776672363326e-01
2.467812156677245961e-01
nan
nan
nan
nan
7.763460540771484064e-01
1.493283629417419510e-02
-6.324360275268554599e-01
-1.822811508178711071e-01
-7.178107452392578081e-01
2.318379163742065319e-02
3.525542831420898637e-01
1.052074527740478466e-01
3.339552688598632635e-01
3.220502090454101518e-01
-4.271655654907226540e-01
-1.847036361694335826e-01
-5.224912643432617632e-01
-1.813036650419235256e-03
4.309854888916015425e-01
-3.371642684936523304e-01
2.772459793090820135e-01
-3.195263290405273571e-01
1.729112625122070368e-01
2.460569763183593772e-01
4.394017410278320268e-01
-8.108831024169922408e-01
5.642708778381347323e-02
-1.489014053344726585e-01
-1.683008003234863215e-01
2.417706489562988226e-01
-6.645065307617187278e-01
2.040035438537597667e-01
nan
nan
nan
nan
5.126104354858398299e-02
-3.406563186645507613e-01
1.525432586669921986e-01
2.358691692352294852e-02
3.934345245361327986e-02
1.264998149871826294e-01
1.395282268524170033e-01
-7.122058105468750400e-01
-2.868827056884765692e-01
4.842449951171874933e-01
1.837693214416503962e-01
1.513624191284179688e-01
-2.052576637268066495e-01
1.168853569030761652e-01
-5.869554042816162165e-02
-6.114388942718505804e-02
7.390512847900390092e-01
-2.675038146972656405e-01
6.341830444335937456e-01
9.211586952209473156e-02
4.236354064941406095e-01
3.303099822998046831e-01
-1.322481441497802834e-01
3.619239807128906139e-01
3.654376602172851318e-01
3.103260231018066251e-01
3.412357711791992321e-01
3.405203628540038885e-01
nan
nan
nan
nan
7.121122741699218439e-01
2.163581466674804610e-01
5.163867950439453569e-01
3.200031661987304821e-01
2.705567169189453391e-01
-2.378396034240722601e-01
-9.817458152770995594e-02
7.858859896659851560e-03
-2.021571350097656206e-01
-4.371471405029296875e-01
-1.160908412933349676e-01
-1.123304080963134777e-01
-5.118074417114257812e-01
1.963753128051757835e-01
-7.602758407592773160e-03
3.249861526489257746e-01
9.011163330078124645e-01
-2.219902610778808627e-01
8.030989646911620983e-02
-7.815754699707031516e-01
8.511754035949707642e-02
-2.159860801696777410e-01
2.846371269226073975e-01
-2.316333007812499956e-01
6.200534439086914373e-01
-6.459169006347655895e-01
3.528740692138672141e-01
2.181963729858398537e-01
nan
nan
nan
nan
2.255725860595703125e-01
-2.812916374206542725e-01
3.764682388305664040e-01
1.252105593681335401e-02
-2.785501861572265425e-01
-2.118924140930175670e-01
4.820214080810547030e-01
4.819236755371093528e-01
2.563868522644042747e-01
4.775083160400390714e-01
1.085949783325195206e+00
5.095700263977050865e-02
-6.681751251220703625e-02
1.303367900848388661e-01
1.413329124450683483e-01
8.488132476806641014e-02
-7.464766693115234553e-01
-9.190384864807128740e-02
-4.443860626220703103e-01
-6.882984924316406516e-01
2.557186698913574419e-01
-2.898347091674804421e-01
-2.743545532226562278e-01
9.551433563232422097e-01
8.688369989395141810e-03
-5.239986419677734181e-02
nan
nan
nan
nan
nan
nan
4.765761271119117477e-04
-3.025880050659179865e-01
4.524254226684570335e-01
-2.262455224990844727e-02
-8.373135566711426003e-02
-2.034642410278320324e-01
-9.300727081298828525e-01
8.404676437377929521e-02
-1.516290378570556707e-01
-2.461422157287597723e-01
-7.728688240051269365e-02
3.856222152709961049e-01
-2.887293815612793080e-01
6.427832794189453081e-01
-2.392937660217285267e-01
-3.623629808425903043e-02
3.099460124969482394e-02
-1.039470672607421819e-01
-7.205737304687499512e-01
4.326706314086913863e-01
-7.410326385498047230e-01
2.525605583190917991e-01
3.281653594970703192e-01
-5.476600265502929998e-01
2.402531623840332142e-01
-2.446748161315918102e-01
2.151170349121093728e-01
-3.880971908569336160e-01
nan
nan
nan
nan
2.861718750000000200e-01
7.062617778778075561e-02
-1.406758403778076150e-01
3.079423904418945521e-03
1.018314456939697216e-01
4.991559219360351407e-01
3.070382499694824241e-01
3.824100875854491988e-01
-3.143044662475585893e-01
3.363620376586913818e-01
-3.826240158081054554e-01
-1.806664085388183516e-01
-4.897231101989746316e-02
-2.931491470336913818e-01
-3.595812988281250067e-01
2.120382118225097590e-01
-6.712781524658203436e-01
-1.941779708862304554e-01
-5.055134963989257324e-01
-2.138095617294311426e-02
5.110802459716796697e-01
2.465586471557617287e-01
nan
5.364595031738281783e-01
1.380229473114013596e-02
6.303125762939453258e-01
2.668308258056640847e-01
1.524261188507080034e-01
nan
nan
nan
nan
-4.561585932970046975e-04
2.303113365173339866e-01
3.225300216674804599e-01
2.222845268249511730e-01
3.766383361816406095e-01
2.764237976074218617e-01
-2.438056182861328136e-01
2.724160575866699241e-01
-3.083449554443359331e-01
-4.134166336059570401e-01
5.572349929809570224e-01
-2.600180435180663996e-01
-7.524298667907715343e-02
-1.074972823262214687e-03
9.326801300048828680e-02
-4.099574661254882790e-01
3.195731639862060824e-02
-2.388789176940918080e-01
-2.301688194274902344e-01
-2.829070281982422053e-01
-4.356756687164306530e-02
-7.953701972961425837e-02
3.032743453979492299e-01
-3.735556793212890803e-01
-3.227172470092773415e-01
6.652731323242186967e-01
1.085132980346679710e-01
4.526172637939452903e-01
nan
nan
nan
nan
7.786610126495360773e-02
-9.411225318908691961e-02
-3.657045745849609175e-01
3.241613388061523326e-01
-2.395369911193847567e-01
3.145155143737792813e-01
-3.815561676025390758e-01
-1.434536933898925837e-01
-3.743997812271118025e-02
-1.742180061340332098e-01
-2.681027173995971513e-02
4.959409713745117076e-01
3.961410284042358315e-02
2.384508132934570410e-02
-2.074174880981445312e-01
-1.316469550132751479e-02
2.982141733169555581e-02
-7.029378890991211382e-02
nan
3.304635286331177035e-02
5.616598129272460938e-01
-2.494112586975097690e-01
-1.843962097167968772e-01
-1.036526012420654341e-01
-8.559842109680175504e-02
-4.797917556762695268e-01
3.559621810913086160e-01
-1.476885318756103460e-01
nan
nan
nan
nan
5.474261283874511802e-02
-2.525300598144531450e-01
-7.298544406890869474e-02
5.332651901245116788e-01
-1.587476730346679688e-01
-6.909401702880859641e-01
7.382628440856933705e-02
-2.018346023559570435e-01
6.355536651611327637e-01
1.077475738525390664e-01
3.284418106079101674e-01
-1.172840881347656239e-01
7.390493154525756489e-03
4.759825229644775585e-02
-3.243644714355468639e-01
-1.565445065498351912e-02
-4.154216766357421986e-01
3.015254402160644775e-01
-2.117889404296874889e-01
-5.096983718872070135e-01
3.274988174438476785e-01
2.739437866210937544e-01
1.854187774658203058e-01
-8.793217658996582697e-02
-4.006505489349364985e-02
-4.226702880859374845e-01
4.412653732299804954e-01
-7.583017730712890980e-01
nan
nan
