nan
nan
-1.109510707855224654e-01
-1.403996467590332142e-01
-2.482111930847167858e-01
-4.291735458374023593e-01
2.769247436523437633e-01
-1.829587936401367299e-01
-3.887589263916015891e-01
-1.079088926315307541e-02
3.372276687622070557e-01
-2.822286224365234131e-01
-1.310243129730224720e-01
-3.773812484741210782e-01
2.444259071350097789e-01
-2.863407325744629084e-01
4.459132671356200867e-02
-7.737667846679687766e-01
1.684045410156249922e-01
-2.624719810485839910e-01
1.054757308959961004e-01
2.905167770385742032e-01
-1.238536167144775324e-01
6.118503952026367321e-01
1.417566967010498169e-01
1.567207050323486395e-01
3.412579345703125044e-01
4.669355392456054493e-02
-7.430673980712890758e-01
-7.855505943298339566e-02
nan
nan
nan
nan
2.130525588989257840e-02
1.803983116149902310e-01
-2.446512794494628829e-01
6.670832824707031428e-01
-6.395159530639648038e-01
8.240596771240234208e-02
2.983849716186523504e-01
6.197786712646484730e-01
3.539402389526367099e-01
-4.873423004150390647e-01
-4.721162468194961743e-04
7.857637023925780895e-01
9.291044622659682750e-04
-2.561587524414062345e-01
1.257993316650390658e-01
1.310236072540283125e-01
-2.558165168762207009e-01
-2.799943161010742254e-01
-9.612195587158203214e-01
3.327835083007812250e-02
-2.729279899597167880e-01
2.317554855346679599e-01
-1.820547485351562411e-01
-3.754476547241211160e-01
4.663762664794922075e-01
-1.276513481140136852e-01
6.079284191131591880e-02
-4.340608596801757701e-01
nan
nan
nan
nan
-5.833278656005859153e-01
2.324057197570800759e-01
4.789034366607666099e-02
2.419644737243652477e-01
-2.102556228637695312e-01
2.277445602416992287e-01
-3.491622161865234331e-01
5.117201614379882635e-01
-8.875739288330077859e-01
9.267476081848144420e-02
-3.421413803100585849e-01
-3.143592262268066206e-01
4.526779556274413974e-01
-7.479780673980712669e-02
-2.881106758117675803e-01
-6.028641510009765669e-01
-3.236299133300781228e-01
-2.724851608276367132e-02
-1.489340877532958907e-01
-1.827872991561889718e-02
3.867988348007202204e-02
4.283857345581054688e-01
-4.217005538940429843e-01
2.434694480895996105e-01
1.559500694274902344e-01
-6.965277862548827637e-01
4.560648345947265758e-01
1.001765441894531261e-01
nan
nan
nan
nan
2.166187286376953236e-01
-4.924656677246093683e-01
-7.378361225128174383e-02
-1.392822647094726640e-01
-1.472784709930420044e-01
2.155926513671874989e-01
4.735963821411132701e-01
2.964231300354003840e-01
-1.898390960693359386e-01
-3.648725891113281383e-01
5.638478469848632324e-01
4.584586715698242276e-01
1.307798194885253784e-01
-1.466391754150390692e-01
3.013800382614135673e-02
-1.587868404388427801e-01
7.035919666290282870e-02
2.053655242919921742e-01
-9.069788932800293413e-02
-5.908085632324219238e-01
-1.990627670288085960e-01
-9.833085060119628462e-02
-3.399445712566375767e-03
6.653314208984375533e-01
2.916207313537597656e-01
-2.789163351058960086e-02
3.694842147827148704e-01
1.230392074584960999e-01
nan
nan
nan
nan
-2.645069694519042725e-01
7.507963562011719105e-01
-1.243475246429443376e-01
-2.720475769042968728e-01
-6.404943847656250355e-01
-4.669631958007812722e-01
-1.443279647827148404e-01
5.749863433837890669e-01
-2.251642036437988270e-01
-1.331500549316406268e+00
2.167167091369628928e-01
-2.615735292434692369e-02
-1.805143928527832009e-01
1.645626640319824141e-01
1.613292694091796875e-01
-5.561504745483398793e-01
2.459144401550293069e-01
-3.649956464767455805e-02
-1.113391590118408270e-01
1.167144012451171858e-01
-2.405580902099609397e-01
-5.912081146240234508e-01
9.381354522705077637e-01
4.562655639648437456e-01
-3.789456558227539129e-01
4.090378570556640891e-01
1.660424804687500033e-01
5.040135574340820490e-01
nan
nan
nan
nan
-4.980765914916991943e-01
-8.223033905029296653e-01
-2.362967109680175759e-01
6.367171859741210804e-01
1.449768924713134843e-01
7.161975860595702903e-01
-9.682866096496582642e-02
3.370813369750976785e-01
-7.574540615081787331e-02
6.939582347869872880e-02
-6.490969085693358842e-01
-6.100498199462890403e-01
3.998974609375000044e-01
-7.852727508544922186e-01
-4.118262290954589899e-02
-6.714796447753905717e-01
1.307528400421142656e-01
-5.050516510009765980e-01
-2.542448616027832009e-01
-4.239466476440429954e-01
2.522343063354492432e-01
-1.196416854858398382e-01
-4.831147003173827947e-01
-1.019145870208740257e-01
-5.757088661193847379e-02
2.377868843078613237e-01
-5.491579055786132563e-02
4.543882751464843883e-01
nan
nan
nan
nan
1.173373317718505865e-01
-1.189237308502197332e-01
-4.567464447021484242e-01
-2.690309333801269576e-01
1.022815227508544894e-01
7.109053134918212613e-02
2.597764396667480713e-01
2.293536758422851651e-01
7.261732101440429576e-02
-1.018315887451171908e-01
-5.317406845092773615e-01
7.431039810180664618e-02
-2.741822242736816628e-01
1.391586208343505993e-01
-1.616681098937988170e-01
2.026385498046875122e-01
-1.960139656066894609e-01
-7.419966125488280939e-01
-8.804441690444945665e-03
-3.847867202758789018e-01
2.026568031311035134e-01
3.269860839843750089e-01
-6.421090602874755804e-02
-1.090736579895019570e-01
-1.315427684783935514e-01
2.092503738403320435e-01
-3.887295532226562322e-01
-2.645325469970702947e-01
nan
nan
nan
nan
6.490417003631591963e-02
8.354354858398437000e-02
-6.503720092773437322e-01
2.687850761413574374e-01
-1.203391551971435547e-01
-5.386738777160644809e-02
-6.378584289550781605e-01
4.591728591918945446e-01
-3.260675191879272572e-02
-1.238589286804199149e-02
-9.173801422119140514e-02
-3.541682958602905551e-02
1.030431747436523493e-01
5.495066452026367010e-01
-1.340211868286132757e-02
-2.101080894470214733e-01
-2.191233253479003829e-01
-6.402973651885986162e-02
-3.109617424011230646e-01
3.675938415527343905e-01
-3.351218414306640359e-01
4.518634033203124956e-01
3.299813461303711115e-01
3.216780090332031494e-01
-7.572818279266357866e-02
1.778330993652343650e-01
5.008491897583007280e-01
-6.947249412536621316e-02
nan
nan
nan
nan
-2.068717002868652455e-01
7.041422843933105302e-02
-3.335305786132812256e-01
5.759554672241210538e-01
-2.995372772216796653e-01
-2.209032058715820201e-01
3.120427131652832031e-01
3.401075363159179465e-01
2.975484848022461049e-01
-2.215718841552734297e-01
-2.091246223449707009e-01
5.632691955566406783e-01
5.100708389282226918e-01
8.374740600585937889e-02
-2.858191490173339622e-01
-3.796820831298828303e-01
-7.193236947059631660e-03
-2.158477544784545912e-02
6.046122074127197044e-02
6.152516555786132768e-01
2.814156341552734308e-01
-8.238197326660155750e-02
5.840456771850586204e-01
1.925644683837890725e-01
-1.540942192077636719e-01
-1.001969814300537054e-01
-4.549645996093750200e-01
-6.127642059326171564e-01
nan
nan
nan
nan
-7.133609771728515181e-01
1.113316917419433644e-01
-5.806704711914062456e-01
-6.548643493652344105e-01
-3.326158523559570312e-01
-6.094929885864257546e-01
-5.890368652343750400e-01
-5.892459869384765181e-01
2.007008171081542947e-01
-3.617065668106079351e-02
-1.134245777130126892e-01
5.007520318031311035e-03
1.728424835205078225e-01
1.646396636962890736e-01
-3.052183341979980424e-01
5.048472976684570401e-01
5.056379699707030939e-01
-1.863040924072265625e-01
8.217953491210937544e-01
-6.472480773925781694e-01
-1.033708858489990196e-01
4.259462356567382812e-01
-2.664404678344726718e-01
3.928203821182250921e-02
-2.923034095764160400e-01
1.729889106750488181e-01
-8.442038536071777566e-02
-1.330116176605224687e-01
nan
nan
nan
nan
-2.333172607421875044e-01
2.817801856994628928e-01
6.220367431640625444e-01
5.714042663574219194e-01
1.680348777770996060e-01
-5.445969581604003656e-02
-3.298792266845703147e-01
-3.085415363311767509e-02
9.031438827514648438e-02
3.951143264770508035e-01
6.641667842864990012e-02
4.153378677368164129e-01
-1.060844540596008259e-02
-7.385298919677734109e-01
3.582217025756835871e-01
-1.286584949493408125e-01
-2.850596237182617121e-01
2.666284179687499756e-01
6.686736583709716741e-02
7.524212646484375044e-01
-2.249851799011230447e-01
-6.204672622680663663e-01
-3.443776321411132768e-01
6.086399841308594016e-01
-1.708172917366027749e-02
9.488447904586791437e-03
5.365455627441406694e-01
-1.112487316131591797e-01
nan
nan
nan
nan
1.138766765594482477e-01
4.320840835571289062e-01
2.163398742675781139e-01
-2.600406074523926025e-01
8.437486648559570923e-02
-5.755193710327148604e-02
-3.225042343139648549e-01
2.199941444396972534e-01
3.174677276611327925e-01
6.154456329345703303e-01
6.890392303466796875e-01
3.450579833984375178e-01
-7.838551044464110718e-02
1.111127376556396429e-01
-2.322675228118896429e-02
5.640409088134765714e-01
4.836901473999023482e-01
9.419536590576171875e-01
6.061126708984374556e-01
4.964397430419921764e-01
-8.086875915527343139e-02
-2.844785308837890492e-01
-7.082228851318359553e-01
1.219790267944335926e-01
3.332275390625000222e-01
-2.782250785827636852e-01
-8.721382904052734641e-01
-3.205266475677490123e-02
nan
nan
nan
nan
-6.867141723632812222e-02
1.193828392028808555e-01
7.146297931671143078e-02
-1.352859878540039196e-01
-4.644310760498047141e-01
-2.548656845092773238e-01
2.413292884826660212e-01
-4.748342132568359464e-01
3.048077201843261697e-01
4.301155090332031000e-02
-2.234610557556152288e-01
-4.809091567993163951e-01
-2.589907836914062678e-01
-3.205640792846679576e-01
2.285160064697265569e-01
4.273730468749999956e-01
-6.405764770507812456e-01
-4.094748020172118974e-02
-9.415915489196777233e-02
-1.471334075927734353e-01
-2.375963592529296842e-01
-4.567126274108886802e-02
-1.723213195800781250e-01
-3.620325469970703258e-01
6.312376022338866965e-01
4.776792907714843550e-01
5.353672504425048898e-03
-2.005127143859863348e-01
nan
nan
nan
nan
-2.984365653991699063e-01
-3.538818740844726363e-01
-7.381795406341552790e-02
3.897874450683593839e-01
1.596341896057128784e-01
3.458609390258788885e-01
3.779722595214843883e-01
3.071812629699707253e-01
-2.416428947448730491e-01
-5.462137603759765758e-01
4.774253082275390359e-01
1.332580661773681563e-01
7.906218719482421831e-01
2.413463211059570235e-01
2.963824868202209663e-03
-2.138005447387695268e-01
-6.193752288818359375e-01
7.118576812744140669e-01
-2.512443923950195557e-01
-7.001779174804687589e-01
2.057916641235351674e-01
-1.045795726776123091e-01
-9.629756927490235041e-02
-1.151144790649414051e-01
2.139723777770995983e-01
-1.178559112548828169e-01
2.236404269933700388e-03
-7.335778808593750311e-01
nan
nan
nan
nan
2.685429954528808505e-01
8.500364685058593439e-01
2.070149421691894476e-01
5.882690906524658259e-02
1.106098532676696826e-02
-3.131362533569335693e-01
2.674669456481933438e-01
1.484155178070068470e-01
-5.342715454101562012e-01
1.755622291564941373e-01
-3.011782836914062567e-01
-1.204775714874267573e-01
-4.763685607910156383e-01
5.617062759399413796e-01
4.807859039306640603e-01
9.525219917297363115e-02
7.569941711425781650e-01
9.595798492431641125e-02
3.278567886352539151e-01
-7.896100044250488337e-02
-3.213322877883911105e-02
5.015132904052734819e-01
-6.629591369628906605e-01
2.037315177917480569e-01
5.517155075073242321e-01
-2.026660156250000011e-01
2.837483787536621005e-01
6.942279815673828292e-02
nan
nan
nan
nan
-8.485758781433105913e-02
-2.462397003173828203e-01
5.621732330322265492e-01
-3.728577041625976696e-01
3.232035040855407888e-03
3.409928131103515669e-01
-3.586046600341796786e-01
7.531059265136719194e-01
-4.069442749023437500e-01
6.965713500976562500e-01
7.770658874511718883e-01
4.552744293212890869e-01
6.073405838012695401e-01
-8.213881492614745483e-02
5.675068664550780850e-01
-2.316662597656249933e-01
-4.491001129150390403e-01
-1.159278392791747991e-01
2.816362953186035134e-01
-4.132181167602538840e-01
1.742656326293945401e-01
-2.448198509216308605e-01
-1.152524185180664046e-01
4.042932510375976674e-01
1.548895359039306578e-02
1.067318649291992161e+00
-2.449523353576660289e-01
5.119072437286376759e-02
nan
nan
nan
nan
3.933525085449218750e-01
-4.854213333129882568e-01
-6.364511489868164562e-02
-1.733531951904296875e-01
-3.523009490966796942e-01
4.227181243896484530e-01
1.152270793914794977e-01
-4.732883453369140514e-01
-1.051457500457763650e-01
2.572167396545410253e-02
-3.789667510986328147e-01
-1.225499916076660117e-01
2.435036659240722712e-01
-3.133261680603027094e-02
3.267434310913086004e-01
6.505287170410156694e-02
6.643651580810546742e-01
4.835773086547851540e-01
4.327603530883789018e-01
-5.781732940673828258e-01
-6.994010162353515581e-01
-9.271279144287108975e-01
-3.243711853027343994e-01
1.146804046630859331e-01
6.414052581787109686e-01
-2.548376023769378593e-03
1.983259439468383623e-02
1.235066413879394587e-01
nan
nan
nan
nan
5.239345550537108931e-01
-2.131455898284912234e-02
-2.211996269226074174e-01
2.605466079711913907e-01
1.502470302581787043e-01
6.369877243041992543e-01
-1.979783058166503795e-01
1.090522193908691345e-01
-4.084628677368163929e-01
3.297176742553710738e-01
3.368859863281249978e-01
6.300559997558593528e-01
3.622655868530273438e-01
1.137641601562499938e+00
2.549200248718261896e-01
4.093086624145507724e-01
5.563429260253905939e-01
5.845720291137695285e-02
5.054399108886719061e-01
1.641390609741210926e-01
6.240412521362305176e-01
5.780721282958984908e-01
2.226986694335937600e-01
1.386226844787597778e-01
1.097039566040039160e+00
3.823167037963867143e-01
1.995499801635742254e-01
-1.140598583221435480e-01
nan
nan
nan
nan
3.809281539916992143e-01
5.090151214599609730e-01
-7.715623855590819646e-02
5.399974441528320179e-01
-9.985477447509766291e-02
2.771241950988769798e-01
-1.469867610931396562e-01
5.251681900024414151e-01
1.591528892517089788e-01
-1.682879447937011830e-01
2.000902652740478571e-02
5.013122940063476918e-01
2.551525115966796764e-01
6.013368606567383035e-01
-1.452619838714599709e-01
-1.059840106964111267e-01
-2.108924865722656139e-01
2.403507614135742265e-01
3.077128601074218817e-01
2.530813217163085938e-01
1.349720668792724620e-01
3.529409027099609242e-01
1.676733016967773549e-01
5.952250289916992676e-01
3.752069473266601562e-01
-1.124622344970703097e-01
nan
nan
nan
nan
nan
nan
4.924148559570312722e-01
5.140693664550781694e-01
-3.699393987655639343e-02
3.523671722412109464e-01
-3.424337625503540150e-02
1.364671993255615334e-01
3.769744873046875222e-01
3.442546606063842662e-02
1.054473495483398415e-01
3.134041786193847434e-01
3.916654586791992188e-01
4.580689620971679643e-01
3.278012847900390603e-01
1.122564196586608824e-02
1.606072998046874922e-01
2.688693428039550803e-01
1.074699687957763605e-01
-1.656725120544433605e-01
7.536695861816405939e-01
7.897526741027832697e-02
4.357522583007812367e-01
4.229258728027343595e-01
1.330362701416015758e-01
1.297139358520507935e-01
-4.794024658203124845e-01
1.059631118774414071e+00
3.232404232025146151e-02
4.371393585205078369e-01
nan
nan
nan
nan
7.945658874511718484e-01
3.735651016235351785e-01
-3.801491260528564592e-02
5.974043655395507857e-01
5.818896865844727095e-01
1.545255929231643607e-03
-1.152477169036865284e-01
2.545752525329589844e-01
-1.449828720092773415e-01
3.660060119628906206e-01
1.936556243896484508e-01
5.407631301879882724e-01
4.845605468749999978e-01
5.853751373291015137e-01
-2.170562171936035178e-01
-1.609386253356933638e-01
-3.604648208618164151e-01
2.364112281799316539e-01
3.660462570190429754e-01
1.133556270599365284e-01
3.655414581298828125e-01
5.210942459106445712e-01
nan
9.992312431335449718e-02
2.477359962463378806e-01
3.218883514404297097e-01
4.466601181030273593e-01
-1.013458347320556618e-01
nan
nan
nan
nan
-2.053471183776855447e-01
-1.237121486663818326e-01
-2.933799505233764676e-02
-7.815659642219544012e-03
5.001971435546874734e-01
-1.545247650146484297e-01
6.489346504211425393e-02
9.470706939697265403e-02
4.975154495239257901e-01
1.640992736816406228e-01
8.347877502441405917e-02
3.652138519287109197e-01
1.589239215850830056e-01
5.612643814086913929e-01
-5.253624916076660156e-02
1.762620925903320424e-01
2.612904739379882657e-01
2.711875915527343639e-01
1.499957847595214944e-01
1.030926322937011780e-01
1.079477596282958918e-01
-3.334370851516723581e-03
1.579008197784423917e-01
-3.759658432006836026e-01
-7.110526561737060339e-03
2.262049102783203203e-01
5.730469131469726474e-01
-1.650960159301757824e-01
nan
nan
nan
nan
2.845768928527832031e-01
1.015402889251709045e-01
4.961022567749023282e-01
-7.841259002685546653e-01
3.961788940429687433e-01
2.690985488891601829e-01
3.989322280883789151e-01
3.105556106567382568e-01
9.117044067382812367e-01
2.401871299743652266e-01
4.696754837036132835e-01
-3.272632360458373885e-02
3.095075035095214977e-01
-2.665744972229003862e-01
-7.014230728149413452e-02
1.512886047363281306e-01
8.520515441894531417e-02
-1.586656284332275402e-01
nan
-1.075352954864501887e-01
-6.309732437133789285e-01
3.319998931884765581e-01
-1.549207401275634888e-01
-1.556145954132080178e-01
-4.779426574707031361e-01
7.755550742149353201e-03
1.877224349975585849e-01
-6.480599403381347157e-02
nan
nan
nan
nan
4.898004531860351562e-01
-5.548096084594726918e-01
3.226187515258789329e-01
-2.754608631134033286e-02
-4.836200714111328347e-01
-6.613399505615234764e-02
-5.743605422973633301e-01
2.450316429138183483e-01
-4.493276596069336049e-01
-8.926448822021484930e-02
1.765089869499206557e-02
-2.147563171386718817e-01
1.394573020935058472e-01
1.762263536453247126e-02
-9.126445055007934362e-03
3.636242294311523571e-01
-5.946778488159180087e-01
7.973471164703369030e-02
3.003017997741699308e-01
1.914731216430664018e-01
-4.901732921600341492e-02
-9.919152832031250533e-01
7.376549720764159768e-02
-3.394943237304687278e-01
8.851583003997803498e-03
-2.989264106750488259e-01
5.051430511474609419e-01
1.051165008544921869e-01
nan
nan
