nan
nan
-2.284786033630371027e-01
3.255070114135742432e-01
7.823884010314940962e-02
3.691384077072143444e-02
-6.971762847900390137e-01
-5.525464630126952770e-01
2.145827484130859442e-01
-3.663329315185546720e-01
-4.131606292724609442e-01
-5.144443511962890625e-01
-3.637211227416992099e-01
3.966256713867187256e-01
-1.416810512542724665e-01
2.974896240234374822e-01
4.345163345336914285e-01
9.132985115051268921e-02
-3.556864929199218817e-01
-2.485992050170898471e-01
-4.994432449340820424e-01
2.592172622680664062e-01
9.353713989257812778e-02
-3.601438140869140381e-01
1.643951225280761708e-01
4.424534225463866988e-01
6.524456787109375044e-01
4.009976387023925920e-02
7.773839473724365734e-02
-2.291679000854492110e-01
nan
nan
nan
nan
-6.119517135620117232e-01
-1.823667335510253951e-01
-4.485103607177734486e-01
-1.349301576614379827e-02
-9.692661285400390181e-01
1.417465877532959051e-01
4.374760055541992432e-01
5.232621669769287054e-02
8.820940971374512107e-02
-1.093490886688232439e-01
1.653009605407714799e-01
1.034131526947021547e-02
-5.068454742431640625e-01
-1.345750617980956965e-01
3.911724472045898238e-01
2.197284317016601485e-01
1.630975341796875033e-01
-7.435141754150390581e-01
3.701375198364257879e-01
-1.438235569000244074e-01
1.643322563171386586e-01
3.021060752868652277e-01
-2.397257423400878940e-01
-3.795635604858398349e-01
-5.064274311065673773e-02
-2.349752807617187522e-01
3.752756881713867343e-01
2.201514244079589844e-01
nan
nan
nan
nan
-6.436405181884765625e-01
3.400691986083984597e-01
1.742347717285156194e-01
-4.068806648254394420e-02
2.952981758117675937e-01
2.946516418457031383e-01
3.705766439437865878e-02
-3.073163032531738281e-01
-2.043485069274902366e-01
1.129214382171630920e-01
-3.387269735336304044e-02
5.031858444213867243e-02
-5.913638687133788707e-01
-3.948681259155273349e-01
-1.818225860595703014e-01
-1.704822731018066362e-01
-7.312055110931396651e-02
3.628836059570312300e-01
2.167422103881835871e-01
-1.509846305847167836e-01
-4.658328247070312456e-01
9.253078460693359153e-02
4.404063034057617010e-01
2.012824821472168069e-01
-1.034794139862060536e-01
-1.627848434448242176e-01
3.495285797119140891e-01
-1.554821205139160223e-01
nan
nan
nan
nan
-2.476832580566406261e-01
-2.510693740844726629e-01
-3.469765090942382724e-01
5.517941665649414018e-01
4.579194259643554754e-01
-1.163045578002929625e+00
8.150801086425780717e-01
3.129580497741699108e-01
-6.022838115692139005e-02
-7.121952533721924439e-02
-8.299355316162109197e-01
-1.268932914733886808e-01
-1.842471885681152277e-01
4.030375289916992010e-01
-5.375709533691406250e-01
-9.639549255371093750e-01
-6.701334953308105136e-02
4.174942970275878629e-02
-4.654279708862304465e-01
5.428668022155761635e-02
9.240717887878417691e-02
-5.973973846435547408e-01
-6.056247711181640403e-01
-4.995701217651367099e-01
6.557252883911132701e-02
3.300535583496093661e-01
-2.893906021118163863e-01
-1.142618942260742176e-01
nan
nan
nan
nan
-2.554923057556152122e-01
2.377782249450683671e-01
-1.782784461975097656e-01
-5.536133956909179421e-01
-3.101016426086425914e-01
-1.581091308593750022e-01
1.259705257415771606e-01
-1.167189121246337835e-01
8.961028289794922275e-01
-4.498220825195312633e-01
-4.403081417083740123e-02
1.950974464416503906e-01
-4.097018718719482727e-02
7.667833709716797008e-01
5.417353057861328258e-01
-4.497743225097656228e-01
1.701129531860351429e-01
7.055391693115233842e-01
-1.286283111572265603e-01
8.291246795654296786e-01
-2.746107864379883079e-01
2.435682535171508623e-02
6.916340637207031294e-01
2.471304512023925759e-01
-1.231015682220459040e-01
-2.454948806762695390e-01
2.846192359924316628e-01
3.782757949829101407e-01
nan
nan
nan
nan
4.889859390258788907e-01
1.149547576904296903e-01
3.221576309204101651e-01
-1.404200553894043024e-01
-1.152750134468078641e-02
1.881980323791503928e-01
2.685205459594726396e-02
-4.633605480194091797e-02
-1.715209579467773526e-01
2.338566017150879028e-01
-5.439301300048827725e-01
2.000930023193359386e-01
2.094844102859497181e-02
-6.804141235351562900e-01
1.102173137664794883e-01
-2.122854423522949341e-01
-1.771464729309082109e-01
7.703043365478515758e-01
1.429385852813720714e-01
-3.307575225830078347e-01
3.182300567626953347e-01
-3.481824493408203214e-01
2.033413124084472723e-01
-8.915671348571777011e-02
2.756356620788574241e-01
2.307389831542968617e-01
4.461011886596679688e-01
-3.682528686523437456e-01
nan
nan
nan
nan
3.545393753051757635e-01
-3.081768798828125044e-01
3.520471191406249756e-01
-1.289908218383788996e-01
3.515690231323242432e-01
-8.370207214355468439e-01
-4.552664947509765803e-01
-6.151763916015624556e-01
-9.597865295410156206e-01
7.021749114990234464e-01
1.934620475769043002e-01
5.503439712524413885e-01
1.384151268005371083e-01
-6.851019287109374467e-01
8.220313262939452637e-01
-5.409847259521484153e-01
1.282604026794433583e-01
-3.104755973815918058e-01
4.738998794555663863e-01
-2.771943092346191295e-01
4.755186843872070135e-01
-5.096882629394531294e-01
9.491871643066406294e-01
-2.181955718994140758e-01
3.902551269531249756e-01
-2.882793235778808860e-01
-4.269713211059570357e-01
-3.272959136962890758e-01
nan
nan
nan
nan
-8.090427398681640514e-02
-3.634974670410155984e-01
4.247955322265625083e-02
-1.681024932861328036e-01
6.113363647460937633e-01
1.246539783477783186e-01
5.005329895019531294e-01
2.610191154479980513e-01
4.942419052124023132e-02
-6.774414825439453169e-01
7.157482147216797097e-01
-2.185461807250976551e-01
-6.599896240234375266e-01
5.623860836029052901e-02
4.300646972656250178e-01
5.279155731201171653e-01
-1.882582008838653599e-03
1.137518024444580111e-01
-1.572297382354736206e-01
-2.721536064147949130e-01
-7.327645778656005637e-02
-3.095695686340331765e-01
-2.407296562194824185e-01
-3.128857135772705050e-02
3.003837966918945224e-01
-3.489284515380859375e-01
2.451072311401367165e-01
-5.381145477294921840e-03
nan
nan
nan
nan
-2.729715108871460030e-02
-4.826064682006835915e-01
8.749238014221191739e-02
-1.934961509704589966e-01
-7.894277954101562855e-01
-1.945650672912597745e-01
-5.333811187744140758e-01
-4.647661972045898371e-01
-5.521220207214355691e-02
3.261043930053710849e-01
3.908890151977539307e-01
-2.343597602844238181e-01
-2.643251419067382812e-01
-2.981090927124023238e-01
2.375552749633789151e-01
1.502742004394531372e-01
5.045747756958007812e-01
4.991258621215820535e-01
3.722192382812499756e-01
3.537642288208007746e-01
-8.503643798828125488e-01
1.089697551727294988e-01
-7.654108047485351507e-02
8.788249015808105580e-02
-2.547284317016601518e-01
-4.261695098876953081e-01
2.322244071960449241e-01
2.457462120056152222e-01
nan
nan
nan
nan
4.834892654418945224e-01
4.707424926757812766e-01
1.445182323455810602e-01
-1.125218963623046825e-01
3.234387207031250155e-01
5.332181549072265714e-01
4.779887771606445290e-01
2.778919792175292836e-01
4.772925186157226385e-01
-5.134612274169921831e-01
-1.441951942443847612e-01
1.911884117126464722e-01
9.934404373168945201e-02
4.086595916748047008e-01
-1.325621223449706954e-01
1.720530128479003940e-01
3.540690612792968817e-01
1.198491363525390652e+00
-6.590136528015136386e-02
2.244279861450195201e-01
4.292830657958984220e-01
3.864063644409179710e-01
6.649571990966797186e-01
1.430659198760986239e-01
1.346668154001235893e-03
1.663313293457031328e-01
-4.502492904663085715e-01
-2.946967315673827970e-01
nan
nan
nan
nan
-8.353254318237304799e-02
-2.421009063720703028e-02
3.332389450073242054e-01
6.207738494873047408e-01
-1.264532184600830056e-01
1.990644836425781161e-01
3.525387573242187433e-01
2.683718681335449108e-01
3.606379318237304954e-01
-9.653437042236328036e-01
4.997956466674804421e-01
1.770506668090820190e-01
2.503897857666015359e-01
-2.421174430847168046e-01
1.093066787719726568e-01
-4.229372787475585982e-01
1.395412445068359431e-01
1.110190677642822199e-01
-3.558076858520508035e-01
-3.906481933593750067e-01
-4.353268814086914129e-01
-1.010088634490966808e-01
3.054377555847168080e-02
-2.649889183044433771e-01
-2.728465652465820179e-01
-3.947897338867187300e-01
2.293024635314941384e-01
3.392829513549804887e-01
nan
nan
nan
nan
-1.054748073220253095e-03
4.593460083007812611e-01
5.695389270782470759e-02
-1.303995990753173961e-01
-3.313445329666137723e-02
2.505698013305663885e-01
-2.984386444091796653e-01
-5.578300952911376988e-03
2.393552398681640658e-01
1.564111518859863381e-01
1.678995895385742287e-01
-1.914986038208007779e-01
-4.431710052490234197e-01
3.988621520996094016e-01
5.522410964965820401e-01
-3.227492523193359331e-01
6.524338531494140447e-01
-3.909184455871581726e-02
-6.780784606933594194e-01
8.250647735595703081e-01
1.381287574768066406e-01
-7.486155509948730358e-02
-1.737494277954101662e-01
-2.640033531188964999e-01
-3.550341415405273704e-01
-5.818258523941039623e-03
1.393085861206054821e-01
2.856989860534667747e-01
nan
nan
nan
nan
-3.112735366821289262e-01
-3.811183166503906428e-01
-2.163858222961425881e-01
4.102361297607421964e-01
-1.186754417419433605e-01
3.422557067871093706e-01
-3.556429290771484508e-01
2.984228134155273576e-02
-2.656471633911132724e-01
1.859162521362304754e-01
-4.387828063964843706e-01
-2.432225799560546742e-01
-6.878137588500976562e-02
6.727771282196044755e-02
8.044532775878905639e-02
-1.900370001792907673e-02
-6.201704406738280939e-01
-1.300051212310791016e-01
2.456797838211059737e-02
2.968418312072753640e-01
1.227643489837646484e-01
-1.016639614105224604e-01
4.118978500366211049e-01
2.458107948303222753e-02
3.299999618530273238e-01
8.574282836914062234e-01
-2.382777976989746138e-01
-4.779013824462890470e-01
nan
nan
nan
nan
4.200665664672851296e-01
-4.082145309448242387e-01
-5.352463245391845398e-02
-1.935552507638931214e-03
-1.321186447143554710e-01
1.969201469421386630e-01
3.768338012695312544e-01
4.692364120483398238e-01
-3.154243278503418013e-01
-1.284171199798583851e-01
2.058532714843749889e-01
1.653744316101074252e-01
1.252007675170898338e-01
-4.060744094848632857e-01
-3.151390457153320224e-01
4.369667816162109419e-01
-4.629861831665039312e-02
3.883756637573242410e-01
-1.718966102600097690e-01
2.161216545104980569e-01
-1.343381285667419496e-02
1.599835276603698772e-02
8.184889984130859775e-01
-2.871644592285156339e-01
-2.029886245727539062e-01
-1.067019367218017545e-01
4.291699600219726629e-01
2.372935533523559681e-02
nan
nan
nan
nan
-9.526791572570801267e-03
5.055382537841797141e-01
1.936250114440918046e-01
1.511606931686401353e-02
-1.424013233184814320e-01
2.652972030639648704e-01
1.202891707420349066e-02
-3.858776569366455245e-02
-1.663069343566894454e-01
5.875020027160644809e-02
8.505817413330078736e-02
2.440015792846679799e-01
-7.170198440551757424e-02
2.811264419555664085e-01
2.262687110900878928e-01
2.784462547302246072e-01
5.197216796875000488e-01
1.012634811401367241e+00
1.784752082824707098e-01
3.248702239990234331e-01
9.199021339416503518e-02
2.215274238586425748e-01
-7.488311767578125222e-01
-2.430401229858398515e-01
-2.346062850952148338e-01
-2.602724790573120173e-02
-5.178336143493652427e-02
-1.041881656646728577e-01
nan
nan
nan
nan
-9.675527954101562633e-01
-4.315876388549804710e-01
1.198289566040039000e+00
-1.577993297576904264e-01
8.172058105468750222e-01
3.429106521606445357e-01
5.241518783569335538e-01
2.666973876953124822e-01
-2.017473030090332076e-01
1.174507236480712841e-01
-5.319769287109374911e-01
6.432835578918456865e-02
-3.172500610351562389e-01
5.090319824218749734e-01
2.981498718261718639e-01
-1.975639724731445279e-01
2.471827316284179732e-01
-6.261858749389648260e-01
-1.564030742645263761e-01
-6.755455493927002564e-02
4.284343242645263783e-02
2.133044624328613303e-01
5.260279083251953036e-01
9.274378204345703480e-01
2.352909469604492210e-01
2.074114990234375011e-01
-3.987105560302734442e-01
-3.244211196899414174e-01
nan
nan
nan
nan
1.728399276733398326e-01
-2.303579747676849296e-03
-6.850782012939453658e-01
-1.310456562042236206e-01
7.216901397705077770e-01
9.449880599975585271e-02
1.863777923583984364e-01
-1.881994056701660201e-01
-8.680585861206054077e-02
1.216916275024414046e-01
-3.551828384399414174e-01
2.353603172302246027e-01
4.371529769897460893e-01
-3.508994293212890359e-01
2.684996604919433483e-01
4.573548316955566156e-02
-5.028923034667968917e-02
-4.351467514038085960e-01
-2.232729911804199330e-01
-2.492638969421386852e-01
3.584840774536132701e-01
-1.920866012573242132e-01
-3.939893007278442300e-02
2.991599464416503928e-01
1.382740020751953014e-01
3.688578033447265647e-01
-3.537961578369140381e-01
5.048808670043944957e-01
nan
nan
nan
nan
1.363430500030517467e-01
9.343673706054687056e-01
-7.879764556884766291e-02
1.277211093902587968e-01
-2.381165313720703114e-01
5.603840255737304599e-01
-5.252910232543945845e-01
5.049377822875976696e-01
3.070907211303711137e-01
1.070212960243225112e-02
3.305261611938476451e-01
-2.706383895874023282e-01
-1.015684127807617160e-01
-2.978375625610351629e-01
-1.543368846178054749e-03
9.838229179382323997e-02
-3.959370040893554488e-01
-3.479388427734375067e-01
-3.149026489257812367e-01
1.486602401733398415e-01
-4.031390380859374845e-01
-1.633885574340820379e-01
7.115486145019531139e-02
-6.567312717437744085e-02
1.689492797851562533e-01
3.833135223388671742e-01
-4.564635467529296609e-01
-1.603499054908752441e-02
nan
nan
nan
nan
1.961875534057617165e-01
8.353452682495117465e-02
-8.678957939147949330e-02
3.063533210754394442e-01
-5.105224609374999778e-01
-2.119728279113769487e-01
-1.606647872924804599e-01
3.745843887329101674e-01
-2.248812437057495089e-02
7.010635375976562722e-01
3.351609039306640558e-01
1.148330383300781188e+00
-4.543161773681640425e-01
1.306738853454589844e-01
-3.195475769042968595e-01
1.780369949340820379e-01
3.473606824874878041e-02
5.538249206542968928e-01
-1.180639553070068348e-01
-1.993803977966308594e-01
3.485877227783202859e-01
-5.144754791259765758e-01
-1.548188114166259843e-01
-7.309030532836914562e-02
2.073358345031738326e-01
1.560278987884521351e-01
nan
nan
nan
nan
nan
nan
-1.127343940734863298e-01
6.033743667602539107e-01
-6.333094406127929288e-01
-3.625891208648681502e-02
1.097863292694091775e-01
1.111599960327148473e+00
-1.199397659301757901e+00
1.426031398773193459e-01
2.870486068725586204e-01
3.881561660766601474e-01
-4.612888717651367210e-01
3.554221343994140581e-01
-7.538225555419921786e-01
-2.632411575317382679e-01
-3.493573379516601296e-01
1.918209075927734264e-01
-2.193799495697021373e-02
3.408076858520507901e-01
3.948032379150390736e-01
6.737516880035400446e-02
-5.112417221069336382e-01
3.689954376220703214e-01
8.575490117073059429e-03
1.768140602111816506e-01
2.325488477945327967e-03
-4.152667617797851651e-01
4.527950763702392328e-02
1.521912765502929643e-01
nan
nan
nan
nan
-1.114698290824890116e-02
-2.476729774475097678e-01
-9.854263305664062722e-02
-1.366188240051269542e-01
-1.796223258972168002e-01
1.905878067016601729e-02
1.911971330642700181e-02
-1.374524230957031357e+00
-2.325838279724121160e-01
3.041080856323242210e-01
3.836005783081054554e-01
1.154310989379882801e-01
3.832310104370117432e-01
-5.950246047973632990e-01
-5.697700977325439314e-02
1.196837139129638683e-01
6.258914566040039151e-01
-6.244386672973633035e-01
-2.989057350158691451e-01
4.919564819335937589e-01
5.784319877624511524e-02
-3.748020553588867210e-01
nan
-1.200009250640869107e-01
-2.199835968017578025e-01
-1.125314331054687450e-01
-1.891705513000488392e-01
-7.480420112609863226e-02
nan
nan
nan
nan
-4.552712249755859197e-01
-2.979972457885742276e-01
6.943091583251953525e-01
-3.015521240234375067e-01
-2.706020355224609264e-01
2.822463512420654401e-03
2.307528495788574094e-02
-8.159548759460449885e-02
1.044994354248046931e-01
2.235013961791992299e-01
5.002052783966064696e-03
-1.817881393432617121e-01
4.125410461425781383e-01
-1.318714261054992724e-02
-4.876247024536132790e-01
1.886289787292480535e-01
-3.229246520996093550e-01
7.723325347900390492e-01
-3.175386047363281117e-01
5.966541671752929599e-01
-3.253991603851318082e-02
-2.019509315490722601e-01
1.796433067321777377e-01
3.286082077026367121e-01
3.215749561786651438e-04
1.875455284118652255e-01
-6.991589355468750266e-01
-1.041002273559570312e-01
nan
nan
nan
nan
-2.255802345275878806e-01
3.960963058471679843e-01
-6.201691055297851030e-01
4.817008972167968750e-01
1.162245392799377518e-02
3.981600570678711093e-01
3.901105499267578103e-01
1.778022575378417902e-01
-5.797653675079345731e-02
5.385847091674804688e-01
-2.796311950683593728e-01
-9.156684112548828525e-01
3.010351181030273549e-01
-4.983117675781250089e-01
-2.856093788146972789e-01
-3.603863906860351740e-01
-1.188653850555419916e-01
-1.905985832214355524e-01
nan
-7.199579620361328258e-01
5.402556610107421831e-01
-2.293520355224609453e-01
4.227714920043945113e-01
-3.231704330444336026e-01
7.940439701080322099e-02
-6.703572750091552068e-02
-1.918353080749511663e-01
-2.006833648681640714e-01
nan
nan
nan
nan
2.775000572204590066e-01
3.572021484374999778e-01
-3.727055740356445268e-01
1.394306278228759632e-01
-2.760385704040527188e-01
-1.309431433677673423e-02
-2.836890459060668890e-02
-3.009415626525878684e-01
3.686541366577148482e-01
1.370391559600830089e-01
-1.168892383575439453e-01
-1.678254699707031339e-01
-2.656383132934570512e-01
6.463108539581298440e-02
-2.295705604553222590e-01
-4.341421890258789218e-01
-2.525023460388183816e-01
-5.714835739135741832e-01
1.261204051971435425e-01
8.025508880615234153e-01
2.474839591979980380e-01
1.060287714004516657e-02
-4.546358108520507924e-01
1.104732227325439520e-01
-1.483711624145507835e-01
3.128121376037597545e-01
1.073241043090820274e-01
1.916137123107910234e-01
nan
nan
