nan
nan
-2.330597686767578169e-01
-4.042908096313476696e-01
3.883584594726562367e-01
-8.622423171997070646e-02
7.855879211425781383e-01
1.062734031677246144e-01
-1.474130535125732500e-01
-7.114205360412598211e-02
-2.677012825012207164e-01
5.815257072448730413e-02
-4.512584304809570401e-01
-8.076320886611938060e-03
4.209123611450195090e-01
1.631075668334960871e-01
-7.735576629638671875e-01
-1.609987831115722579e-01
-1.275556850433349487e-01
-1.790465354919433538e-01
2.172215700149536174e-02
6.034647369384765758e-01
1.952673530578613315e-01
-1.892627143859863248e-01
-4.463700485229492032e-01
1.514047622680664007e-01
-4.554635620117187256e-01
-8.460179328918457364e-02
2.485181617736816340e-01
-3.361492538452148238e-01
nan
nan
nan
nan
1.269911193847656217e-01
-1.047533493041992170e+00
2.634020042419433771e-01
2.693700599670409979e-01
-2.197854995727538951e-01
2.305058860778808616e-01
-8.738895416259766236e-02
-2.464547729492187478e-01
2.708345603942871049e-01
7.503570556640625222e-01
5.208109283447265314e-01
-3.091164112091064620e-02
6.182045936584472379e-02
-8.744801330566406294e-01
-1.056893348693847649e-02
4.003652572631835604e-02
3.513008117675781028e-01
8.672273635864258257e-02
5.631367206573486411e-02
8.108396148681640270e-01
1.464151477813720736e-01
-9.832772064208984419e-01
-6.660522460937500222e-01
1.295039558410644442e-01
-1.043905639648437522e-01
-2.132257652282714966e-01
9.286955261230468439e-01
-3.437057113647460915e-01
nan
nan
nan
nan
4.625994873046874734e-01
3.216305541992187655e-01
-1.305329561233520459e-02
-1.079209613800048845e-01
-4.452163696289062611e-01
9.562722206115722989e-02
-3.119574785232543876e-02
-1.950597000122070435e-01
-7.218338775634766113e-01
-8.948815345764160600e-02
2.178241157531738414e-01
6.647093963623046387e-01
2.694440650939941562e-01
-4.315009307861328303e-01
-1.011079025268554754e-01
-3.054672813415527100e-01
3.408997297286987110e-02
3.722031784057617254e-01
-3.490084457397460982e-01
3.233744430541992121e-01
3.313469171524047879e-02
-3.876099777221679865e-01
-7.038386535644530762e-01
1.340892314910888637e-02
6.645511627197265847e-01
-3.192838668823241854e-02
3.002768516540527122e-01
4.606739807128906183e-01
nan
nan
nan
nan
-2.559515762329101496e-01
-3.249376678466797119e-01
-2.163566780090332153e-01
-6.265273571014404186e-02
-4.481515121459960782e-01
-2.047179222106933552e-02
6.870018482208252453e-02
-2.954659843444824019e-01
-3.074490165710448975e-01
-5.212722396850586470e-01
2.646566152572631808e-02
-9.133924841880797577e-03
7.031232357025146706e-02
1.902889633178710960e-01
8.988287353515624911e-01
3.066163635253906228e-01
-2.626598930358886586e-01
-3.609470605850220032e-02
-3.511685562133788907e-01
-2.554469299316406428e-01
1.261715316772460960e-01
1.017054519653320277e+00
8.612754344940186033e-03
-1.436149120330810491e-01
3.023270034790039307e-01
-8.417873382568359653e-02
1.516319751739501898e-01
-5.799413681030273215e-01
nan
nan
nan
nan
2.158018112182617243e-01
-2.752807235717773526e-01
5.932403182983398970e-01
9.407022476196288951e-02
-6.864505004882812678e-01
-4.707160568237304665e-01
-2.732819747924804532e-01
-4.474330902099609569e-02
6.590051651000976632e-03
-1.338020133972167847e-01
-8.895784378051757590e-02
5.652182102203369418e-02
-1.571659469604492210e-01
-1.560567855834960882e-01
2.168467521667480358e-01
-4.519906234741211115e-01
3.649330139160156250e-01
-2.231274032592773515e-01
1.351906490325927856e-01
2.279535770416259849e-02
-4.810182094573974693e-02
-1.049104213714599637e-01
-1.489491558074951261e-01
3.104030609130859486e-01
7.371083831787109686e-01
4.335431289672851407e-01
2.047897720336914196e-01
3.147000551223754633e-02
nan
nan
nan
nan
1.157435321807861323e-01
5.251540374755859775e-01
3.831539154052734375e-01
1.763308334350585926e-01
4.503092956542968928e-01
8.082501411437988115e-02
1.952193450927734442e-01
6.463440895080566073e-02
-8.933712768554687988e-01
-5.628003692626952770e-01
9.829647064208985041e-02
-1.228525638580322266e-01
-4.384263992309570535e-01
3.073256254196167145e-02
4.169581222534179954e-01
1.148958969116210954e-01
2.649091529846191451e-01
-8.233750152587890891e-01
-4.399624633789062655e-01
-1.205837535858154258e-01
7.248076629638672275e-01
-8.381649780273437988e-01
-3.802218246459960760e-01
-1.862065505981445324e-01
-1.901227760314941340e-01
4.037766265869140447e-01
3.362416076660156294e-01
-1.455624389648437489e-01
nan
nan
nan
nan
-4.731224822998046919e-01
1.907482528686523515e-01
3.202851486206054754e-01
-5.134914398193359680e-02
-6.295981597900390803e-01
7.659539794921874645e-01
2.456637763977050914e-01
4.143850708007812411e-01
-3.207862091064452859e-01
-5.922842979431152538e-02
-8.106655120849609597e-01
-2.384240913391113270e-01
4.467561721801757701e-01
3.110543060302734530e-01
-5.689438343048095620e-02
4.881755065917968706e-01
-1.319932842254638583e-01
-2.564084053039550892e-01
-8.120261383056640581e-01
3.933062314987182534e-02
1.591951847076416016e-01
9.634379148483276228e-03
-1.505356216430664140e-01
3.817059707641601296e-01
-2.190223312377929665e-01
3.946874237060546964e-01
5.901579284667968217e-01
-1.055515956878662065e-01
nan
nan
nan
nan
-5.657116317749023571e-01
3.581582641601562256e-01
-2.424017143249511674e-01
-3.941316223144531450e-01
1.291824436187744007e-01
-6.583102416992187012e-01
-1.403620719909667858e-01
-5.237603187561035156e-02
3.246399688720703058e-01
4.866371154785156250e-01
1.015138268470764174e-02
-2.102643775939941340e-01
2.069503211975097789e-01
5.818307495117187589e-01
8.353343009948729914e-02
2.152794265747070279e-01
-4.988149702548980678e-03
4.480173873901367454e-01
2.500020408630371227e-01
1.081466913223266650e-02
-8.855466842651367465e-02
-8.065750885009765891e-01
1.361410427093505959e-01
-5.925222873687743808e-02
6.306330871582030984e-01
-3.862281799316406028e-01
-1.235065364837646534e-01
-4.707790374755859569e-02
nan
nan
nan
nan
-1.052933409810066128e-03
-2.417047119140625089e-01
1.085064029693603577e-01
-5.995923519134521706e-02
3.612996339797973355e-02
-5.368868255615234508e-01
5.823066711425781694e-01
2.425092506408691451e-01
2.602211952209472767e-01
4.641658782958984486e-01
-2.208024215698242143e-01
-1.475836181640625133e-01
-2.486757278442382757e-01
1.278876495361328247e-01
-2.317988395690917872e-02
-6.046630477905273748e-01
-7.795305633544922230e-01
5.422711563110351740e-01
-2.783582210540771346e-02
3.916343927383422741e-02
2.707071781158447432e-02
-3.435473632812500178e-01
-7.495098876953124600e-01
-6.382555007934570535e-01
8.014315605163574441e-02
-4.639898300170898215e-01
-2.210493326187133734e-02
2.257372283935547008e-01
nan
nan
nan
nan
3.461973571777343661e-01
-4.978185176849365262e-02
2.659507751464843667e-02
-9.206496238708496149e-02
1.174179649353027377e-01
3.649828195571899747e-02
-2.910229492187499933e-01
9.697905540466308927e-02
-1.196805763244628840e-01
-1.128552913665771540e-01
-5.359629440307617232e-01
-1.054468727111816384e-01
-4.572795104980468817e-01
3.406038284301757951e-02
-2.796504020690918080e-01
-3.019127082824706876e-01
2.934279823303222456e-01
6.302103042602539285e-01
-1.540533733367920044e-01
-2.523077583312988148e-01
-2.613706207275390825e-01
1.794505500793457109e-01
3.692789840698242343e-01
-2.623640060424804465e-01
3.978485107421875222e-01
1.710046005249023504e-01
3.289734649658203058e-01
-9.632512331008910578e-03
nan
nan
nan
nan
3.122263908386230247e-01
-8.448571014404296919e-01
-6.052348709106445401e-01
2.943453025817870938e-01
3.730499649047851474e-01
-1.781954002380371216e-01
-5.837907409667968395e-01
8.622330665588379128e-02
7.403035736083984908e-01
1.839700126647949296e-01
-3.608913183212280468e-02
-1.871534538269042924e-01
5.788248062133789090e-02
-4.203857040405273304e-01
-4.390781402587890514e-01
1.223684501647949174e-01
-9.137672424316406472e-01
-6.091221618652343794e-01
3.018064498901367257e-03
-4.239088058471679465e-01
-2.009294700622558660e-01
-3.248319244384765825e-01
2.419043350219726440e-01
-1.399552154541015558e-01
2.968558120727539107e-01
3.031713294982910090e-01
-2.384614753723144631e-01
-6.428511810302733887e-01
nan
nan
nan
nan
5.412065505981444868e-01
-3.570551300048828147e-01
1.166067790985107488e-01
-2.329299163818359386e-01
-3.022637557983398615e-01
-2.467054367065429632e-01
-4.557009887695312456e-01
-4.877526283264160128e-02
8.586251068115234863e-01
1.614371681213379039e-01
-3.391679763793945535e-01
3.494075775146484597e-01
1.840660285949707042e-01
7.813298797607421964e-01
1.028908348083496099e-01
-2.431899452209472789e-01
-2.220123291015624889e-01
-2.358106422424316451e-01
-6.069485664367675615e-02
-1.352303504943847545e-01
-4.071655654907226363e-01
-1.274433517456054765e-01
-8.596573638916015225e-01
4.437267303466796986e-01
4.461992263793945201e-01
6.218834400177002120e-02
5.213737869262695668e-01
-1.224858951568603554e-01
nan
nan
nan
nan
-1.850516891479492276e-01
-1.185085296630859347e-01
1.295024514198303209e-02
2.624474334716797030e-01
1.530497360229492176e-01
-3.408291625976562766e-01
-6.219938278198242632e-01
4.027460479736328369e-01
-1.427833652496337813e-01
-2.849703788757323997e-01
5.918201923370361439e-02
-2.752373886108398504e-01
-4.422005462646484419e-01
-1.201604461669921881e-01
-7.172773480415344134e-03
3.149965047836303378e-02
-2.164069175720214830e-02
5.851930618286133035e-01
-2.253636419773101963e-03
2.376059913635253928e-01
2.154774284362792891e-01
3.414854812622070135e-01
-1.070226745605468821e+00
5.539515304565429954e-01
-3.447272872924804776e-01
-1.788405990600585860e-01
3.140778923034667769e-01
-5.021281433105468928e-01
nan
nan
nan
nan
4.036397457122802707e-02
3.996867370605468595e-01
7.458709716796875222e-01
3.286738204956054510e-01
-2.301416969299316384e-01
1.154808425903320335e-01
1.548399639129638683e-01
-2.015779113769531339e-01
8.754528999328613226e-02
2.500159454345702859e-01
3.516679382324218728e-01
3.681400680541992432e-01
-2.541109275817871049e-01
2.834360313415527077e-01
-4.129336357116699524e-02
8.718473815917968661e-01
-3.165855789184570113e-01
-2.265588760375976674e-01
-3.500968170166015581e-01
5.662738323211669728e-02
-8.092033386230468306e-01
3.615507125854492410e-01
-2.210768890380859497e-01
-1.054550933837890558e-01
2.948885345458984175e-01
3.581465530395507857e-01
-4.071586608886718639e-01
8.527484893798828458e-02
nan
nan
nan
nan
1.993835830688476529e-01
-8.866672515869140903e-02
1.139872837066650407e-01
5.823004531860351829e-01
2.844283819198608482e-02
3.111654472351074174e-01
4.104006576538086204e-01
1.058087348937988281e-01
-1.096176242828369174e-01
1.434048366546630815e-01
-1.461543369293212824e-01
2.684413909912109486e-01
2.475399971008300781e-01
4.969057846069335760e-01
1.405134296417236417e-01
-1.541396808624267700e-01
-5.790148258209228821e-02
-2.754266548156738548e-01
-1.062297725677490284e-01
-2.504221916198730580e-01
8.036209106445312278e-01
-5.762215137481689620e-02
-4.814127445220947599e-02
6.667910766601562456e-01
3.286275482177734575e-01
6.971015930175781250e-01
-1.421063613891601629e-01
9.338853955268859933e-03
nan
nan
nan
nan
-3.580406570434570557e-01
2.567387580871581809e-01
-2.959516716003418035e-01
1.685779571533203014e-01
3.812769317626953369e-01
-2.196467161178588742e-02
5.362883758544921831e-01
4.119582366943359553e-01
1.719361495971679643e-01
-3.171092033386230247e-01
-2.815071678161620850e-01
-3.469177627563476696e-01
1.476725387573242232e-01
2.006939697265625044e-01
-4.936706542968750111e-01
6.556199645996093617e-01
6.538027954101562900e-01
1.175857639312744146e-01
4.078063964843750000e-01
2.604325532913208049e-02
1.325688362121582031e-01
3.226216125488281516e-01
-1.634568023681640669e-01
9.844856262207031250e-01
2.550336074829101518e-01
5.963041687011718661e-01
3.558046722412109286e-01
-2.078663349151611481e-02
nan
nan
nan
nan
1.345946311950683705e-01
6.158230590820312766e-01
3.482567977905273171e-01
-1.401431369781494241e-01
2.662683105468749978e-01
4.055396270751953081e-01
7.240228271484374645e-01
5.796376228332519864e-02
2.636832809448242387e-01
3.591060256958008012e-01
8.696866035461425781e-02
7.455670928955078214e-01
-1.366515827178955145e-01
2.228461265563964899e-02
2.745281219482421653e-01
-3.340078115463256808e-02
2.506128549575805525e-02
4.061461639404296831e-01
-5.628902912139892301e-02
3.223573684692382924e-01
-1.355661511421203669e-02
-3.002890205383300648e-01
3.247310638427734486e-01
-1.537213039398193370e-01
3.154967546463012529e-02
1.106221199035644503e-01
-3.556137466430663863e-01
-2.001065063476562544e-01
nan
nan
nan
nan
3.529562759399413885e-01
8.964773559570312633e-01
-3.817259216308593883e-01
6.909380340576172230e-01
-1.104761505126953119e-01
8.537769317626953125e-02
5.974681472778320401e-01
-2.090219688415527466e-01
2.191456222534179654e-01
-2.766193389892578347e-01
-2.979578590393066606e-01
1.065962219238281300e-01
-5.144988632202148748e-01
3.953174209594726429e-01
5.342858505249022949e-01
-9.395343661308288088e-03
-3.565155029296874778e-01
4.191176605224609109e-01
2.179814338684082087e-01
-3.345860290527343794e-01
6.073907375335693692e-02
1.058554553985595753e-01
4.718476486206054643e-01
5.201310634613037082e-02
-3.432981109619140381e-01
-1.571862602233886630e-01
-6.229430770874023748e-01
4.539878463745117276e-01
nan
nan
nan
nan
1.129814147949218667e-02
6.776184082031250222e-01
6.313727188110351829e-01
4.588296508789062589e-01
1.868510437011718650e-01
4.123296260833739929e-02
-9.305301666259765958e-02
-3.191444206237792902e-01
-4.563695144653320268e-01
5.609652519226074330e-02
-1.918035697937011674e-01
2.011985015869140747e-01
-1.789759254455566273e-01
-7.895029544830321766e-02
3.732531356811523704e-01
6.778189182281493808e-02
-3.360816717147827037e-02
2.609919548034668191e-01
3.340779876708984131e-01
-3.811025619506836024e-03
3.909384918212890359e-01
8.492650985717772882e-02
3.601298904418945290e-01
-5.903225708007812100e-01
2.436946153640746904e-02
3.225641250610351562e-01
nan
nan
nan
nan
nan
nan
8.293997955322265359e-01
7.217830657958984597e-01
-1.144210529327392561e-01
4.672319030761718506e-01
3.616632843017578147e-01
1.542350196838379039e-01
4.641493856906890939e-03
-3.317682027816772766e-02
-7.806835174560547430e-02
2.254710769653320290e-01
5.923810482025146373e-02
1.158258724212646446e-01
2.249256706237793002e-01
1.075276374816894476e-01
4.915204238891601740e-01
-2.959241676330566229e-01
3.083301544189452903e-01
-1.628739929199218839e-01
-2.811127281188964822e-01
1.330784511566162065e-01
-1.134509277343749983e-01
-2.106811141967773471e-01
1.478997230529785212e-01
-1.326613140106201183e-01
-1.452196788787841752e-01
-3.966565322875976740e-01
1.735279846191406239e-01
1.182033920288085987e-01
nan
nan
nan
nan
-6.910598278045654297e-02
3.487674713134765458e-02
-1.359145355224609386e-01
-3.260641098022460938e-01
1.940047836303711026e-01
-2.929873466491699375e-03
2.349877548217773338e-01
-2.730676651000976674e-01
-5.825227355957031117e-01
1.611297416687011708e-01
-3.378744888305664218e-01
3.428087234497070312e-01
-2.437371826171874922e-01
6.234151363372802956e-02
-2.422219657897949352e-01
3.283238983154296853e-01
2.037324523925781172e-01
-2.616567420959472479e-01
7.534884452819824718e-02
-1.745712280273437611e-01
-5.660524368286132812e-01
3.057975196838378928e-01
nan
-1.376005649566650335e-01
-1.233394145965576172e-01
-7.796151638031005582e-02
-1.978873825073242110e-01
3.815562057495117121e-01
nan
nan
nan
nan
6.441702270507811967e-01
1.833954811096191462e-01
3.468323516845703280e-01
-3.617445373535156383e-01
-2.611301040649414151e-01
3.657781219482421631e-01
6.784531402587891113e-01
1.368992805480956920e-01
2.792303466796874911e-01
6.324280548095703169e-01
3.886252164840698492e-02
3.005944967269897489e-02
-6.829212665557861384e-02
-1.627091217041015669e-01
4.935492515563964788e-02
-4.809716701507568692e-02
3.526509094238281516e-01
3.066657638549804554e-01
4.455878067016601496e-01
-1.257630825042724554e-01
4.951151657104492232e-01
1.672246932983398326e-01
2.692019939422607422e-02
-2.384424400329589744e-01
3.462654495239257946e-01
-4.006796646118164218e-01
-1.479872894287109497e-01
1.220821094512939409e-01
nan
nan
nan
nan
-4.124713516235351540e-01
-5.099303275346756155e-04
1.831968498229980535e-01
1.636789131164550770e-01
1.584757328033447113e-02
2.798445701599120983e-01
-4.160439491271972906e-02
-1.041792774200439448e-01
3.731216049194335804e-01
6.275052547454834651e-02
5.165461349487304732e-01
6.917378425598144642e-02
-5.079185485839843306e-01
-1.390390396118164062e-01
2.094651412963867143e-01
-2.923675727844238237e-01
-2.271586799621582164e-01
3.817815780639648160e-02
nan
1.051549530029296936e-01
-4.172081470489501925e-02
-2.137862205505371149e-01
-1.452711486816406217e-01
2.909050941467284934e-01
-3.707634353637695446e-01
3.974471330642700279e-02
2.724333763122558372e-01
4.572196578979492165e-01
nan
nan
nan
nan
-5.593546867370605136e-02
6.116997909545898171e-01
4.444983959197998380e-02
-1.306423759460449141e-01
-1.257299613952636841e-01
1.135091876983642528e-01
2.890007781982422141e-01
8.036532402038573664e-02
-6.101509571075439120e-02
2.754653739929199263e-01
1.224915599822998108e-01
-3.220109939575195312e-01
8.490172624588012210e-03
-2.149325752258300914e-01
-4.249160766601562528e-02
-1.013581371307373108e-01
2.845909118652343861e-01
4.905114173889160017e-02
3.862735748291015736e-01
2.272902870178222789e-01
2.518078386783599923e-03
-2.039895439147949296e-01
1.341805458068847691e-02
6.662033081054687944e-01
5.189073944091796564e-01
-1.958281517028808705e-01
4.774204635620117321e-01
-3.471619415283203058e-01
nan
nan
