nan
nan
7.623869323730468883e-01
4.936864852905273326e-01
-3.780553817749023743e-02
-3.299650573730468772e-01
-4.495236968994140714e-01
7.774120330810546653e-01
-1.002557067871093777e+00
3.979270219802856501e-02
3.442344665527343750e-01
7.140181732177733887e-01
-5.512092208862304776e-01
-1.590857315063476662e-01
-7.476150393486023261e-03
5.620423507690429643e-01
-6.807981872558593883e-01
-5.685846328735351118e-01
-1.831964302062988326e-01
-4.799235534667968817e-01
2.880234146118164085e-01
4.216369628906250222e-01
5.443027877807616877e-01
2.179448699951171964e-01
3.918931198120116921e-01
9.120739936828613226e-02
3.387252044677734331e-01
-9.039124298095703169e-01
2.800525474548339888e-01
2.125516128540038963e-01
nan
nan
nan
nan
3.791426849365234220e-01
-4.709019851684570490e-01
2.925842475891113348e-01
4.173750686645507635e-01
-8.633919715881348267e-02
-1.291384601593017489e-01
-1.154889011383056635e-01
-1.699583435058593661e-01
-4.278702545166015447e-01
-3.468911647796631137e-02
-4.017861175537109641e-01
-3.222165679931640603e-01
-1.352786922454833896e-01
7.088468074798584539e-02
1.827488708496093628e-01
-1.189372634887695263e-01
7.636008858680725167e-03
-4.884453201293945113e-01
4.188255786895751787e-02
6.911122131347656738e-01
-1.809784317016601696e-01
1.049635162353515616e+00
-6.182990264892578303e-01
2.990758132934570046e-01
9.411632537841796431e-02
-8.561660003662109331e-01
2.445730400085449341e-01
1.747901725769042958e-01
nan
nan
nan
nan
-3.105814743041992454e-01
2.539504432678222900e-01
-1.192362594604492176e-01
1.209873676300048800e-01
-2.165420913696289029e-01
-2.488291740417480566e-02
-3.991493988037109197e-01
-6.752122402191161610e-02
-4.779253387451171675e-01
-2.424465179443359431e-01
-1.839562225341796753e-01
4.442130565643310353e-02
-1.093656063079834033e-02
3.636861038208007990e-01
6.587642669677734597e-02
-3.620623016357422119e-01
2.276066970825195435e-01
2.765881538391113392e-01
-6.759740710258484164e-03
1.531546211242675870e-01
-4.741073608398437694e-02
-2.768288803100585893e-01
6.242500686645507946e-01
6.479922771453856811e-02
4.870679473876953214e-01
1.282449722290038979e-02
-5.702078819274902094e-02
-5.523149490356444868e-01
nan
nan
nan
nan
1.140307235717773482e-01
-2.001114845275878962e-01
1.270349025726318359e-01
3.101832199096679621e-01
4.979484939575195557e-01
1.791243362426757912e-01
1.973037528991699319e-01
-6.133016204833984242e-01
1.641494178771972789e-01
-1.525750923156738159e-01
-3.960591125488281405e-01
-2.104712486267089899e-01
-3.214685058593749756e-01
-9.557601928710937611e-02
-2.433427047729492254e-01
6.775479888916016158e-01
-1.334829044342041027e-01
2.891475868225097390e-01
-4.585052871704101696e-01
2.205770301818847645e-01
-1.149533557891845720e-01
9.988116264343262218e-02
-1.133187389373779275e-01
-1.114774894714355424e-01
-7.156890869140625222e-01
3.216313171386718794e-01
-1.736453247070312567e-01
6.997968292236328436e-01
nan
nan
nan
nan
3.114348220825195468e-01
-4.950813293457031472e-01
-9.367423057556152621e-02
5.025631427764892800e-02
1.862545204162597556e-01
6.199480819702148926e-01
8.747264862060546986e-02
1.304944992065429632e-01
-3.403068304061889621e-02
4.439226531982422008e-01
-2.581508457660675136e-03
2.833833122253417991e-01
9.114276885986327681e-02
-1.004524326324462841e-01
-4.040130615234375222e-01
5.181978225708008118e-02
-7.781214141845702592e-01
-1.155926704406738323e-02
-8.643058776855468139e-02
-1.876968955993652266e-01
-1.627184677124023371e-01
-1.337699317932128928e-01
6.266902387142181570e-04
-1.677433204650878862e-01
2.396352386474609464e-01
1.173163833618164009e+00
4.641376113891601540e-01
-2.689252376556396443e-02
nan
nan
nan
nan
2.588610839843750178e-01
2.448068237304687478e-01
8.422940826416015492e-01
2.360492706298828181e-01
-6.862674713134765403e-01
-3.776556396484375133e-01
3.447505474090575839e-02
-1.143886375427246027e-01
-6.867729187011718806e-02
8.730882263183593617e-01
1.796887779235839810e-01
5.862019348144531516e-01
-2.182827186584472556e-01
1.620990943908691417e-01
-3.336950302124023215e-01
-2.363948631286621194e-01
9.677586555480957586e-02
3.999835968017578236e-01
-2.215476799011230347e-01
4.596021175384521623e-02
-1.867114830017089777e-01
-4.416503524780273637e-01
5.406939697265624734e-01
9.261378288269042636e-02
-1.126904392242431691e-01
1.907381439208984397e-01
2.399745178222656150e-01
3.965031051635742321e-01
nan
nan
nan
nan
-7.140496826171874867e-01
-6.752451324462890314e-01
1.245584583282470653e-01
3.535366821289062655e-01
1.863618659973144409e-01
6.036297988891601296e-01
8.671297454833983842e-01
-1.795841407775878862e-01
4.116634845733642412e-02
1.632908630371093794e-01
1.459569168090820435e-01
-4.693954944610595481e-02
-4.038348674774169811e-02
-2.760859298706054843e-01
6.874005126953125488e-01
2.018553352355957065e-01
-7.588069438934326449e-02
-4.150502014160156183e-01
-5.184452438354492099e-01
5.075081634521484419e-01
1.573573207855224476e-01
-1.003623504638671893e+00
-2.798378229141235476e-02
4.295463180541992387e-01
9.373495101928711049e-02
6.667903065681457650e-04
4.659666061401367410e-01
-2.108331489562988159e-01
nan
nan
nan
nan
7.371539306640625400e-01
1.749681663513183716e-01
-2.679689025878906339e-01
-1.413004970550537087e-01
-5.439300918579101918e-01
3.631309127807617054e-01
7.216860961914062234e-01
3.511608886718750044e-01
-1.268062019348144553e-01
2.006658744812011841e-01
1.770313262939453014e-01
-5.740159988403320535e-02
-4.256975936889648704e-01
9.314852714538573997e-02
9.135335540771484242e-01
8.071674346923828347e-01
2.487164306640624878e-01
-2.806340599060058727e-01
-4.911548614501953236e-01
3.841284942626952970e-01
4.876478195190429576e-01
2.461439895629882746e-01
-1.309824275970458973e-01
4.985382461547851474e-01
7.888025665283202592e-01
-1.357792758941650524e-01
4.029098129272460915e-01
1.154069042205810580e-01
nan
nan
nan
nan
-6.473209381103516014e-02
7.583254241943359064e-01
-4.099034500122070157e-01
7.805231571197510099e-02
1.080738830566406183e-01
3.074865579605102692e-02
1.882908630371093739e-01
-3.749348831176757546e-01
-7.312064170837402621e-02
-5.788043975830078347e-01
1.059207611083984313e+00
-8.226404190063477118e-02
3.282877206802368303e-02
-1.230155754089355402e-01
6.856625366210937766e-01
-6.815805816650390980e-01
1.581575107574463013e-01
-1.004196929931640558e-01
-2.066637611389160190e-01
-4.690571594238281405e-01
8.355722427368164618e-03
-4.800789642333984641e-01
2.551716041564941473e-01
-1.101917773485183672e-03
-3.879193115234375044e-01
4.797943496704101807e-01
1.206328630447387612e-02
-4.803054809570312389e-01
nan
nan
nan
nan
-2.999140548706054621e-01
6.744663238525390458e-02
-4.197304534912109641e-01
-1.935490989685058616e-01
-4.106795787811279297e-02
-3.357307815551757724e-01
-1.944394874572753784e-01
8.501881599426269753e-02
-2.810490798950195379e-01
2.322080993652343717e-01
4.333314895629882812e-01
-3.085316848754882657e-01
5.080770111083984242e-01
-1.669349098205566428e-01
1.125184249877929643e-01
-3.946477890014648549e-01
4.464693832397461093e-01
9.252894401550293413e-02
-5.272858047485351474e-01
-1.537698173522949185e-01
-1.664420127868652399e-01
3.179743587970733799e-03
5.713562488555908037e-02
1.465585899353027410e-01
3.625341033935546853e-01
3.294986724853515847e-01
-7.391371917724609553e-01
-2.107988548278808549e-01
nan
nan
nan
nan
-5.013666152954101562e-01
8.798104286193847434e-02
3.885507583618164062e-01
-2.844139862060546808e-01
-4.950802326202392162e-03
1.019893074035644470e-01
-4.570466232299804643e-01
-9.633983612060546819e-02
-4.279768371582031161e-01
-2.107649421691894509e-01
-7.510840606689452859e-01
-1.396929264068603460e-01
-4.279263305664062766e-01
-3.990041351318359131e-01
-3.627981567382812522e-01
6.361099624633789196e-01
2.984458446502685422e-02
-3.736130142211914196e-01
-2.006820678710937583e-02
-1.338127136230468639e-01
1.351956129074096714e-02
1.445148658752441473e-01
-6.348363876342773271e-02
2.472687530517578003e-01
1.073176670074462852e-01
-4.114653396606445246e-01
2.625875473022460868e-02
6.146958160400390891e-01
nan
nan
nan
nan
3.839014816284179732e-01
-3.539061546325683594e-02
-2.455719757080078169e-01
-5.267921924591064536e-02
-6.208694458007812250e-02
-9.473166656494140803e-01
-1.848937225341796831e-01
1.480702781677246116e-01
-2.886470222473144775e-01
1.668459510803222690e-01
1.706095099449157770e-02
-3.054862403869628706e-01
2.949715042114257613e-01
7.819187927246094016e-01
-3.416367721557617143e-01
1.913644599914550715e-01
-1.508670687675476088e-02
-1.407977771759033325e-01
1.082353687286376903e-01
2.923253631591796742e-01
3.052787780761718750e-01
-1.747340583801269553e-01
1.682627296447753995e-01
-7.993431854248046475e-01
-2.857224273681640558e-01
8.828005790710449774e-02
-2.733083534240722812e-01
-2.598355674743652588e-01
nan
nan
nan
nan
6.619718170166015714e-01
-6.374642562866210671e-01
7.916212463378906605e-01
-1.879663658142089744e-01
-8.236473083496093084e-02
1.155387878417968722e-01
3.684529066085815568e-02
1.691653823852539151e-01
6.852507019042968217e-01
-1.159237861633300726e-01
-1.502372646331787132e-01
-3.965167617797851762e-01
-3.209705829620361495e-02
-2.651788330078124756e-01
-6.570580005645751398e-02
3.745899581909179488e-01
1.449789619445800704e-01
1.595095157623291071e-01
6.206600069999694894e-03
2.242046928405761752e-01
-5.152866363525390181e-01
-2.891195869445800648e-01
1.847217559814453014e-01
-3.327217864990234530e-01
-9.047653198242187889e-02
2.333482503890991350e-02
3.223008346557617032e-01
1.865929412841796919e-01
nan
nan
nan
nan
6.330747222900390270e-01
1.005404663085937567e-01
1.022472953796386697e-01
-3.398070144653320135e-01
-2.724683284759521484e-02
-1.593253612518310547e-01
-1.440111255645751820e-01
9.123250961303711049e-02
-4.644714832305908009e-02
1.187599754333496099e-01
-5.458392715454101207e-01
-3.273725891113281050e-01
-3.082280349731445490e-01
2.087747764587402355e-01
-1.771408462524414196e-01
-6.944795227050781783e-01
1.349504947662353432e-02
1.623509216308593739e-01
-4.998168563842773637e-01
-1.383534526824951039e-01
3.640348434448242299e-01
-1.236545467376709007e-01
2.326843261718750111e-01
2.302866554260253884e-01
5.182957458496093572e-01
-4.571926116943359486e-01
-1.775551414489746072e-01
6.338918685913086382e-01
nan
nan
nan
nan
9.290616989135741521e-02
-9.178406715393067072e-02
8.103570938110352118e-02
7.204498291015625222e-01
3.257134246826172141e-01
4.584250640869140803e-01
-1.353876686096191495e-01
-1.479340553283691462e-01
-2.093807697296142661e-02
3.296337890625000155e-01
1.608595085144043091e-01
5.945969390869140225e-01
5.818559646606445007e-02
-5.410872268676757413e-01
-4.007070541381835826e-01
-3.246908664703369168e-02
-1.154826259613037087e-01
-6.010799884796142606e-02
-6.873894500732421475e-01
8.544051170349120650e-02
1.435778856277465827e-02
1.134096980094909633e-02
1.392905330657958907e-01
-2.914080619812011719e-01
-2.998645305633544991e-02
5.561956024169921742e-01
2.337534141540527355e-01
1.372156143188476562e-01
nan
nan
nan
nan
3.778907012939453081e-01
-3.371327209472656516e-01
3.391418457031249861e-02
2.998717880249023304e-01
1.006781768798828136e-01
-3.696287155151367076e-01
1.555341243743896540e-01
-4.716822052001953258e-01
-4.361998367309570246e-01
-6.547355651855468750e-01
-3.211897277832031494e-01
2.978644180297851385e-01
3.424636363983154380e-02
-5.032882690429687500e-01
-2.792351484298706207e-02
-3.452126693725585671e-01
1.756524658203124922e-01
4.498885345458984442e-01
-1.889183425903320224e-01
-3.017022132873535267e-01
-8.341748237609863947e-02
-3.540158569812774502e-03
2.347766876220703236e-01
-5.317566299438476474e-01
7.342814922332763228e-02
4.642340850830077859e-01
2.597045898437500000e-01
-3.546844100952148415e-01
nan
nan
nan
nan
-1.569569969177246060e-01
3.169405174255370827e-01
-7.732348442077636996e-02
-2.742153167724609153e-01
9.103918457031250355e-01
-2.597523880004882768e-01
-2.015615653991699174e-01
-1.378580856323242121e-01
4.710279405117035129e-04
1.603436660766601463e-01
1.215219688415527383e-01
4.425646972656249734e-01
-4.499338626861572321e-02
-3.082793807983398304e-01
1.485853290557861417e-01
-1.486457252502441373e-01
3.212989425659179554e-01
-7.027644157409668191e-02
-2.908005332946777544e-01
-2.929321670532226696e-01
-5.334979248046874956e-01
-2.263684844970703103e-01
-1.572657227516174178e-02
-3.726467895507812322e-01
-7.537051200866699829e-02
-3.955286407470703369e-01
1.675511741638183727e-01
-5.763307952880859508e-01
nan
nan
nan
nan
-2.917639350891113037e-01
1.628422927856445213e-01
2.289673805236816517e-01
-1.600290656089782548e-02
-1.231327152252197216e-01
-1.060693969726562491e+00
1.384447383880615112e-01
3.949420928955078014e-01
6.055595779418945224e-01
-6.368505096435547186e-01
6.785984039306640625e-01
7.048786163330078569e-01
-2.718665897846221733e-03
3.127460956573486356e-02
8.869512081146240304e-03
7.729825592041015270e-01
3.738471984863281361e-02
7.935394287109375222e-01
6.374257087707518865e-02
-5.903976058959961026e-01
-2.963674926757812744e-01
-3.923398208618164018e-01
-2.604055976867675759e-01
-2.404944992065429776e-01
-4.188857650756835915e-01
1.217391014099121066e-01
-3.959022903442382946e-01
7.495020389556884821e-02
nan
nan
nan
nan
-4.495087432861328280e-01
1.281509113311767589e-01
-2.361772346496582020e-01
-1.174923419952392523e-01
-6.479515838623046697e-01
4.748385906219482200e-02
1.013299789428711017e+00
3.345853042602539018e-01
9.341901779174804910e-02
2.359229469299316539e-01
1.001886940002441467e-01
-3.979444885253906050e-01
-4.864089202880859109e-01
6.882669067382812811e-01
4.821693038940429443e-01
4.162620162963867054e-01
-1.928999900817870983e-01
-4.646465301513671986e-01
-6.300956726074218306e-01
6.037654495239257457e-01
-8.620753139257430553e-04
6.221649932861328391e-01
-4.348802947998046675e-01
2.696404075622558794e-01
7.173616886138915738e-02
-3.025045776367187300e-01
nan
nan
nan
nan
nan
nan
6.141098022460937667e-02
1.362832069396972545e-01
2.453645896911621216e-01
-1.761098098754882713e-01
-7.554768085479736384e-02
5.128097152709960582e-01
-2.007083129882812622e-01
2.847142934799194378e-02
3.701847791671752930e-02
-4.690301513671875089e-01
4.756264877319336115e-01
-7.526621818542481024e-02
-3.303664398193359442e-01
3.706829833984375266e-01
3.794474411010742010e-01
-4.692517089843750155e-01
5.950913906097412415e-02
-6.559088134765624911e-01
2.472847747802734419e-01
3.957801342010498075e-02
4.859439849853515736e-01
4.156233215332031383e-01
-4.453701782226562322e-01
-8.060601806640624867e-01
1.076741695404052762e-01
5.944590568542480746e-02
-3.665652275085449358e-02
-1.099215030670166043e-01
nan
nan
nan
nan
2.573685455322265447e-01
-1.879249000549316484e-01
-2.013321113586425681e-01
7.808712482452392911e-02
-3.461378097534179576e-01
8.935799407958984197e-01
2.228261947631836049e-01
5.079059123992919755e-02
-1.507828903198242254e-01
5.123466873168944780e-01
4.540192031860351696e-01
2.469741630554199152e-01
-2.900092887878418235e-01
-1.188413143157959068e-02
4.052427291870117076e-01
-3.787676620483398371e-01
3.177639579772948975e-01
7.817933559417725164e-02
-2.695971488952636497e-01
-1.377190876007080012e-01
2.208904838562011641e-01
-1.527895545959472579e-01
nan
6.599090576171875444e-01
-3.841059923171997320e-02
2.522006797790527499e-01
-2.517480087280273282e-01
9.378528594970703125e-01
nan
nan
nan
nan
-6.071970462799072127e-02
1.681693458557128873e-01
-2.742489051818847723e-01
3.345558166503906361e-01
6.702359771728515492e-01
-5.406948852539062988e-01
-6.314945983886718350e-01
2.257223701477050759e-01
8.510233879089355857e-02
-1.455325889587402444e-01
-1.976334381103515558e-01
3.386195659637451089e-02
-6.432137298583984197e-01
-8.714767456054687278e-01
9.829689979553223045e-02
2.168323326110839777e-01
3.155002593994140625e-01
-4.837204360961914196e-01
2.258508491516113270e-01
-1.648541831970214977e-01
-3.345772933959960671e-01
2.107234954833984431e-01
2.236320495605468792e-02
-1.160363101959228510e-01
-3.753971862792968572e-01
-1.371724224090576094e-01
-4.424397659301757546e-01
-4.619310379028320201e-01
nan
nan
nan
nan
-3.181353569030761497e-01
-1.625375509262085016e-02
-9.732453346252441240e-02
-1.287023353576660090e-01
5.716942310333252009e-02
1.035956287384033198e-01
-3.721126937866210960e-01
3.303871154785156250e-01
-7.238223075866699607e-02
-7.619888305664062056e-01
1.961127853393554721e-01
3.680091094970703303e-01
4.172529602050781272e-01
-4.483807373046875266e-01
2.426753234863281150e-01
4.871702575683593550e-01
5.375897884368896484e-02
-1.428867435455322132e-01
nan
-4.416040480136871650e-03
5.208595275878906694e-01
-7.952236652374267134e-02
5.271986770629882857e-01
-1.310092639923095825e-01
2.171424484252929554e-01
-8.715216064453125133e-01
2.282221984863281317e-01
-1.089349651336669889e-01
nan
nan
nan
nan
-2.696179962158203325e-01
4.506862258911132901e-01
1.342475509643554776e-01
-2.853990936279297008e-01
-1.719190406799316340e-01
-2.235251808166504039e-01
1.959639167785644509e-01
4.442254638671874756e-01
9.179617881774902732e-02
-3.333782958984374822e-01
-4.883406066894531161e-01
8.369003981351852070e-04
5.347874832153319824e-01
4.126131057739257924e-01
-4.582144165039062633e-01
2.820271492004394406e-02
5.017959213256836248e-01
5.517830848693847448e-03
1.437753772735595736e-01
8.045186996459960382e-02
-3.399484252929687589e-01
-4.222168350219726585e-01
1.898603439331054688e-01
3.250584793090820490e-01
-2.699156379699707009e-01
-8.418521881103516180e-02
1.172860717773437506e-01
1.127918624877929654e-01
nan
nan
