nan
nan
-1.004338531494140652e+00
-1.075077724456787176e-01
9.880208015441895031e-02
4.814942169189453391e-01
-1.181227588653564475e-01
5.428340911865234819e-01
-1.182527351379394492e-01
-4.941928863525390514e-01
-2.802625656127929465e-01
-4.785659408569336026e-01
-7.163091897964477851e-03
1.337834644317626998e-01
2.069165039062499933e-01
1.842671775817871227e-01
-7.424577331542968617e-01
2.653149366378784041e-02
5.633989715576172008e-01
-5.015833377838134488e-02
1.136784648895263622e-01
7.098419952392578391e-01
6.493884277343749956e-01
-4.890102386474609597e-02
-6.057772064208983842e-01
-4.172882080078125222e-01
-2.041522789001464777e-01
-1.220587253570556696e-01
2.133055114746093828e-01
-2.607091331481933838e-01
nan
nan
nan
nan
-4.473832321166992254e-01
-4.968527793884277427e-02
2.682189178466796720e-01
3.362461471557617321e-01
7.717561340332030895e-01
-2.413355827331543080e-01
3.774423599243164062e-01
-5.619400024414062528e-02
-2.013782310485839888e-01
8.010068511962891158e-01
1.433130645751953036e+00
-2.479856681823730535e-01
3.988402175903320579e-01
1.475949859619140603e-01
-2.207848930358886630e-01
-3.790552902221679954e-01
-3.400047063827514593e-02
-5.893607330322265803e-01
-1.314905357360839910e-01
-1.608658790588378962e-01
-5.204804611206054199e-01
-2.243242835998535134e-01
-1.963801002502441329e-01
-6.459480285644531028e-01
3.801902770996093972e-01
-3.112514114379882901e-01
-5.839372277259826868e-03
6.203947830200194913e-01
nan
nan
nan
nan
-4.784461021423339760e-02
-1.038762474060058588e-01
-1.234743499755859425e-01
4.839427947998046764e-01
3.086535835266113192e-01
1.209277439117431574e-01
-2.216125106811523415e-01
-7.895052433013916016e-02
-1.364714527130126975e-01
-3.779990386962890359e-01
-3.303631210327148682e-01
4.986454772949218683e-01
-3.136643600463867032e-01
2.246141624450683494e-01
-2.941998720169067272e-02
-5.101077270507812234e-01
-4.441382598876952859e-01
-2.515004158020019420e-01
2.721132469177245938e-01
3.920453643798827992e-01
2.595644187927246271e-01
-3.081347465515136830e-01
-5.926669597625732616e-02
-6.276753234863281516e-01
5.771007919311523793e-01
-2.475145339965820201e-02
3.229481506347656183e-01
6.641256809234619141e-02
nan
nan
nan
nan
2.625865173339843595e-01
-2.877724468708038434e-03
-8.344139099121093694e-02
1.688842391967773360e-01
5.431224822998046431e-01
6.477004241943359331e-01
-4.977602386474609397e-01
-1.980669212341308605e-01
4.185314559936523238e-01
7.165470123291015625e-01
-1.888537025451660079e-01
1.547025203704834040e-01
5.872335433959960938e-01
-4.482894134521484553e-01
1.350710391998291016e-01
-5.159839248657226429e-01
-8.565526580810547408e-01
-6.501100540161132424e-02
2.079520606994628984e-01
-9.014013290405273326e-02
8.193948745727538951e-02
4.098730850219726718e-01
6.006856155395507990e-01
1.654238700866699219e-01
-1.747153520584106279e-02
6.838752269744872991e-02
4.255641174316406317e-01
-3.836851501464843550e-01
nan
nan
nan
nan
-3.024139022827148637e-01
-5.683134078979492632e-01
1.350807666778564564e-01
5.811227798461914285e-01
-4.741700172424316573e-02
1.210652923583984408e-01
4.795441055297851585e-01
2.296648979187011774e-02
-1.053752803802490284e-01
9.566201782226562145e-01
-9.177576065063476618e-02
2.190573692321777510e-02
-1.227631807327270522e-02
4.771614837646484530e-01
1.099422931671142634e-01
-2.229571723937988359e-01
1.008710765838623097e-01
-5.826858878135681222e-03
9.785944938659668635e-02
3.161693000793456831e-01
-5.421743011474609020e-01
-6.378121948242188033e-01
5.959488296508789196e-01
6.865734100341797097e-01
-2.669725418090820312e-01
-4.111943054199218572e-01
-4.874967193603515492e-01
-1.241393089294433594e-01
nan
nan
nan
nan
-1.272467899322509699e-01
3.599403762817383057e-01
-2.356387329101562456e-01
3.565405654907226607e-01
-4.369873428344726585e-01
4.804611587524413863e-01
-1.995388221740722612e-01
-7.021996307373047363e-01
-5.773756408691406161e-01
3.547609329223632701e-01
-5.100016021728515092e-01
-7.352990150451660378e-02
-6.016451835632324191e-02
3.490991592407226562e-01
4.182513046264648704e-01
2.304168128967285234e-01
6.614836215972901001e-02
2.024048423767089711e-01
3.430850982666015514e-01
-3.575217056274413996e-01
6.297144699096679510e-01
-3.732850313186645425e-02
-4.545137786865234286e-01
-5.412268447875976385e-01
-9.928803253173827947e-01
-5.536454010009765891e-01
-1.859879684448242088e-01
4.181892395019531361e-01
nan
nan
nan
nan
-7.031256198883056863e-02
6.959725952148437811e-01
4.600799179077148526e-01
-1.197757911682128945e-01
1.223298740386962874e-01
-2.340686798095703014e-01
4.842148971557617143e-01
5.937273788452148704e-01
-4.971870422363281472e-01
4.402396011352538996e-01
5.407322311401366877e-01
2.209165763854980535e-01
-2.421853065490722767e-01
-1.971769142150879006e-01
3.497389984130859220e-01
-3.164951133728027277e-01
4.285348415374756054e-02
-7.535068392753601144e-03
2.233427238464355535e-01
1.677203559875488359e-01
1.063472557067871027e-01
2.001568031311035112e-01
2.649199676513671609e-01
9.549082756042480413e-02
5.310437011718750488e-01
3.910976028442382790e-01
-4.460321426391601340e-01
2.752289390563965044e-01
nan
nan
nan
nan
-7.289695262908935103e-02
-4.008728408813476696e-01
-3.666505813598632812e-01
5.365586471557617365e-01
7.537707519531250400e-01
-2.065852355957031317e-01
8.598990440368652066e-03
9.646296501159667969e-02
2.537991285324096846e-02
-9.511562347412109986e-02
2.887455368041992321e-01
-1.161733055114746033e-01
2.142562675476074319e-01
-1.623466873168945279e-01
3.977667617797851496e-01
-2.747132778167724748e-02
1.499319267272949119e-01
-2.370063591003417902e-01
2.804219245910644642e-01
-5.728295326232910045e-02
-3.792705154418945512e-01
-5.126945877075195224e-01
1.031372427940368576e-02
2.057323074340820235e-01
-1.580461710691452104e-03
-5.828273773193359819e-01
-2.845558547973632835e-01
-2.019942855834960804e-01
nan
nan
nan
nan
-5.091720962524414196e-01
-2.995844268798827925e-01
-1.292461547851562420e+00
1.813533782958984264e-01
1.483491516113281117e-01
8.544601440429687722e-01
5.518296241760253795e-02
2.955676269531249956e-01
-5.816355895996093706e-01
5.939583778381347934e-02
-7.051499366760254073e-02
-5.241246700286865401e-02
-2.508238601684570357e-01
3.909410476684570535e-01
-6.614527893066406428e-01
-3.194473266601562389e-01
-5.232741355895995788e-02
2.713805007934570468e-01
-1.180484867095947243e-01
5.341323471069335804e-01
4.504909992218017467e-02
-3.575884819030761969e-02
-4.340825653076171853e-01
-4.335232925415039018e-01
-2.805246734619140647e-01
-4.198298645019531428e-01
-6.968581390380859109e-01
1.836944198608398415e-01
nan
nan
nan
nan
3.460612487792968928e-01
-7.968636322021483975e-01
-2.399357986450195435e-01
-3.421391677856445157e-01
8.307839393615722157e-02
-3.857155227661132613e-01
6.678558349609374778e-01
-2.218310165405273371e-01
3.531265258789062500e-01
-5.316263198852538840e-01
-2.380002784729003951e-01
3.719503879547118863e-02
1.986839294433593861e-01
-1.983473014831542980e-01
1.769882583618164196e-01
-3.132340049743652100e-01
-5.291387176513672186e-01
-2.401097679138183560e-01
4.295018386840820379e-01
-3.972451400756835671e-01
2.980332183837890447e-01
-7.062892436981201005e-02
2.418632698059081931e-01
2.846224975585937567e-01
-3.999230861663818221e-02
3.842903900146484308e-01
-9.673969149589537950e-03
8.068749237060547363e-01
nan
nan
nan
nan
-5.540725326538086248e-01
8.160016059875488392e-02
5.932604598999023926e-01
6.825119781494141113e-01
1.881075859069824066e-02
-2.009690475463867254e-01
1.488834190368652222e-01
2.449225425720214788e-01
4.186850738525390581e-01
7.684220314025878851e-02
5.792075347900390581e-01
-4.171195983886718528e-01
8.558059692382812278e-01
-6.208712005615234508e-01
6.960660934448242854e-02
3.517638683319091603e-02
-1.921741676330566417e-01
-1.117656707763671875e+00
-3.897660064697265891e-01
-3.297869110107422008e-01
-3.362530946731567133e-02
6.366960144042969061e-01
-2.474384117126464944e-01
-5.298786163330078125e-01
1.004347133636474543e-01
-3.456696319580078169e-01
4.338175964355468484e-01
4.851449203491211004e-01
nan
nan
nan
nan
1.287138652801513572e-01
-1.152069950103759705e-01
1.795504188537597745e-01
-2.807266235351562611e-01
-3.077216529846191206e-01
-7.069525909423828303e-01
-7.528392028808593706e-01
-5.533235168457031339e-01
-7.078995513916015447e-01
4.999984741210937722e-01
-5.432507991790771346e-02
-9.941628456115722545e-02
-2.501925659179687345e-01
-2.074431610107421997e-01
2.834947967529297119e-01
9.272500991821289174e-02
-6.764265441894531383e-01
-7.231955528259277621e-02
8.286867141723633368e-02
-1.478215599060058727e-01
1.022489643096923806e-01
3.160523414611816628e-01
7.113784027099608887e-01
2.480795979499816808e-03
1.476585578918457042e-01
-2.683970642089843484e-01
-5.825820159912109553e-01
7.268064975738525169e-02
nan
nan
nan
nan
7.199244689941406428e-01
-1.285302519798278871e-02
-3.553996658325195290e-01
-8.134819030761718528e-01
-2.495489311218261619e-01
-5.006212615966796342e-01
-2.364676666259765692e-01
4.895619964599609575e-01
-1.370070838928222623e-01
-1.151273441314697304e-01
-1.694469928741455106e-02
-7.291545867919921667e-03
-8.953720855712891113e-01
-3.223234176635741965e-01
-1.257083320617675692e-01
1.903292465209960871e-01
5.931032943725585982e-01
2.664894104003906472e-01
2.825392341613769398e-01
7.094647884368895929e-02
-6.545303344726562944e-01
-5.404952526092529630e-02
-6.499702453613281916e-02
1.749963951110839744e-01
-9.423863410949706587e-02
4.463551330566406516e-01
-2.777660560607910223e-01
-1.501642018556594927e-03
nan
nan
nan
nan
9.578089714050293246e-02
5.821360397338867232e-01
9.825364112854004239e-02
-5.482571792602538574e-01
4.867538452148437722e-01
-1.046407413482666054e-01
4.063592529296874978e-01
-2.320857620239257790e-01
6.953789520263672363e-01
3.872680664062500000e-01
2.136836051940917969e-01
-1.140250873565673839e-01
5.864487838745117143e-01
-5.010813903808594150e-01
-6.875086212158203480e-01
5.119626522064209262e-02
1.052815437316894503e-01
6.422128677368163507e-02
4.442898178100586071e-01
9.118856430053710882e-02
3.624963760375976562e-01
-3.976258850097656450e-01
2.797377967834472900e-01
4.852292537689208846e-02
8.686403274536132202e-02
-6.687653541564941850e-02
-4.987244415283202947e-01
-3.390414047241210871e-01
nan
nan
nan
nan
-4.097878646850585671e-01
-2.884031677246093883e-01
-4.474521255493164040e-01
9.991835021972655939e-01
-3.822347259521484131e-01
-6.069527053833008168e-01
-1.613567352294921764e-01
-3.364170074462890514e-01
9.254782676696776678e-02
3.764208984374999845e-01
1.928738594055175865e-02
1.415020942687988392e-01
1.728322982788085826e-01
7.418342590332031028e-01
-1.404545402526855558e-01
-2.361778259277343694e-01
3.462484359741210826e-01
-7.409056663513183261e-02
-1.610935020446777333e-01
2.968142890930176025e-01
5.809536361694336293e-01
-6.415301799774170144e-02
-7.199818420410156738e-01
-3.858897781372070401e-01
-4.372120666503906405e-01
3.212545394897460826e-01
-4.425499343872070224e-01
2.743118476867675848e-01
nan
nan
nan
nan
-4.285495758056640514e-01
5.496399307250976474e-01
-3.446289062499999778e-01
-1.839952468872070312e-01
4.760250854492187322e-01
-2.285881423950195390e-01
-7.700878906250000488e-01
-1.963880538940429576e-01
-3.103970909118652366e-01
2.761434936523437522e-01
5.518380355834960893e-01
2.868213272094726762e-01
4.900737380981445290e-01
-4.601416397094726385e-01
-4.127299499511718484e-01
-3.381248092651367165e-01
-7.008270263671875222e-01
-1.657339668273925815e-01
3.662145233154296964e-01
-1.137542963027954150e-02
-1.387113285064697221e-01
2.708414077758788951e-01
-6.690258789062499822e-01
-2.214238166809082142e-01
-6.159821319580077725e-01
-7.102254486083984242e-01
1.663601493835449308e-01
-1.258222484588623069e-01
nan
nan
nan
nan
-1.587708282470703114e-01
2.819383049011230380e-01
-5.289219665527343794e-01
6.576111602783203391e-01
2.555918455123901492e-02
7.517794036865234064e-01
3.482247924804687256e-01
-1.156217384338378840e-01
2.085360145568847523e-01
-1.400880718231201083e-01
-5.236386489868164462e-01
1.823243331909179810e-01
4.380324172973633079e-01
8.547007751464843484e-01
-8.673752784729003851e-02
6.741954803466797264e-02
3.992604827880859575e-01
-5.674812316894530806e-01
-4.540766906738281095e-01
-1.610837745666503784e-01
1.720286941528320346e-01
-6.652276611328125089e-01
2.023184394836425870e-01
5.979499435424804332e-01
6.167941665649414595e-01
4.446065902709960826e-01
-9.290885925292968750e-02
-5.685039520263671653e-01
nan
nan
nan
nan
2.029847335815429810e-01
-8.046927642822265803e-01
-1.900381088256835882e-01
4.379194259643554576e-01
-7.603973388671875222e-02
-1.685208702087402366e-01
-4.388776016235351740e-01
-7.096073627471924383e-02
-8.728768348693848045e-02
-3.739122009277343617e-01
-5.080780759453773976e-04
-4.815018081665038974e-01
-8.037815093994140625e-01
-6.785427856445312988e-01
-2.017851448059082009e-01
3.564033889770507613e-01
-7.339979553222656383e-01
5.601616668701171475e-01
-4.683229827880859286e-01
-1.668688964843750011e-01
-3.611163330078124845e-01
-4.156748199462890758e-01
-2.236023712158203003e-01
-2.189222335815429743e-01
-5.567689895629882590e-01
2.302635192871093639e-01
3.309287261962890470e-01
2.501541614532470578e-02
nan
nan
nan
nan
-2.111935043334960960e-01
-4.332633018493652066e-02
2.290478134155273515e-01
-4.370961761474609353e-01
-2.998002243041992254e-01
-5.379652786254882635e-01
-2.491561317443847789e-01
1.643554687500000111e-01
-1.662930488586425726e-01
6.211480712890624645e-01
-1.458491921424865702e-02
4.605723953247070068e-01
-3.468996047973632590e-01
-2.441203498840331942e-01
1.230540657043456970e-01
1.708313560485839877e-01
1.849196052551269620e-01
2.698118591308593661e-01
1.245098304748535195e-01
-3.054919624328613081e-01
9.222939491271972545e-02
-1.788862609863281217e-01
-4.691471481323242210e-01
-1.909633255004882790e-01
6.364002609252930043e-01
-4.721247863769530984e-01
nan
nan
nan
nan
nan
nan
7.588575363159179299e-02
5.208651065826416099e-02
1.707281303405761841e-01
2.408401489257812611e-01
6.381103515625000111e-02
1.870703125000000022e-01
2.151767349243164096e-01
2.344642257690429665e-01
-1.327171611785888661e-01
-5.401483535766601896e-02
-4.948596191406249845e-01
-5.885222434997558483e-02
1.427585983276367099e-01
1.361432647705078103e-01
6.593747711181641158e-01
1.081404399871826183e-01
-2.393627166748046875e-01
-5.669658184051513776e-03
4.905745315551757746e-01
5.072924804687499734e-01
6.523115539550781161e-01
-1.319734191894531283e-01
-7.320470333099365901e-02
1.951914215087890703e-01
-2.448287725448608509e-02
2.588325500488281028e-01
3.032132339477539018e-01
5.599700546264648748e-01
nan
nan
nan
nan
6.236754608154296831e-01
1.860251426696777344e-01
-2.286601638793945290e-01
7.091986846923827859e-01
-3.014142608642578214e-01
2.184643936157226463e-01
3.445420455932617365e-01
5.395575714111328081e-01
1.930938339233398415e-01
4.050347137451171808e-01
1.411148071289062556e-01
5.340660572052002147e-02
-2.056222534179687478e-01
3.973979949951171875e-01
3.478504943847656183e-01
3.226018905639648215e-01
2.475434112548828003e-01
-1.057536506652832081e-01
-5.443756484985351474e-01
-1.376123428344726562e-01
2.864169311523437345e-01
-2.993155670166015581e-01
nan
5.982178497314453169e-01
3.964443445205688421e-02
-9.269940376281737837e-02
-3.562836456298827947e-01
2.939307022094726496e-01
nan
nan
nan
nan
-5.020443439483642661e-02
7.637301635742187456e-01
-5.774993896484375000e-01
1.419019126892089866e-01
3.270405578613281294e-01
2.606364440917968706e-01
6.642529296875000488e-01
-1.930558776855468839e-01
-6.244656562805175892e-02
-7.616702079772949552e-02
-2.797503662109375178e-01
-5.086495399475097351e-02
7.194743156433106024e-02
-5.104595947265625488e-01
-1.718660736083984508e-01
-2.578146743774414329e-01
5.649817276000976829e-01
-2.715323257446289329e-01
-4.125788688659667858e-02
-2.779468154907226429e-01
-3.767451524734496959e-02
6.296452331542968794e-01
-1.499086260795593276e-02
8.427727699279785600e-02
1.216360282897949174e-01
3.725225830078124911e-01
-3.065674972534179754e-01
-4.399214172363281050e-01
nan
nan
nan
nan
-2.496583366394042880e-01
2.870095825195312367e-01
4.010535430908203081e-01
4.105798721313476674e-01
7.691513538360596203e-02
2.521458053588866988e-01
-1.368605995178222567e-01
1.315841555595397873e-02
-3.792475509643554732e-01
1.077667236328125056e-01
-5.392771911621093706e-01
3.267032623291015736e-01
2.112047386169433605e-01
-5.404741668701171786e-01
1.967364883422851596e-01
3.309958648681640692e-01
-3.907455062866210804e-01
1.198929548263549805e-02
nan
6.886546325683593484e-01
-3.555235290527343772e-01
-5.319104766845703658e-01
-2.568154907226562478e-01
5.494213104248046875e-01
6.047667312622070357e-01
-2.006145477294921931e-01
-1.332716655731201183e-01
4.845856094360351807e-01
nan
nan
nan
nan
5.928150939941406738e-01
4.273895740509033037e-02
-7.189268493652343217e-01
-5.412528991699219194e-01
1.729955101013183616e-01
-3.540010070800781450e-01
-2.775363206863403279e-02
5.846609592437743835e-02
2.964141607284545912e-02
2.099261093139648537e-01
-1.058833241462707464e-02
6.822000122070313033e-01
-1.565521144866943437e-01
3.580763578414916659e-02
1.985317611694336071e-01
3.589651584625244002e-02
2.817051887512206920e-01
-1.555528640747070312e-01
-3.222826385498047119e-01
4.978183746337890847e-01
-4.340117645263671942e-01
-2.340360069274902421e-01
-8.650305747985839733e-02
-3.623198699951171720e-01
-4.396229553222656405e-01
2.469707578420638882e-03
3.793997192382812522e-01
-4.202950286865234641e-01
nan
nan
