nan
nan
-2.148121595382690430e-02
-2.575864982604980646e-01
1.582659244537353571e-01
-4.252559280395507568e-01
-3.388720750808715820e-02
-3.627398300170898704e-01
8.664641380310058455e-03
-1.273786640167236250e-01
6.269834995269775446e-02
2.166241836547851685e-01
-5.655517578125000139e-02
-2.036152458190917947e-01
-4.947690200805663907e-01
8.768275451660155762e-01
3.105000305175781294e-01
7.618659973144531472e-01
6.755203247070312722e-01
-3.006755256652832164e-01
4.103155517578124800e-01
3.113743782043457142e-02
-3.897186660766601696e-01
-1.681922340393066373e-01
-2.597619438171386852e-01
2.805708646774291923e-02
4.021589660644531161e-01
4.954766082763671919e-01
-3.927326583862304488e-01
-1.767751502990722590e-01
nan
nan
nan
nan
4.023813629150390647e-01
1.279058933258056703e-02
1.803065109252929565e-01
8.074618530273437456e-01
-2.017312240600585838e-01
-9.005424380302429893e-03
2.675410270690917747e-01
6.045385742187500133e-01
-3.757442474365234597e-01
-7.324647521972655895e-01
3.500033569335937456e-01
-1.448150444030761597e-01
4.526300430297851562e-01
-2.704077243804931668e-02
2.824103546142577859e-01
-2.623195648193359375e-01
-1.881565475463867210e-01
2.956010627746581965e-01
1.131726646423339838e-01
6.471249580383300892e-02
-1.000006389617919961e-01
6.625565052032471314e-02
1.002920818328857377e-01
-1.002169895172119185e-01
1.046197280883789160e+00
-2.393522262573242326e-02
2.525131797790527433e-01
-3.157909011840820401e-01
nan
nan
nan
nan
-3.722283554077148171e-01
-7.466794848442077567e-03
6.855149841308594283e-01
3.754552459716796742e-01
8.671181678771971990e-02
7.028308868408202903e-01
-4.605853557586669922e-02
1.049852657318115223e-01
3.492314910888671964e-01
4.340254211425781383e-01
-2.267918109893798939e-02
-2.287628555297851474e-01
-1.649312782287597756e-01
6.187155532836914329e-01
7.588644409179687855e-01
2.662422370910644265e-01
-1.234246158599853482e-01
-1.611884117126464733e-01
-5.352463150024413530e-01
7.857875347137451005e-02
4.801636219024658231e-02
1.931295013427734297e-01
-3.913063430786132835e-01
-3.888045120239257968e-01
1.991615104675293069e-01
-2.534819793701171831e-01
6.059514236450195268e-01
1.551287770271301235e-02
nan
nan
nan
nan
2.756725120544433749e-01
-2.176912307739257701e-01
-1.745925712585449097e-01
-5.615606784820556530e-02
-7.468273162841797264e-02
1.397843456268310636e-01
-6.929187011718750400e-01
7.238614654541015714e-01
2.302168846130371038e-01
-8.498039245605468750e-01
-5.701048660278320579e-01
2.178526496887207009e-01
6.819020271301269587e-02
2.714658546447754062e-01
3.064349174499511608e-01
-4.201035690307617365e-01
3.364222335815429954e-01
-1.538198375701904375e-01
-3.771259069442749190e-02
5.816967010498046431e-01
1.997412300109863148e-01
3.744273757934570290e-01
-5.915108323097229177e-03
-6.745722961425780762e-01
-4.376374053955078280e-01
-2.935957336425781272e-01
1.073156929016113315e-01
-1.011732196807861306e-01
nan
nan
nan
nan
6.576204681396484730e-01
2.675016212463379173e-01
5.621361160278319780e-01
-2.734535980224609419e-01
-4.026484966278075922e-02
-2.412504005432128951e-01
-4.849682331085205383e-02
-8.497226715087891069e-01
-1.055471611022949230e-01
-9.000968933105468750e-01
-3.642717742919922008e-01
6.802491760253905895e-01
-4.821018981933593572e-01
7.420746803283691240e-02
1.653156471252441306e-01
1.037861728668212913e-01
-3.350160598754882701e-01
-2.854684638977050826e-01
-2.203619766235351551e-01
1.561778306961059647e-02
-5.751968002319336470e-01
-1.708067512512206898e-01
1.515593147277831954e-01
4.800179958343506192e-02
-4.342230224609375244e-01
-6.901403808593750133e-01
5.572507095336913796e-01
6.156965255737304465e-01
nan
nan
nan
nan
-4.062114238739013977e-02
1.649556756019592355e-02
-1.563872528076171997e-01
3.141285896301269642e-01
1.439729785919189320e-01
-7.058186084032058369e-04
1.883832168579101518e-01
9.050716400146484319e-02
1.160939407348632879e-01
2.806227684020995983e-01
-6.851247310638428067e-02
2.670788574218749822e-01
-4.295351028442382507e-02
-2.504733848571777388e-01
5.335404205322266113e-01
-9.077220916748046653e-02
-1.144887924194335910e-01
-4.780307769775390403e-01
3.894085693359374822e-01
1.471784210205078214e-01
-1.559021568298339933e-01
3.099763488769531339e-01
6.287903976440429865e-01
2.565417098999023260e-01
-1.803967666625976574e-01
-8.291332244873046708e-02
-8.521203041076659546e-02
5.469656753540038663e-01
nan
nan
nan
nan
-9.215002059936523715e-02
-3.916059494018554465e-01
1.644039726257324197e-01
6.730416107177734641e-01
9.817839622497558094e-02
3.758736419677734530e-01
2.778524017333984242e-01
-1.398397445678710993e-01
-1.577907466888427701e-01
5.683506774902343794e-01
-5.264940261840820312e-01
4.272906494140624734e-01
1.931492805480957142e-01
2.385065078735351674e-01
-3.241685104370117254e-01
-3.944245147705078280e-01
5.181980895996093350e-01
-8.050972747802734863e-01
-7.401853561401366965e-02
1.351503276824951305e-01
-1.610415220260620270e-02
1.157134628295898443e-01
-1.279466986656188979e-02
1.613051605224609386e-01
5.307422637939453181e-02
-2.206388950347900474e-02
-6.499779224395751953e-02
-5.800761795043944957e-01
nan
nan
nan
nan
-8.592493057250977229e-02
-8.184651947021484020e-01
-5.139125061035155762e-01
6.628426361083984419e-01
-5.928939342498779075e-02
-4.663443565368652344e-02
-3.380630874633789307e-01
5.669562911987304776e-01
8.162744140625000089e-01
7.282087206840514790e-03
-1.043369140625000080e+00
1.793863677978515536e-01
3.494688034057616965e-01
8.605858612060547363e-01
-1.197576761245727588e-02
1.061857795715332037e-01
-4.036725997924804910e-01
2.250348472595214977e-01
1.783704376220703047e-01
6.746834564208984419e-01
-7.695874691009521595e-02
2.813883018493652521e-01
2.299738883972168024e-01
-2.782989120483398415e-01
-2.537326049804687345e-01
1.398202705383300715e-01
-4.537714767456054732e-01
-9.150368690490723322e-02
nan
nan
nan
nan
-3.291629791259765847e-01
-9.467644691467284879e-02
1.604982566833496049e-01
3.669589996337890847e-01
-4.523006439208984153e-01
9.460134124755859020e-01
-3.019940757751464755e-01
-8.095996856689452459e-02
-1.685196876525878878e-02
2.615746974945068470e-02
1.955698204040527410e-01
-7.703640460968017023e-02
2.673380661010742454e-01
-3.961935043334961076e-02
1.602832984924316417e-01
6.111561203002929821e-01
-2.716095161437988015e-01
-8.205496788024901900e-02
3.520594024658202925e-01
-1.401694297790527233e-01
-1.460638523101806703e-02
-3.819282531738281139e-01
4.992319107055663840e-01
3.399556350708007879e-01
-4.269892120361328258e-01
-1.742707824707031283e-01
-5.555010318756103266e-02
1.442018222808837957e-01
nan
nan
nan
nan
-6.785829925537109064e-01
5.712762069702148615e-01
2.361785507202148471e-01
1.007773742675781348e+00
-4.093635559082031139e-01
6.686437606811523882e-02
-3.076420593261718905e-01
-9.444271087646484431e-02
-1.437145805358886752e-01
-2.553780555725097545e-01
-1.451044178009033292e-01
-7.554702758789062500e-01
-5.040828323364258123e-01
2.694538688659667836e-01
1.804445838928222523e-01
7.336456298828124556e-01
3.966625452041625671e-02
-3.356919097900390447e-01
1.991572952270507790e-01
2.725586652755737291e-02
2.790591716766357283e-02
-4.530960559844970925e-02
4.956252670288086026e-01
8.796620368957518837e-03
-8.979567718505859775e-01
-7.145332336425781472e-01
4.577833175659179465e-01
2.629804801940918146e-01
nan
nan
nan
nan
5.550922393798828347e-01
3.893048858642578214e-01
-1.984290885925293069e-01
1.381784915924072210e-01
3.155374908447265425e-01
4.231475830078125222e-01
-7.074205780029296786e-01
3.677635574340820113e-01
5.324656295776367676e-01
-2.519947242736816362e-01
2.770987129211425759e-01
6.820159149169922053e-01
-4.955673217773437500e-02
2.006075477600097745e-01
1.735919189453125067e-01
4.078927993774414396e-02
6.879891395568847601e-02
3.291017532348632924e-01
-3.692920684814453014e-01
1.479540348052978405e-01
6.374381542205810602e-02
-2.023235130310058472e-01
3.431469345092773571e-01
-5.333359909057616699e-01
3.222993087768554754e-01
-1.808532524108886763e-01
7.706314086914062278e-02
5.867916107177734153e-02
nan
nan
nan
nan
-2.276308059692382924e-01
-2.689473915100097923e-01
2.555392456054687567e-01
2.375668525695800726e-01
-9.261740684509277288e-02
3.347245025634765780e-01
-2.603729629516601807e-01
3.849373340606689758e-02
2.270536804199218828e-01
1.462175655364990334e-01
1.418415355682373091e-01
1.040242385864257879e-01
-4.096631240844726407e-01
7.913460731506347101e-02
-1.132882785797119096e-01
1.224171161651611273e-01
-4.411664581298828103e-01
-4.666566848754882812e-01
3.132981681823730491e-01
7.440888881683349609e-02
3.063702011108398460e-01
5.543325424194336382e-01
1.108140850067138722e-01
4.737689971923828014e-01
4.193748855590820335e-01
-1.515568733215331976e-01
-5.465164947509765225e-01
-1.605212974548339833e-01
nan
nan
nan
nan
3.516838836669922141e-01
-3.758748626708984242e-01
1.086435794830322293e-01
5.104557418823242321e-01
-3.694495010375976607e-01
5.371633529663085715e-01
-2.536027717590332298e-01
1.084771499633789160e+00
-4.704066085815429843e-01
-2.738678550720214933e-01
2.952097511291503773e-01
5.396450519561767772e-02
4.961253356933593706e-01
-1.035823440551757901e+00
7.456228256225586049e-02
3.074654769897460782e-01
-3.221314620971679754e-01
-2.081095695495605372e-02
1.679446220397949330e-01
-2.630552101135253951e-01
5.445943069458007990e-01
1.906481862068176367e-02
-2.512780189514159934e-01
-2.534472084045409912e-01
-1.060615181922912667e-02
4.744119644165039062e-01
-2.935607719421386985e-01
-7.320497894287109064e-01
nan
nan
nan
nan
-3.403994750976562234e-01
-4.058523559570312300e-01
-4.191952514648437655e-01
-3.606116485595702859e-01
3.339535522460937433e-01
4.233687400817871122e-02
-2.275700378417968850e-01
4.114195632934570246e-01
2.175920724868774317e-02
5.588366699218749734e-01
1.676724433898925670e-01
-5.041348457336426031e-02
-1.288802719116211026e-01
4.646082305908202925e-01
1.196150207519531272e-01
6.893259429931640758e-01
4.400185775756835782e-01
-3.176828956604003662e-01
-1.476165103912353560e-01
-7.784788513183593661e-01
-5.759697723388671475e-01
4.933133125305175920e-02
-3.033480644226074219e-01
-4.793412399291991921e-01
-6.619230508804320977e-03
-1.291812515258788929e-01
8.080282592773437855e-01
3.064298391342163211e-02
nan
nan
nan
nan
5.100574111938476207e-01
1.442781352996826139e-01
-1.145927906036376953e-01
-3.806035232543945046e-01
-6.832688301801681042e-04
1.616740798950195290e-01
-4.210173034667968883e-01
1.443595409393310519e-02
3.164004325866699441e-01
2.096763992309570446e-01
2.852463150024414085e-01
-2.584267807006835893e-01
-5.351233673095703303e-01
-4.010873317718505887e-02
-2.384997940063476596e-01
-2.366721343994140636e-01
8.052533149719237615e-02
6.725042462348938301e-03
8.375138282775879128e-02
9.409913063049316073e-02
-5.184606552124023660e-01
3.777398300170898282e-01
-2.613791656494140470e-01
-4.899082565307616988e-01
-6.764973640441894476e-02
-4.658522796630859553e-01
-2.208271503448486217e-02
3.411147308349609109e-01
nan
nan
nan
nan
-9.613371849060058094e-02
-1.656875610351562500e-01
4.349906921386718639e-01
-1.710346412658691473e-01
-2.832128715515136452e-01
-1.423970127105712857e-01
-7.945775604248046520e-01
-1.171209049224853499e-01
-1.778292655944824219e-01
-2.801414299011230624e-01
-5.572755336761474332e-02
3.233717679977417270e-02
1.982653999328613248e-01
-2.131592178344726696e-01
-1.128066730499267534e-01
-4.895650100708007768e-01
-5.402600765228271484e-02
1.032823562622070257e-01
-1.055078411102294972e-01
3.550486564636230399e-03
1.847603988647461004e-01
-3.187639236450195285e-02
-1.546840572357177646e-01
3.766373443603515669e-01
5.169125747680664018e-01
6.769217967987060935e-02
-1.092396392822265527e+00
1.073566055297851540e-01
nan
nan
nan
nan
1.028002548217773482e-01
4.590452575683593994e-01
3.074468231201171742e-01
-1.241946697235107450e-01
1.551096439361572266e-01
-3.750299072265624867e-01
-4.480051517486572515e-02
2.118586540222167913e-01
3.396859741210937478e-01
-5.216184997558593883e-01
2.796705245971679854e-02
4.894292068481445046e-01
-4.038261795043945335e-01
-2.800483322143554887e-01
6.423279571533203613e-01
-6.097877502441406000e-02
-1.421445083618164129e-01
-3.839699172973632946e-01
-1.468909072875976551e-01
3.130259513854980469e-01
5.482624530792236384e-02
1.943924331665038974e-01
-2.289764022827148471e-01
-2.115164995193481376e-02
-1.385212135314941306e-01
-3.864049530029297075e-01
3.242695236206054599e-01
7.280799865722655806e-01
nan
nan
nan
nan
-5.060327911376952814e-01
-4.855772018432616965e-01
4.538333415985107422e-02
2.021075057983398315e-01
-3.915053558349609331e-01
2.254009056091308694e-01
-1.670876121520996072e-01
4.314406967163085804e-01
3.224359893798828258e-01
2.531735801696777255e-01
4.049104309082031117e-01
1.456594753265380848e-01
2.826183700561523682e-01
-1.669266128540038974e-01
8.119134902954101840e-02
-3.406352615356445512e-01
-7.260701751708984464e-01
-6.115933990478515936e-01
-5.793557739257813033e-01
3.627202987670898326e-01
2.276782035827636663e-01
-4.012231063842773282e-01
-3.366214752197265736e-01
3.548343658447265514e-01
-2.480804634094238292e-01
-9.734642028808593306e-02
1.494333148002624512e-02
-8.308978271484375178e-01
nan
nan
nan
nan
-3.294847106933593839e-01
-1.284013843536376820e-01
-6.170047521591186593e-03
6.410889434814452947e-01
-5.070859146118164018e-01
6.202087020874023082e-01
-4.248173904418945379e-01
5.093550682067871094e-02
-1.186457157135009793e-01
-2.293886375427246216e-01
-2.488005399703979367e-02
-2.860234069824219016e-01
1.373547554016113226e-01
6.648050689697265758e-01
5.833933258056640536e-01
-2.467844724655151450e-02
-4.614941787719726296e-01
8.007400512695311834e-02
4.398436069488525363e-02
6.240724945068358842e-01
1.300036430358886830e-01
3.987127304077148215e-01
-2.230076217651367210e-01
-2.396489334106445268e-01
1.372195816040039096e-01
1.783857727050781328e-01
nan
nan
nan
nan
nan
nan
-2.149754714965820268e-01
-1.438120841979980413e-01
1.827922630310058472e-01
-4.376132488250732144e-02
-7.361661911010741743e-02
-2.410888671875000000e-02
-1.748355865478515569e-01
1.898847770690917924e-01
7.453982830047607699e-02
-2.018421173095703014e-01
-4.354414367675781272e-01
2.780976486206054865e-01
-3.027022171020508079e-01
-3.526917266845703280e-01
3.815341567993164040e-01
-1.383235359191894442e-01
-1.670392990112304632e-01
-4.665015411376953192e-01
2.400346183776855546e-01
2.265906906127929665e-01
-3.103218269348144709e-01
-3.519636392593383789e-02
6.997713565826416127e-02
7.423155212402343661e-01
-4.252614974975585938e-01
-1.048231601715087918e-01
4.718771934509277677e-02
-5.179485321044922097e-01
nan
nan
nan
nan
-7.019946289062499734e-01
-1.881249427795410045e-01
-7.627609729766846036e-02
2.790848541259765558e-01
-2.139006423950195190e-01
6.765138244628906561e-01
1.950571632385253995e-01
-4.842913436889648704e-01
-2.092064666748046919e-01
-6.591455340385437255e-03
-6.501092529296874645e-01
2.505547714233398171e-01
-3.125452756881713645e-02
8.479676818847656783e-01
1.656624913215637082e-02
-5.441207122802734775e-01
-3.388610184192657453e-03
1.296235752105713013e-01
8.644332885742187500e-01
-2.977176666259765542e-02
-4.570354461669921819e-02
-2.794789695739746116e-01
nan
-1.750847434997558627e-01
4.002013397216797053e-01
5.018559646606445268e-01
-7.851699829101561889e-02
3.115994834899902255e-01
nan
nan
nan
nan
1.139634246826171982e+00
-1.214261531829834012e-01
-2.226986885070800920e-02
2.983436012268066428e-01
-1.439146614074706954e-01
-2.345536947250366142e-02
-1.239801597595214799e-01
-3.034062767028808394e-01
-4.776454865932464912e-03
7.558537960052490179e-02
1.283768081665039029e-01
1.010106945037841791e-01
6.489344120025634932e-02
-1.484282493591308483e-01
-1.492629051208496094e-01
2.811826515197753951e-01
1.853484916687011819e-01
-2.196255207061767467e-02
-1.124248695373535195e-01
2.695039558410644576e-01
2.100099945068359397e-01
-3.445294952392577992e-01
2.921691513061523415e-01
-3.916494369506836049e-01
1.817559623718261741e-01
-6.317824554443359775e-01
5.841873550415038752e-01
2.902022361755370872e-01
nan
nan
nan
nan
2.523642778396606445e-02
4.867439651489257613e-01
3.730717849731445268e-01
6.418251037597656472e-01
3.139394760131836160e-01
-8.109078407287598211e-02
4.079627513885498297e-02
4.568025112152099276e-02
-1.261085414886474743e-01
-6.074459075927734347e-02
-1.478497791290283303e-01
1.197115898132324191e-01
2.800803565979003706e-01
-1.354803752899169933e-01
3.427829360961914262e-01
4.180330276489258035e-01
1.779205703735351474e-01
1.117841567993164142e+00
nan
-7.426221847534179854e-02
9.113402366638183316e-02
4.350423812866210938e-02
2.375566291809081965e-01
-3.417762756347656472e-01
-8.985706329345703736e-02
8.483282089233398771e-02
2.958284187316894687e-01
-1.908483952283859288e-03
nan
nan
nan
nan
-3.037758827209472434e-01
-1.320718574523925826e-01
-1.129906177520751953e-01
-2.404901504516601674e-02
4.473382472991943581e-02
-3.611346054077148593e-01
-6.921297454833984508e-01
-1.599489498138427779e-01
2.176303291320800803e-01
6.594566822052001787e-02
-1.508514118194580200e-01
7.242927074432373158e-02
6.918070220947265536e-01
2.793167495727539307e-01
2.080699539184570346e-01
3.827829742431640425e-01
-4.028601837158203303e-01
2.644254684448242229e-02
4.699483394622802623e-02
-6.194411087036132413e-01
-5.348250198364258301e-01
-2.716617774963379084e-01
-4.653849029541015647e-01
-1.952251625061035278e-01
2.147484016418456931e-01
3.918716049194335693e-01
3.957513427734374867e-01
5.510235595703124600e-01
nan
nan
