nan
nan
-1.039565849304199263e-01
-2.828559684753417791e-01
8.000448226928710826e-02
1.078664684295654319e-01
-3.982007217407226296e-01
3.574890899658202947e-01
7.642894744873046653e-01
-3.663007354736327881e-01
-5.768982315063476696e-01
-2.532765007019042725e-01
-5.246173095703124956e-01
2.106839942932128840e-01
-1.423085594177246060e-01
9.393132019042969016e-01
1.414026355743408236e-01
6.010747432708739985e-02
-3.154821586608886896e-01
-5.932621383666991655e-01
6.504926681518555243e-02
6.072928905487060686e-02
-2.878604698181152499e-01
3.778077316284179643e-01
6.162438392639160017e-02
6.439782619476318304e-02
2.674797248840332098e-01
-2.090312385559082164e-01
-5.024954223632812633e-01
1.275555801391601574e-01
nan
nan
nan
nan
-8.224509429931640137e-01
-6.829758882522582800e-03
3.891962814331054732e-01
3.878720402717590176e-03
-2.226227569580078169e-01
-4.554741668701172141e-01
-3.028331947326660112e-01
4.593619155883789107e-01
-1.392820549011230535e-01
5.905768203735352051e-01
-2.037218475341796842e-01
2.159180259704589766e-01
-1.427777576446533081e-01
-1.751537322998046875e-01
-1.203052330017089777e-01
2.393954992294311523e-02
2.828525543212890847e-01
-2.965295028686523171e-01
-5.796653747558593722e-02
3.264504241943359530e-01
-1.081090927124023493e-01
2.462684631347656361e-01
6.673248291015625444e-01
-1.043262767791748036e-01
2.512206077575683816e-01
-4.748771667480468639e-01
4.075796508789062411e-01
-1.724358367919921753e-01
nan
nan
nan
nan
-5.480495071411133345e-01
-8.651663780212402732e-02
1.494164123535156152e+00
2.473859214782714866e-01
7.494469451904296475e-01
3.076322555541992076e-01
3.612915277481078963e-02
-2.599214553833008035e-01
-1.148371219635009738e-01
3.230886840820312300e-01
7.054744720458984153e-01
2.963406372070312433e-01
1.424141883850097712e-01
-9.883708953857421597e-02
-2.333874130249023460e-01
-5.841093444824219105e-01
9.441326904296875044e-01
5.100941848754882990e-01
-1.015763778686523455e+00
-8.623026275634765314e-01
3.582720184326171897e-01
7.224133491516113170e-02
7.320784091949462946e-02
5.631801986694335849e-01
1.574340534210205145e-01
-6.550526428222656072e-01
-2.595861434936523326e-01
-3.630759811401367276e-01
nan
nan
nan
nan
-1.091880226135253928e-01
-1.077439022064208968e-01
-5.888629436492919672e-02
-5.762458038330078303e-01
3.568017196655273171e-01
-3.051427841186523660e-01
1.410736560821533314e-01
-3.243757629394531383e-01
-1.674490737915038940e-01
8.143352508544922375e-02
-2.031513214111328181e-01
-2.118753623962402466e-01
2.806044769287109331e-01
-7.396964263916016025e-01
2.003680038452148315e-01
-5.160423278808593528e-01
-2.314568328857421753e-01
-5.284484863281249667e-02
2.231245803833007690e-01
-3.396346664428711026e-01
-2.400511980056762792e-02
2.265267181396484475e-01
3.204519271850586049e-01
-4.567704391479492365e-01
-1.996763801574706898e-01
1.661153793334960993e-01
3.116309165954589955e-01
-2.474939537048339855e-01
nan
nan
nan
nan
2.793963909149169839e-02
-5.227576828002929998e-01
-8.270771026611327681e-01
-4.067956924438476674e-01
-1.246152496337890603e-01
-1.919389152526855546e-01
3.520653533935547141e-01
-1.285338687896728505e-01
-2.357974529266357311e-02
-1.717351198196410966e-02
-2.408707380294799680e-02
4.888240814208984486e-01
-6.756326675415039174e-02
-1.335800266265869118e-01
-3.318626403808593861e-01
5.043303298950195801e-01
-1.758224368095397810e-02
5.261967086791992099e-01
-2.356262588500976640e-01
2.932972908020019531e-01
1.091095638275146468e-01
-5.374815464019775529e-02
6.694754028320312189e-01
4.873204040527343572e-01
4.770606231689453192e-01
-6.100658798217772905e-01
-2.048463821411132812e-01
-1.591529273986816428e-01
nan
nan
nan
nan
-1.240987682342529347e-01
9.426082611083984319e-02
9.018705368041991799e-02
4.144636917114257746e-01
1.977901268005371194e-01
-3.420154953002929599e-01
-2.330155754089355546e-01
7.057161712646484730e-01
4.404586791992187722e-01
2.690959739685058749e-01
-1.271093368530273326e-01
4.834873580932617099e-01
3.656402969360351696e-01
2.141587066650390558e-01
-6.302081346511841098e-03
5.202160644531249600e-01
-5.822480010986328391e-01
-5.691896057128906783e-01
1.038197898864746116e-01
-1.809928512573242276e-01
5.169346618652344016e-01
-6.838043212890625167e-02
2.387545967102050748e-01
1.988913917541503817e-01
5.254186248779296742e-01
3.501736450195312433e-01
1.641094512939453187e+00
1.808433532714843750e-01
nan
nan
nan
nan
6.538497161865234331e-01
3.529716873168945446e-01
3.255126190185546609e-01
4.046530914306640803e-01
-4.055966186523437544e-01
-2.267542839050293024e-01
2.001343727111816462e-01
4.853134918212890780e-01
3.231269836425781222e-02
9.040283203125000500e-02
-1.370642089843749911e-01
1.760338211059570279e-01
3.261909866333007613e-01
1.747782897949218817e-01
-1.738690567016601685e-01
8.908864021301270142e-02
2.400149822235107464e-02
4.763083457946777621e-02
5.009261703491211248e-01
7.231951141357422230e-01
-2.214276695251464755e-01
2.124552345275878829e-01
-1.512456130981445213e-01
-4.884181976318359431e-02
-4.373027038574218706e-01
-2.068857574462890647e-01
6.032046890258788707e-01
8.401835632324218262e-01
nan
nan
nan
nan
2.400703048706054610e-01
4.863534927368163840e-01
7.304545593261718706e-01
-1.449550151824951227e-01
-1.515591621398925705e-02
-4.933746814727783120e-02
-4.820383548736572460e-02
3.642567062377929932e-01
5.672891998291015314e-01
3.859407424926757924e-01
2.828129768371582253e-01
1.291368961334228571e-01
4.630574798583984575e-01
-5.498579502105713224e-02
1.780170059204101429e-01
2.241779518127441362e-01
2.466517257690429565e-01
2.872296905517577881e-01
-9.612759590148925448e-02
-2.660468816757202010e-02
3.007657241821288796e-01
-1.511454224586486830e-02
3.096918678283691606e-01
3.591467285156250133e-01
3.197844886779785400e-01
-3.522680282592773326e-01
2.084406471252441273e-01
6.571674346923828125e-02
nan
nan
nan
nan
4.553207778930664085e-01
1.442020416259765514e-01
6.646528625488281605e-01
2.619247627258300959e-01
2.418189048767089844e-01
2.905671882629394798e-01
-2.816020250320434501e-02
3.321107482910156117e-01
3.794510269165038974e-01
-4.918714904785156383e-01
7.649363708496094150e-01
-1.563701438903808694e-01
2.439133453369140558e-01
-2.295531463623046997e-01
-5.797666549682617410e-01
8.870520782470703303e-01
7.179992198944092074e-02
-1.293927669525146429e-01
5.797074362635612444e-04
1.572050601243972761e-03
-1.120989894866943337e-01
6.050891399383544894e-02
2.779059791564941206e-01
7.125711059570312145e-01
1.295105266571044966e-01
1.139868545532226607e-01
3.470767974853515847e-01
-4.009350585937500044e-01
nan
nan
nan
nan
5.486466217041016113e-01
2.307227706909179554e-01
-1.904614639282226629e-01
2.283974647521972573e-02
5.971123886108398171e-01
2.749415016174316384e-01
4.577984619140624822e-01
3.114031219482422119e-01
3.343625068664550504e-02
-1.612615203857421797e-01
7.127902984619141069e-01
-4.963428497314453236e-01
1.538893032073974654e-01
-5.417160511016845537e-02
9.530271530151367132e-02
-1.576255226135253873e-01
1.739845848083496072e-01
3.710037612915039196e-01
7.539612579345703613e-01
5.848897171020507324e-01
3.126073837280273215e-01
-2.229968643188476596e-01
4.782117843627929910e-01
-2.363013648986816428e-01
3.312276458740234242e-01
6.898064136505127619e-02
-1.118286323547363348e-01
3.746209335327148615e-01
nan
nan
nan
nan
-4.257224273681640692e-01
2.645851373672485161e-03
-8.234198570251465010e-02
3.052451705932617276e-01
6.905950164794921742e-01
-2.652324104309082275e-01
2.451481246948242210e-01
3.980013275146484508e-01
5.164360809326171697e-01
3.734513473510742143e-01
2.060541915893554787e-01
2.832886886596679421e-01
2.230325126647949296e-01
1.888964271545410245e-01
2.269808959960937511e-01
5.862339401245116877e-01
2.704176902770996094e-01
1.177896976470947238e-01
-2.663728332519531006e-01
7.867491912841796387e-01
6.410189819335937456e-01
3.496287536621093817e-01
5.984728240966796786e-01
2.649605941772461004e-01
2.128623962402343694e-01
4.506383514404296853e-01
7.992138671874999822e-01
6.661144256591796653e-01
nan
nan
nan
nan
3.423050308227539307e-01
-1.361226654052734297e-01
-3.239122772216797008e-01
-1.516699600219726662e-01
4.241823959350585760e-01
8.989214897155761719e-02
1.351084232330322377e-01
4.691753768920898238e-01
4.482027816772460871e-01
5.203412246704101074e-01
2.723707389831542813e-01
5.361455917358398660e-01
8.188184499740600725e-03
8.077573394775390270e-01
2.403720092773437567e-01
7.444158172607422408e-01
4.825924682617187544e-01
3.383135223388671897e-01
2.199691390991210804e-01
6.926505279541015359e-01
9.751667976379393976e-02
-6.869421958923339899e-02
6.338008499145507679e-01
4.493807601928710982e-01
2.431324005126953014e-01
1.117818145751953152e+00
1.401466846466064564e-01
1.308377170562744218e-01
nan
nan
nan
nan
1.172317314147949263e-01
6.602620697021484020e-01
1.239280891418457070e-01
1.862888526916503806e-01
3.351131439208984153e-01
7.765759277343750044e-01
1.338088798522949208e-01
8.097719573974608842e-01
4.793890380859375244e-01
3.184145927429199441e-01
6.944036102294921520e-01
1.061754226684570312e-01
5.533562660217285212e-02
6.569540405273437411e-01
-3.903160095214843750e-01
4.086146163940429510e-01
4.732872390747070446e-01
5.371514892578125311e-01
-1.157105827331542935e-01
2.019056510925293091e-01
2.438017845153808705e-01
4.381343078613281206e-01
4.777124786376953369e-01
1.362956428527831998e-01
4.287380218505859597e-01
8.003050231933593883e-01
8.090336608886719016e-01
2.961116027832031428e-01
nan
nan
nan
nan
-1.180062580108642567e-01
2.383131217956543091e-01
3.655795288085937345e-01
1.091974067687988270e-01
3.656614303588867076e-01
4.836546707153320246e-01
3.794939041137695424e-01
8.906619262695312234e-01
4.531991577148437589e-01
5.846807861328124911e-01
4.233776855468749933e-01
2.995024299621582009e-01
3.313956069946288885e-01
2.339611244201660056e-01
3.243036651611327925e-01
4.867766189575195579e-01
-1.218950843811035106e-01
7.964721679687499778e-01
1.869934463500976529e-01
3.327889633178711115e-01
5.053355789184570401e-01
3.623752593994140625e-01
3.082284164428710782e-01
2.234009170532226529e-01
6.417142486572265936e-01
8.077135467529297230e-01
5.038218688964843928e-01
1.029374694824218839e+00
nan
nan
nan
nan
3.352513504028320490e-01
2.095954704284667958e-01
4.662166213989257790e-01
5.235411834716796609e-01
6.258214187622069824e-01
1.731002998352050848e-01
9.735597229003906117e-01
4.080821609497070068e-01
6.011021423339844016e-01
4.515526962280273504e-01
4.453178405761718528e-01
6.519546508789062500e-01
6.269462966918945002e-01
2.540947341918945446e-01
6.320074081420898882e-01
6.388689041137695090e-01
6.193753051757812100e-01
-2.343457412719726629e-01
7.510488128662109464e-01
3.735278320312500067e-01
4.101724624633789062e-01
7.405831146240234863e-01
4.531512451171875178e-01
5.431507873535156294e-01
3.678063964843750200e-01
6.822750091552733931e-01
3.307514572143554488e-01
-6.519980907440185713e-02
nan
nan
nan
nan
3.746438980102538840e-01
2.096960639953613370e-01
-1.357532215118408270e-01
5.507853698730468262e-01
2.978153800964355447e-01
3.262182617187500133e-01
2.221468544006347523e-01
3.914375686645507613e-01
1.324752426147460804e-01
2.580877113342285312e-01
2.510039138793945246e-01
-3.013440704345702881e-01
4.109106445312499800e-01
1.606725502014160201e-01
2.795332145690918035e-01
5.008715438842773482e-01
1.984061431884765747e-01
3.113069915771484175e-01
1.756500053405761763e-01
1.756941032409667924e-01
2.307844543457031328e-01
-3.995875597000122376e-02
1.944554519653320379e-01
3.983875656127929821e-01
4.158028411865234419e-01
6.772196960449218262e-01
1.443947982788086060e-01
4.555007171630859331e-01
nan
nan
nan
nan
2.166830444335937633e-01
3.093102073669433683e-01
1.095219421386718767e-01
6.928398895263672141e-01
2.211812591552734242e-01
4.531811141967773682e-01
6.355815505981445845e-01
3.818176269531249889e-01
8.121835327148437811e-01
7.820577239990234020e-01
6.589997100830078391e-01
8.298714637756347823e-02
4.430680847167968728e-01
1.395590305328369141e-01
7.101802825927734375e-01
6.326568984985351252e-01
5.544312667846679199e-01
4.968473052978515381e-01
5.081767272949219150e-01
2.753449440002441184e-01
3.116035842895507613e-01
6.356158065795898260e-01
1.059866256713867250e+00
3.294156265258789129e-01
2.854554557800292880e-01
2.578597640991210915e-01
3.943526458740234109e-01
2.435069847106933472e-01
nan
nan
nan
nan
-1.205807113647460876e-01
6.503393173217773826e-02
2.326953125000000011e-01
1.356981754302978571e-01
2.824001312255859375e-01
2.515813255310058727e-01
-7.336222171783447765e-02
1.662529182434082098e-01
1.251833248138427834e-01
1.960186195373535278e-01
5.526793003082275391e-02
4.158376693725586160e-01
2.327228355407714722e-01
2.210633993148803864e-02
8.408355712890625000e-02
-4.968376541137695113e-01
2.922089576721191295e-01
3.796716690063476340e-01
4.532983779907226451e-01
3.175753211975097523e-01
1.870745086669921842e-01
2.826246070861816451e-01
2.563936042785644465e-01
-4.657181739807128573e-02
1.008535861968994085e-01
3.202431488037109641e-01
-8.072400093078613281e-02
4.231454467773437256e-01
nan
nan
nan
nan
2.655080986022949063e-01
-3.257044982910156095e-01
-3.528512954711914285e-01
-6.051361560821533203e-02
-3.137652778625488192e-01
-8.901226043701171431e-02
-5.336778163909912387e-02
3.214268922805785939e-02
7.029534339904784657e-02
2.853733634948730225e-01
1.777297782897949152e-01
2.413329696655273360e-01
7.800186872482299701e-03
-7.595493793487548273e-02
-8.772976875305175948e-02
-1.427227592468261752e-01
7.819365501403809093e-02
-8.826022744178771764e-03
3.530036544799804443e-01
1.631687355041503973e-01
-3.748478412628173523e-02
3.729044342041015758e-01
-1.808316230773925892e-01
-2.118988418579101640e-01
-1.274176239967346122e-02
-3.116850376129150224e-02
nan
nan
nan
nan
nan
nan
-2.229978370666503840e-01
-2.075123596191406350e-01
-2.407904815673828081e-01
-3.871148300170898504e-01
-1.180583572387695346e-01
-8.260664939880371649e-02
-7.076692581176757812e-02
-9.050305366516113448e-02
-1.118886947631835965e-01
5.687330722808837946e-02
-3.754201507568359353e-01
-7.997839450836181918e-02
-2.551316833496093950e-01
-1.329213809967041138e-01
1.318851757049560591e-01
-4.054521083831787165e-02
-1.288366603851318348e-01
-3.520531082153320335e-01
-2.176313400268554688e-01
-1.361404895782470648e-01
-1.046349239349365218e-01
-3.520989608764648615e-01
-5.485301971435546653e-02
-3.563565826416015825e-01
-6.266191864013671564e-01
-2.200593185424804810e-01
-1.476283454895019609e-01
-7.515972614288329856e-02
nan
nan
nan
nan
-1.570221519470214877e-01
-1.459499454498290882e-01
-2.442857772111892752e-03
4.129379272460937389e-01
2.514066934585571303e-02
-3.630129623413085871e-01
-3.695526123046875000e-01
-4.916327667236328192e-01
-6.205124664306640447e-01
-2.301241111755371049e-01
-4.255283355712890514e-01
-4.182384872436523682e-01
-3.073037528991699463e-01
-4.382052612304687678e-01
-3.044029235839843528e-01
-6.322927856445312855e-01
-4.790524291992187544e-01
-2.747211647033691584e-01
-5.321262741088866877e-01
-1.613672447204589910e-01
-3.390819549560546986e-01
-2.927961349487304688e-01
nan
-5.715545272827148304e-01
-2.438602256774902444e-01
-1.901770782470703081e-01
-3.235727310180663840e-01
2.257964611053466658e-02
nan
nan
nan
nan
-2.741923332214355469e-01
-2.393462181091308635e-02
-3.181135368347167702e-01
-4.875049972534179488e-01
-3.801510620117187766e-01
-7.979724407196045477e-02
-5.537479019165039151e-01
-1.796240806579589844e-01
-1.466228389739990257e-01
1.068035984039306663e-01
-2.258194160461425848e-01
-5.908607482910156056e-02
-1.600470924377441484e-01
-9.599757194519042969e-02
-5.572714996337890803e-01
-2.129974555969238181e-01
-1.233385467529296842e-01
-3.472508239746093794e-01
3.362157058715820046e-01
-7.325716972351074829e-02
-8.348625183105468084e-02
-1.515573978424072377e-01
-1.051911711692810059e-02
2.686094999313354617e-02
-4.059495544433593950e-01
-1.401897335052490201e-01
-6.198523044586181502e-02
-1.471543025970458995e-01
nan
nan
nan
nan
-7.572506427764892634e-02
1.118651485443115240e-01
-1.042109584808349615e-01
-2.951982116699218839e-01
-1.159502625465393122e-02
-3.160946464538574308e-01
-3.372657012939452859e-01
-2.563590621948242387e-01
-1.217831516265869135e-01
-6.526396274566650946e-02
6.629154205322265736e-02
-1.814662170410156206e-01
-2.653765678405761719e-01
-4.064915466308594016e-01
-3.077310943603515647e-01
-4.539089965820312655e-01
-2.289528846740722656e-01
-2.569000816345214933e-01
nan
-5.370505523681640137e-01
-5.529835510253906516e-01
9.437930107116698775e-02
-3.540512466430664196e-01
-1.809235811233520647e-02
-7.554280757904052734e-02
-1.652307128906249922e-01
-3.345203781127929488e-01
-1.374325942993163963e-01
nan
nan
nan
nan
-8.992871642112732281e-03
-3.639964675903320512e-01
-8.307229995727538618e-02
-4.577032470703125133e-01
-2.520423698425293124e-01
-6.210950851440429910e-01
-4.855186080932616943e-01
-2.921679115295410245e-01
-3.510311508178711182e-01
-3.120643234252929443e-01
-2.046099662780761774e-01
-7.677646160125732588e-02
-5.790359115600586248e-01
-4.190484619140624756e-01
-2.805864095687866239e-02
7.539024829864501842e-02
-3.076688194274902477e-01
-2.473797798156738281e-01
-1.849541425704956041e-02
-3.637747573852538885e-01
-7.257525444030761552e-02
-2.910450935363769753e-01
-4.386805534362792774e-02
-4.315774154663085671e-01
-2.825089836120605602e-01
-2.936301422119140803e-01
-2.151605033874511852e-01
-3.592004394531250200e-01
nan
nan
