nan
nan
2.177101516723632946e-01
4.345688247680664085e-01
4.654075145721435491e-02
4.437085151672363198e-02
5.509144592285156738e-01
-2.707040977478027410e-01
-5.715954303741455078e-02
3.447079086303710960e-01
5.077260017395019559e-02
1.272292613983154186e-01
1.013624954223632857e+00
8.187130093574523926e-03
1.311593341827392567e-01
9.799631118774414229e-02
-4.733180999755859375e-01
-8.531110382080078214e-01
-4.786284255981445579e-01
9.972934722900390903e-02
6.101823806762695090e-01
-5.418685150146483887e-01
-4.937601089477539062e-02
-3.236157655715942577e-02
-5.822005271911620712e-03
4.537053298950195490e-01
-8.785910034179686967e-01
2.493702173233032157e-02
1.203939342498779319e-01
7.696815490722656028e-01
nan
nan
nan
nan
-4.559585571289062611e-01
-7.966353607177734109e-01
-4.292493820190429465e-01
9.642441558837890891e-01
-3.510123062133789218e-01
1.716558837890624911e-01
4.255278015136718661e-01
-3.696093750000000178e-01
-3.349876022338867387e-01
1.994621658325195224e-01
-7.388634204864502619e-02
4.710663604736328169e-01
-9.396886825561523438e-02
-4.230356216430664062e-01
4.118694686889648460e-01
6.295831298828125089e-01
-2.953231811523437389e-01
2.166523361206054710e-01
-2.360952758789062467e-01
-1.776250839233398382e-01
5.486220550537109775e-01
-1.998160171508789051e-01
6.057672119140624645e-01
4.622299957275390891e-01
2.561539268493652211e-01
4.668571090698241943e-01
2.127764701843261677e-02
2.020732116699218706e-01
nan
nan
nan
nan
9.521810150146484686e-01
7.799026966094971258e-02
-3.821143341064452970e-01
-2.873472869396209717e-03
1.955799865722656350e-01
5.523241996765136663e-02
3.357336807250976829e-01
-1.461961984634399352e-02
5.243380546569824385e-02
3.262794113159179776e-01
-5.603958129882812278e-01
-3.712389373779296786e-01
2.635470199584961093e-01
-1.351250839233398560e-01
1.660143661499023371e-01
-4.558079147338867099e-01
9.144407272338866965e-02
-4.665671539306640581e-01
1.606240272521972656e-01
9.417586326599121371e-02
-2.942220115661621227e-01
-3.243870544433593572e-01
3.363320159912109308e-01
-3.002475929260253751e-01
-2.801639080047607297e-02
1.116614532470703164e-01
-5.587946414947509571e-02
-1.141366729736328134e+00
nan
nan
nan
nan
-4.164472198486328103e-01
-1.921933174133300670e-01
-2.074667358398437633e-01
1.758632850646972556e-01
3.955893707275390803e-01
2.690809440612793035e-01
-6.011835575103759849e-02
-5.636775970458984819e-01
-1.295408821105956954e-01
4.885199546813964733e-02
3.593474864959717019e-02
-4.958035659790038796e-01
-5.213494110107421697e-01
-9.133452606201172275e-01
-3.349093914031982255e-02
2.235576057434082164e-01
-9.259379386901855913e-02
-3.227646255493163974e-01
-3.082675552368164262e-01
1.112442612648010219e-02
-2.764756965637207298e-01
4.945440292358398438e-01
-2.253213882446289118e-01
2.277537584304809709e-02
5.057816982269287137e-02
3.490128707885742365e-01
-4.628613281250000266e-01
-4.560279083251952970e-01
nan
nan
nan
nan
-3.649208068847656361e-01
-6.085023498535155895e-01
7.621218681335449607e-02
-1.636689758300781117e-01
5.643471908569336337e-01
5.301204299926758345e-01
9.394977569580078569e-01
5.547343730926513478e-02
-1.057080173492431635e-01
-6.674456024169921342e-01
-5.697356033325194913e-01
1.931965255737304599e-01
3.721261596679687478e-01
-3.349242782592773415e-01
1.460478454828262372e-03
1.002177734375000018e+00
8.909961700439453236e-02
3.505696058273315152e-02
-1.186800003051757812e-02
9.370314598083495650e-02
-2.329615402221679732e-01
-7.839282226562499512e-01
-3.335138702392578258e-01
3.143137168884277410e-01
3.836487960815429532e-01
5.643984603881836426e-01
-4.341897964477539062e-01
2.852113914489746160e-01
nan
nan
nan
nan
-1.103150463104248108e-01
-3.020870208740234486e-01
-4.428206634521484331e-01
-2.480506134033203247e-01
4.407903671264648549e-01
-6.503137588500976229e-02
1.227293586730957009e-01
2.936456298828125089e-01
-3.566922378540038907e-01
-1.593966960906982311e-01
1.739627265930175914e-01
3.691415023803710782e-01
1.885710716247558649e-02
1.670524787902832042e-01
3.424174118041992121e-01
-1.214716625213623086e-01
1.366329193115234375e-02
-2.161287117004394576e-01
2.508364868164062456e-01
-3.901073455810546986e-01
1.682227134704589733e-01
5.084532928466797275e-01
3.645565986633300670e-02
-1.806903648376464722e-01
-1.063480567932128945e-01
-2.413735580444335838e-01
2.594275283813476385e-01
-2.148424339294433549e-01
nan
nan
nan
nan
-1.665653038024902388e-01
-2.419265174865722623e-01
-6.600736236572265492e-01
-1.221227359771728527e-01
-2.907420921325683527e-01
-1.211111640930175731e-01
-4.192428970336913863e-01
-5.341849136352538885e-01
4.450793457031250178e-01
-2.205411338806152477e-01
9.268731117248535378e-02
6.445940494537354126e-02
-6.017039299011230774e-02
1.944809341430664140e-01
7.564805603027343617e-01
3.623627090454101807e-01
3.392852783203125222e-01
-4.250756835937499756e-01
6.493282318115234375e-01
4.993133926391601363e-01
-4.579000473022460938e-01
-3.153291511535644687e-01
2.940656431019306335e-04
-6.606798171997070590e-02
3.332406616210937256e-01
5.860441327095031704e-03
6.191771507263183622e-02
-6.850582122802734153e-01
nan
nan
nan
nan
-7.197944164276122436e-02
4.065235519409179932e-01
6.900140285491943026e-02
-5.469395828247070046e-01
-3.679977416992187278e-01
-1.744649505615234464e-01
-4.508980178833008057e-01
1.847778701782226696e-01
-2.049462050199508771e-03
-3.522733688354492410e-01
-2.960813713073730535e-01
3.359781646728515758e-01
-1.096977043151855513e-01
6.715268707275390270e-01
6.710794830322265314e-01
1.092485904693603488e-01
-8.130795955657958707e-03
9.729600906372069813e-02
-2.308133697509765492e-01
-6.091207981109619113e-02
-1.271430206298828081e-01
-4.748750305175781228e-01
4.897196578979492454e-01
-3.469117879867553850e-02
2.523393440246581854e-01
7.543939208984374867e-01
-4.021125793457031028e-01
1.444924926757812367e-01
nan
nan
nan
nan
5.345746517181396151e-02
-1.837417984008788974e-01
3.363291549682617121e-01
3.905663681030273615e-01
3.599282836914062256e-01
1.016540145874023526e+00
2.627831840515136852e-01
-5.589317321777343556e-02
-1.011989212036132763e-01
-1.575614929199218861e-01
1.340526485443115368e-01
-8.463881492614745705e-02
8.587698936462402621e-02
-1.304443168640136708e-01
1.700168800354003862e-01
4.090581893920898215e-01
8.151002883911133423e-02
5.009674453735351030e-01
-1.258752918243408181e-01
1.458338356018066273e-01
2.390628576278686426e-02
-3.998916625976562528e-02
2.484709358215332065e-01
-2.650980949401855469e-01
-4.317423248291015758e-01
7.767019653320312855e-01
1.260321617126464733e-01
3.508541107177734486e-01
nan
nan
nan
nan
-1.074145030975341836e-01
-5.808090209960937722e-01
5.206018829345703258e-01
1.209686517715454109e-02
-7.744451999664306308e-02
-2.293459701538085871e-01
1.905280494689941539e-01
-2.390850305557250949e-02
3.448124694824218905e-01
-5.077178955078125444e-01
-5.851919937133789329e-01
2.586640548706054532e-01
5.047239685058593217e-01
-4.065018081665038863e-01
-1.129612159729003890e-01
4.907874679565429887e-01
-1.226669216156005826e-01
2.429682731628417941e-02
4.839387130737304865e-01
-1.753114891052246216e-01
4.934116840362548495e-02
-2.515727996826171847e-02
-1.614594841003418046e-01
9.496947288513184204e-02
3.021760940551757729e-02
-5.473861694335937500e-01
8.766230773925781650e-01
-6.808728694915772151e-02
nan
nan
nan
nan
1.121498966217041038e-01
-3.168428421020507701e-01
6.919558048248290738e-02
3.046164512634277344e-01
-3.780545806884765825e-01
4.865442276000976340e-01
-3.814064407348632946e-01
2.365550422668457053e-01
-1.976237297058105469e-01
-2.695395088195800537e-01
-1.005922317504882868e-01
4.327692508697509460e-02
5.327339935302733975e-01
5.117355346679687278e-01
7.683303952217101877e-03
2.927750968933105491e-01
5.793466567993164201e-02
-2.348107528686523560e-01
5.526428604125976918e-01
2.575405883789062544e-01
-1.374113273620605480e-01
2.403065490722656183e-01
-3.423358154296874956e-01
9.801313400268554799e-02
-2.692848396301269487e-01
3.088303375244140780e-01
-2.853109359741211049e-01
1.240984082221984787e-02
nan
nan
nan
nan
-6.684465026855468395e-01
-6.215639114379882812e-01
3.519778823852539040e-01
2.209995269775390514e-01
1.767530632019042869e-01
3.075571823120117343e-01
3.703970718383788885e-01
9.535720825195312389e-02
-1.029074573516845642e-01
2.873674964904784912e-01
-3.070415115356445179e-01
2.185618591308593761e-01
-3.942369461059570535e-01
-5.548778533935546653e-01
3.804943847656250266e-01
4.827003002166747880e-02
-1.815282630920410090e-01
-4.031525421142578280e-01
-2.929240226745605247e-01
-2.086505317687988303e-01
-6.903173065185547186e-01
-2.474103164672851463e-01
-2.898998451232910334e-01
-3.408594894409179843e-01
-8.754904747009277510e-02
-4.902852630615234242e-01
-4.571646118164062744e-01
-2.024602508544921797e-01
nan
nan
nan
nan
9.873195648193359986e-02
-1.593655395507812544e-01
-1.741769599914550770e-01
-3.634103012084961004e-01
-5.614814758300781250e-01
-1.420475196838378862e-01
6.211143493652343528e-02
2.853923988342285112e-01
5.379554271697997714e-02
6.274981307983398260e-01
-5.312071228027344105e-01
2.203805732727050770e-01
2.513049507141113525e-01
-1.233149242401123113e-01
-1.610630226135253973e-01
6.735590457916260099e-02
-4.900377655029297119e-01
-2.423288345336914174e-01
3.511730194091796653e-01
-3.009082984924316140e-01
-5.551781082153319780e-01
-5.399749279022216658e-02
3.261917495727539307e-01
-3.797120666503906450e-01
-6.418784618377686157e-02
-1.691352653503417902e-01
-9.350461959838866910e-02
-7.266027832031249911e-01
nan
nan
nan
nan
1.099268817901611350e-01
1.553879928588867143e-01
-4.729847717285156072e-01
1.576343536376953181e-01
4.491705322265625022e-01
6.448798370361328303e-01
9.031249237060546831e-01
-4.254091262817382701e-01
-2.690705680847167991e-01
-3.431894683837890536e-01
4.366644287109375244e-01
-2.401680946350097656e-01
-2.397473144531249989e-01
-2.288610458374023549e-01
8.692627716064452725e-01
-2.280898094177246163e-02
1.205849742889404247e-01
4.765621662139892661e-02
5.411067581176758345e-01
-6.504554748535156250e-01
-3.948974227905273637e-01
2.316781425476074352e-01
2.218929862976074252e-01
-7.059030055999755693e-02
6.251287078857421520e-01
2.576346015930175981e-01
-4.896627902984618946e-02
-4.863862228393554532e-01
nan
nan
nan
nan
-2.581673049926757613e-01
2.957685852050781494e-01
3.954422712326050027e-02
6.168744659423828214e-01
1.343014478683471694e-02
6.599157333374022771e-02
2.281647872924804643e-01
-3.378277206420898238e-01
-4.524975204467773238e-01
-1.920473694801330677e-02
-2.839024353027344016e-01
-1.434096050262451127e-01
2.132010269165039162e-01
-2.379570198059081931e-01
1.285719776153564364e-01
4.108509540557861439e-02
4.186244964599609153e-01
1.899485588073730469e-01
-2.910545349121093639e-01
4.615387725830077947e-01
-1.801639175415039040e-01
-1.651908683776855402e-01
-7.723268890380858842e-01
1.289858341217041127e-01
9.409039306640625266e-01
-2.961148262023926003e-01
-1.825272369384765558e-01
-2.861118125915527166e-01
nan
nan
nan
nan
-2.441134071350097579e-01
-2.821488571166992365e-01
-4.160667800903320446e-01
-4.274672317504882857e-01
-7.805105590820312633e-01
1.635993766784668013e-01
3.597859954833984575e-01
-3.562125205993652011e-02
3.427578735351562433e-01
-1.255674600601196234e-02
-5.693457412719726829e-01
7.104009246826171742e-01
1.402401638031005870e-01
6.158955001831054599e-01
-2.305816650390624944e-01
-6.763856506347656339e-01
3.472580337524414085e-01
-6.886770629882812411e-01
-5.160750961303710582e-01
1.057212257385253956e-01
-1.319700336456298695e-01
5.654982566833496177e-02
6.749614715576172097e-01
-5.453959655761718706e-01
3.507833862304687300e-01
6.706624603271484908e-01
-4.426891708374023349e-01
1.086577033996582037e-01
nan
nan
nan
nan
-3.275810623168945446e-01
2.248299789428711004e-01
-8.631922721862793357e-02
3.059107017517089799e-01
1.164077949523925765e-01
-2.434561538696289051e-01
-3.849683761596679465e-01
1.192127323150634771e-01
5.026411437988280717e-01
2.081118202209472634e-01
1.724346351623535223e-01
5.435905456542968750e-01
4.557879638671875067e-01
1.571448707580566373e-01
-2.324808692932128773e-01
1.140453052520751936e-01
9.057124328613280762e-01
6.387852096557616877e-01
7.054650878906250089e-01
1.663723182678222556e-01
-2.548062705993652255e-01
-1.743700027465820424e-01
5.167890548706054465e-01
9.973778533935546697e-01
-2.393710327148437511e-01
5.999606609344482200e-02
7.540326595306395818e-02
2.995968627929687655e-01
nan
nan
nan
nan
-1.544958209991454945e-01
6.496272277832031428e-01
-1.931769752502441317e-01
-7.117081451416015225e-01
4.115358829498291099e-02
-1.450738048553466830e-01
5.649641036987305132e-01
-5.021227645874023482e-01
-2.424835205078124944e-01
-4.842416381835937256e-01
-5.066724395751953658e-01
-2.478436088562011586e-01
-1.749332618713378973e-01
-1.139290618896484364e-01
-9.304286003112792469e-02
-2.062832260131836071e-01
1.797336006164550748e-01
2.973887920379638533e-02
4.704042434692382729e-02
-4.445819473266601762e-01
-1.035884475708007818e-01
4.506472778320312345e-01
-5.871691226959228210e-02
7.396852970123291016e-02
1.549040985107421886e-01
1.924228858947753806e-01
3.677840042114257635e-01
-3.977480649948120228e-02
nan
nan
nan
nan
-4.412643051147460693e-01
-8.636536002159118583e-03
-7.379673004150391069e-01
-1.721792793273925759e-01
-4.109012222290038818e-01
5.610899734497070135e-01
4.142129898071288951e-01
-3.491915130615234619e-01
-3.467902755737304887e-01
-9.685214233398437012e-01
-1.991183280944824330e-01
2.767650604248046986e-01
-4.556719589233398371e-01
6.953569030761719283e-01
-3.193135261535644531e-01
-7.172725677490233986e-02
1.314371967315673961e-01
-5.879789829254150613e-02
9.403109550476074219e-02
-1.005008602142333923e-01
5.959358978271483975e-01
3.134239959716796919e-01
3.110488700866699263e-01
-6.754643917083739957e-02
-8.296488761901855968e-02
-2.319651603698730524e-01
nan
nan
nan
nan
nan
nan
2.293873977661132768e-01
6.366580963134765847e-01
2.536000013351440499e-02
2.443367004394531306e-01
-8.399293422698975164e-03
2.900452995300292769e-01
2.500641822814941295e-01
5.847192001342773615e-01
-1.941407203674316295e-01
3.857065200805663840e-01
-2.931771087646484197e-01
-2.364499330520629730e-02
-8.838025093078613614e-02
-3.604566955566406161e-01
2.983269691467285156e-01
-3.730229949951172075e-01
4.090210342407226696e-01
2.608512115478515692e-01
4.925928115844726424e-02
2.017276000976562511e-01
5.879273223876952947e-01
2.477555847167968728e-01
-5.316490554809569780e-01
3.729649782180786272e-02
1.129411983489990168e-01
-4.518805313110351718e-01
1.847173309326171908e-01
-5.679419326782226829e-01
nan
nan
nan
nan
3.670471572875976807e-01
-5.580672073364257857e-01
1.596661663055419789e-01
4.173272705078124867e-01
5.903094482421874512e-01
-2.985570430755615096e-02
5.657059478759766113e-01
-2.396928405761718783e-01
2.809181785583496072e-01
2.644929122924804532e-01
-7.052679538726806807e-02
5.549285125732421609e-01
4.198710632324218484e-01
1.799377250671386763e-01
-6.821190357208252453e-02
-4.811343765258789262e-01
1.423751735687255882e-01
4.467443847656250022e-01
-1.685795903205871554e-02
-2.623092889785766726e-02
-1.010984802246093772e-01
-2.413132667541503795e-01
nan
-1.372768783569335849e-01
3.678099155426025474e-02
5.398277282714843972e-01
-1.923406219482421964e-01
-2.972122383117675737e-01
nan
nan
nan
nan
2.690852355957031317e-01
2.511860084533691362e-01
-3.400890731811523349e-01
4.308927917480468994e-01
2.503103637695312522e-01
3.387569427490234597e-01
-2.874406814575195535e-01
1.326229763031005759e-01
-3.873368072509765780e-01
3.085036993026733440e-02
-1.226772069931030343e-02
-2.044911003112792891e-01
5.878584289550781161e-01
-6.054449081420898438e-01
2.071177101135253940e-01
-3.945508241653442050e-02
1.642455673217773360e-01
-1.595219135284423884e-01
3.216555404663086204e-01
-3.228641891479492321e-01
6.024086475372314453e-02
-2.723812484741210960e-01
-1.026196670532226601e-01
4.051565551757812522e-01
3.321899032592773304e-01
6.126833343505859730e-01
-2.124473333358764537e-02
-1.228832244873046819e-01
nan
nan
nan
nan
-2.307494735717773304e-01
7.162470817565917691e-02
3.023892211914062655e-01
-2.010523796081543080e-01
-2.864997863769531139e-01
-3.179185104370116921e-01
-8.840090751647949885e-02
-7.336787414550781650e-01
-1.223155975341796847e-01
3.258934402465820113e-01
7.183020591735839178e-02
2.495277881622314300e-02
-6.457793712615966797e-02
-5.269160461425781428e-01
2.414587211608886785e-01
3.033829498291015780e-01
-5.151314258575439425e-02
2.245579719543457087e-01
nan
5.657896041870117410e-01
-6.781303405761718306e-01
1.280672645568847745e-01
6.849526405334473156e-02
1.565055084228515747e-01
3.101604461669921764e-01
-4.486542129516601363e-01
-4.444522857666015625e-01
3.164868736267089644e-01
nan
nan
nan
nan
-1.105642890930175759e-01
-2.565138816833495983e-01
-3.853525924682617010e-01
5.332859802246093794e-01
-1.232058811187744102e-01
-2.836918354034423731e-02
7.297936248779296475e-01
7.548219203948974831e-02
3.913571929931640714e-01
4.547429084777832031e-02
2.648373603820800698e-02
8.412564277648926225e-02
-2.078014564514160112e-01
1.071876907348632835e-01
-6.670465850830078480e-01
3.912319946289062322e-01
4.050442123413086071e-01
5.400425720214844238e-01
-7.281641483306884599e-02
-2.327591514587402377e-01
6.444015502929687500e-01
2.032646656036377064e-02
4.026339054107665877e-02
4.485794448852539196e-01
-6.196320343017578391e-01
3.082178688049316273e-01
2.927882385253905984e-01
-1.385376453399658203e-01
nan
nan
