nan
nan
4.657863998413085960e-01
5.233692550659179155e-01
2.879718589782714888e-01
6.494101715087891025e-01
2.651558816432952968e-03
-2.693454551696777277e-01
-1.852154541015625100e-01
1.487550544738769631e-01
1.610843062400817843e-02
3.326681137084960826e-01
-4.144667434692382857e-01
4.172659301757812300e-01
-1.277782440185546986e-01
4.526935195922851540e-01
4.036533832550048828e-02
-8.769595146179198775e-02
6.956089019775391069e-01
4.850906372070312722e-01
2.145027351379394653e-01
-2.363910865783691306e-01
-5.144627380371094016e-01
-6.984607696533202681e-01
-1.307869529724121072e-01
4.322031402587890869e-01
-2.360923004150390636e-01
3.029358291625976474e-01
-3.545825195312499734e-01
-6.077616500854492454e-01
nan
nan
nan
nan
-2.590739059448242121e-01
1.594690513610839966e-01
-4.697855377197265869e-01
-1.714935111999511819e-01
-2.887726020812988459e-01
1.074341678619384760e-01
6.274947738647460582e-01
8.262512207031249556e-01
3.548425674438476785e-01
-5.148670196533202681e-01
-3.332864379882812256e-01
4.218302726745605524e-02
3.916940307617187700e-01
9.719994544982910045e-02
-1.216350269317627020e-01
-4.135989379882812345e-01
2.974794197082519798e-01
-3.274142074584960871e-01
-1.297014904022216752e-01
2.581736564636230580e-01
3.945240020751953347e-01
9.889589691162109508e-01
-3.890841960906982200e-02
-5.168844604492187633e-01
1.830074310302734486e-01
-6.502988433837890714e-01
-4.406995391845703325e-01
-1.997064208984374867e-01
nan
nan
nan
nan
-1.321375179290771584e-01
2.044690704345702992e-01
-1.145016021728515687e+00
-1.024258232116699169e-01
1.938641357421874989e-01
1.306524991989135680e-02
1.407168769836425748e-01
-6.883030700683593350e-01
-9.785735130310058150e-02
-2.969994068145751995e-02
-5.001424789428711160e-01
4.124401473999023682e-01
-2.930021286010742188e-01
-1.412373352050781128e-01
1.988993453979492065e-01
6.840763568878173440e-02
1.337980461120605591e-01
5.773322677612304776e-01
9.562317848205566240e-02
-5.965485095977782898e-02
-5.688584136962890891e-01
-1.023943138122558605e-01
1.442416000366210926e-01
-3.963340377807617054e-01
-1.576326370239257701e-01
-3.946185302734375178e-01
-4.027732849121093417e-02
-4.375398254394531339e-01
nan
nan
nan
nan
-1.406577873229980513e-01
-6.278985500335693137e-02
2.503528404235839666e-01
5.928031921386718583e-02
-4.252875137329101829e-01
2.763870620727539307e-01
8.378138542175292414e-02
-2.670659828186034979e-01
3.288401031494140869e-01
-4.740566635131835960e-01
-1.275693321228027477e-01
1.435796070098876998e-01
-2.337832260131836037e-01
-1.918830108642578247e-01
-4.316762924194336021e-02
3.280818462371826172e-02
1.587798500061035067e-01
5.434515380859374911e-01
1.616626358032226540e-01
4.249890136718750266e-01
-2.129166030883788974e-01
-1.615749597549438407e-02
-6.289213180541991521e-02
-3.979303359985351674e-01
-2.299309539794921753e-01
1.378369522094726463e-01
-9.298383712768554243e-02
-6.391013336181640137e-01
nan
nan
nan
nan
4.926948165893554887e-01
-2.213683319091796775e-01
-2.376893615722656117e-01
2.322913169860839899e-01
6.705491638183593839e-01
6.050968551635742543e-01
-3.890623474121093772e-01
-6.288099765777588335e-02
2.458266258239746038e-01
-7.186752319335937278e-02
-3.105441665649413818e-01
-7.018241119384766025e-01
-3.374988079071045144e-02
-4.903495788574218639e-01
-6.828581333160400890e-02
8.217563629150390070e-02
-8.589307403564453436e-01
8.333162689208983842e-01
1.321555938720703205e+00
-7.166014862060546831e-01
2.146287345886230546e-01
1.215583229064941401e-01
5.604120254516601340e-01
-1.106621360778808627e-01
1.462647151947021606e-01
-2.131528854370117188e-01
-5.088792800903320090e-01
2.111923599243163974e-01
nan
nan
nan
nan
-6.270533752441406206e-01
4.343582153320312278e-01
-5.127465057373047363e-01
-3.339990997314453147e-01
-8.654049682617187544e-01
4.551229476928710938e-01
3.573202133178711160e-01
5.289381790161132857e-01
1.489584350585937411e-01
-1.983890151977538985e-01
4.369515419006347878e-02
-1.391934490203857455e-01
2.878390884399413818e-01
1.561404800415039096e-01
-4.131824111938476318e-01
-2.345767021179199219e-01
-3.590167462825775112e-03
-3.270509958267212025e-02
-4.725234508514404574e-02
-3.770675277709961137e-01
2.141517257690429554e-01
9.360617065429687189e-01
-4.964104843139648393e-01
3.247830581665038796e-01
-2.960637855529785201e-01
2.493811798095703081e-01
-7.159801006317138838e-02
1.006260514259338379e-02
nan
nan
nan
nan
-5.392856216430663707e-01
5.662020111083984064e-01
-2.379039525985717635e-02
-4.353614807128906028e-01
-5.104885482788086293e-01
9.429879188537597379e-02
-7.233346557617187367e-01
4.596722412109375266e-01
1.284591522216796955e+00
2.921697616577148549e-02
3.587689590454101740e-01
2.458386993408203103e-01
-2.152135276794433505e-01
1.874128150939941284e-01
1.596538275480270316e-03
1.234999752044677740e-01
-5.228306961059570046e-01
-3.150986480712890669e-01
4.674309730529785378e-02
-2.690071821212768402e-02
4.255028724670410073e-02
-2.328199768066406272e-01
3.042735481262207053e-01
4.819911956787109597e-01
2.809843635559082231e-01
1.558389663696289062e-01
-2.254221343994140536e-01
-5.250372695922851385e-01
nan
nan
nan
nan
1.537379646301269553e-01
-2.277752685546874933e-01
1.882728767395019653e-01
-1.866548728942871160e-01
2.312356376647949352e-01
-1.614987754821777255e-01
-3.506961822509765403e-01
-5.388411521911620761e-02
-1.325081706047058147e-02
3.741731643676757812e-01
7.613799285888671609e-01
-7.145841979980468439e-01
-3.530604553222655984e-01
1.732536888122558627e-01
1.465318870544433660e-01
2.866394996643066295e-01
-1.858444595336914140e-01
2.833608245849609242e-01
9.276654052734375488e-01
-5.350342559814452725e-01
-5.847546768188476296e-01
3.853178787231445468e-01
1.309446334838867132e-01
-4.581042480468749956e-01
4.547434997558593706e-01
3.793131351470947071e-02
-2.423489952087402310e-01
3.106123352050781383e-01
nan
nan
nan
nan
6.764593505859375355e-01
-9.209009552001953258e-01
-5.547503232955932825e-03
-3.031959152221679887e-01
3.034078788757323952e-01
-9.211745452880859553e-01
-3.542742919921875178e-01
4.928357124328613253e-02
-6.157328414916992676e-01
-5.432554626464843883e-01
1.697720718383789185e-01
-6.490695953369141069e-01
-1.593877410888671908e-01
-1.333481216430664196e-01
-1.667077064514160267e-01
2.918430709838867321e-01
-1.708145904541015503e-01
-7.159224700927734331e-01
2.211157989501953136e-01
3.357086563110351363e-01
6.025966167449951089e-02
3.151273155212402366e-01
6.367385482788086026e-01
3.867467498779296742e-01
6.396799468994140980e-01
-2.081721878051757679e-01
-2.781448936462402322e-01
2.026960563659667980e-01
nan
nan
nan
nan
2.126558876037597523e-01
-7.419886016845702592e-01
-1.784905815124511741e-01
-8.825453758239745761e-02
-1.229778385162353521e-01
-2.326911211013793848e-02
-6.208371734619140270e-01
-7.645530700683593472e-02
3.596697616577148593e-01
-2.007548332214355580e-01
-7.628259277343749645e-01
7.960402011871338390e-02
3.466122055053710849e-01
-1.128029727935791066e-01
-2.142685699462890669e-01
3.883448791503906206e-01
-4.426469802856445312e-01
-8.369853210449218484e-01
-5.887114334106445801e-01
8.310112762451171697e-01
-1.016519546508789090e-01
3.254272079467773193e-01
5.282229995727538707e-01
-2.597271728515624933e-01
-1.298333072662353482e-01
2.520478630065918213e-01
1.213754558563232416e-01
-2.560880279541015714e-01
nan
nan
nan
nan
-8.039136505126953658e-01
6.577717590332031738e-01
-5.104573822021484242e-01
-6.067241668701172097e-01
-2.691082763671874822e-01
1.623220825195312578e-01
-1.099953365325927745e-01
2.346177101135253976e-02
-7.601774597167968439e-01
-3.880885314941406317e-01
-8.941565704345703081e-01
2.038841247558593750e-01
5.430544281005859064e-01
5.754107952117919894e-02
-5.474184799194335982e-01
1.387401485443115201e-01
-4.356712341308593972e-01
1.045973777770996122e-01
-1.878304672241210838e-01
1.096994495391845764e-01
-2.071171188354492265e-01
-1.299835592508316118e-03
-2.256632328033447363e-02
5.186142921447754045e-02
-3.732199430465698436e-02
9.561339378356933927e-02
-8.406493377685546609e-01
1.605382263660430978e-03
nan
nan
nan
nan
4.195376873016357089e-02
-5.035736846923828391e-01
-2.765411138534545898e-02
-4.108567428588867365e-01
-9.657622575759887071e-03
3.928130722045898304e-01
-5.480761337280273260e-01
1.614576339721679743e-01
-3.732750701904297141e-01
-1.671837997436523560e-01
-8.031756401062012385e-02
-8.079001617431640359e-01
-5.517932510375976873e-01
-3.799621200561523193e-01
3.252787780761718928e-01
1.938555145263671786e-01
3.093884468078613170e-01
-5.243915176391601429e-01
-6.011079025268554199e-01
4.249194622039795255e-02
3.253387451171875222e-01
1.380840587615966841e-01
-1.168670749664306591e-01
4.691361904144287359e-02
2.143146133422851596e-01
-1.396199703216552679e-01
-2.609940719604492143e-01
-1.682946014404296808e-01
nan
nan
nan
nan
-6.419153594970703480e-01
1.080032110214233440e-02
8.401197433471679910e-02
-7.569799804687500355e-01
2.687761306762695424e-01
2.852267980575561371e-02
2.099130821228027410e-01
-4.878377914428710938e-01
-1.376857089996337824e-01
-4.397553634643554532e-01
-5.607984924316405939e-01
2.804058647155761586e-01
-6.605619907379151057e-02
3.965765762329101496e-01
-1.195955991744995089e-02
1.495504760742187578e-01
1.710851478576660145e-01
4.256805419921875222e-01
3.487066268920898660e-01
-4.119906616210937678e-01
2.023987293243408037e-02
4.195356369018554688e-01
2.465358924865722612e-01
-4.070613861083984264e-01
4.944200515747070312e-01
-2.127665710449218872e-01
2.079403495788574308e-01
2.754601287841796919e-01
nan
nan
nan
nan
8.807374835014343886e-03
-5.737496948242187811e-01
-4.785743713378906028e-01
-1.092869949340820324e-01
-5.841782760620116699e-01
-4.407497787475586071e-01
4.040388488769531272e-01
-6.114874649047851163e-01
1.569822978973388627e-01
-5.268223285675048551e-02
4.578704833984375000e-01
4.801135253906250178e-01
-2.688864517211914107e-01
-3.687502670288085871e-01
-6.648554992675781428e-01
5.247420120239257857e-01
-1.411398124694824285e-01
5.048208618164062855e-01
1.822359323501586761e-02
-8.203796744346618375e-03
2.262126922607421986e-01
3.061909103393554710e-01
1.524306583404541060e-01
-2.503732109069824463e-01
2.249616813659668091e-01
7.168766021728516236e-02
-3.335678100585937611e-01
-6.104399204254150335e-02
nan
nan
nan
nan
-1.537749195098876975e-01
-4.865998840332031450e-01
4.740279006958008079e-01
3.795132446289062322e-01
1.619228720664978027e-02
2.096235847473144620e-01
5.212407684326172408e-01
6.605536651611327859e-01
-1.029878520965576139e-01
1.452595996856689553e-01
1.266449069976806618e-01
-1.673385238647460971e-01
7.276043891906738836e-02
-2.094336700439453081e-01
-6.802466869354248380e-02
2.660431861877441406e-01
9.632253265380859020e-01
-7.724981307983398715e-02
-1.075039768218994107e-01
1.560187339782714844e-01
1.918726539611816384e-01
-1.392304420471191517e-01
8.024176025390624689e-01
-4.787672758102417409e-03
-1.290540933609008768e-02
6.228182983398437012e-01
-1.230801105499267634e-01
3.923539161682128990e-02
nan
nan
nan
nan
1.623318433761596763e-02
-9.769655609130859508e-01
1.222128677368164024e-01
1.081569957733154314e-01
1.777105712890625078e-01
2.457492113113403376e-02
1.313167953491211071e-01
1.656797218322753895e-01
-1.374477100372314409e-01
-1.170120525360107411e-01
4.568281173706054826e-02
2.695371437072753840e-01
4.195245361328124867e-01
-2.060399627685546853e-01
-2.732856178283691317e-01
7.635057830810546564e-01
3.180627059936523282e-01
-9.073538333177566615e-04
1.524827575683593839e-01
-9.276972198486328480e-01
6.912286281585693082e-02
1.037318515777587852e-01
-3.367988204956054443e-01
4.902398586273193359e-02
-1.502025413513183583e-01
5.005128860473633257e-01
1.378377628326415971e-01
6.734687328338623269e-02
nan
nan
nan
nan
-4.437559127807617076e-01
2.458944892883300759e-01
-8.252884864807129295e-02
-5.804104232788085405e-01
-2.497233009338378773e-01
-3.838622665405273526e-01
2.937908172607421875e-01
4.873252487182617165e-01
1.020820808410644598e-01
-6.372269439697265669e-01
3.302018737792968839e-01
-8.950855135917663158e-03
-3.006335258483886635e-02
-3.961389923095703369e-01
3.322765731811523349e-01
-1.137190532684326238e-01
3.680370712280273682e-01
1.431863212585449130e-01
4.774892807006835826e-01
1.301381874084472645e-01
-1.257974815368652355e-01
1.011653995513916021e-01
4.886265945434570268e-01
2.426119995117187456e-01
-8.184802055358886275e-02
3.084208488464355510e-02
-7.508589172363281383e-01
5.356331634521483975e-01
nan
nan
nan
nan
-1.568027210235595770e-01
-3.844809770584106667e-02
3.853153991699218572e-01
-7.567777156829834373e-02
3.131121253967285023e-01
-4.008903980255126842e-02
-1.956193161010742199e-01
2.067702674865722623e-01
5.503320693969726562e-02
1.402526855468750056e-01
-2.759348392486572418e-02
9.272507476806640669e-01
9.437068939208984042e-02
5.290203475952148793e-01
-1.810865402221679688e-01
6.031985473632812678e-01
6.868719100952148937e-02
5.798292541503906605e-01
1.013552188873290960e-01
6.876576232910156516e-01
2.342676734924316329e-01
4.775574207305908342e-02
5.933892059326172363e-01
1.390931892395019520e-01
6.433084106445312589e-01
2.407541084289550881e-01
-2.601706123352050537e-01
2.837255477905273326e-01
nan
nan
nan
nan
6.306491851806640403e-01
2.626461601257324419e-01
2.157284927368164074e-01
4.208898544311523438e-01
3.274770736694335715e-01
3.382378387451172030e-01
7.472512054443359863e-01
3.660691452026367254e-01
3.479065322875976585e-01
8.888110351562500400e-01
6.649526214599609242e-01
5.892689514160156516e-01
5.368288803100585982e-01
6.901748180389404019e-02
9.464099121093749734e-01
2.073376655578613170e-01
6.420033264160156516e-01
8.119921112060546342e-01
4.771703720092773660e-01
7.976844787597656694e-01
1.753712081909179765e-01
4.933200836181640403e-01
2.688872528076171609e-01
-2.310267686843871932e-02
6.950478363037109197e-01
-1.884726715087890747e-01
nan
nan
nan
nan
nan
nan
3.961457312107086529e-03
1.694508361816406128e-01
4.012703323364257835e-01
5.686469650268555220e-01
1.725535774230957109e-01
4.072403335571289085e-01
4.448617172241211004e-01
2.517551040649413929e-01
3.409116744995117076e-01
4.202307128906250244e-01
1.058169460296630865e-01
3.519981384277343639e-01
2.284055137634277421e-01
6.178580093383788663e-01
1.837793731689453258e-01
4.734069442749023193e-01
-2.826557540893554488e-01
2.494522285461425737e-01
4.690754318237304599e-01
2.047269821166992076e-01
2.180987930297851596e-01
1.025452804565429643e+00
7.376357269287109331e-01
7.750535583496094283e-01
2.358508300781249900e-01
4.512351608276367054e-01
4.025617980957031383e-01
5.005755996704102095e-01
nan
nan
nan
nan
2.826497077941894642e-01
9.645522117614746538e-02
3.679058313369751310e-02
-1.513559436798095625e-01
2.380163574218749911e-01
2.054198455810546942e-01
3.060182952880859397e-01
-3.888925790786743053e-02
-1.161032867431640581e-01
2.316395759582519642e-01
-1.502017307281494074e-01
-3.206641376018524135e-03
-1.402615833282470637e-01
-3.289427185058593772e-01
-2.185288810729980602e-01
-3.380258178710937589e-01
-1.489759063720703103e-01
-1.030338096618652333e-01
-4.088369750976562633e-01
1.323047161102294811e-01
-2.105111122131347601e-01
-2.071879768371581998e-01
nan
-8.220278739929198775e-02
-1.910001564025878840e-01
-3.380706787109374889e-01
1.392177867889404230e-01
-3.390452957153320401e-01
nan
nan
nan
nan
-2.460351943969726618e-01
-9.209015655517578391e-01
-5.645664978027343794e-01
-2.616914749145508035e-01
2.297611474990844671e-02
-1.885781288146972656e-01
-4.507091999053955411e-02
-4.481987380981445335e-01
-4.462926864624023326e-01
-4.356867980957030984e-01
-4.385290527343749800e-01
-4.612946701049804865e-01
-1.814545440673828169e-01
-6.007562255859375533e-01
-6.105988311767578391e-01
-1.624579238891601662e-01
-1.692648887634277399e-01
-1.330961799621581954e-01
-3.494717407226562433e-01
-4.633373737335205050e-02
-2.368494415283203258e-01
-2.086998367309570446e-01
-6.724981689453124467e-01
-5.680289840698242720e-01
-5.684914779663086115e-01
-4.269408798217773637e-01
-3.266480255126953391e-01
-7.986511230468750222e-01
nan
nan
nan
nan
-1.326672077178955023e-01
-3.184498405456542836e-01
-3.237329101562499978e-01
-1.613779067993164062e-01
-4.403772735595702925e-01
-3.787831878662109575e-01
-5.869551467895507413e-01
-1.152143573760986278e-01
-7.809473991394043357e-02
-7.199662780761718617e-01
-3.483246612548828169e-01
-1.324900722503662143e-01
-1.724197769165038974e-01
-3.908070373535156294e-01
-2.814351463317871227e-01
-4.138786697387695224e-01
-5.999549102783202637e-01
-5.843095397949218395e-01
nan
-2.029090690612792847e-01
-3.813701629638671653e-01
-1.933458518981933660e-01
-4.947389984130859397e-01
-4.360292816162109619e-01
-3.062651824951171942e-01
-2.530084800720214799e-01
-4.080222320556640692e-01
-1.993710708618164074e-01
nan
nan
nan
nan
-4.347374343872070224e-01
2.789572000503540150e-02
-6.193129730224609109e-01
-1.216874694824218728e-01
-4.903319549560546942e-01
-1.140253143310546946e+00
-7.323925018310546431e-01
-4.298898696899414174e-01
-6.248511123657226607e-01
-9.593328857421874467e-01
-1.577386188507080012e-01
-7.708645629882812100e-01
-3.601332092285156050e-01
-5.998758697509765092e-01
-5.349209594726562766e-01
-2.668630409240722590e-01
-3.383078765869140803e-01
-3.808764266967773482e-01
-2.200647163391113159e-01
5.152330875396728821e-02
9.190736770629882868e-02
-4.139121246337890692e-01
-2.452776908874511608e-01
-4.536780357360839511e-02
-1.068286705017089805e-01
-3.071733415126800659e-03
-1.690568161010742310e-01
-2.527169227600097878e-01
nan
nan
