nan
nan
2.613155174255371027e-01
-1.563753795623779308e-01
3.969033432006836004e-01
2.131363296508789196e-01
-7.278920173645019032e-02
-3.172474288940429488e-01
3.389735031127929510e-01
5.324428081512451449e-02
4.370784759521484375e-01
-4.237918853759765625e-01
4.694530868530273349e-01
6.961973667144776001e-02
-1.968777298927307240e-02
-2.050201797485351474e-01
-7.737388610839843195e-02
5.141521835327148571e-01
-2.739632987976074463e-01
5.545967102050781694e-01
1.401772975921630748e-01
-2.164992332458496108e-02
-2.729263305664062500e-01
-2.731730079650878662e-01
-9.876925659179687234e-01
6.705327510833740401e-02
5.462043762207031694e-01
3.684328079223632701e-01
6.241461753845214955e-02
-5.316386413574218928e-01
nan
nan
nan
nan
-2.766981315612793146e-01
1.281474590301513727e-01
-1.168022384643554679e+00
-3.364284515380859264e-01
4.265335845947265669e-01
-9.683921051025390359e-01
6.571662139892577859e-01
-5.273588562011718439e-01
-2.859429359436035378e-01
-2.249315834045410023e-01
-5.859611129760742276e-01
-2.868177032470702881e-01
6.493054199218749600e-01
-3.992926788330077859e-01
1.351442623138427723e-01
3.897723770141601762e-01
-3.731059646606445512e-01
3.976342678070068221e-02
3.803836584091186551e-02
-4.240597534179687544e-01
-1.683237648010253995e-01
-6.039732742309570357e-01
-3.611019515991211182e-01
1.121650028228759755e-01
-6.294689178466796875e-01
4.128086090087890736e-01
-6.391902923583984153e-01
1.181916522979736262e-01
nan
nan
nan
nan
9.806230545043945201e-02
-3.119946289062500155e-01
1.690055847167968861e-01
-2.969255447387695451e-02
-4.748820114135742232e-01
-8.754710197448729858e-02
4.107566070556640803e-01
-6.153973579406737948e-02
3.573384475708007990e-01
-4.186609268188476451e-02
6.895473480224609819e-01
-1.383995819091796975e-01
-1.771978569030761841e-01
1.778807520866394071e-02
4.334964752197265625e-01
1.634627532958984331e-01
3.977657556533813199e-02
8.357851028442382646e-02
8.430804014205933380e-03
1.557134532928466930e-01
-4.965359497070312433e-01
-5.226828765869140359e-01
1.230741739273071358e-02
4.751229476928711115e-01
-1.918502998352050737e-01
-3.493596649169921631e-01
-8.837400078773498605e-03
-3.579750955104827725e-03
nan
nan
nan
nan
1.251662445068359442e-01
4.534243011474609619e-01
5.808367538452148260e-01
-3.542828369140624822e-01
-2.294632530212402377e-01
-1.019752407073974548e-01
5.219680309295654519e-02
4.072267150878906006e-01
-3.640514373779296653e-01
5.974766731262207142e-02
2.515811729431152166e-01
-5.388754653930664107e-01
1.262595653533935547e-01
-1.931764984130859286e-01
2.950926971435546831e-01
-8.575563812255859730e-01
1.950819969177245983e-01
2.408123207092285056e-01
-2.330709075927734353e-01
-4.171503829956054732e-01
3.556210327148437433e-01
-6.467484283447265669e-01
-1.324569606781005882e-01
-1.571869564056396495e-01
2.617422103881835715e-01
-5.701002120971679910e-01
-2.418437242507934584e-02
8.675959587097167858e-02
nan
nan
nan
nan
-6.783421993255615845e-02
6.094477462768554954e-01
-6.954997253417968262e-01
-5.365985870361328347e-01
4.698071289062499822e-01
1.972348022460937433e-01
2.349200963973999134e-02
5.178411483764648604e-02
-1.279746150970458851e-01
-1.095724296569824258e-01
-1.264004802703857511e-01
-5.287946224212646679e-02
-2.218610572814941340e-01
6.537731647491455689e-02
1.174307155609130848e-01
3.540085220336914307e-01
2.451311492919922008e-01
5.567226028442382457e-01
2.410924720764160145e-01
7.596273803710937855e-01
5.460790634155273660e-01
-2.850777816772460671e-01
2.493412733078002874e-02
-5.997234725952148571e-01
-1.841925621032714788e-01
-1.108066177368164096e-01
2.908871841430664129e-01
-4.617559432983398549e-01
nan
nan
nan
nan
-5.011600875854491655e-01
1.373675107955932631e-02
2.694012260437011475e-01
-1.330885219573974543e-01
-1.345160293579101551e-01
-1.135250186920166021e-01
-1.715610980987548884e-02
-1.373364329338073661e-02
2.229011058807373047e-02
-2.701742935180664329e-01
-3.021967887878417858e-01
1.584240722656249933e-01
-7.453717231750488226e-02
-6.750046539306641113e-01
3.193806076049804932e-01
-1.243108367919921881e-01
-3.273638916015624845e-01
-7.564043426513671342e-01
-2.848225235939025931e-03
6.693257904052734020e-01
1.304530239105224643e-01
5.028288650512695579e-01
-1.920867538452148415e-01
-4.048811721801757746e-01
-2.504195594787597678e-01
1.006640243530273482e-01
3.578725814819335715e-01
7.658170223236084040e-02
nan
nan
nan
nan
2.164994621276855602e-01
5.587907791137695090e-01
5.603346252441405717e-01
-2.871036911010741988e-01
-2.439984083175659318e-02
-3.508894348144531161e-01
-4.510244369506836160e-01
3.147153854370117188e-01
-2.744439125061035045e-01
2.492203521728515725e-01
-2.470207786560058572e-01
-7.410726547241211493e-02
-9.769471168518066573e-02
-2.912317657470703258e-01
4.371107101440429576e-01
-1.341135025024414174e-01
6.323008728027343928e-01
8.457485198974609708e-02
2.658034324645995872e-01
-8.092454528808593617e-01
-3.072678184509277100e-01
6.620688629150390803e-01
-4.693333053588867321e-01
-2.591090774536132790e-01
-2.779335403442382835e-01
5.498130321502685269e-02
-1.430297946929931507e-01
-7.099527835845947932e-02
nan
nan
nan
nan
4.893342590332031006e-01
-5.112813186645507324e-01
-4.100434112548828058e-01
6.512032318115233975e-01
2.614895629882812433e-01
2.298802566528320435e-01
-1.229191207885742126e-01
-2.741945266723632701e-01
-3.614949798583984575e-01
-1.067612991333007910e+00
-4.595128631591796631e-01
-5.357125854492187367e-01
1.802721405029296953e-01
-5.978247070312500133e-01
-1.989031314849853613e-02
2.687061548233032199e-02
-3.212388992309570535e-01
6.514208984374999512e-01
5.275988769531250178e-01
3.114766597747802707e-02
-6.395854568481444957e-01
2.643594551086425604e-01
-4.699192810058593905e-01
-1.977238655090332031e-01
2.212447357177734497e-01
-2.429458999633788974e-01
4.942078018188476585e-01
2.646256065368652322e-01
nan
nan
nan
nan
-9.375256347656250044e-01
-1.025748443603515664e-01
-7.753613281250000266e-01
-2.085477113723754883e-02
1.370258903503417947e-01
5.599677658081054776e-01
-1.800684928894042969e-01
-1.476720714569091930e-01
6.187565803527832198e-02
5.113512039184570090e-01
-6.356470870971679954e-01
7.487002563476562456e-01
2.049786949157714755e-01
2.442510223388671964e-01
-5.318072891235351429e-01
1.676061630249023326e-02
3.555529785156250067e-01
-3.395611190795898571e-01
-3.620243835449218905e-01
2.964540863037109508e-01
3.024604320526123186e-02
-7.177780628204345759e-02
1.930961990356445390e-01
5.803453922271728516e-02
4.123243331909179910e-01
-3.013011169433593706e-01
-1.623694038391113315e-01
4.795891189575195446e-01
nan
nan
nan
nan
2.417774391174316306e-01
-5.466941833496093833e-02
7.423098564147949385e-02
-1.107409286499023426e-01
3.407025909423828103e-01
-9.868039131164550726e-02
-2.745617294311523682e-01
1.210275936126709029e-01
8.681964874267578125e-01
-4.911460876464843750e-01
4.836972808837890492e-01
3.183354187011718794e-01
4.128185653686523571e-01
-6.836048126220703458e-02
-4.605147171020507746e-01
-9.700692176818848100e-02
-3.462649536132812456e-01
-1.185280895233154358e-01
5.745440006256103543e-02
-2.327358007431030301e-02
-3.523257446289062567e-01
3.014035224914550851e-02
-3.275035858154297097e-01
5.368771553039550400e-03
-4.788359451293945357e-01
-2.776639938354492076e-01
6.084390640258788840e-01
-1.031041240692138622e-01
nan
nan
nan
nan
1.724660491943359464e-01
-1.445269870758056630e-01
1.707467651367187422e-01
7.611223697662353183e-02
-5.964771270751952903e-01
1.829366111755371116e-01
-2.895997047424316295e-01
4.922860717773437367e-01
2.494946670532226518e-01
-2.961919593811035423e-01
5.700999069213866788e-01
-3.712472534179687700e-01
1.037283020019531321e+00
-9.413664817810057928e-02
1.515500164031982344e-01
-4.198061370849609508e-01
4.525769710540771679e-02
-2.177929115295410278e-01
2.831618881225586026e-01
2.357845115661621194e-01
-4.870616149902343706e-01
-2.642063903808593572e-01
1.013822078704833957e-01
-2.928252220153808594e-01
1.027659606933593733e-01
-1.335947799682617176e-01
4.847484588623046653e-01
-3.129227828979492254e-01
nan
nan
nan
nan
8.321115493774414174e-02
-4.091250610351562234e-01
-5.149030303955077770e-01
-4.073283767700195401e-01
8.031591033935546742e-01
5.967192459106445135e-01
6.562606334686278686e-02
-7.733978748321533592e-02
-2.968279838562011830e-01
-2.261696243286132890e-01
8.511934280395508368e-02
3.299160003662109097e-02
-2.008641433715820379e-01
5.769934844970703303e-01
3.700698471069335804e-01
1.867398023605346818e-02
-1.954291534423828192e-01
4.550247955322265780e-01
2.457241630554199141e-01
-9.645192146301269365e-02
-5.801233673095702592e-01
-1.074647045135498080e-01
2.226764488220214777e-01
4.562145173549652169e-03
-6.287775421142578480e-01
-1.332186222076416071e-01
4.666394233703613503e-02
-1.553404712677002031e-01
nan
nan
nan
nan
-4.952096939086914062e-01
4.158750915527343883e-01
-8.616804122924805187e-02
-1.570315647125244130e-01
-1.805588150024414196e-01
-2.207640457153320357e-01
4.484861373901367215e-02
6.473466873168945424e-02
-7.772197127342224225e-03
-2.697323226928711182e-01
-9.308758735656738614e-02
7.187303924560546342e-01
-9.375917434692382368e-02
-2.423043823242187478e-01
-2.828311729431152166e-01
-2.603673744201659979e-01
-4.333610534667968750e-01
-2.894449424743652521e-01
-4.405347061157226518e-01
-6.757046508789062988e-01
2.704842567443847545e-01
7.137917327880859419e-01
-8.845534515380859553e-01
2.597876358032226718e-01
-2.216196060180664062e-01
2.030470657348632801e-01
5.021433639526367010e-01
2.086527252197265536e-01
nan
nan
nan
nan
-1.113913421630859268e+00
4.246276855468750222e-01
-9.033037185668944813e-02
5.076654052734375089e-01
6.295243263244629239e-02
-5.082207489013671475e-01
9.707375335693358975e-01
4.021974563598632590e-01
8.731586456298828791e-02
-1.821270179748535056e-01
-7.497775554656982595e-03
-2.652906417846679910e-01
-6.058274269104003962e-02
5.057966709136963238e-03
-1.800912475585937367e-01
4.399671173095703325e-01
-1.191146755218505798e-01
-1.950936913490295549e-02
-8.908165931701660101e-02
-5.648242568969726873e-01
-1.850945472717285267e-01
8.183974266052246316e-02
4.572459030151367343e-01
6.385246276855469083e-02
-9.839726448059081532e-02
3.579164123535156228e-01
-6.992320060729979858e-02
-6.665917205810546475e-01
nan
nan
nan
nan
3.961224365234374822e-01
2.267178726196289185e-01
1.330691146850585815e-01
-1.278174114227294822e-01
-2.352613067626952992e-01
3.353081464767455888e-02
-1.798543167114257935e-01
2.776652574539184570e-02
-1.821970748901367287e-01
1.364305400848388750e-01
-3.519525527954101562e-01
-4.913855361938476718e-01
-3.374141311645507679e-01
-3.458183288574218639e-01
-4.735280990600585632e-02
1.613877677917480435e-01
7.817872524261475220e-02
-1.684755516052246216e-01
4.335464096069335804e-01
-8.031098365783691240e-02
-2.163399696350097601e-01
1.043079452514648509e+00
-3.028522300720214999e-01
3.799425125122070090e-01
9.953097343444823608e-02
-6.450630187988280750e-02
-3.399692153930664040e-01
-3.873032379150390669e-01
nan
nan
nan
nan
-7.150103092193603460e-02
-8.217411041259765903e-02
5.763445377349853821e-02
-6.333813095092772905e-01
-5.092126369476318581e-02
4.733290863037109553e-01
1.114841842651367182e-01
-2.098927116394042891e-01
-2.372352027893066539e-01
1.573286628723144509e-01
-9.870920181274414618e-02
-7.241638183593750167e-02
5.446280288696289107e-01
-2.886018180847167991e-01
5.179793834686279019e-02
-4.577984333038329773e-02
-1.775193786621093728e-01
-5.193823242187499689e-01
4.612362289428710849e-01
-8.953434753417969238e-01
2.070424270629882824e-01
-2.761681175231933683e-01
-4.601186370849609242e-01
1.896618843078613226e-01
-4.128915405273437256e-01
-1.209478855133056668e-01
-6.029953479766845398e-02
-2.012270545959472523e-01
nan
nan
nan
nan
-3.045742416381835849e-01
1.583706021308899092e-02
-6.776117706298827592e-01
-2.491718673706054821e-01
-1.749374008178710971e-01
5.981412124633789240e-01
-5.431183242797851252e-01
5.698404693603515980e-01
1.499718666076660205e-02
1.898616600036621138e-01
2.173042678833007890e-01
-4.274589061737060769e-02
7.428490447998047363e-01
3.351717758178711093e-01
2.907506370544433727e-01
7.587165069580078525e-01
-8.832412719726562278e-02
6.211055755615234597e-01
2.294068527221679588e-01
1.923431396484374944e-01
-4.986934280395508012e-01
5.902091598510742498e-01
8.267167663574218617e-01
-1.612133383750915389e-02
-1.502617168426513550e-01
-1.538247108459472601e-01
-2.960621452331542725e-01
4.933221054077148171e-01
nan
nan
nan
nan
-1.662358856201171797e-01
-4.470991516113281272e-01
1.003288269042968694e-01
-6.388628768920898704e-01
3.077726745605468550e-01
2.125893592834472712e-01
2.203978538513183538e-01
4.192029953002929799e-01
-5.323007202148437589e-01
5.211005401611328303e-01
-2.101895332336425892e-01
-5.231078720092773304e-01
-8.712860870361328613e-01
6.858568572998047230e-01
-3.537924194335937411e-01
5.878140258789062988e-01
4.784775543212890780e-01
1.826536178588867299e-01
8.944003105163574052e-02
9.243279457092284934e-02
2.217497444152831954e-01
3.214691925048828169e-01
-8.594287872314453069e-02
2.863607215881347479e-01
4.459496307373047030e-01
-2.683419036865234419e-01
1.676207923889160289e-01
1.575385665893554721e-01
nan
nan
nan
nan
2.552921485900878640e-01
5.914576721191405762e-01
-3.332485198974609319e-02
-1.769446754455566428e-01
-4.243711090087890492e-01
2.825799751281738437e-01
1.054841756820678635e-02
-2.179483222961425826e-01
-2.617613220214843883e-01
4.231258773803711071e-01
-3.593715286254882679e-01
-2.323250055313110310e-02
4.288917922973632946e-01
8.031599998474120428e-02
3.411944198608398704e-01
2.879435920715331942e-01
-2.440494155883788929e-01
-1.129404067993164118e-01
6.597632598876953525e-01
1.553281116485595581e-01
-5.970620727539062145e-01
-6.081283950805663752e-01
3.566957473754882590e-01
2.035535240173339810e-01
-6.242658138275146429e-02
6.197997665405273748e-01
nan
nan
nan
nan
nan
nan
4.840603637695312655e-01
-2.382516288757324241e-01
-2.475601768493652377e-01
1.483201313018798762e-01
-1.519255542755126864e-01
-5.724920654296874467e-01
-5.304066467285156738e-01
-1.593095111846923873e-01
6.716001892089843439e-01
5.103084945678710849e-01
-7.465431213378906361e-02
-5.941303372383117606e-03
3.811921691894531450e-01
1.368949127197265636e-01
-2.083548164367675648e-01
2.554973220825195179e-01
-1.940559959411621016e-01
2.774833106994629150e-01
-2.306992721557617199e-01
6.074275016784667913e-02
-2.146495819091796819e-02
6.170493125915527122e-02
5.309159851074218839e-01
-2.543907165527343681e-02
-3.371913909912109264e-01
2.749093437194824463e-01
1.276068687438964844e-01
1.029563293457031348e+00
nan
nan
nan
nan
4.686671829223632568e-01
-1.829831886291503895e-01
-2.112597274780273482e-01
-2.302403831481933671e-01
2.086690521240234242e-01
-4.266633605957031450e-01
-1.043881797790527366e-01
2.986905097961425892e-01
2.876713752746581920e-01
1.379488110542297433e-02
-7.653606414794922319e-01
4.170088195800781272e-01
-4.983049011230468728e-01
1.444905638694763197e-02
-3.702985000610351518e-01
1.165254402160644520e-01
2.816534805297851718e-01
-3.552646636962890625e-01
-1.604355430603027211e-01
7.200174331665039340e-03
-6.484574127197265669e-01
-1.697863388061523482e-01
nan
3.418563461303710804e-01
2.735405206680298004e-02
4.142666625976562655e-01
7.553797912597656206e-01
2.528254508972168080e-01
nan
nan
nan
nan
-3.673131561279296964e-01
5.459911346435546847e-02
1.695575141906738303e-01
2.810579109191894687e-01
-5.156499099731445268e-01
-8.296954345703124734e-01
5.683146119117736539e-03
-6.696232604980468794e-01
1.020519256591796847e-01
-4.522639751434326394e-02
3.341269302368163885e-01
7.313043975830078036e-01
4.346055603027343950e-01
8.043761444091797053e-01
-3.806507110595703236e-01
-2.638401031494140847e-01
-2.594390296936034956e-01
3.158021926879883007e-02
5.556482791900634738e-02
2.675208568572998158e-02
1.321049880981445268e-01
1.384386444091796897e-01
-2.328129959106445268e-01
4.209354400634765514e-01
5.178131484985351030e-01
-3.107463836669921986e-01
3.491349029541015447e-01
3.545735931396484242e-01
nan
nan
nan
nan
-2.868974685668945201e-01
-6.306111526489257546e-01
-2.383393526077270605e-02
9.425341606140136275e-02
4.920631790161132946e-01
3.103087234497070579e-01
-9.402412414550781472e-02
-1.088667488098144509e-01
2.369523429870605546e-01
-4.997444629669189203e-02
4.811133384704589788e-02
-1.476949787139892611e-01
1.263490295410156228e-01
-1.847927665710449308e-01
-6.375052261352539551e-01
-3.589670181274414174e-01
-1.853965759277343694e-01
-1.181096839904785117e-01
nan
3.283642196655273682e-01
2.814308166503906028e-01
-3.116267585754394775e-01
-6.034425354003906117e-01
-6.871042251586914618e-02
8.432612609863281428e-01
-3.556868743896484109e-01
4.564936828613281317e-01
-2.434238433837890569e-01
nan
nan
nan
nan
-9.069244384765624833e-02
1.903101158142089799e-01
6.247103500366211204e-01
-3.736201858520507568e-01
2.388040924072265536e-01
4.069830322265625133e-01
6.891297912597655895e-01
3.276592636108398571e-01
6.179834365844726757e-02
-9.015972137451172541e-02
4.654938888549804421e-01
3.222158050537109464e-01
1.784983444213867065e-01
-1.362209701538086015e-01
-4.134754180908203347e-01
-1.114103221893310569e-01
-5.572781372070312322e-01
-1.729561996459960949e-01
1.881361389160156328e-01
-8.219794464111328525e-01
-7.810615539550781750e-02
-3.472225952148437766e-01
4.077510833740234375e-01
-2.469036817550659263e-02
2.941510581970214755e-01
-2.548609924316406206e-01
4.750691413879394587e-02
2.749311828613281161e-01
nan
nan
