nan
nan
-2.883587455749511697e-01
-5.182488918304443276e-02
-1.523531675338745187e-02
1.553591918945312622e-01
-7.277701377868651955e-02
-5.885948562622069780e-01
3.324201965332031494e-01
-4.461032485961913818e-01
-2.784550094604492099e-01
-5.372658157348633168e-01
9.301831817626953214e-01
5.552530288696289062e-01
1.015069198608398449e-01
-1.953741264343261674e-01
5.463152694702148038e-01
9.351142120361327637e-01
5.245099258422851740e-01
-5.175673675537109109e-01
-5.290731430053711160e-01
-4.951251220703125067e-01
-1.560101222991943370e-01
-4.207520294189452947e-01
-7.604784965515136441e-02
4.124097824096679688e-01
2.123564720153808538e-01
-2.488676786422729451e-02
-3.352800369262695090e-01
1.645797729492187444e-01
nan
nan
nan
nan
-4.249316787719726318e-01
-3.036606979370117254e-01
-4.506698608398437278e-01
-5.086331176757812322e-01
2.139225196838378806e-01
-2.919651031494140403e-01
-7.223560810089110773e-02
4.025084304809570246e-01
3.339442062377929732e-01
4.465075302124023593e-01
-3.778310775756835715e-01
-1.727406501770019642e-01
-3.273158788681030523e-02
-2.187467193603515603e-01
-7.952041625976562500e-01
5.486081695556640492e-01
-5.694341659545898438e-01
-2.999027013778686468e-02
-1.724230957031250011e-01
5.252602386474609641e-01
-4.083550643920898504e-01
1.321659088134765625e-01
-1.020366363525390563e+00
-1.257925415039062578e-01
-4.860916137695312639e-02
3.834418106079101607e-01
1.951466751098632768e-01
2.538545799255371160e-01
nan
nan
nan
nan
9.126716613769531028e-02
4.166094970703124734e-01
2.855088233947754017e-01
-8.801221847534179688e-02
-9.188198089599609875e-02
-1.807472419738769542e-01
-5.374764251708984419e-01
3.422745513916015669e-01
9.652599334716797097e-01
-4.087799835205078169e-01
-2.203028917312621973e-02
2.205925559997558572e-01
2.276561164855956942e-01
6.784470367431640891e-01
1.941604018211364607e-02
3.504914474487304532e-01
1.911637496948242199e-01
-4.738068008422851585e-01
-7.874541473388672053e-01
-1.076240825653076161e-01
-9.657582283020019198e-02
2.725325012207031050e-01
-3.251902008056640758e-01
6.491165161132812500e-01
3.702593612670898593e-01
3.436877441406249734e-01
7.418759918212890492e-01
2.050625991821289074e-01
nan
nan
nan
nan
-1.273218231201171946e+00
-6.314419555664062544e-01
-1.175769615173339888e-01
-8.979620337486267020e-03
-5.440616989135742543e-01
6.070293045043945179e-01
-3.423297500610351651e-01
1.715694999694824252e-01
-2.746969985961913996e-01
3.003815650939941628e-01
-1.181870269775390642e-01
-4.101492404937744085e-02
-2.055658531188964966e-01
-2.713119888305663974e-01
-6.853347778320312278e-01
-4.945168304443359197e-01
-5.937207412719726074e-01
-2.781192588806152277e-01
-3.709315872192383012e-01
-3.827897644042968506e-01
3.207255125045776339e-02
-2.682523918151855646e-01
3.363438844680786272e-02
6.028893280029297141e-01
7.787533569335937100e-01
4.770630645751953169e-01
3.465211868286132701e-01
-2.481983184814453014e-01
nan
nan
nan
nan
-1.592339611053466830e-01
8.143793106079101618e-02
-1.581383466720581027e-02
2.033887100219726463e-01
5.070767593383789240e-01
2.875389862060546697e-01
-2.355918693542480569e-01
1.064616584777832026e-01
5.614216995239257324e-01
-2.293461990356445435e-01
7.484847259521484331e-01
4.883618927001953103e-01
5.451091384887695179e-01
6.444745635986328658e-01
1.201185226440429632e-01
3.747400283813476229e-02
-1.118323516845703136e-01
-6.574991703033447599e-02
-7.349130249023437811e-01
4.994977474212646679e-02
-6.243015289306640403e-01
5.327964019775390803e-01
-5.016289138793945668e-01
3.439700365066528098e-02
9.994835662841796697e-01
1.806533813476562389e-01
-3.732811355590820446e-01
1.560872459411621060e-01
nan
nan
nan
nan
2.090897178649902266e-01
6.279964828491211293e-01
-7.561542510986327681e-01
5.189255905151367587e-01
-1.173569965362548789e-01
1.720368003845214877e-01
-1.437717080116271938e-02
5.872338771820068137e-02
1.655707550048828025e-01
-3.392196178436279047e-02
-6.516568756103515714e-01
2.162138938903808705e-01
2.330803489685058516e-01
-1.545705318450927845e-01
4.664089202880859486e-01
-5.735186004638671564e-01
-1.348039531707763694e-01
3.620695495605468772e-01
-2.320725679397582855e-02
1.009345722198486395e-01
1.088381862640380865e-01
1.722289657592773471e-01
-2.299734497070312633e-01
-6.703460693359375444e-02
-4.722293472290038929e-01
-4.250930023193359442e-01
-1.353968334197998002e-01
-5.633837127685547008e-01
nan
nan
nan
nan
1.029356098175048806e-01
-7.336699008941650890e-02
-5.767986297607421986e-02
1.465400791168212924e-01
3.621157836914062345e-01
-2.423594474792480358e-01
7.611319541931152455e-02
2.050325012207031283e-01
2.937997436523437367e-01
2.613925361633300803e-01
2.214109230041503840e-01
-4.378088378906250244e-01
-5.921420288085937900e-01
-9.625998497009277677e-02
-4.411981582641601868e-02
-9.799386978149414451e-02
-4.608823394775390381e-01
-8.809627532958984319e-02
-6.187518596649169839e-02
5.604562282562255970e-02
3.746383666992187389e-01
-4.681199264526367254e-01
1.185065174102783170e-01
3.008535385131835826e-01
-4.017035293579101496e-01
2.301890182495117121e-01
-2.740653991699218972e-01
-3.770530319213867276e-01
nan
nan
nan
nan
2.605021858215332275e-01
-1.452301120758056618e-01
-3.918649673461914174e-01
3.153799772262573520e-02
-1.263566970825195229e-02
2.527970123291015669e-01
-8.540281295776366854e-02
1.637928009033203236e-01
-2.282288742065429754e-01
-5.278533172607421387e-01
-5.110343170166015137e-01
-1.918305969238281172e-01
-6.001683807373047186e-01
-2.529621315002441584e-01
-4.301243782043456809e-02
2.639955520629883035e-01
5.304895782470703258e-01
-7.110713958740234597e-01
-7.069085693359374867e-01
1.059965991973877003e-01
7.860549449920654907e-02
2.980873286724090420e-03
8.768585205078125444e-01
-1.519224357604980480e-01
9.392109680175780850e-01
1.123351593017578143e+00
-3.871245574951172053e-01
4.836082839965820113e-01
nan
nan
nan
nan
1.172071361541748014e-01
2.882635879516601829e-01
-5.868263244628906250e-01
-2.756122398376464888e-01
-4.670683670043945246e-01
2.621648216247558505e-01
-3.627898788452148526e-01
2.066673278808593694e-01
1.245620250701904297e-01
2.030309867858886841e-01
-5.468650436401367720e-01
-9.637367248535155806e-02
2.103203773498535101e-01
1.238100051879882812e+00
-3.474342107772827176e-02
7.291316223144531650e-01
4.790135574340820268e-01
-6.660414123535156605e-01
-2.319703292846679588e-01
-1.706060409545898382e-01
4.339342498779296675e-01
8.606866002082824707e-03
1.937767982482910267e-01
-6.988656616210937589e-01
-6.502162456512451671e-02
3.658765029907226629e-01
-1.584460544586181741e-01
5.847160720825195224e-01
nan
nan
nan
nan
-1.830668258666992287e-01
6.614296913146971990e-02
-3.578699111938476451e-01
2.265332984924316451e-01
2.507158756256103530e-02
-2.567892074584960938e-01
5.141957759857177651e-02
1.032014369964599637e-01
-3.177640724182129173e-01
-5.676813507080078480e-01
1.208137054443359393e+00
-2.831571578979492076e-01
4.698231124877929599e-01
5.358283996582031694e-01
-2.412825012207031328e-01
-2.708569717407226518e-01
-2.910769653320312567e-01
3.658846664428710982e-01
2.641734600067138783e-02
-1.450177383422851518e-01
1.110860347747802679e-01
-1.670147299766540361e-02
1.161368846893310602e-01
5.875987243652344150e-01
-9.086527252197265092e-01
3.563858985900878601e-02
4.244863891601562411e-01
-6.389851093292236994e-02
nan
nan
nan
nan
-6.777017211914062589e-01
5.692412948608398526e-01
-6.990822601318359419e-01
8.349009513854981079e-02
4.230850219726562389e-01
1.901014518737793035e-01
-2.739630126953124800e-01
-7.176996231079101063e-02
-1.684489965438842884e-02
3.089198112487793191e-01
-1.152598112821579023e-03
-4.220355510711670116e-02
2.238500976562499967e-01
-1.493509674072265592e-01
6.881549072265624734e-01
1.055471324920654319e-01
1.104777526855468817e-01
-2.444734573364257812e-01
5.189492225646972351e-02
9.676365852355957309e-02
6.421167850494384488e-02
6.076443481445312766e-01
1.018378496170043931e-02
8.885262489318847268e-02
-5.305193424224853571e-02
-3.162954139709472923e-01
-1.540494346618652421e-01
-6.308560848236083318e-02
nan
nan
nan
nan
6.051597118377685658e-02
-2.823593521118163974e-01
-6.781783103942870539e-02
-1.926588249206543091e-01
-1.193225479125976513e-01
5.103804588317870788e-02
-3.025328063964843883e-01
3.425977706909179576e-01
3.374899291992187744e-01
8.209016418457031339e-01
1.814788627624511763e-01
1.097879257202148517e+00
1.453196907043456942e-01
1.529122352600097712e-01
2.856075465679168857e-03
-5.991774749755859331e-01
-6.360401153564453347e-01
3.051998615264892717e-02
-7.475659942626953214e-01
3.896947383880615401e-02
3.171343040466308438e-01
-1.209843540191650330e-01
-1.670167541503906339e-01
-4.627751159667968794e-01
-4.193058395385741988e-01
-2.073649978637695235e-01
7.185094451904296964e-01
-1.989950942993164162e-01
nan
nan
nan
nan
-9.278826713562011996e-02
-1.532917118072509854e-01
1.388515377044677868e-01
-2.870152473449706990e-02
-1.548646926879882757e-01
-6.384880065917969416e-02
-3.465240097045898526e-01
3.284496688842773460e-01
2.646947288513183394e-01
3.636611557006835804e-01
-1.989487075805664029e-01
-5.679195404052734403e-02
-4.104183959960937544e-01
8.031949043273925448e-02
8.142666625976562322e-01
1.966646003723144520e-01
1.715926551818847678e-01
-3.003614997863769398e-01
5.894733810424804821e-01
-1.880299746990203840e-03
-6.040309524536132679e-01
-5.053405761718750000e-01
1.248763847351074263e-01
1.534269809722900446e-01
-2.144257736206054699e-01
-2.274264144897460982e-01
7.598931789398193082e-02
3.449629974365234220e-01
nan
nan
nan
nan
4.698908233642578036e-01
3.330478668212890625e-01
-3.889691162109374933e-01
-3.821385574340820379e-01
5.766438293457031294e-01
1.232603263854980535e-01
1.580194282531738326e-01
4.240503311157226562e-01
4.152157592773437766e-01
-5.992295742034912248e-02
-4.524837875366211071e-01
-2.348568725585937489e-01
-5.921118927001952637e-01
-1.028765106201171786e+00
-4.565108871459960804e-01
-4.186886596679687544e-01
7.135072708129883146e-02
-6.239447021484374467e-01
-6.139395713806152649e-02
3.443079376220702925e-01
3.399891662597656072e-01
-7.024060934782028632e-04
-1.089725208282470714e-01
1.586651802062988281e-01
6.309846878051757202e-02
2.581563186645507990e-01
2.287481880187988148e-01
-6.413667678833007146e-02
nan
nan
nan
nan
8.476828765869141025e-01
5.192508316040038707e-01
3.409777832031249956e-01
-8.455736541748046786e-01
9.187400817871094194e-02
2.819189262390136563e-01
2.682146263122558438e-01
-2.922955131530761697e-01
-2.388368368148803544e-02
-3.036149024963378795e-01
2.823150634765624889e-01
-6.277544403076171786e-01
-2.309763336181640536e-01
4.652162075042724776e-02
2.953313064575195379e-01
1.217517948150634716e-01
5.441224288940429421e-01
1.693171310424804732e-01
5.150110626220703036e-01
2.628805351257323952e-01
5.871518611907958901e-02
-4.426123428344726496e-01
-4.371238327026367165e-01
-4.250258636474609220e-01
-4.125804519653320512e-01
-2.692683792114257679e-01
-4.189900398254394615e-02
-3.750828170776367432e-01
nan
nan
nan
nan
3.357981872558593595e-01
-3.828826141357422053e-01
1.078099632263183616e-01
9.721786499023438166e-02
3.371265029907226651e-01
-8.824805259704589233e-02
3.593164443969726340e-01
3.531874465942382857e-01
9.442589759826659768e-02
-5.781214714050292997e-02
-3.593531036376952925e-01
-2.710472679138183350e-01
5.773357391357421958e-02
3.034559059143066562e-01
-4.800374221801757546e-01
2.443934059143066384e-01
-5.864824295043945535e-01
3.170585250854492387e-01
-6.043246459960937012e-01
3.626958847045898271e-02
-2.963716888427734286e-01
1.508467483520507801e-01
-3.264117431640625178e-01
2.312236022949218650e-01
9.956340789794921875e-01
-2.644183731079101651e-01
3.165153741836548157e-02
1.886930274963379006e-01
nan
nan
nan
nan
-2.887497520446777322e-01
3.408427047729492010e-01
1.625871658325195312e-01
2.961618041992187256e-01
4.382485961914062700e-01
-6.574754714965820590e-02
2.416427421569824208e-01
-1.239402580261230458e-01
-3.258905792236327925e-01
-3.047046470642089666e-01
-4.164432525634765847e-01
3.065390014648437522e-01
1.321053886413574296e-01
-6.042719650268554288e-01
2.074670219421386741e-01
4.611704635620117454e-01
2.628232574462890381e-01
-4.007460784912109109e-01
3.356702423095703214e-01
-4.146162796020507746e-01
-5.888146400451660378e-02
3.629371261596679443e-01
-4.136101913452148171e-01
3.704841232299804776e-01
-3.762739562988281494e-01
-2.484873008728027410e-01
5.132357025146484508e-01
-7.618575572967528631e-02
nan
nan
nan
nan
-3.373984527587890470e-01
3.317201232910156339e-01
-4.644561767578125194e-02
4.332895278930664062e-01
5.018938446044921564e-01
-2.104461860656738348e-01
2.146738052368163951e-01
2.045281410217285045e-01
1.235033512115478460e-02
2.706017112731933794e-01
-4.841766738891601363e-01
3.939993667602539329e-01
7.303084850311279685e-02
-3.879965972900390470e-01
3.352135467529296919e-01
6.621654987335205689e-02
4.593072128295898615e-01
6.045783615112304554e-01
-2.315449523925781350e-01
-2.280005645751953247e-01
1.735095787048339944e-01
5.174402618408202592e-01
1.722425460815429632e-01
1.455563163757324086e-01
-2.482178878784179754e-01
-2.968471717834472723e-01
3.215674972534179887e-01
-2.184163093566894587e-01
nan
nan
nan
nan
9.834795951843261497e-02
4.219226455688476762e-01
3.061337471008300781e-01
8.891682624816894809e-02
-1.375495815277099632e-01
1.784830665588378884e-01
-1.924753570556640703e-01
2.920364952087402544e-01
2.723173141479492410e-01
-3.095594406127929465e-01
9.263809967041015669e-01
1.613314056396484286e-01
-4.700984001159667913e-02
-1.814660072326660101e-01
2.644122123718261608e-01
-8.413226127624512385e-02
-5.241844177246093306e-01
-5.587417602539062056e-01
-2.651453208923340021e-01
-2.922296142578125200e-01
-3.485036849975585715e-01
-6.705860614776611162e-02
-9.901192665100097545e-02
-4.001227188110351718e-01
9.728305816650389959e-02
-6.727054595947266069e-01
nan
nan
nan
nan
nan
nan
-1.499633216857910178e-01
-2.398920059204101562e-01
1.067554950714111328e-01
-4.919515550136565815e-03
1.822677421569824097e-01
9.331314849853515891e-01
-5.218892288208007990e-01
8.362372517585753631e-03
4.229356384277343506e-01
-4.721862792968750111e-01
4.066542434692382857e-01
1.591703605651855480e-01
6.357766151428222157e-02
-5.535681533813476829e-01
-2.335575866699218794e-01
4.186881637573242054e-01
5.575503921508788707e-01
7.770585536956786665e-02
-5.347250366210937189e-01
-4.174898910522460982e-01
-1.637278556823730524e-01
-2.977361488342284979e-01
-4.120053863525390825e-01
1.795209503173827992e-01
-5.620803070068359775e-01
-1.154947280883789062e-01
3.355999755859375155e-01
3.111697769165038818e-01
nan
nan
nan
nan
4.785564041137695401e-01
3.114534568786621049e-01
-4.614569473266601496e-01
5.915091514587402649e-02
1.599007797241210893e-01
5.157062530517577681e-01
1.763990044593810938e-02
3.126524925231933816e-01
-3.870521306991576982e-02
-3.200274467468261497e-02
-3.207984924316406028e-01
3.624079513549804954e-01
-3.285020446777343617e-01
-2.764279937744140714e-01
-4.604648113250732477e-02
-1.705382919311523304e-01
-8.753054618835448553e-02
-2.354897117614745961e-01
7.549951171875000089e-01
-2.030440902709960971e-01
7.424490928649901678e-02
2.151730728149414129e-01
nan
-3.606441497802734264e-01
-4.054930877685546942e-01
-1.106777572631835876e-01
3.179096984863281072e-01
4.193424987792968572e-01
nan
nan
nan
nan
-8.462756156921386053e-02
4.821769237518310630e-02
3.132478523254394465e-01
-1.222235488891601496e-01
-2.871991920471191340e-01
4.548801422119140847e-01
1.207943916320800837e-01
-8.884198188781738947e-02
-5.859220981597900585e-02
-5.872128677368163574e-01
-8.090953826904296875e-01
-6.699232482910155717e-01
9.775964355468750311e-01
8.978142547607421697e-01
2.231828117370605602e-01
-1.864495277404785156e-01
-9.124489784240723267e-02
-4.442365169525146207e-02
3.631516265869140780e-01
-7.946622848510742632e-02
4.557601928710937611e-01
-3.224919319152832337e-02
-1.587357997894286998e-01
-1.966461753845214766e-01
1.107705831527710030e-02
-2.966994094848632857e-01
-9.796131134033203569e-02
2.360893058776855347e-01
nan
nan
nan
nan
-1.587110424041748014e-01
-4.484099960327148637e-01
1.491142845153808627e-01
-2.241184425354003917e-01
4.324221038818359397e-01
-1.065005016326904252e-01
-3.237696838378906206e-01
1.528113651275634644e-01
-1.564374923706054743e-01
-8.197159576416015447e-01
-4.246108627319336026e-01
-6.190024375915527399e-02
2.533854484558105413e-02
5.584305191040038752e-01
1.979382324218749989e-01
-2.302792930603027310e-01
-6.379853725433350109e-02
-2.180863952636718783e-01
nan
3.304877042770385659e-02
5.483015537261962807e-02
-2.645949554443359220e-01
-2.217579078674316306e-01
-3.902817535400390780e-01
1.133861827850341786e-01
2.364350128173828003e-01
-1.160692882537841808e-01
-6.152989959716796964e-01
nan
nan
nan
nan
-3.045060634613037075e-03
-1.293436431884765758e-01
-2.853747177124023593e-01
1.022250080108642600e-01
6.076668930053711337e-01
-3.611922454833984553e-01
9.668804168701171375e-02
5.186382770538330161e-02
-1.622253209352493390e-03
-1.940808677673339921e-01
-5.422197341918945090e-01
-9.841852188110351840e-02
-3.562304687499999734e-01
4.810997772216796808e-01
-2.738356828689575070e-02
2.065027427673339910e-01
3.402881622314453125e-01
-3.144491767883300648e-01
-3.902834320068359619e-01
2.890120887756347789e-01
-6.183551311492919977e-02
-3.972090911865234220e-01
-8.977979660034179910e-02
-6.265379428863525335e-02
-3.297163391113281383e-01
-1.207482910156249950e-01
4.574159622192382896e-02
4.988658905029296764e-01
nan
nan
