nan
nan
-6.415481567382812500e-01
1.177675056457519465e-01
-1.340460777282714844e-01
-1.909696006774902477e-01
-8.493823051452636941e-02
2.927352714538574152e-01
-2.633301353454589600e-01
2.016931533813476618e-01
5.210661411285400640e-02
2.950644683837890803e-01
-5.579876327514647905e-01
-8.119558715820311967e-01
5.372352981567383168e-01
5.588194274902343883e-01
-8.960445404052734542e-02
-8.909977722167968794e-01
-8.908672332763671875e-01
-5.668043136596679910e-01
3.691291809082031250e-01
2.323770713806152244e-01
-3.840642929077148215e-01
1.395207977294921908e-01
-3.527039337158203169e-01
-3.697882413864135576e-02
-9.938821792602539618e-02
1.136538696289062456e+00
-7.264515399932860995e-02
-3.753576993942260576e-02
nan
nan
nan
nan
3.551838302612304599e-01
5.023974227905273482e-01
9.901692390441894920e-02
8.882709503173827903e-01
-5.188350677490234375e-01
5.558758163452148793e-01
-3.586222076416015758e-01
-5.086692333221435464e-02
-5.038206100463866743e-01
-3.270288705825805803e-02
-1.657050895690918013e-01
-2.453993415832519398e-01
2.758595943450927596e-02
-2.283925437927246116e-01
9.971469879150390847e-02
-1.620856666564941539e-01
2.503539085388183372e-01
5.209711837768554732e-01
2.479303598403930636e-02
-6.199344635009765847e-01
2.537515640258788951e-01
4.724979782104491988e-01
5.869380569458008123e-01
1.318050575256347612e-01
4.029344940185546897e-01
5.355407238006591741e-02
7.740046691894530984e-01
3.366353607177734464e-01
nan
nan
nan
nan
-7.186711120605469016e-01
-3.891161727905273482e-01
4.003168487548828258e-01
-8.656497597694396556e-03
-3.346830368041991965e-01
-3.983458995819091908e-02
5.819169235229492143e-01
1.421031713485717760e-02
-3.456267166137695357e-01
2.860433959960937411e-01
3.247026824951171897e-01
-5.617687988281250266e-01
-1.360284900665283125e-01
-5.170553207397461382e-01
-6.290591812133788929e-01
-7.690641403198242299e-02
-2.194583892822265514e-01
1.710699081420898326e-01
6.157101058959960627e-01
-6.971710681915282981e-02
-6.334266281127929332e-01
2.075144052505493303e-02
-1.209469509124755926e-01
-2.596705198287964020e-02
4.991647338867187256e-01
4.439936447143554843e-01
7.865798950195312944e-02
1.581452369689941295e-01
nan
nan
nan
nan
4.879981231689453081e-01
-2.787826728820800848e-01
-5.043096160888671520e-01
-9.377065658569336271e-02
7.952359008789062766e-01
-4.504354858398437744e-01
-3.376417541503906050e-01
-5.222309875488281294e-01
-9.110165596008300282e-02
1.641006278991699319e-01
-5.948812007904052956e-02
4.000256061553954939e-02
-1.039290237426757774e-01
-7.837274169921875089e-01
3.246752548217773371e-01
2.405939292907714744e-01
3.116597366333007657e-01
2.546001195907592746e-02
7.067187499999999512e-01
-4.284762954711914262e-01
1.713425064086914196e-01
-1.156505584716796819e-01
2.085703277587890592e-01
1.028199791908264091e-02
-1.866023445129394442e-01
-5.453264236450194868e-01
1.373636054992675715e-01
-4.506119155883789307e-01
nan
nan
nan
nan
3.657255172729492188e-01
-7.348860502243041888e-03
2.281693267822265669e-01
-2.275350379943847645e-01
-6.972922515869141025e-01
-4.004439163208007857e-01
3.440097427368163929e-01
-3.345188903808593572e-01
1.002453517913818315e-01
5.739939212799072266e-02
-3.751393508911132768e-01
1.944684982299804688e-02
-5.529250335693359775e-01
2.594783210754394442e-01
-9.008979797363281250e-01
-2.440250778198242154e-01
-3.888037109374999911e-01
2.203479003906249900e-01
1.457206344604492221e-01
-1.367886829376220581e-01
-1.554876136779785034e-01
-2.529597520828246945e-02
-5.122380256652832309e-02
2.897104454040527188e-01
-5.465834426879883079e-01
3.029375076293945312e-01
4.628192520141601318e-01
5.320827484130859208e-02
nan
nan
nan
nan
7.910150909423827592e-01
1.672480583190917858e-01
6.970144653320312633e-01
1.882266426086425803e-01
-4.192942619323730691e-02
4.699221038818359175e-01
-7.828707218170166682e-02
-7.932324981689453658e-01
-1.695082283020019620e-01
1.785829925537109342e-01
-6.813487529754638783e-02
7.032024383544921431e-01
-2.838891792297363326e-01
2.080904960632324330e-01
8.192446899414062012e-01
1.762419509887695190e-01
8.225040435791015625e-01
2.511222839355468639e-01
6.215617370605468484e-01
1.594325256347656206e-01
1.439444637298583907e-01
-8.120801925659179576e-02
-1.533674240112304632e-01
-6.274143981933594238e-01
7.225895404815674272e-02
2.994018363952636874e-01
3.517188262939452970e-01
1.259614372253418102e-01
nan
nan
nan
nan
-1.847528648376464966e-01
7.548794555664062322e-01
-2.518691635131836137e-01
5.214678955078124734e-01
-2.714058303833007946e-01
-2.106390380859375078e-01
-4.994452285766601829e-01
-2.335413360595703092e-01
5.989924907684326255e-02
-1.004241466522216852e-01
7.351440906524658869e-02
1.176883411407470686e-01
-8.464416503906250222e-01
2.534058952331543213e-01
-2.281858062744140658e-01
3.238000869750976562e-01
1.387340831756591897e-01
3.985268402099609308e-01
-5.023716354370116877e-01
4.613640594482422141e-01
-5.577891159057617454e-01
-6.430174350738525335e-02
-4.145040512084960938e-01
-9.945204734802245983e-02
3.566756820678710915e-01
2.763376045227050604e-01
3.408208465576171853e-01
5.011505508422851030e-01
nan
nan
nan
nan
4.698458099365234175e-01
2.213942718505859386e-01
6.096937942504883079e-01
2.357071876525878781e-02
-4.093255996704101562e-01
-1.552237987518310658e-01
9.989346313476562544e-01
1.727483558654785145e-01
-7.629419708251953258e-01
1.223566532135009766e-01
-2.558126258850097479e-01
3.611320018768310325e-02
1.573034381866454945e-01
-3.552814102172851540e-01
-4.649193191528320224e-01
-3.563468551635742276e-01
3.922579956054687567e-01
8.984751129150390092e-01
-3.179907798767089844e-01
-1.228656673431396534e-01
1.308004474639892500e-01
-3.746277236938476696e-01
-2.724743604660034152e-02
-3.611707305908203325e-01
-5.631714630126952725e-01
3.248189449310302790e-02
-3.776907348632812522e-01
-6.801930236816405850e-01
nan
nan
nan
nan
-8.964386940002441739e-02
-9.298513412475585549e-02
2.100689888000488170e-01
-2.459935569763183616e-01
1.062311096191406179e+00
-4.788270568847656228e-01
-1.157776927947998108e-01
4.165591049194335982e-01
2.630512046813964777e-01
-3.330445480346679865e-01
2.166586875915527399e-01
2.005926895141601496e-01
-4.645988845825195224e-01
1.261888408660888639e-01
-2.738662147521972456e-01
-4.091876220703125067e-01
2.820059394836425537e-01
2.156342124938964711e-01
-1.825358009338378940e-01
4.127056121826171986e-01
-1.165981483459472695e-01
-1.524685096740722723e-01
-8.478120422363281117e-01
5.755169677734375266e-01
-5.688727855682373241e-02
3.892468643188476407e-01
2.316286087036132854e-02
-1.225388050079345703e-01
nan
nan
nan
nan
5.358614349365233842e-01
-3.443996429443359486e-01
-2.757278680801391550e-03
-2.446670341491699319e-01
9.093405151367187633e-01
-1.530326366424560602e-01
7.892720699310303012e-03
-5.945722579956054243e-01
-3.126479148864745872e-01
-2.759185600280761874e-01
-2.370830535888671792e-02
4.333599472045898682e-01
-2.041319465637206898e-01
1.069093418121337957e-01
4.227477645874023193e-01
-3.756071090698241965e-01
-1.563996505737304810e-01
3.562509155273437256e-01
-2.763048744201659912e-01
-4.534617996215820068e-01
-2.921531295776367276e-01
-6.677758693695068359e-02
-2.645796394348144398e-01
3.978069686889648682e-01
-1.547895812988281383e-01
-2.284862518310546986e-01
-1.378359985351562400e-01
-1.304924869537353593e-01
nan
nan
nan
nan
2.203403472900390681e-01
-2.072808837890625089e-01
6.539780426025391113e-01
-2.273348999023437622e-01
-1.124613037109374991e+00
-1.992820930480957153e-01
3.126107215881347434e-01
4.511533737182616965e-01
-5.511350250244140270e-01
-5.008805465698241699e-01
-4.536083221435546764e-01
-4.454492092132568415e-02
-6.315523910522461426e-01
2.939946365356445046e-01
2.865822219848632724e-01
2.080467033386230458e-01
2.354641151428222556e-01
6.924041748046875222e-01
-1.257826805114746135e-02
1.113518047332763689e-01
-3.089183568954467773e-02
-2.927919006347656228e-01
8.040861511230468217e-01
-1.586574912071227889e-02
4.886470031738281428e-01
2.669597053527831831e-01
2.764324378967285001e-01
-5.349461746215820046e-01
nan
nan
nan
nan
-5.434939384460449330e-02
4.175920104980468950e-01
-1.478817749023437489e-01
4.396017456054687744e-01
-6.469037532806395929e-02
8.850072860717773937e-02
-2.106000900268554799e-01
-2.438237762451171964e-01
1.266764068603515592e-01
-6.420705413818359464e-01
3.153610229492187500e-01
-7.633211517333984286e-01
-9.884995460510254128e-02
2.991384124755859242e-01
-2.134650468826293848e-02
2.748838233947754062e-01
4.899300003051758057e-01
-6.509255981445312145e-01
-1.817676162719726596e-01
-5.178068161010742493e-02
-1.099680328369140592e-01
-1.688324165344238237e-01
-1.757607078552246016e-01
4.189455795288086204e-01
1.503675746917724487e-01
1.352940273284912176e-01
-8.377582550048828791e-02
-2.609775352478027610e-01
nan
nan
nan
nan
-5.188774585723877203e-02
7.683901214599608842e-01
-3.669352722167968928e-01
9.750944137573241965e-02
1.325377559661865268e-01
-1.254515290260314886e-02
-7.182204246520995650e-02
2.196466255187988215e-01
-4.510400772094726451e-01
3.634116649627685408e-02
-1.021688556671142556e-01
6.401835632324218706e-01
-2.971052742004394731e-01
-1.992810821533202992e-01
-4.357963180541992165e-01
-3.574653244018554665e-01
-5.264766216278075894e-02
7.247182846069336049e-02
-6.387708663940430132e-01
6.699941635131835549e-02
6.275178527832031561e-01
1.767882347106933608e-02
1.424978256225585896e-02
3.086045646667480713e-01
-1.018157577514648415e-01
1.832034873962402333e-01
-3.320650100708007896e-02
-3.757840347290039018e-01
nan
nan
nan
nan
-3.912892150878906072e-01
2.634947395324707120e-01
4.518895149230957309e-02
-3.496195971965789656e-03
1.349141025543212913e-01
3.516437911987304599e-01
3.328652954101562478e-01
-2.209535980224609508e-01
-5.679787826538086337e-01
-1.542484283447265701e-02
-7.384993076324462835e-02
-1.294409155845642131e-02
-2.102206039428710926e-01
5.068122863769530806e-01
-9.280849456787108875e-02
-7.351125240325927235e-02
5.894248485565185651e-03
5.814168453216552596e-02
-8.755941009521484020e-01
-1.111095142364501992e-01
-1.896018028259277288e-01
-2.079545021057128962e-01
-1.086459445953369130e-01
-3.992928695678710782e-01
4.713309288024902094e-02
-1.958007049560546997e-01
-3.514333724975585715e-01
-3.666442108154296942e-01
nan
nan
nan
nan
-6.747516155242920532e-02
6.070871353149413785e-02
1.449940586090087968e-01
-2.939015626907348633e-02
-2.098421859741211037e-01
1.404272937774658225e-01
-4.755747985839843817e-01
9.544507980346679521e-02
-2.996197319030761697e-01
1.256852626800536998e-01
3.263691711425781294e-01
3.995193719863891768e-02
-1.444025158882141120e-02
-3.363869094848632724e-01
-6.494920349121093839e-01
-3.733805847167968595e-01
-4.633045959472656405e-01
5.394325256347655938e-03
-3.394758224487304799e-01
-4.314373779296875044e-01
-3.019884347915649525e-02
-1.392161941528320401e-01
-5.619317626953125311e-01
-4.275204849243163796e-01
-1.385821819305420033e-01
1.003072357177734325e-01
4.700842380523681530e-02
-3.069925117492675604e-01
nan
nan
nan
nan
-2.585042190551757879e-01
2.605643463134765803e-01
-1.103768444061279247e-01
5.478040695190429521e-02
4.685863494873047097e-01
4.901060485839843772e-01
9.415986061096191795e-02
3.799212932586670116e-02
4.406326675415039307e-01
-3.437403869628906095e-01
3.172650527954101740e-01
2.281920051574707065e-01
3.455422520637512363e-03
8.258773803710937056e-01
4.704035949707031095e-01
2.816399955749511741e-01
4.289279174804687678e-01
-1.483132934570312589e-01
-4.858470439910888422e-02
-3.300653076171874978e-01
5.540242385864257990e-01
7.195816040039063055e-02
5.048999404907226207e-01
-5.696771144866943221e-02
-4.242289066314697266e-02
7.124081420898437100e-01
6.293405532836914007e-02
4.257530593872070335e-01
nan
nan
nan
nan
4.718114852905273549e-01
6.224368572235107477e-02
-3.739201724529266167e-03
-3.019852447509765447e-01
2.976920700073242276e-01
-9.191662788391113947e-02
-2.471037483215332009e-01
5.174955368041992410e-01
-3.521117019653320357e-01
-2.964778900146484153e-01
4.735357666015624911e-01
-3.646245574951171853e-01
1.760176897048950154e-02
5.750139999389648482e-01
6.922299385070801447e-02
-3.711547088623046720e-01
7.909349441528319702e-02
-3.770167160034179621e-01
-3.773662805557251310e-02
-2.842014884948730336e-01
-1.412722110748290960e-01
-1.625292396545410245e-01
6.453273773193359819e-01
-1.187383055686950725e-02
3.155201339721679932e-01
3.753427505493164285e-01
-3.263235855102539218e-01
-2.995540237426757568e-01
nan
nan
nan
nan
6.299227523803710982e-01
-1.027314090728759788e-01
1.006790390014648429e+00
-5.515716171264648526e-01
-2.497923469543457120e-01
6.649452972412109863e-01
-1.136386680603027333e-01
3.473550796508789174e-01
-1.798400878906250000e-01
2.574187278747558719e-02
4.841817092895507879e-01
1.161989346146583609e-03
-6.599880981445312988e-01
1.032368240356445366e+00
6.437875270843505804e-02
-1.308467483520507901e-01
-2.952329063415527477e-01
-3.714131546020507657e-01
-6.912996673583984286e-01
-7.821825027465820201e-02
-1.767525482177734475e-01
1.587266826629638583e-01
-7.907795906066894531e-02
-6.466164398193359197e-01
6.026426315307616965e-01
-2.776833343505859530e-01
-2.663330459594726585e-01
3.085772705078124734e-01
nan
nan
nan
nan
3.682074356079101385e-01
-1.477013492584228482e-01
3.035309612751006976e-03
3.710628509521484569e-02
-1.333551216125488381e-01
-2.057884693145752009e-02
1.889346313476562567e-01
2.814819335937500111e-01
-3.133178329467773415e-01
3.703747177124023238e-01
-9.141690063476562988e-01
-2.408647346496582131e-01
-6.770339488983154186e-02
-1.364959621429443493e-01
3.471435546875000222e-01
-2.463055133819580175e-02
2.531012153625488148e-01
-2.766973686218261452e-01
8.765390014648437589e-01
-3.486946105957031139e-01
3.510374069213867410e-01
4.754915618896484175e-01
3.316006851196289240e-01
-3.863069534301757924e-01
8.949510455131530484e-03
-4.540317535400390514e-01
nan
nan
nan
nan
nan
nan
2.115236091613769409e-01
3.127732849121093728e-01
6.016613006591796653e-01
3.916351699829101474e-01
-7.265166759490966630e-02
-1.195092582702636658e-01
2.681581687927245827e-01
-4.237809181213379045e-02
1.007203292846679671e-01
4.102964401245117188e-01
-6.756365966796874512e-01
-5.617056274414062855e-01
5.274880981445312367e-01
1.053513772785663540e-04
1.873003196716308549e-01
-7.189863920211791645e-03
-3.332640457153320246e-01
-2.258951759338378995e-01
-3.415966796875000155e-01
-2.916224288940429954e-01
3.651723861694335938e-01
6.773001861572265359e-01
9.370441436767577847e-02
-4.374079895019531428e-01
-1.584732818603515614e-01
-3.402753353118896651e-02
1.837060928344726451e-01
1.416230487823486317e-01
nan
nan
nan
nan
3.945902252197265869e-01
-2.993375968933105202e-01
5.290705108642578258e-01
-2.438357925415038929e-01
-3.599434614181518804e-02
5.291566848754882812e-01
3.661877441406249933e-01
6.019509792327881054e-02
1.975921630859374944e-01
1.531242179870605513e-01
-3.994504165649414018e-01
1.151385307312011719e-01
-1.997788238525390614e-01
-1.217696666717529332e-02
4.133794021606445046e-01
6.110074234008788796e-01
9.354046821594237671e-02
3.085865592956543169e-01
-3.796019363403320135e-01
-2.056471443176269565e-01
-6.363362312316894753e-02
-5.091717147827148349e-01
nan
5.010176658630371288e-02
6.600131225585937900e-01
-9.505778312683105247e-02
-1.402028942108154430e-01
2.534268379211425670e-01
nan
nan
nan
nan
4.516823577880859641e-01
4.674684143066406006e-01
-2.447977447509765703e-01
-1.639242172241210938e-01
-2.626684951782226607e-01
1.721658325195312422e-01
-7.447792053222656028e-01
-3.634281158447265625e-01
-1.730562400817871049e-01
-3.315149784088134571e-02
1.093442726135253895e-01
4.897951507568359397e-01
6.467720985412597767e-02
3.810925292968749822e-01
2.544406950473785539e-03
6.333975601196288885e-01
-8.259439086914062145e-01
-5.778901290893554421e-01
9.165042877197265847e-02
1.062179470062255826e-01
1.818923950195312500e-01
2.527119636535644642e-01
-5.966606616973876842e-02
2.997246170043945113e-01
3.843799591064452903e-01
-2.595158195495605447e-01
2.209694862365722545e-01
3.897130584716796964e-01
nan
nan
nan
nan
-3.133390235900879173e-01
-1.611480331420898360e-01
4.984583377838134460e-02
1.521055579185485833e-02
-9.577199935913086049e-02
-4.391557693481445424e-01
3.313571548461913818e-01
-6.946237087249755582e-02
9.777414798736571572e-03
-2.998156166076660356e-01
-8.515029907226562278e-02
3.183678817749023282e-01
4.687597751617431779e-02
4.237928009033203325e-01
-9.655797004699706587e-02
-2.018482017517089777e-01
-5.158124446868896790e-02
4.620274734497070157e-01
nan
1.892570114135742054e-01
2.174783468246459933e-02
1.775877189636230480e-01
-1.088458156585693365e-01
-2.197297477722167935e-01
5.078931808471679465e-01
-2.067397689819335804e-01
-2.463071250915527255e-01
2.362030792236328169e-01
nan
nan
nan
nan
-9.359771728515625666e-02
2.774320220947265603e-01
5.499489212036132724e-01
-3.341921997070312345e-01
-1.019988174438476669e+00
-3.665373992919921942e-01
3.810469818115234109e-01
-1.884118652343750033e-01
6.602347373962402788e-02
-1.900105285644531350e-01
6.066287231445312012e-01
1.406792736053466830e-01
-2.084275627136230602e-01
-2.162294197082519631e-01
4.931862640380859641e-01
-5.287560272216796919e-01
4.783267021179199441e-02
2.540589904785156006e-01
-1.320449066162109331e-01
7.415126800537109597e-01
3.620083999633789129e-01
4.633288574218750178e-01
3.191401290893554621e-01
4.548984909057617321e-01
-3.609931564331054776e-01
4.031209182739257657e-01
-6.306404113769531472e-01
5.173144149780273260e-01
nan
nan
