nan
nan
6.049760818481444979e-02
3.912130737304687633e-01
1.978375244140624933e-01
-1.338215446472167947e-01
-8.263616943359375355e-01
2.143036460876464877e-01
1.542996215820312544e-01
-6.381914138793944868e-01
-2.400704765319824352e-01
-2.148680686950683524e-02
3.235771942138672141e-01
2.246338272094726696e-01
2.530684089660644731e-01
2.258784484863281261e-01
4.715621185302734109e-01
3.520012664794922030e-01
-3.370160293579101407e-01
2.813012504577636630e-01
-1.583085727691650457e-01
-5.037539672851562012e-01
2.122852134704589777e-01
-1.251793518066406152e+00
-3.344343900680542270e-02
-4.335565948486327925e-01
-3.437203979492187700e-01
-5.105846881866454856e-02
-1.344650745391845655e-02
-2.156148147583007713e-01
nan
nan
nan
nan
7.118657684326171742e-01
2.359759140014648371e-01
2.611760711669922075e-01
-1.161568760871887172e-02
6.398909091949463168e-02
-1.591681987047195452e-03
3.675819396972656028e-01
1.736204719543457120e-01
-3.000470542907714977e-01
-9.401831626892090399e-02
1.519402027130127009e-01
-5.685663986206054288e-01
8.636156463623047008e-01
-3.410924148559570379e-01
-3.319927692413329745e-02
-3.741516876220702947e-01
8.562137603759766014e-02
-1.381016635894775357e-01
-1.681159782409668013e-01
1.875457382202148360e-01
-4.853302001953124778e-02
-3.404924392700195424e-01
-4.271622467041015780e-01
-4.756964683532714788e-02
1.843541526794433560e-01
6.763533020019530939e-01
3.299079656600951982e-02
6.837731170654296475e-01
nan
nan
nan
nan
-1.782445907592773368e-02
-4.657677841186523282e-01
-1.382692337036132701e-01
-2.720742797851562478e-01
-2.392110061645507935e-01
2.154438972473144420e-01
-4.486338806152343484e-01
-5.573144149780273615e-01
3.433541488647460782e-01
-5.517479705810547363e-01
-7.020266532897949385e-02
2.059121131896972656e-01
5.680389022827148082e-01
-4.506600570678711004e-01
-1.139814853668212891e-01
1.826627254486084054e-02
2.095231437683105491e-01
-1.323144054412841719e-01
-4.420304489135742365e-01
-2.678705596923828258e-01
1.246999073028564470e-01
1.427602386474609297e-01
2.071173477172851551e-01
3.176026344299316406e-01
1.414664506912231487e-02
2.624197387695312300e-01
1.766442871093749922e-01
1.401810932159423817e-01
nan
nan
nan
nan
-1.093206524848937961e-02
7.693417358398437766e-01
1.520834827423095670e-01
1.980812454223632724e-01
-4.086793959140777241e-03
3.128096771240234109e-01
-1.220632362365722673e-01
9.223791122436524048e-02
5.070849227905273038e-01
-3.638507461547851318e-01
-4.973752593994140714e-01
-2.089404106140136871e-02
-2.692943572998046653e-01
2.695740509033203169e-01
-4.387177944183349304e-02
1.370007991790771484e-01
2.270641708374023515e-01
1.141798114776611389e-01
-2.136099433898925870e-01
7.694142341613768865e-02
-1.017997741699218750e+00
1.896197509765625011e-01
-1.744553947448730380e-01
-1.426768016815185558e-01
9.457064628601073719e-02
-1.930886459350585893e-01
6.843930816650390936e-01
6.279841613769531206e-01
nan
nan
nan
nan
3.780501127243041798e-02
3.104361295700073381e-02
-2.351000785827636608e-01
5.896014404296875400e-01
-3.680892562866210915e-01
-1.604674339294433483e-01
-4.410177230834960715e-01
-8.613681793212890625e-01
-5.063822555541992454e-01
-3.779106736183166469e-03
1.120916080474853582e-01
1.114647579193115273e-01
9.358194351196288951e-02
1.913367652893066539e-01
-1.103873443603515664e-01
-2.888941192626953147e-01
8.145174980163574774e-02
3.816687393188476496e-01
-2.647044563293456942e-01
-1.373583030700683549e-01
8.381230163574219238e-01
2.961121177673339822e-01
-4.979578018188476340e-01
-1.079211533069610648e-03
1.370539474487304787e-01
-4.811171340942382857e-01
3.959922790527343750e-01
-5.647595882415771401e-02
nan
nan
nan
nan
-5.821042633056641158e-01
4.126681137084960982e-01
-2.748058319091796764e-01
-5.070065307617187544e-01
-5.687868118286132368e-01
-6.429366302490234775e-01
2.697663497924804865e-01
-3.128225326538086049e-01
-2.291310119628906239e-01
-4.122282981872558288e-02
-9.338234710693359419e-01
5.578940868377685325e-02
4.380371856689453391e-01
3.426240921020508035e-01
1.106149196624755804e-01
-4.943603134155273304e-01
6.409482574462890270e-01
-6.820158362388611083e-03
6.573117065429687766e-01
-9.750795364379882812e-02
2.410328292846679599e-01
-2.264636611938476429e-01
-1.039348411560058610e-01
-3.587789916992187300e-01
1.210547828674316401e-01
2.734926223754882701e-01
-7.441996765136719150e-01
5.459737014770508212e-01
nan
nan
nan
nan
-9.005929565429687811e-01
-5.359487915039062855e-01
-8.985436439514160600e-02
3.694049072265624956e-01
-3.337329101562500067e-01
4.791316986083984375e-01
-3.134263610839843617e-01
7.555072784423828569e-01
4.699649429321289262e-01
2.488015556335449185e-01
-2.442173957824707031e-01
2.580596160888671831e-01
1.842427444458007713e-01
-3.076041412353515692e-01
8.880791664123535711e-02
-1.267025852203369218e-01
-5.163747787475585493e-01
8.640331268310547097e-02
2.315835380554199241e-01
2.473226928710937633e-01
2.478693771362304732e-01
2.689729690551757590e-01
7.018263244628906161e-01
3.693403625488281272e-01
-2.210613965988159069e-02
7.974231719970703569e-01
3.851515579223632746e-01
-6.618621063232421609e-01
nan
nan
nan
nan
-2.532012367248535067e-01
5.387897491455077847e-02
1.640916442871093728e-01
1.340414619445800815e-01
-1.813184165954589977e-01
9.829540848731993866e-03
-2.797074079513549652e-02
5.251620292663574524e-02
1.004217043519020159e-03
-3.177503204345702992e-01
7.470160675048828081e-01
-5.361972332000732727e-02
7.177406311035156028e-01
8.059663391113280895e-01
-2.633220481872558527e-01
1.380166053771972670e-02
-5.407875823974609419e-01
-1.555170631408691329e-01
2.273015022277831976e-01
-2.734264755249023460e-01
-3.409692382812499756e-01
-9.013468742370606135e-02
-9.084635925292968706e-01
-3.164663887023925759e-01
3.376679992675781228e-01
4.285591125488281139e-01
2.776923561096191206e-01
8.240528106689452847e-02
nan
nan
nan
nan
-1.308096599578857377e-01
7.137664318084717407e-02
-1.155320358276367143e-01
2.613762855529785378e-01
-1.345588588714599632e-01
1.025581550598144570e-01
-4.838349342346191101e-02
3.265874862670898326e-01
-3.841972351074218750e-01
3.817119979858398238e-01
5.650143051147460405e-01
3.177536201477050848e-01
6.806036376953125133e-01
3.704777526855468905e-01
-3.736591339111328125e-01
-7.422431182861327637e-01
-3.046301078796386785e-01
-2.872465515136718994e-01
6.297862243652343484e-01
-2.175745201110839966e-01
-5.354269027709961382e-01
3.084345436096191384e-01
3.702256393432616921e-01
-1.490236473083496049e-01
-5.334011459350586071e-01
3.591610717773437433e-01
-5.572139739990233931e-01
1.407613563537597756e-01
nan
nan
nan
nan
-5.454801559448241993e-02
-1.922886657714843739e-01
-4.919803237915039151e-01
-1.965290451049804821e-01
4.139368057250976674e-01
-2.644499015808105535e-01
4.143507003784179660e-02
1.888845252990722645e-01
-5.484352111816406250e-01
2.804004907608032351e-02
4.740752696990966492e-02
8.534407806396484553e-01
6.139229202270507502e-01
-1.221778488159179638e-01
-3.979106521606445290e-01
-1.167642593383789139e-02
4.904839706420898171e-01
4.105054092407226518e-01
-6.555181503295898215e-02
4.703470611572265758e-01
-3.481128692626953014e-01
3.432633972167968839e-01
3.017315864562988281e-01
-2.897362327575683794e-01
4.929963111877441739e-02
2.226952171325683461e-01
-2.787780523300171023e-02
-4.174516201019286971e-02
nan
nan
nan
nan
-4.810457706451416043e-02
-2.258114624023437600e-01
-1.569238567352294889e-01
3.057607269287109242e-01
-1.139534282684326189e-01
2.603668022155761763e-01
3.786916351318359575e-01
6.948643684387206809e-02
2.303109359741210838e-01
6.337902069091796431e-01
-1.428886604309081987e-01
-6.566979217529297363e-01
1.022622013092041038e-01
-4.142892074584960671e-01
-1.549557781219482455e-01
-2.622577667236328236e-01
4.182686233520507835e-01
-8.955326080322265070e-02
3.926808547973632546e-01
-4.587902450561523460e-01
-4.643842697143554799e-01
-5.613360977172852095e-01
-1.904390144348144520e-01
2.428779125213623158e-02
9.029969024658203169e-01
-1.506819248199463002e-01
-2.386014175415039074e-01
-8.357945084571837685e-03
nan
nan
nan
nan
-5.054030895233154602e-02
-4.498229217529297053e-01
3.351592254638671720e-01
2.665505981445312478e-01
-1.831464958190917869e-01
2.954624176025390514e-01
2.968034362792968950e-01
4.865644931793212946e-02
1.674890518188476562e-02
5.990538597106933455e-02
3.692434692382812744e-01
-2.470339393615722523e-01
-5.490389633178710538e-01
5.878505706787109375e-01
1.650541114807128895e-01
-7.294586944580078169e-01
3.011906051635742099e-01
3.338249588012695557e-01
7.389608001708984908e-01
6.699353027343749600e-01
1.627747726440429699e-01
-4.220164120197295900e-03
2.611153984069824463e-01
1.554945087432861306e-01
8.314188385009765314e-01
5.449675369262695357e-01
-5.671751499176025391e-02
-1.243478927612304608e+00
nan
nan
nan
nan
-7.203822135925293246e-02
8.335649871826171786e-01
-2.530886650085449330e-01
1.904865264892578181e-01
3.561820220947265470e-01
-9.267057800292968217e-01
1.688330650329589733e-01
2.126013374328613315e-01
5.558555603027344194e-01
-5.947601318359374556e-01
-5.924758911132812361e-02
-2.184979248046874933e-01
-3.321331787109375044e-01
-8.024245452880859331e-01
3.010384941101074130e-01
-1.942110824584960815e-01
1.078860759735107422e-01
-6.107166767120361661e-02
7.777504920959472934e-02
3.539120864868163796e-01
1.110102081298828119e-01
-3.404088211059570490e-01
5.014603137969970981e-02
2.335654449462890581e-01
7.314834594726562500e-01
8.126263618469238559e-02
-1.653917884826660023e-01
9.995049285888671919e-01
nan
nan
nan
nan
1.122584438323974559e-01
-5.171633148193359730e-01
-2.871110153198241921e-01
-4.309685516357422141e-01
3.368593597412109508e-01
4.716613769531249889e-01
-9.458786964416504572e-02
2.086537742614746060e-01
6.365321636199951227e-02
-8.781496047973633146e-02
-2.172738790512085058e-02
-3.992149734497070224e-01
4.193686962127685797e-02
-3.320496368408203391e-01
2.570017433166503773e-01
3.567566680908202947e-01
4.413723373413085960e-01
-2.085131072998046842e-01
1.136435031890869196e-01
-5.783501815795898393e-01
-2.096955108642578058e-01
-1.990410041809081987e-01
-2.441816329956054688e-01
-3.863030242919922030e-01
2.091683959960937422e-01
-1.829771280288696247e-02
1.944280815124511674e-01
-2.917083549499511763e-01
nan
nan
nan
nan
7.797683715820312722e-01
-4.184217453002929410e-02
-1.113773250579833951e-01
4.905378341674804799e-01
-2.078209495544433572e-01
9.136513471603394110e-03
2.810656166076659912e-01
5.061322212219238059e-02
-1.564190673828124989e-01
9.979933738708496316e-02
-2.675909805297851385e-01
-8.274868965148925171e-02
3.030416870117187411e-01
-2.962775039672851385e-01
1.085803031921386656e-02
4.463229751586914040e-01
7.436494827270508090e-02
1.988687133789062422e-01
4.988456726074218528e-01
-1.829274177551269420e-01
1.533097553253173762e-01
5.048737335205077947e-01
2.416379928588867076e-01
-1.755618858337402444e-01
-5.396414947509765581e-01
1.706193834543228089e-03
9.714770317077636719e-02
-7.921547698974609197e-01
nan
nan
nan
nan
3.511299896240234197e-01
1.024803733825683655e-01
-2.850190734863281006e-01
-1.045624637603759788e-01
-3.346792221069335715e-01
1.392156791687011730e-01
-3.177785491943359575e-01
-4.224873352050781405e-01
-1.316867065429687400e-01
-9.338111877441405972e-02
-1.829782867431640758e-01
-7.127232551574706754e-02
3.722954177856445113e-01
-3.252085924148559459e-02
-1.527215290069580123e-01
-5.269629669189452859e-01
-3.612256526947021235e-02
5.202379989624023038e-01
1.743195724487304754e-01
2.068217277526855358e-01
6.090501022338866699e-01
5.188826084136963224e-02
2.247983551025390658e-01
6.228257369995117143e-01
-2.323635578155517495e-02
2.918957138061523682e-01
5.521846389770508345e-01
-3.667652130126953236e-01
nan
nan
nan
nan
-1.012118759155273384e+00
8.129165649414062944e-01
3.958007049560546831e-01
1.104854297637939409e-01
6.579140186309814786e-02
7.623635292053222712e-02
-6.915747070312500133e-01
2.785014152526855621e-02
-4.162888717651367365e-01
5.659772872924804243e-01
-9.485246658325195701e-02
-6.175214767456054243e-01
5.993366622924805043e-01
2.761864089965820335e-01
9.946791648864745927e-02
5.350471496582031028e-01
2.882401084899902100e-01
4.747748184204101385e-01
-3.254654693603515891e-01
1.980146980285644454e-01
-9.367980957031249445e-02
5.085309505462646401e-02
-6.063616275787353863e-03
-5.839056894183158528e-04
-8.980541992187499600e-01
7.020912170410156805e-02
-4.926502990722656516e-01
3.050505828857421609e-01
nan
nan
nan
nan
2.404960632324218694e-01
-2.278670501708984497e-01
-4.558973312377929965e-02
-1.555565452575683461e-01
1.297644329071044877e-01
-5.541039276123046475e-01
2.934753990173339933e-01
-3.094355010986328258e-01
-1.556920289993286161e-02
2.849635314941406095e-01
4.882756042480468905e-01
2.779293060302734375e-01
-2.245082473754882735e-01
4.559901809692382679e-01
2.096804237365722523e-01
7.576499176025390803e-01
-4.228727340698242021e-02
3.559508132934570135e-01
1.154324817657470664e-01
-3.177523803710937678e-01
-1.967289733886718739e-01
-1.997594261169433616e-01
-2.686030960083007901e-01
-7.800741195678710660e-02
1.862482261657714966e-01
-5.561698532104492054e-01
-2.818910408020019465e-01
1.115108299255371110e-01
nan
nan
nan
nan
2.043854713439941309e-02
-2.033739280700683494e-01
-5.748827362060546786e-01
-1.966072654724121127e-01
5.420892333984375089e-01
-3.011063385009765669e-01
-6.677071380615234863e-01
8.074394989013672363e-01
8.252308845520019143e-02
4.220808029174804576e-01
4.560134410858154158e-02
-1.772660446166992310e-01
-1.838551330566406128e-01
4.846366882324218972e-01
-5.140441894531250222e-02
4.733537673950195118e-02
4.209624481201171831e-01
1.497583270072937005e-02
-3.753001403808593484e-01
1.758232116699218750e-01
-7.469869613647460438e-02
1.603018188476562633e-01
1.985644531250000122e-01
1.007683372497558544e-01
2.957737541198730558e-01
-1.841157531738281117e-01
nan
nan
nan
nan
nan
nan
-1.282322883605956920e-01
1.132246303558349654e-01
-3.954978561401367165e-01
4.262952804565429688e-01
-4.441901779174804443e-01
4.147093582153320579e-01
-3.095597457885742032e-01
-9.454355239868164618e-02
3.275643539428710893e-01
3.688996887207031117e-01
-2.377528697252273668e-04
-2.045255661010742243e-01
3.057765197753906095e-01
-9.134049987792969283e-01
1.560589694976806663e-01
-5.096760559082030850e-01
-6.201931381225586071e-01
8.577172851562500089e-01
-7.516576385498047186e-01
-3.114522457122802582e-02
1.344590282440185636e-01
3.868872833251952859e-01
6.993122863769530850e-01
2.285061836242675837e-01
4.616761779785156228e-01
-1.253961944580078147e-01
4.669855880737304732e-01
4.815852642059326172e-02
nan
nan
nan
nan
-4.673724746704101540e-01
2.986636543273925581e-01
-1.249438953399658186e-01
2.576535701751709109e-02
-1.411012887954711872e-02
1.503839874267578203e-01
-1.615148162841796853e-01
6.103985977172851074e-01
-3.203130722045898215e-01
9.091186523437500000e-02
-4.337372207641601585e-01
1.127318668365478449e-01
1.406471157073974632e-01
2.177347755432128829e-01
-2.963206672668456942e-01
5.791284561157226118e-01
-9.055442810058593472e-03
-8.031135559082031028e-01
4.914045810699462641e-02
3.291869354248047053e-01
3.834170341491699441e-02
3.141869926452636741e-01
nan
-2.373301124572753940e-01
6.082372283935546520e-01
3.388716506958007746e-01
1.623011016845703203e-01
-3.167698383331298689e-02
nan
nan
nan
nan
-9.403355598449707198e-02
-1.485167312622070190e-01
-6.934205627441406561e-01
2.064913368225097523e-01
-8.901280164718628624e-03
-7.267680168151854914e-02
3.507307815551757857e-01
-7.162338256835937278e-01
2.551938629150390381e-01
2.877836608886718550e-01
7.956054806709290245e-03
-4.068518829345703081e-01
-5.259698486328124867e-01
4.907201004028320379e-01
4.325204467773437478e-01
-9.211126327514648771e-02
-1.368865394592285178e-01
1.221221828460693354e-01
-4.112169647216796786e-01
2.853843879699706765e-01
-4.317553710937500067e-01
-2.314787387847900418e-02
2.827816200256347834e-01
-6.374347686767578569e-01
-4.000876235961914329e-01
1.467230987548828192e-01
-2.317227745056152366e-01
3.660429000854492076e-01
nan
nan
nan
nan
1.898053932189941451e-01
-1.271343803405761697e-01
-7.037329101562499467e-01
1.994863867759704562e-02
3.217714548110962164e-02
-4.677161026000976607e-01
-2.265501022338867188e-01
3.752655410766601585e-01
-3.242678451538085760e-01
6.806968688964844250e-02
2.123332405090332109e-01
-1.181997776031494113e-01
-4.708900833129882613e-01
6.821137428283691184e-02
-1.582051944732666138e-01
4.284435272216796653e-02
3.940671539306640492e-01
3.592002987861633162e-03
nan
1.819867897033691506e-01
2.909237480163573975e-01
-1.297467422485351629e-01
-2.769316291809081898e-01
-6.854338836669922053e-01
-8.094680786132812944e-02
-4.015281295776367276e-01
6.559338569641112726e-02
-8.909772872924805187e-02
nan
nan
nan
nan
-7.583394527435302623e-02
1.667013549804687578e-01
-3.494085311889648660e-01
2.121774864196777355e-01
-6.224320983886718617e-01
3.646679687500000155e-01
9.697584152221679077e-02
-2.730062294006347923e-01
2.752595138549804865e-01
-3.467964172363281472e-01
-1.178239154815673845e-01
1.727566337585449141e-01
-1.823089790344238348e-01
1.396012544631958056e-02
-7.694725513458251787e-02
-2.843002700805664085e-01
4.825163269042968550e-01
-2.305204391479492299e-01
-3.932732391357421919e-01
3.838709259033203369e-01
1.060964870452880821e-01
1.493570518493652355e-01
1.073241829872131382e-02
5.310545444488525696e-02
7.491796874999999689e-01
-2.210184860229492121e-01
-3.155141830444335715e-01
1.237956237792968706e-01
nan
nan
