nan
nan
2.466810798645019398e-01
-3.093587112426757768e-01
1.119500350952148393e-01
-2.362749862670898426e-01
-2.922957181930542145e-02
-6.756101989746093883e-01
5.446144104003906028e-01
2.875442504882812569e-02
-5.317256450653076033e-02
-1.604615592956543102e-01
-1.720882797241211071e-01
-1.065618228912353499e-01
9.086441040039062722e-01
1.127367591857910134e-01
-1.884330940246582153e-01
-5.683311462402343417e-02
2.981751263141632115e-03
-1.411950469017028871e-02
3.159484100341796720e-01
-2.427810907363891699e-02
5.506748962402343572e-01
-9.879765510559082586e-02
-3.769517898559570090e-01
-2.987129211425781361e-01
4.977270126342773215e-01
-3.950379180908203391e-01
3.182983970642089822e-01
2.694709396362304776e-01
nan
nan
nan
nan
-1.982485389709472690e-01
4.801551342010498130e-02
-1.119479084014892573e-01
7.397210597991943359e-02
-1.654625320434570390e-01
3.355479812622070290e-01
4.381700515747070090e-01
1.000045013427734442e-01
3.307238769531249956e-01
-3.218883132934570179e-01
-1.271909236907959040e-01
2.820993804931640758e-01
1.327829551696777244e-01
-1.454297733306884888e-01
-2.222249412536621005e-01
-4.708232116699218595e-01
5.350845336914062944e-01
-8.427835845947265758e-01
5.042551040649414507e-01
-3.275584030151367232e-01
-2.976577377319336026e-01
-2.957194328308105358e-01
-1.825061559677124134e-02
-2.028365707397460915e-01
4.862323379516601540e-01
-8.031361389160156516e-01
3.853825107216835087e-04
-1.637590980529785023e-01
nan
nan
nan
nan
1.248960971832275418e-02
-4.304706192016601318e-01
-4.167866134643554710e-01
4.515055465698242232e-01
-2.149913787841796764e-01
-8.953045654296875044e-01
-2.474767303466796908e-01
2.287085342407226551e-01
-2.150655555725097534e-01
-1.425184535980224543e-01
5.610693931579589788e-02
-8.087771606445312012e-01
1.653734016418456909e-01
-4.827136993408203125e-01
-4.244166946411132568e-01
3.628317642211913996e-01
-1.985484886169433527e-01
-1.172548961639404280e-01
4.091575241088867276e-01
2.449603843688964722e-01
2.603204154968261630e-01
-1.790390396118164140e-01
5.871180057525635099e-02
-4.680928802490234575e-01
3.519111251831054665e-01
-3.029623413085937300e-01
-3.777517700195312522e-01
8.319078826904297008e-01
nan
nan
nan
nan
-5.473959732055664329e-01
7.344189453124999600e-01
3.300102996826171919e-01
-5.955215454101562278e-01
5.092054367065429465e-01
5.263691329956055043e-01
6.595522308349609508e-01
-2.225597953796386586e-01
-5.954169631004333461e-03
2.359600639343261697e-01
2.493366050720214888e-01
5.311906051635741921e-01
7.817983150482177290e-02
2.703413200378417813e-01
6.166223526000976785e-01
3.297398376464844016e-01
-8.592737197875977007e-02
4.563370704650879239e-02
-3.598352050781249978e-01
3.564083099365234486e-01
-3.822050094604492222e-03
-1.673894882202148493e-01
1.178135490417480530e-01
-1.441826915740966886e-01
-1.644586372375488326e-01
6.247407913208007368e-01
-4.355993747711181530e-02
3.865128326416015780e-01
nan
nan
nan
nan
-3.630059432983398504e-01
2.189968872070312544e-01
-5.584617996215820446e-01
-5.154275512695312145e-01
6.941087245941161832e-02
-2.845528125762939505e-03
-1.932240867614746227e-01
-5.890220642089843972e-01
3.111362838745116988e-01
2.660039901733398660e-01
2.986995506286621027e-01
3.097502136230468883e-01
-1.280935287475585826e-01
-3.570189285278320135e-01
2.807651901245117321e-01
-2.504868316650390447e-01
5.800228881835937100e-01
4.992656707763671875e-01
5.257279205322266113e-01
-2.625871658325195160e-02
-6.477565002441406650e-01
-2.018215370178222667e-01
2.189559364318847678e-01
4.022950744628906450e-01
-2.626969909667968839e-01
6.029682159423828125e-01
6.629570960998534823e-02
-2.349500846862792869e-01
nan
nan
nan
nan
-1.056192398071289090e-01
-8.697454071044922186e-01
4.480313873291015825e-01
-4.489095211029052457e-02
1.529837989807129039e-01
-3.904679489135742254e-01
3.411819458007812611e-01
-3.212293243408202992e-01
-3.771665096282959123e-02
-3.061211585998535045e-01
9.302412986755370650e-02
-3.407947540283203236e-01
1.836171531677246171e-01
4.260226726531982089e-02
-4.044044876098633057e-01
-4.162993240356445135e-01
-2.728975677490234619e-01
4.701087188720702859e-01
4.709713459014892856e-02
4.083620071411132868e-02
-5.872835159301758035e-01
5.433031082153320090e-01
-4.807594299316406139e-01
7.185664176940917414e-02
-3.353129577636718706e-01
-2.218518066406250100e-01
3.045524406433105513e-01
-5.384194946289062589e-01
nan
nan
nan
nan
-9.954841613769531417e-02
6.177680587768554776e-01
-1.121657848358154352e-01
9.241234779357909712e-02
4.268498992919921853e-01
-1.379002094268798849e-02
-1.827251625061035167e-01
5.789960479736327992e-01
2.590780258178710938e-01
-2.830735206604003684e-01
-4.283747100830078147e-01
-2.565997886657714888e-01
2.108025360107421975e-01
-1.312074756622314542e-01
4.387435531616211137e-01
3.792830657958984331e-01
9.391384124755859306e-03
-4.583243942260742387e-01
9.053314208984375444e-02
-4.314273071289062567e-01
-3.642557525634765869e-01
4.891841506958007901e-01
2.062438583374023304e-01
-1.709221649169921919e-01
-7.692942619323730677e-03
-1.214911651611328136e-01
-4.154868721961975375e-03
2.040414047241211060e-01
nan
nan
nan
nan
-4.189945983886718683e-01
1.460190391540527322e-01
-6.775845336914062544e-01
-2.178403663635253840e-01
-1.585052394866943437e-01
5.584002685546874956e-01
-3.985995101928710982e-01
-3.530673503875732255e-02
4.690096378326415877e-02
5.248569869995116655e-01
-3.352537536621093550e-01
-4.534002685546875133e-01
-7.630105972290039673e-02
-5.592702484130859242e-01
-2.386724281311035090e-01
1.903325080871582087e-01
1.927975273132324086e-01
1.008786439895629876e-02
3.232891082763671986e-01
-3.318566513061523282e-01
-1.332801246643066373e-01
-6.602321624755859431e-02
-4.155813598632812633e-01
-5.674701213836669950e-02
-1.349263668060302623e-01
-5.163177967071533314e-02
-8.857215881347656472e-01
-4.802865600585937700e-01
nan
nan
nan
nan
-1.526263427734375067e-01
-1.646067428588867121e-01
4.895357894897460760e-01
-1.308170986175537231e-01
1.534647846221923739e-01
-2.682217979431152366e-01
-3.502782106399535828e-02
6.076138305664062766e-01
2.985762786865234220e-01
8.572638511657715288e-02
-3.990076065063476451e-01
4.662337112426757635e-01
-4.064008712768554799e-01
5.097342491149902538e-02
5.267719268798828347e-01
4.858411407470702992e-01
-5.405745697021484553e-01
-2.103019142150878984e-01
4.511396408081054799e-01
-2.383181381225585871e-01
9.061729431152343306e-02
-7.509636402130126509e-02
-2.659316062927246094e-01
-2.580826950073242254e-01
-2.039537429809570312e-01
7.139750003814697432e-02
-2.100041961669921742e-01
2.619265365600585982e-01
nan
nan
nan
nan
9.526986122131347878e-02
1.684780120849609375e-01
1.518177127838134799e-01
8.105191802978515270e-01
-6.370368003845214462e-03
-1.499271020293235779e-04
-4.826613998413085693e-01
1.850924491882324219e-01
1.409183120727539040e-01
2.508121299743652499e-01
-1.582614040374755726e-01
2.252203559875488315e-01
8.414398193359374778e-01
-1.719242858886718683e-01
1.580894291400909485e-03
2.527225875854492432e-01
-7.569700622558593883e-01
4.064119720458984619e-01
-1.021241188049316351e-01
2.081726264953613348e-01
4.411417388916015758e-01
-1.669329452514648482e-01
3.390690612792968683e-01
5.760669231414795172e-02
-1.800203323364257812e-01
1.265811920166015625e-01
3.714490127563476740e-01
4.874423980712890708e-02
nan
nan
nan
nan
-6.072807312011718750e-01
8.898215484619140803e-01
5.393630981445312472e-02
8.923854827880858820e-02
2.230436325073242299e-01
-1.393032360076904286e-01
-1.300604438781738370e-01
3.758745574951171675e-01
-3.557358741760253962e-02
-2.486560821533203083e-02
6.550593566894531428e-01
-1.219658184051513605e-01
-2.548375511169433394e-01
1.720761871337890547e-01
-2.217253112792968717e-01
6.841285228729247769e-02
4.636380004882812433e-01
-7.561349272727966274e-03
2.231097984313964722e-01
3.534664154052734597e-01
-6.231316375732421919e-01
-5.888852596282959095e-02
-3.644094467163085938e-01
7.941520690917969194e-01
3.436083984375000178e-01
-1.183308124542236384e-01
5.009119033813476118e-01
4.489442825317382924e-01
nan
nan
nan
nan
-3.988658905029296986e-01
-5.971579742431640803e-01
-2.779948997497558860e-01
2.324958801269531306e-01
1.734464645385742076e-01
-6.293436050415038840e-01
8.015645599365234242e-01
-6.572309112548828658e-01
4.443889558315277169e-03
-4.083893775939941712e-02
-4.250949478149413929e-01
-4.139018630981445290e-01
-2.410682201385497964e-02
6.634554290771483842e-01
-1.330300617218017623e-01
1.061370754241943298e-01
-5.372238159179687500e-01
4.750659561157226651e-01
5.580799102783202681e-01
-2.785840797424316562e-01
3.717181777954101651e-01
7.804304504394531383e-01
-6.928353881835938033e-01
-2.804193687438965021e-01
-3.177460289001464711e-01
1.157586383819580039e-01
-3.836592864990234220e-01
-3.739803314208984264e-01
nan
nan
nan
nan
-2.714387512207031006e-01
-7.072142601013182983e-02
-5.256359481811523349e-01
2.409481048583984319e-01
1.419362926483154208e-01
-1.795208334922790416e-02
1.915380859374999911e-01
5.215285491943358887e-01
-1.490224123001098605e-02
-4.681513214111328036e-01
1.121974658966064520e-01
1.618091773986816417e-01
-5.148215103149413885e-01
-4.489756774902343706e-01
3.074578285217285378e-01
3.448933410644531294e-01
2.077297210693359319e-01
-4.875689697265624956e-01
-3.097776794433593772e-01
-1.657190704345703203e-01
3.657922744750976562e-01
-3.229037475585937456e-01
5.896158695220947432e-02
1.402028179168701150e-01
-5.148319244384765847e-01
2.811144351959228571e-02
5.171984434127807617e-03
-1.109375953674316372e-02
nan
nan
nan
nan
5.019392776489257635e-01
9.494404792785644809e-02
6.506249237060547363e-01
4.007221221923827903e-01
1.411527544260024946e-03
-8.069507598876952958e-02
1.315482616424560602e-01
-1.983558297157287514e-02
-2.125221061706542847e-01
1.288963031768798895e-01
3.366577911376953391e-01
-6.680492877960204912e-02
-7.984400749206542469e-02
-2.505075645446777077e-01
-2.576218223571777322e-01
1.951757240295410034e-01
2.651720809936523593e-01
-1.865861511230468839e-01
6.071850967407226296e-01
-2.371564292907714921e-01
1.278449535369872991e-01
2.927863693237304776e-01
2.603379249572753684e-01
-3.614461898803710826e-01
4.254661083221435852e-02
-2.180630111694336071e-01
1.029377079010009716e-01
4.406155776977538907e-01
nan
nan
nan
nan
-1.411481475830078103e-01
2.473677635192871038e-01
1.630497360229492265e-01
-5.357636451721191351e-02
-7.070412635803222101e-02
-1.708701515197753873e-01
1.243189239501953092e-01
2.691854715347290206e-02
-4.690256881713867343e-01
-1.419018173217773404e-01
-4.207732391357421609e-01
-6.542668914794922408e-01
-1.762395668029785034e-01
4.698600769042968750e-01
-1.559934329986572277e-01
-3.164628791809082076e-01
1.014477157592773432e-01
4.128197729587554550e-03
3.146628761291503928e-01
-6.510477447509765980e-01
1.807054901123046897e-01
-5.539553451538086204e-01
3.618082809448242010e-01
-3.682991409301757946e-01
-3.415044021606445379e-01
3.491362762451171720e-01
2.308164978027343883e-01
-6.277658843994140536e-01
nan
nan
nan
nan
-9.728172302246093639e-02
-2.262120246887207031e-01
-5.295335292816161915e-02
-7.497145843505859109e-01
-1.912562179565429621e-01
-3.179540061950683616e-01
5.642087936401367632e-01
1.482195281982421897e-01
1.909688186645507879e-01
7.574805736541748158e-02
5.608659744262695090e-01
1.476740074157714966e-01
3.757232189178466575e-02
8.575001716613769864e-02
-4.452002334594726829e-01
-2.124892044067382690e-01
1.267257213592529359e-02
-9.281495809555053919e-03
-1.363407135009765681e-01
7.149918079376220426e-02
6.761995792388915405e-02
5.142221450805664062e-01
-3.885872650146484641e-01
3.808682632446289129e-01
5.664250564575195046e-01
6.201107788085937766e-01
-5.340528869628906605e-01
2.026192092895507946e-01
nan
nan
nan
nan
1.233738899230957080e-02
4.511300086975097989e-02
-1.584624576568603449e-01
-2.664704513549804865e-01
3.370907592773437766e-01
1.913479614257812544e-01
1.130305767059326116e-01
3.885356140136718706e-01
-3.143177032470702986e-02
-2.249731636047363204e-01
-1.373554325103759632e-01
-7.118732452392577681e-01
5.193500518798828403e-02
7.412869453430176447e-02
4.205691528320312234e-01
4.115999603271484619e-01
6.718107604980468883e-01
-8.861146926879882868e-02
-2.496725273132324174e-01
-2.052345657348632890e-01
-5.706337738037109419e-01
-1.667332649230957031e-02
7.108373165130615901e-02
4.554113388061523104e-02
2.050219345092773315e-01
-2.347669410705566506e-01
8.165859222412109875e-02
3.846099078655242868e-03
nan
nan
nan
nan
2.194926834106445401e-01
-7.296188354492187944e-01
-3.345351409912109553e-01
-2.211333751678466741e-02
-6.466253662109374689e-01
2.732612037658691539e-01
-9.317606925964355691e-02
2.747820663452148482e-01
6.698309326171875133e-01
-1.305526638031005993e-01
-8.636470794677734986e-02
1.023826122283935519e-01
-1.911680030822753840e-01
4.627935409545898549e-01
-6.050324630737304865e-01
7.705204772949219016e-01
-3.237185287475585760e-01
-1.225561618804931613e-02
-4.986857223510742232e-01
-2.795736694335937411e-01
6.488285064697266180e-02
-2.402729988098144531e-01
3.884553527832031450e-01
-5.165163803100586426e-01
-4.424390316009521595e-02
4.785482788085937411e-01
1.420585155487060491e-01
-6.583305358886719361e-02
nan
nan
nan
nan
-1.850778007507324352e-01
3.337375259399413818e-01
2.781889152526855202e-01
1.295037460327148338e-01
1.290031051635742165e-01
-6.291735076904296786e-01
-4.301915359497070490e-01
1.381454181671142589e-01
1.408761882781982555e-01
2.567986106872558461e-01
5.995810031890869141e-02
2.053869438171386785e-01
2.932864761352538818e-01
-6.023102951049804643e-01
7.019646453857422141e-01
1.413391685485839711e-01
4.332277297973632924e-01
-3.356147527694702121e-02
2.321046447753906117e-01
-4.633111953735351285e-02
3.599837112426758079e-01
1.714666557312011785e-01
4.367874526977539307e-01
3.285223388671875133e-01
-7.838314533233642356e-02
-5.761151885986328658e-01
nan
nan
nan
nan
nan
nan
3.938359832763672075e-01
-3.354767990112304532e-01
8.359139442443846990e-02
-3.476772308349609375e-01
-2.010737991333007846e-01
-2.248588562011718806e-01
-5.275862121582031161e-01
-8.114279747009277288e-02
4.094929695129394254e-02
7.764692306518554410e-02
-2.757053947448730447e-01
-4.623626327514648304e-01
-2.855787467956543146e-01
3.625470399856567383e-02
-4.116186904907226385e-01
-2.387581634521484253e-01
6.814804077148437500e-01
-1.991144943237304621e-01
3.537712335586547935e-02
1.724085426330566329e-01
6.578711986541747880e-02
-5.186758041381835799e-02
-6.325356292724609863e-01
-6.737805938720703436e-01
-1.471654033660888539e-01
-1.807882308959961049e-01
-9.288734793663024070e-03
-1.168674850463867210e-01
nan
nan
nan
nan
5.423912429809569780e-01
3.903944396972656161e-01
6.874245452880859419e-01
6.001622009277344238e-01
1.208859443664550837e-01
-1.253765869140625044e-01
4.124708938598632968e-01
-2.045558738708496138e-01
-3.964460372924804576e-01
5.009948348999023748e-01
6.197642898559569957e-01
4.532841873168945157e-01
-1.540949153900146584e-01
-6.387403869628905939e-01
-2.665579032897948952e-01
7.400491714477538951e-02
-2.141112136840820357e-01
-2.455954170227050704e-01
-3.440992736816406161e-01
3.373090744018554799e-01
-2.032076454162597690e-01
-3.851551437377929710e-01
nan
2.588724899291992010e-01
1.392632198333740301e-01
1.645045280456542969e-01
-2.031178665161132713e-01
3.142387008666991943e-01
nan
nan
nan
nan
-2.516668510437011785e-01
-4.084462356567382657e-01
1.298117828369140525e-01
1.296761894226074185e-01
-5.177912902832031428e-01
3.951578140258789062e-01
3.028773117065429732e-01
1.803596115112304776e-01
-5.051000118255614957e-02
3.094994735717773171e-01
-5.662781906127929421e-01
-3.350844573974609553e-01
2.397944259643554621e-01
5.649456405639647905e-01
1.062310886383056596e-01
-6.268387985229492143e-01
-2.179714965820312433e-01
1.714641094207763547e-02
3.380605316162109131e-01
1.629802894592285167e-01
-3.182596588134765647e-01
3.890917205810546786e-01
-6.007576751708983975e-01
-2.436757802963256808e-02
7.902839183807373880e-03
-5.744752407073974720e-02
-1.797861862182617287e-01
1.062947654724121088e-01
nan
nan
nan
nan
5.037878990173339649e-02
7.194122791290283314e-02
-2.604520988464355535e-01
2.825611305236816473e-01
-2.901759529113769331e-01
4.327973937988281450e-01
-4.033574104309081698e-02
2.921823692321777188e-01
4.806587982177734641e-01
-5.221780395507812367e-01
7.207987785339355080e-02
2.376367187500000033e-01
-5.156859207153320357e-01
-3.907482528686523349e-01
3.257887268066406161e-01
-1.586657238006591863e-01
4.980837631225585871e-01
-4.518851089477539107e-01
nan
-6.105250358581543191e-02
-1.286700153350830156e-01
-2.478336334228515569e-01
2.118777465820312622e-01
2.010079956054687533e-01
-1.542934513092041049e-01
-1.206129741668701127e-01
-2.527728652954101540e-01
-7.668263912200927457e-02
nan
nan
nan
nan
-2.963327598571777188e-01
-6.262845993041991910e-02
7.698102569580078658e-01
1.775473475456237904e-02
-1.308360958099365201e-01
-3.073677778244018541e-02
-1.197516250610351496e-01
-3.170053482055664174e-01
5.100465393066406783e-01
-1.427137017250060952e-02
1.262214565277099687e-01
2.665199041366577218e-02
-7.479853057861327592e-01
3.752141952514648215e-02
7.586122894287109508e-01
-1.433462524414062522e-01
1.909140205383300648e-01
-5.035446643829345759e-02
3.509652709960937589e-01
-2.270524263381958063e-02
-1.819038391113281250e-01
2.269968605041503829e-01
-2.364528465270996083e-01
-2.658307075500488392e-01
4.625482559204101562e-01
2.264067077636718883e-01
2.892768859863281139e-01
-1.248177337646484419e-01
nan
nan
