nan
nan
2.564843654632568276e-02
-6.436544036865234908e-01
1.638485717773437433e-01
5.754652500152587780e-02
1.983848571777343806e-01
4.147490024566650307e-02
1.234357118606567438e-02
2.671997833251953391e-01
-3.361244201660155972e-02
6.110887527465820590e-02
-1.776516151428222667e-01
-5.204815673828124822e-01
3.710733032226562478e-01
-9.390371322631835271e-02
-1.084778137207031312e+00
-4.314903259277343972e-01
6.469302368164062678e-01
-2.924481773376464977e-01
3.041069412231445224e-01
-2.686055374145507879e-01
1.761043357849121083e-01
5.335172176361083901e-02
4.117560958862304665e-01
-4.912586975097656405e-01
1.413871288299560491e-01
4.796484375000000244e-01
9.325690269470214566e-02
3.973645782470703325e-01
nan
nan
nan
nan
3.715205001831054510e-01
-2.339424133300781194e-01
2.750713729858398349e-01
1.138626327514648429e+00
8.279727172851562012e-01
3.692804336547851340e-01
2.924206161499023349e-01
5.478829574584961337e-01
-6.769315338134765936e-01
-1.203246917724609455e+00
4.088300704956054910e-01
7.111477661132812322e-01
-7.146206665039062100e-01
-7.396162414550780939e-01
-4.713451766967773349e-01
2.864248085021972590e-01
-2.162857055664062500e-01
4.845426177978515714e-01
-6.162948226928710582e-01
-6.459958553314208707e-02
-2.301894378662109331e-01
6.637100982666015447e-01
-1.994193649291992054e-01
-4.215453720092773304e-01
3.328629302978515780e-01
-2.892763900756836204e-01
-1.393906021118164196e-01
-6.870917510986328525e-01
nan
nan
nan
nan
-3.435671997070312567e-01
-5.893367767333984597e-02
-4.844338989257812589e-01
-2.477305603027343817e-01
4.161059188842773371e-01
-2.235673332214355435e-01
2.401205253601074174e-01
-7.492685317993163716e-03
-5.677432060241699441e-02
-8.312272071838379406e-02
4.316878509521484553e-01
1.283391094207763650e-01
3.619852447509765425e-01
2.576202011108398304e-01
-2.461031723022460982e-01
1.441753578186035223e-01
-5.393502807617187589e-01
-7.063716125488280762e-01
-3.171657371520996138e-01
3.913787460327148304e-01
4.673303604125976507e-02
-1.652044105529785201e-01
-1.120954513549804743e-01
4.352016067504883012e-01
-8.119214630126952992e-01
-5.024951934814453347e-02
-4.623012924194335738e-01
-1.383886432647705167e-01
nan
nan
nan
nan
-3.341022109985351540e-01
-3.121934509277343728e-01
-4.227642822265624822e-01
4.703645706176757812e-01
7.877827644348144032e-02
-2.945565938949585086e-02
-1.758374595642089866e-01
-3.668794250488281450e-01
-2.891097545623779255e-02
-4.234429168701172030e-01
-2.006706809997558516e-01
-3.314786911010741965e-01
2.404358863830566295e-01
-1.341089534759521418e-01
4.787296295166015847e-01
3.357841110229491943e-01
6.720274353027343439e-01
-3.919331359863281183e-01
1.999488449096679665e-01
3.386013793945312766e-01
2.251683616638183727e-01
-7.687129020690917913e-02
7.042896270751952681e-01
-5.336609363555908092e-02
-2.083449065685272130e-03
1.826691627502441406e-01
-1.217100238800048889e-01
-1.808322334289550748e-01
nan
nan
nan
nan
-3.122383308410644487e-01
3.060918617248535312e-01
-3.145681762695312633e-01
1.499449157714843883e-01
6.098655700683593833e-02
-9.788782119750977229e-02
-3.688869094848633012e-01
1.225404262542724582e-01
4.200210952758788863e-01
1.133496475219726518e+00
5.051716232299804377e-01
6.911553192138671919e-01
-3.496907424926757879e-01
-4.217598342895507724e-01
9.804285049438477007e-02
-2.093382835388183510e-02
5.734497833251953613e-01
5.738992309570312145e-01
-8.137062072753906694e-01
-2.575476455688476829e-01
4.801459789276123213e-02
-4.068392944335937345e-01
-2.095296669006347645e-01
3.399242782592773460e-01
9.742963790893555132e-02
7.307610034942627064e-02
-3.432004165649413796e-01
1.190279083251953196e+00
nan
nan
nan
nan
6.405039978027343706e-01
9.142201423645018865e-02
-5.455684185028076422e-02
1.479203796386718839e-01
-8.274935722351074718e-02
-3.319829559326171742e-01
3.623035049438476651e-01
-6.797809600830078125e-01
-5.416712188720702592e-01
4.987205123901367054e-01
-1.120822715759277333e-01
-6.597287750244140714e-01
-3.857122039794921853e-01
-1.243414759635925321e-02
5.375082397460937411e-01
-2.829010009765625111e-01
8.531776428222656583e-02
3.956862640380859331e-01
-3.341860580444335760e-01
-6.463157653808593306e-01
1.183238792419433610e-01
9.022618865966797186e-01
-4.415758132934570201e-01
3.448517990112304754e-01
-9.192184448242186889e-02
6.942529201507569026e-02
2.221360588073730546e-01
1.279380702972412187e-01
nan
nan
nan
nan
-3.604204559326171786e-01
1.779673385620117176e-01
2.510342407226562322e-01
4.270659637451171831e-01
-2.638396072387695357e-01
-1.249423599243164040e-01
2.943500328063964888e-01
-1.229415206909179714e+00
2.580073547363281317e-01
1.684786796569824330e-01
-3.830807495117187766e-01
4.166079711914062456e-01
-5.256708908081054732e-01
-4.140877914428711115e-01
-3.486833572387695174e-02
-1.426665496826171886e-01
3.519404220581054954e-01
1.976265335083007835e-01
2.974897766113281383e-01
-3.422056961059570246e-01
-6.382774829864501509e-02
-5.014552688598632457e-01
-6.665873050689696822e-02
-8.533147430419921742e-01
-3.520927810668945113e-01
3.513256072998046653e-01
-5.767172622680664107e-01
-1.282476520538330111e-01
nan
nan
nan
nan
-3.615331268310547075e-01
1.209980368614196715e-02
4.324633407592773371e-01
-2.284177398681640492e-01
-2.011965942382812622e-01
6.253870964050292636e-02
-5.850572204589843395e-01
-5.238752841949462918e-02
-1.846213531494140525e-01
-2.777415084838867343e-01
3.297852706909179532e-01
-6.441729736328124512e-01
3.929928302764892911e-02
-1.720539855957031183e-01
1.135115504264831536e-02
2.075664710998535167e-01
5.980515289306640447e-01
2.525301551818847634e-01
7.902361750602722446e-03
-5.454649353027343217e-01
7.357341003417968706e-01
-2.096224021911620994e-01
4.082571411132812633e-01
-1.562758827209472789e-01
4.559796142578125266e-01
-3.506862640380859486e-01
-3.347273635864257968e-01
-4.234431838989257679e-01
nan
nan
nan
nan
-6.304007339477538663e-01
7.716556072235107588e-02
9.789198303222655939e-01
-1.316918754577636741e-01
-1.483720660209655699e-02
5.813283920288085938e-01
-5.409906387329102007e-01
-6.894831085205077592e-01
1.438345909118652266e-03
-1.132605075836181641e-01
6.015821456909179465e-01
5.006894302368164462e-01
-2.360649490356445390e-01
-4.402816593647003451e-03
-4.378672790527343706e-01
2.554226875305175559e-01
-2.118786811828613226e-01
1.392199039459228460e-01
4.984101104736328169e-01
4.484386444091796875e-01
-3.812117385864257635e-01
-2.015672111511230546e-01
7.350918579101562988e-01
3.607628250122070224e-01
1.114569473266601607e+00
4.469181442260742321e-01
-5.550124359130859109e-01
-4.246879196166992165e-01
nan
nan
nan
nan
9.368573874235152851e-04
5.126390075683593395e-01
-1.570396900177001842e-01
4.716950988769531006e-01
4.182580184936523504e-01
3.748445510864257812e-01
-2.496195793151855316e-02
1.318642425537109308e-01
4.585144042968750111e-02
2.681774520874023460e-01
2.194714927673339921e-01
-7.230221557617187988e-01
-9.955241203308105857e-02
-5.021066284179687145e-01
-3.018522453308105646e-01
2.765857315063476318e-01
-5.147289276123047097e-01
-1.617269897460937578e-01
-2.370153903961181793e-02
7.516717529296874645e-01
-3.944503402709960693e-01
-7.922793865203857366e-02
-1.607760238647460982e-01
-3.362969970703125200e-01
-4.847772216796875089e-01
-3.266508102416992299e-01
-1.744669151306152410e-01
-2.769959640502929754e-01
nan
nan
nan
nan
-2.386500835418701311e-02
-2.151580047607421775e-01
-3.929523849487304710e-01
-3.551375961303711026e-01
4.142663955688476451e-01
4.778006076812744279e-02
2.806195068359375044e-01
4.327671527862549106e-02
2.790059089660644753e-01
-1.703836822509765536e-01
8.768353462219238836e-02
5.765755176544189176e-02
-3.673967361450194979e-02
3.171509361267089711e-01
5.485789489746093484e-01
-2.199513435363769642e-01
-2.631009101867675670e-01
-4.949036407470703280e-01
-1.268654823303222712e-01
2.700493097305297838e-02
-3.680639648437499800e-01
-8.740525841712951799e-03
6.425688171386718661e-01
4.518333435058593528e-01
-2.271445655822753873e-01
-3.677857971191406117e-01
-5.339593505859374645e-01
-8.842800903320312544e-01
nan
nan
nan
nan
2.830408096313476451e-01
-1.220305156707763711e-01
-1.816661834716796764e-01
-3.384507369995117254e-01
1.309024047851562456e-01
4.949153137207031317e-01
1.370611763000488259e-01
4.402027511596679488e-01
-1.820986747741699108e-01
3.407769775390624978e-01
-1.677201080322265614e-01
-2.994258403778076241e-02
-8.377772331237792747e-02
2.043080139160156350e-01
-5.486803817749023038e-01
-1.662308311462402377e-01
3.581095695495605663e-02
8.355553627014160323e-02
4.608839416503906494e-01
1.069707393646240207e-01
2.302635192871093639e-01
5.492946147918700839e-02
-1.562545490264892478e-01
3.391195297241210715e-01
-3.127819824218749933e-01
-3.052836608886718706e-01
2.329920578002929732e-01
-5.743261814117431308e-02
nan
nan
nan
nan
-5.642874526977539329e-01
5.352555084228515225e-01
-1.145124912261962918e-01
-3.461641311645508035e-01
7.295342445373535767e-02
-3.373457336425781383e-01
2.532358741760253884e-01
-4.197373962402343728e-01
4.267734527587890847e-01
1.020001983642578186e-01
-1.644298934936523349e-01
-3.040787696838379017e-02
9.186800956726073886e-02
-4.088174819946289174e-01
-3.850637197494506669e-02
-4.537333965301513367e-02
8.062524795532226285e-02
-2.305993080139160101e-01
-8.158114433288574108e-02
2.894654273986816545e-02
-1.193305683135986311e-01
4.317323684692382646e-02
-1.318586635589599487e-01
-2.089365577697753773e-01
3.547975921630859286e-01
3.342765808105468972e-01
-6.226397991180419866e-02
-3.246566772460937611e-01
nan
nan
nan
nan
-2.663755989074707009e-01
9.999006271362304021e-02
6.182132244110107727e-02
4.030075073242187639e-02
-1.943435287475585860e-01
6.380371093750000222e-01
2.429459762573242254e-01
-4.547193527221679576e-01
2.326365947723388686e-02
5.491739273071288840e-01
1.492503643035888658e-02
3.308634948730468928e-01
1.602073669433593806e-01
-1.070134830474853554e-01
1.546551036834716841e-01
-5.190365600585937766e-01
4.598772048950195424e-01
-1.751994252204894936e-02
-4.171197128295898171e-01
-8.093571662902832031e-02
3.180575942993164040e-01
-9.002701759338378740e-02
-5.201159667968749956e-01
-4.706668472290039262e-01
1.300730991363525380e-01
7.257432460784912776e-02
2.855452156066894398e-01
5.144144058227538840e-01
nan
nan
nan
nan
3.554686355590820357e-01
-1.246362304687499978e-01
3.655789947509765492e-01
-1.548804092407226607e-01
1.550859451293945257e-01
8.903789520263671875e-02
3.901332855224609597e-01
-3.713298416137695290e-01
-3.177855682373046942e-01
1.385795593261718861e-01
-3.280026626586913796e-01
-3.914011383056640869e-01
1.048618078231811600e-02
5.145911026000976607e-01
-3.603600502014159962e-02
-3.462258148193359530e-01
-3.755273818969726562e-01
-1.787124633789062556e-01
-6.904017639160155984e-01
1.886870193481445246e-01
4.990749359130859375e-01
8.299484252929686945e-02
-1.933802795410156372e-01
-9.674460411071778010e-02
-2.389443206787109364e-01
-3.188288688659667858e-01
-1.973923325538635282e-02
-3.942788314819336004e-01
nan
nan
nan
nan
5.315219116210937456e-01
2.241086578369140547e-01
-2.969237899780273193e-01
1.790746116638183560e-01
2.514213943481445335e-01
-3.139048385620117343e-01
-1.687051200866699352e-01
-1.631110191345214872e-02
-1.153602600097656250e-01
3.049086761474609220e-01
6.880221843719482033e-02
8.158785247802734508e-01
-8.470555305480957642e-02
5.316172409057616788e-01
-7.117243766784668579e-02
2.390655517578124944e-01
-1.935361480712890492e-01
-6.628734588623046431e-01
2.011274147033691451e-01
-1.062922668457031289e-01
1.108301544189453092e-01
-2.835531806945800759e-01
3.378962755203247098e-02
1.273788213729858468e-02
-9.235931396484374500e-02
7.192192554473876565e-02
-9.077570915222167580e-02
-6.944139480590820479e-02
nan
nan
nan
nan
-2.603025817871093550e-01
-7.610935974121093572e-01
-4.831690979003906428e-01
-5.100065231323241965e-01
-2.266883659362793069e-01
-5.465728759765624972e-02
2.507083702087402610e-01
1.063004493713378962e-01
-1.569285869598388561e-01
-2.353789520263671886e-01
6.098492622375488448e-02
-3.535750961303710804e-01
5.819764614105224498e-02
1.153445529937744130e-01
2.206870651245117221e-01
-5.849956512451172097e-01
-2.453971672058105347e-01
-6.170044708251952725e-01
2.921045112609863548e-01
9.471798896789550282e-02
1.953039169311523438e-01
8.251365661621093417e-02
4.545203399658203081e-01
-4.666676330566406072e-01
-2.232680892944335915e-01
-4.421554088592529602e-02
-1.500770378112792902e-01
3.798102736473083288e-03
nan
nan
nan
nan
-1.083253765106201166e-01
2.995694923400878951e-01
1.899121475219726629e-01
2.883754730224609153e-01
6.764603614807128407e-02
-2.504269027709961071e-01
-8.905577850341797053e-01
-2.771173477172851340e-01
-3.827876281738281095e-01
-3.097448348999023438e-01
1.837262535095214866e-01
-1.092195796966552723e-01
-1.803900599479675224e-02
-8.113643646240234486e-02
3.162935829162597523e-01
-8.462029457092284934e-02
7.131404113769531650e-01
3.367066860198974360e-02
6.207659912109374512e-01
4.020766735076904130e-02
3.025166320800781183e-01
8.029174041748047275e-01
-1.859799957275390658e-01
6.227066516876220842e-02
-4.467645645141601896e-02
1.472188234329223702e-02
-3.227523803710937583e-02
-1.757845878601074219e-01
nan
nan
nan
nan
-3.831315755844116183e-02
9.636481285095215010e-02
3.655479431152343639e-01
-1.975746536254882890e-01
-5.031527996063232117e-02
-3.910297393798828347e-02
1.372207736968994174e-01
-2.438227081298828258e-01
1.260031509399414107e-01
-3.647081756591796786e-01
1.631995964050292902e-01
5.930241775512695712e-01
1.715720748901367054e-01
-1.135171222686767595e-01
5.593160629272461021e-02
1.686451148986816417e-01
-3.662477016448974915e-02
6.804142594337463795e-03
1.073967647552490218e-01
3.653745651245117465e-02
-1.088004875183105485e-01
-2.904002952575683860e-01
3.240926361083984464e-01
2.787345695495605513e-01
5.206411838531493919e-02
9.240502357482910378e-02
nan
nan
nan
nan
nan
nan
4.454252243041992299e-01
-2.135673713684081987e-01
1.407045078277587846e-01
2.157739830017089966e-01
7.078363800048828036e-01
2.576717376708984389e-02
-2.438105773925781372e-01
-1.839760208129882779e-01
-3.543529129028320512e-01
2.075834083557129006e-01
-1.005906105041503955e-02
2.217461395263671808e-01
-7.855153083801269878e-03
-1.562417888641357555e-01
3.335097885131835804e-01
-5.216062164306640714e-01
-2.665254020690918102e-01
-1.888876795768737807e-02
2.030178642272949252e-01
4.050825595855712946e-02
-2.957808685302734109e-01
3.728652238845825417e-02
-5.284363174438476696e-01
1.101079368591308533e-01
-5.026435470581054332e-01
4.078937911987304821e-01
1.078053760528564498e-01
7.450414276123047408e-01
nan
nan
nan
nan
-1.183484554290771540e-01
-3.051437187194824263e-01
-3.626641464233398282e-01
-2.770345115661621005e-01
-4.179594421386718661e-01
8.315129280090331754e-02
-2.141917419433593817e-01
-3.605835723876953391e-01
3.909884262084961093e-01
6.297218203544616318e-03
2.952712059020995983e-01
6.154240036010741877e-01
-6.259932708740234553e-01
-3.030120849609375111e-01
-1.371844387054443337e-01
2.193520307540893638e-02
-6.576552391052245539e-02
2.202816581726074197e-01
2.763120889663696345e-02
2.360021018981933727e-01
-9.277405548095702947e-01
1.159259700775146507e-01
nan
4.126270675659179932e-01
6.812130928039550337e-02
4.545190048217773171e-01
2.214495086669922008e-01
-3.374110937118530301e-02
nan
nan
nan
nan
-1.379620647430419844e-01
3.018280601501464600e-01
2.677756309509277122e-01
-3.378623199462890692e-01
-4.852664947509765514e-01
5.341892242431640903e-02
4.240138626098632901e-01
1.069727516174316384e-01
-2.944463968276977636e-02
-1.063856887817382774e-01
-2.768694877624511830e-01
1.587715244293212979e-01
-1.252274417877197177e-01
4.505399703979492410e-01
2.242039489746093794e-01
-5.201631546020507590e-02
9.268856048583984375e-02
1.672994613647461049e-01
4.111337661743164062e-01
-4.216720199584960693e-01
-1.177386379241943393e-01
4.911816406250000266e-01
4.322101593017578236e-01
-8.393307685852051392e-02
-2.153812217712402222e-01
5.053893661499023748e-01
5.705435562133789329e-01
-3.724720764160156516e-01
nan
nan
nan
nan
4.422329711914062544e-01
2.662721061706542769e-01
-2.485763549804687611e-01
1.210171127319335932e-01
1.029009246826171786e+00
5.479894256591797408e-01
-1.710064506530761808e-01
-2.332974433898925629e-02
5.391807556152343750e-01
-2.763039016723632946e-01
-4.129657745361328125e-01
1.998533439636230591e-01
7.270237731933594238e-01
-1.482669830322265736e-01
-8.354848480224609242e-01
-7.469041347503661832e-02
-3.259872817993164085e-01
-7.533152580261230635e-02
nan
5.090748071670532331e-03
1.327768707275390758e-01
-3.816158294677734486e-01
1.928264427185058527e-01
4.086836338043212807e-02
-1.362918138504028327e-02
1.327951240539550770e-01
1.557055473327636774e-01
-2.488249397277831898e-01
nan
nan
nan
nan
-8.131054878234862671e-02
-7.281375885009765403e-01
2.479967117309570257e-01
-3.600125885009765603e-01
-7.936371326446532704e-02
2.218911743164062589e-01
1.971776008605957142e-01
-6.060885429382324024e-02
-5.234315109252929421e-01
-1.044395637512207098e-01
-2.575957107543945246e-01
7.675453948974609863e-01
4.392236328124999867e-01
5.614984512329102007e-01
3.744890594482421786e-01
2.200253295898437489e-01
-5.346524238586426031e-02
3.535072708129882724e-01
2.330436706542968889e-02
-3.481599426269531006e-01
-1.239000129699707048e-01
2.107368087768554665e-01
2.793352699279785245e-01
3.057578468322754150e-01
-2.601204299926757613e-01
1.442518234252929688e-01
-6.724033355712890625e-01
1.083362102508544922e-01
nan
nan
