nan
nan
-4.766138458251953369e-01
4.628181457519531250e-01
9.107568740844726451e-02
-1.404805660247802623e-01
6.071474456787109286e-01
3.976022005081177035e-02
6.944741821289062145e-01
-2.668715476989745872e-01
1.969158172607421986e-01
-1.765692710876464733e-01
-3.341581344604491882e-02
4.002771377563476424e-02
-5.476921844482421919e-01
-9.845139503479004295e-02
5.898640060424804599e-01
3.041859054565429488e-01
-3.852329254150390625e-01
1.422737026214599687e-01
4.925494003295898260e-01
-1.590287017822265558e-01
-3.370562362670898593e-01
-3.535369873046875222e-01
-1.027006435394287043e-01
-1.764446067810058472e-01
-2.017261314392089777e-01
1.519423580169677601e-01
-1.312621021270752031e-01
5.882480239868164151e-01
nan
nan
nan
nan
-2.281946182250976507e-01
5.144832134246826033e-02
4.734939956665039085e-01
-5.288934707641601562e-01
6.294127273559569913e-01
-6.995387077331542691e-02
-1.914181900024413963e-01
-2.202000045776367210e-01
-5.636585998535156294e-01
8.022975921630859375e-01
1.760666084289550792e-01
2.301062393188476607e-01
3.552620697021484641e-01
1.828197002410888658e-02
-1.372284698486328225e-01
-3.764492416381836071e-01
-3.262660217285155984e-01
3.365176391601562567e-01
7.236096858978272039e-02
1.109683036804199191e-01
-8.329972267150878573e-02
-3.020663452148437678e-01
3.795678329467773171e-01
-3.567248916625976318e-01
1.446719264984130948e-01
-1.552823162078857400e-01
5.224137115478515447e-01
-6.096637725830078569e-01
nan
nan
nan
nan
2.790221977233886541e-01
5.058267116546630998e-02
-5.090359210968017911e-02
-2.455280494689941473e-01
1.053822231292724648e-01
4.383828639984130998e-02
-3.803796529769897655e-02
5.158216857910156161e-01
3.216161346435547075e-01
6.343135452270507457e-01
-3.673388671874999734e-01
9.744981527328491419e-03
4.071969509124755832e-02
-4.004958724975585804e-01
-9.871100425720215343e-02
-2.271041297912597678e-01
2.924598693847656472e-01
2.969881057739257590e-01
-4.692596817016601585e-01
5.187959194183349582e-02
-1.976848602294921931e-01
-6.450231170654296964e-01
4.244154357910156494e-01
-1.725501632690429610e-01
-1.752598190307617099e-01
-3.908483505249023549e-01
3.775027084350586204e-01
1.876681900024413929e-01
nan
nan
nan
nan
2.530461502075195268e-01
1.664503860473632857e-01
-1.576593017578125089e-01
4.659689331054687744e-01
3.391625595092773171e-01
1.562963771820068404e-01
-2.312461662292480402e-01
-1.938561630249023560e-01
1.349893760681152299e-01
6.540956115722655895e-01
4.986105346679687300e-01
7.224533081054687611e-02
-1.154335975646972601e-01
3.966271972656250089e-01
5.051107788085937855e-01
-2.308550643920898315e-01
2.023789596557617199e-01
2.138553237915039040e-01
-7.204363250732421786e-01
6.184292602539062100e-01
3.840721893310546919e-01
-7.566398620605468972e-01
7.771249294281006026e-02
3.538673019409179776e-01
-1.492896842956542847e-01
1.581104946136474565e-01
-3.571350097656249972e-02
-2.240160942077636663e-01
nan
nan
nan
nan
-5.438614654541015225e-01
3.314692306518554621e-01
-3.406254577636718683e-01
-2.762773633003234950e-03
1.351630706787109393e+00
-2.530171155929565596e-02
-2.665936851501464755e-01
1.515281295776367276e-01
6.804226684570312544e-01
1.722305488586425848e-01
-1.975504875183105580e-01
-7.484148502349853571e-02
-2.059526252746582131e-01
-1.628596496582031261e-01
-8.246309161186217429e-03
-3.914339828491211204e-01
1.417139434814453092e-01
-6.850045776367187367e-01
3.931484603881835738e-01
8.594585418701171653e-01
-4.472249984741211160e-01
3.454763412475586049e-01
2.935145950317382679e-01
3.457019424438476651e-01
4.529256439208984575e-01
-2.649782419204711748e-02
-3.613233804702759011e-02
6.060957336425780717e-01
nan
nan
nan
nan
-1.988701629638671975e-01
1.565289211273193370e-01
-2.559132385253906072e-01
4.970059204101562322e-01
-7.719261932373047141e-01
-1.910297775268554599e-01
2.508989334106445299e-02
-4.209385681152343905e-01
8.299973297119140891e-01
1.154934406280517523e-01
-2.126195144653320324e-01
-1.900112152099609278e-02
-4.257254791259765803e-01
-3.307572937011718506e-01
7.560476684570311967e-01
4.170067214965820224e-01
-1.461180305480956898e-01
-3.289624023437500155e-01
-1.949209022521972701e-01
2.998531723022461182e-01
4.860241317749023349e-01
-3.358714294433593484e-01
1.037095737457275346e-01
4.888393402099609486e-01
4.812324905395508057e-01
-2.823305845260620089e-02
-4.509760379791259710e-02
-2.757486534118652188e-01
nan
nan
nan
nan
4.381043243408203058e-01
-7.672464847564697266e-02
1.906744956970214955e-01
-2.051591491699218672e-01
-2.052669906616211015e-01
5.237943649291991743e-01
9.728312492370605469e-02
2.085665321350097523e-01
-7.448981475830077637e-01
-1.991809272766113248e-01
-2.105840873718261841e-01
4.861709976196288974e-01
2.456442070007324174e-01
2.001556396484374944e-01
-6.025055313110351252e-01
6.198233604431152566e-02
1.209742832183837852e-01
-6.576529979705809936e-02
2.882432746887206854e-01
4.505793380737304621e-01
-3.609259033203124911e-01
5.575804138183593217e-01
-5.401002883911132368e-01
7.311964988708495594e-02
-5.712049865722655939e-01
-3.109329986572265669e-01
2.276037597656249967e-01
2.767708015441894265e-01
nan
nan
nan
nan
2.712912940979003706e-01
-5.460694885253906117e-01
4.626493453979492188e-01
5.848679542541503767e-02
3.797630691528320335e-01
2.225840187072753995e-01
1.699030113220214855e-01
2.293520927429199274e-01
4.235567092895507757e-02
1.491181564331054699e-01
-1.115837955474853482e-01
4.388270854949951477e-02
4.956977081298827859e-01
-5.769501876831054643e-01
-4.985702133178711026e-01
8.955413818359374556e-01
8.200899505615234508e-01
-2.508174896240234486e-01
-1.011807441711425753e-01
-5.219835638999938826e-03
-2.622624397277831809e-01
1.055819778442382839e+00
-1.830027389526367176e-01
-6.242532730102539062e-01
-1.926912689208984397e-01
-7.525138378143310380e-02
-8.024594879150390714e-01
-4.008106231689453347e-01
nan
nan
nan
nan
-2.908660125732421831e-01
-3.352791595458984308e-01
-1.144227981567382812e-01
5.499239444732666182e-02
2.535580444335937544e-01
-8.336736679077148826e-02
3.024038696289062522e-01
1.044076633453369096e-01
1.314875602722168080e-01
3.968519973754882635e-01
1.594900894165039162e-01
2.255166244506836004e-01
1.110518836975097623e-01
5.835990524291991832e-01
-1.063962936401367188e+00
-2.584161949157715021e-01
4.270376586914062522e-01
-3.366636276245117410e-01
-1.098120689392089872e-01
-2.620378494262695090e-01
4.109027481079101651e-01
-3.453286743164062367e-01
1.328631782531738414e-01
-5.540194988250732311e-02
1.349703502655029419e-01
4.736540985107421942e-01
1.598806953430175759e-01
7.304269409179687811e-01
nan
nan
nan
nan
3.900515747070312234e-01
-3.458656692504882835e-01
7.433642387390136663e-02
4.285338973999023304e-01
-4.294848632812500178e-01
-8.963467407226562988e-01
-4.428538799285888783e-02
-4.235139083862304865e-01
1.793674850463867210e-01
-3.460430908203124822e-01
-1.810231208801269531e-01
6.763214874267577947e-01
3.848215103149413840e-01
6.734486103057861495e-02
4.939775466918945590e-02
6.625691986083984686e-01
4.519259643554687234e-01
5.265277385711669700e-02
-6.900437355041504073e-02
-4.412414169311523193e-01
6.074704360961914462e-01
2.805404853820800959e-01
1.794655609130859364e-01
-4.639106750488281028e-01
-4.472023487091064675e-02
-6.169501113891601163e-01
3.399316310882568443e-02
-6.531148910522460715e-02
nan
nan
nan
nan
2.452842330932617221e-01
-7.602391839027404855e-03
-1.528147315979003773e-01
9.170380592346191739e-02
2.126306724548339966e-01
2.201034355163574152e-01
3.963350677490234397e-01
-6.980225372314453613e-01
-2.564691734313964688e-01
7.109096050262450617e-02
-1.977866363525390692e-01
2.367081260681152266e-01
8.601770401000977118e-02
-2.497683048248290974e-02
-3.145590972900390581e-01
-4.451202774047851585e-01
-1.790902709960937589e-01
-4.936718749999999822e-01
1.573370647430419877e-01
4.166349411010742410e-01
-1.595265293121337913e-01
-1.091805458068847712e-01
1.261133575439453147e-01
5.415504837036132502e-01
5.475914001464843306e-01
2.134043121337890758e-01
6.373382186889648970e-01
-7.825993299484253207e-03
nan
nan
nan
nan
2.601690053939819183e-02
-1.324757671356201205e-01
-1.014645957946777310e-01
-1.647333335876464966e-01
1.956826210021972712e-01
-2.943674659729003662e-01
5.945214843749999645e-01
1.418114757537841664e-01
2.158716773986816273e-01
-4.244341278076171897e-01
1.285162544250488259e-01
-9.682842254638671653e-01
7.236822509765624689e-01
8.729809761047363503e-02
1.810225677490234497e-01
-2.189932107925415122e-02
7.412427520751952992e-01
1.200664710998535223e-01
-1.435624885559081965e-01
-2.356279373168945410e-02
4.409587478637695401e-01
2.784100723266601518e-01
3.380207824707031072e-01
4.105453872680663863e-01
8.098191070556640669e-01
-1.225753498077392645e-01
2.684451293945312456e-01
-3.396952056884765536e-01
nan
nan
nan
nan
-2.120126914978027466e-01
-3.581096267700195068e-01
8.796432495117187389e-02
-3.209453582763671653e-01
3.503598403930663907e-01
2.174794912338256711e-02
2.406882047653198173e-02
-1.244515705108642512e-01
-3.941059875488281405e-01
-3.920047378540039151e-01
5.064351654052734464e-01
-9.082116699218749645e-01
-4.661881625652313475e-03
-4.677933120727539307e-01
-8.920360565185546375e-02
6.081774234771728654e-02
6.229432678222656117e-01
-1.716823577880859375e-01
-3.899490737915038974e-01
1.260917472839355458e-01
-1.858889007568359508e-01
5.253393554687499911e-01
-2.047330856323242299e-01
7.301998138427734375e-01
4.622369289398193387e-02
-1.270067119598388694e-01
1.712122154235839744e-01
2.634059715270996027e-01
nan
nan
nan
nan
-2.300582313537597734e-01
-4.890748596191406006e-01
-4.211844253540039107e-01
1.739340400695800759e-01
-4.410948944091797053e-01
-1.547936820983886741e-01
1.205338001251220759e-01
5.322583198547363448e-02
3.673959374427795271e-03
-3.764583587646484486e-01
-2.420930480957031172e-01
1.567373180389404208e-01
7.270326614379882257e-02
5.041277313232421786e-01
-3.414218902587890514e-01
-1.948941421508789129e-01
3.261419677734375133e-01
-5.641396045684814176e-02
5.377821350097655717e-01
-4.511759281158447127e-02
-5.714931869506836293e-01
-3.152639579772948952e-01
-4.780615997314452970e-01
-5.830849075317382502e-01
-1.178465962409973138e-02
-1.118792057037353571e-01
-2.890255546569824308e-01
7.318732452392577859e-01
nan
nan
nan
nan
-2.544906044006347567e-01
5.755256652832031472e-01
3.708985519409179754e-01
2.154967308044433705e-01
-2.898271322250366155e-02
-4.873845577239990096e-02
-2.964953422546386941e-01
9.267166137695312389e-02
-3.320164108276367210e-01
7.928929901123047408e-01
-2.809898185729980402e-01
-2.017960357666015725e-01
-5.693834304809570757e-01
5.526300430297851340e-01
-8.876849174499511219e-02
-3.206194686889648482e-01
-2.789764404296875000e-01
6.818946838378906472e-01
-4.286592864990234619e-01
5.462828445434569913e-01
1.308977890014648426e-01
-8.994611740112304354e-02
4.508953094482421875e-01
-2.417003631591796986e-01
-2.604871940612792924e-01
-2.291002464294433494e-01
-1.268944740295410156e-01
-3.920123672485351651e-01
nan
nan
nan
nan
4.244469833374023282e-01
3.389260482788085671e-01
4.705592346191406206e-01
-2.087174987792968783e-01
1.116159796714782763e-02
-1.633539009094238381e-01
-4.782302474975586026e-01
4.863230133056640758e-01
6.763334655761719105e-01
-3.518346023559570379e-01
-7.099162101745605524e-02
-4.040151596069335715e-02
2.439252281188964977e-01
-1.512506675720214910e-01
3.732390975952148415e-01
5.962336730957030762e-01
-2.888805770874023349e-01
5.670951843261718972e-01
3.130549621582031095e-01
1.208387088775634832e-01
-2.378221511840820229e-02
2.617042350769043235e-01
-5.945400238037109597e-01
-1.840526199340820346e-01
-6.195923233032226696e-01
8.304620742797851063e-02
-4.526317977905273682e-01
9.001726150512695535e-02
nan
nan
nan
nan
4.987494277954101496e-01
9.239205360412597323e-02
-1.269696140289306718e-01
2.279238510131836037e-01
9.408793449401856024e-02
-7.731832885742186967e-01
5.560897827148437722e-01
3.306498336791992010e-01
-5.759672546386718217e-01
4.943063354492187589e-01
4.812761306762695090e-01
1.936755561828613359e-01
-6.433375549316405762e-01
1.090966320037841802e-01
-2.761021232604980447e-01
4.432366847991943415e-02
6.047140121459960993e-02
-5.385944747924804599e-01
5.545016860961914373e-01
1.128339958190918008e-01
-3.518789672851562744e-01
-6.552785491943359242e-01
3.213272094726562361e-02
2.759305191040039018e-01
4.716197967529296986e-01
5.167361736297607089e-02
2.147521781921386819e-01
-6.290897369384765847e-01
nan
nan
nan
nan
-1.527407264709472745e-01
-1.318546581268310591e-01
8.217389106750488947e-02
-1.250869631767272984e-03
1.265647697448730458e-01
5.934768542647362146e-04
-2.001225280761718683e-01
-7.643407344818115012e-02
4.162627792358398193e-01
-4.203941345214843861e-01
-9.501904487609863503e-02
-6.047888183593750355e-01
-4.341324806213378573e-02
-1.060211658477783203e-01
-4.906157302856445357e-01
5.272471904754638672e-02
9.268365859985351618e-02
-2.371541976928711049e-01
3.682729339599609131e-01
2.399261474609374889e-01
-4.405830764770508057e-01
-1.334599685668945435e-01
-4.661762619018554599e-01
-9.813111305236815740e-02
-8.447721099853515714e-01
-6.687288880348205358e-03
-3.132570648193359619e-01
2.024886161088943447e-03
nan
nan
nan
nan
5.953882217407226868e-02
-7.401980590820312900e-01
-3.560064697265625244e-01
3.043282318115234641e-01
1.241312503814697224e-02
-7.948852062225342241e-02
-1.089315605163574258e-01
-5.313602828979492321e-01
1.518967628479003795e-01
2.134264945983886663e-01
-2.474202537536621116e-01
-2.522983360290527166e-01
-2.748580169677734553e-01
1.220050716400146451e-01
-7.024368286132812722e-01
8.004513740539551114e-02
1.903791427612304688e-01
-1.732255744934081965e-01
-3.932399749755859375e-01
-7.838259887695312456e-01
-3.478442764282226318e-01
-3.292543792724609286e-01
-5.308994293212890847e-01
-7.859078979492187811e-01
2.448696708679199141e-01
4.513597488403320312e-01
nan
nan
nan
nan
nan
nan
-4.313141632080078058e-01
-3.204639816284179932e-01
-2.469807624816894587e-01
-3.439479827880859153e-01
-7.754898071289062500e-01
-5.585840225219727007e-01
-8.956535339355468917e-02
-4.899365997314453214e-01
4.031118869781494252e-02
2.927019309997558327e-01
1.954216957092285156e-01
2.275372886657714977e-01
3.248480224609375244e-01
1.162014675140380926e-01
5.274771451950072999e-03
1.232252216339111278e-01
-5.477416610717773526e-01
-1.298186302185058705e-01
-3.939528656005859553e-01
-1.449790573120117165e-01
2.029472541809081987e-01
-4.957903671264648482e-01
-6.402060699462890359e-01
-2.475822448730468639e-01
-6.463637542724609553e-01
-3.926578140258789040e-01
-5.019641876220702903e-01
-1.231662559509277277e-01
nan
nan
nan
nan
-2.713338851928711049e-01
-3.891087532043457226e-02
8.957151412963866577e-02
1.643585968017578225e-01
-1.383024024963378784e-01
5.347727584838867232e-01
-1.777711677551269409e-01
-3.430361032485961664e-02
-4.533977508544921875e-01
3.425534439086914129e-01
-4.008947753906250133e-01
-5.592974090576171564e-01
4.247414112091064259e-02
-1.309319591522216664e-01
-1.702620315551757746e-01
-2.841448020935058438e-01
-3.651703643798828169e-01
1.386726760864257779e-01
-1.109061145782470753e-01
-2.113583374023437489e-01
1.483405232429504429e-02
2.123579263687133678e-02
nan
-6.585646057128906605e-01
-1.206892204284668035e-01
-2.828286361694336004e-01
-1.308498573303222556e-01
-3.451563262939453258e-01
nan
nan
nan
nan
-7.416612243652344061e-01
-5.149732208251953658e-01
-1.750629425048828014e-01
-3.506737899780273393e-01
-4.145867919921875089e-01
-8.400199890136718361e-02
1.279953670501708940e-01
-5.447531127929687855e-01
-1.253994846343994274e-01
-7.393605232238770197e-02
-2.002365684509277433e-01
-2.155688285827636608e-02
-2.947205543518066628e-01
2.360905075073242154e-01
-3.905315017700195512e-01
3.599900817871093950e-01
-1.761732864379882690e-01
-5.934765625000000266e-01
-3.230807495117187234e-01
-3.112387275695800981e-01
-5.149604797363280806e-01
3.597542190551757946e-01
-1.385540485382080189e-01
1.166412162780761652e-01
-9.715733337402343572e-01
2.044771194458007701e-01
2.165274429321289162e-01
-9.313340187072753629e-02
nan
nan
nan
nan
6.928248405456542691e-02
2.310311317443847767e-01
-4.271377182006835804e-01
-4.148696899414062722e-01
-3.193449974060058594e-01
-2.382635498046875022e-01
6.402736902236938824e-03
-3.806593322753906161e-01
-1.900614166259765592e-01
-2.773482704162597567e-01
3.609472656250000133e-01
3.394791030883789196e-01
1.045680713653564520e-01
8.064756393432617743e-02
7.560958266258239850e-03
-3.501773452758789040e-01
-2.451517105102539174e-01
-1.298331165313720836e-01
nan
-2.830598449707031339e-01
5.436439514160156250e-01
-3.003606605529784979e-01
6.317482376098633168e-01
-3.829133033752441656e-02
2.412514305114746016e-01
-4.115486526489257613e-01
8.568441390991210493e-02
-3.666887664794921675e-01
nan
nan
nan
nan
-7.426704883575439842e-02
2.228473186492919977e-02
2.866244697570800581e-01
-9.819139480590820257e-02
2.756067848205566162e-01
-1.962234497070312542e-02
3.658770799636840848e-02
6.160095214843750444e-01
8.955325317382812900e-01
-3.299405813217162753e-02
3.882931900024413907e-01
-1.157058620452880854e-01
6.929428863525390891e-01
-1.639424085617065263e-02
2.664287948608398682e-01
3.125963592529296675e-01
1.701185798645019620e-01
6.280261993408203791e-02
5.739734649658203569e-01
4.972118377685547097e-01
-1.669990921020507724e-01
4.216390228271484353e-01
1.753638458251953192e-01
4.232909393310546609e-01
-3.129594421386718839e-01
-1.993771362304687378e-01
-2.004210090637207065e-01
3.068080711364746249e-01
nan
nan
