nan
nan
6.107085418701171387e-01
3.614635848999023238e-01
-2.779306602478027188e-01
-2.242738962173461761e-02
-1.972806549072265714e-01
2.011895942687988159e-01
-1.754681348800659138e-02
1.070168113708496044e-01
1.639932250976562367e-01
1.634856414794921831e-01
-1.109203052520751909e-01
-1.937395453453064076e-02
5.343451690673828303e-01
7.996851205825805317e-03
-1.668855094909668102e-01
1.840986251831054632e-02
-1.096951866149902394e-01
3.425691223144531339e-01
-2.740522193908691562e-01
-1.857431411743163951e-01
-3.840159225463867232e-01
6.055461502075195623e-01
-3.235585784912109464e-01
3.259048080444336137e-01
-3.001518630981445113e-01
-5.725330352783203347e-01
-5.416538238525390181e-01
9.597539901733398438e-02
nan
nan
nan
nan
7.403934478759766069e-01
6.477455139160156472e-01
-1.111372604370117090e+00
2.453219795227050692e-01
1.685929870605468728e-01
6.578081607818603294e-02
2.015723419189453247e-01
-5.656806564331054998e-01
3.692530441284179732e-01
-6.265852928161620705e-02
4.005104446411132946e-01
3.259257125854492232e-01
-4.987624168395995983e-02
-2.913695907592773193e-01
2.199420630931854179e-03
-3.564973354339599776e-02
-1.949875450134277433e-01
-4.903364658355712641e-02
2.882325553894042880e-01
1.273127651214599476e-01
1.969199752807617165e-01
-2.982540893554687655e-01
3.942776870727539018e-01
4.725510406494140558e-01
7.795999526977538674e-02
-4.200500488281250222e-01
-3.126736068725585738e-01
9.419369506835937322e-01
nan
nan
nan
nan
-9.775338745117188033e-01
1.679493713378906183e-01
-4.026166534423827881e-01
3.468535995483398304e-01
-1.132181549072265592e-01
-1.378587913513183716e-01
-1.489454650878906383e-01
3.010024452209472678e-01
7.858081054687500178e-01
-9.497760772705078625e-02
3.726406097412109375e-01
-6.915950775146484375e-02
2.568839645385742054e-01
-6.206447982788085849e-01
-7.860158920288086437e-02
1.852923202514648315e-01
5.324625015258789285e-01
-8.462217330932617076e-02
7.156114101409911943e-02
-3.241889953613281139e-01
5.695872783660888700e-02
4.854212284088135071e-02
-4.165851211547851318e-01
-4.352419281005859286e-01
1.765120887756347623e-01
1.185733890533447327e-01
2.121446990966796842e-01
3.050181961059570401e-01
nan
nan
nan
nan
-5.460309219360351962e-01
5.360095214843749734e-01
6.276414871215820757e-01
-1.627029991149902266e-01
-4.753852081298828303e-01
-3.911540222167968484e-01
3.306372880935668640e-02
3.844407653808593617e-01
6.512401580810547319e-01
-6.789789581298828480e-01
2.102615928649902433e-01
-5.842019653320312811e-01
-7.423944950103759932e-02
-4.396118927001952947e-01
-2.956282424926757746e-01
3.278778839111328169e-01
2.332881736755371138e-01
-1.359771919250488403e-01
-3.559682464599609464e-01
-2.972528076171874756e-01
-4.565986633300781472e-01
-1.552665901184082098e-01
-2.292437934875488359e-01
3.616805076599120816e-02
-9.684622192382812411e-01
-3.113229370117187589e-01
6.976116943359375044e-01
3.861141967773437655e-01
nan
nan
nan
nan
-9.788021087646484042e-02
3.251919555664062322e-01
-2.386067390441894420e-01
-1.477113151550293046e-01
3.295466613769530984e-01
-1.195160102844238237e-01
9.619737243652344283e-01
1.705896186828613215e-01
3.330237960815429776e-01
-3.320799255371093550e-01
3.651929092407226740e-01
5.187419509887695179e-01
-5.668708419799804998e-01
7.256704568862915213e-03
-2.528062820434570090e-01
-2.331151390075683616e-01
-6.166445255279540821e-02
8.986219406127929354e-02
1.981385231018066295e-01
7.410382843017577770e-01
1.195688915252685613e-01
-6.760269165039062278e-01
-3.778580093383789307e-01
1.840792655944824274e-01
-6.819812774658202681e-01
2.168659591674804710e-01
-1.555325603485107344e-01
5.204866409301758257e-01
nan
nan
nan
nan
-5.915467453002929421e-01
-2.372939682006836026e-01
-2.261093902587890669e-01
5.278623962402343439e-01
1.800300788879394542e-01
4.301651763916015669e-01
9.921324729919434038e-02
9.975568771362304521e-02
-9.075137972831725380e-03
1.150028991699218739e-01
-3.121999931335449063e-01
-3.687912940979003878e-02
-9.732927322387695257e-02
-1.435690212249755848e-01
-1.571825742721557478e-02
3.067231750488281228e-01
4.013090896606445468e-01
7.336358642578124645e-01
1.179073047637939492e-01
7.113919067382812322e-01
5.629282379150390980e-01
-7.852182865142821877e-02
-3.068366241455078303e-01
4.055813217163086182e-01
2.545156669616699396e-01
-2.308681678771972723e-01
-2.575343474745750644e-04
1.305807352066040011e-02
nan
nan
nan
nan
-3.925132369995117387e-01
-4.833896636962890514e-01
-1.344202804565429732e-01
3.774171447753906228e-01
3.325003623962402566e-02
-1.972901701927184948e-02
-5.939988708496093395e-01
-5.750983810424804554e-01
3.821151018142700251e-02
-1.967680931091308483e-01
3.563015747070312766e-01
3.340671157836914151e-01
-7.973065948486328658e-01
-1.678864860534667880e-01
-1.807686614990234308e-01
-2.814755058288574419e-01
2.667887878417968817e-01
-1.034170150756835993e-01
-5.220866012573242010e-01
-1.969595336914062578e-01
9.876033782958984486e-02
-4.644328117370605247e-02
1.491839408874511830e-01
4.442725372314453303e-01
-4.158671951293945179e-01
1.198686695098876986e-01
-1.710680007934570201e-01
3.264336395263671697e-01
nan
nan
nan
nan
-2.461964416503906183e-01
-3.454181289672851318e-01
3.013705825805664262e-01
-2.023452949523925903e-01
-2.697980403900146484e-02
-5.443043518066406072e-01
-3.844870376586914107e-01
-6.722885608673095925e-02
-6.649287414550780762e-01
1.304858112335205156e-01
9.090973854064941795e-02
-2.180176734924316462e-01
7.676150321960449607e-02
-3.951429367065429910e-01
-4.033630371093749889e-01
-4.533907318115234508e-01
1.208660793304443398e-01
-3.973308944702148571e-01
2.804828071594238081e-01
4.670485687255859220e-01
1.468012523651122947e-01
-1.319558739662170417e-02
-4.762767791748046681e-02
6.057353973388671653e-01
1.571875095367431530e-01
-9.479595184326171375e-02
6.794837951660156472e-01
-2.310803985595702992e-01
nan
nan
nan
nan
-4.709017753601073969e-02
6.556512451171875311e-01
8.425397491455077770e-01
-1.730076408386230502e-01
-1.002876186370849632e-01
-1.999718666076660267e-01
-9.748162269592285101e-02
-1.912420463562011785e-01
-3.975568008422851740e-01
-1.468247032165527211e-01
-8.594971466064452725e-01
4.454225921630859397e-01
-6.242408370971679332e-01
2.946082687377929443e-01
2.598804473876953347e-01
5.148778915405273215e-01
-3.025099039077758668e-03
-2.528955936431884904e-02
1.273979282379150424e-01
-1.868575668334960804e-01
3.703125238418578796e-02
6.674426269531249512e-01
1.307596302032470736e-01
4.699477767944336137e-01
-8.298812866210937556e-02
1.311438846588134644e-01
-1.112554550170898465e-01
-1.468889355659484808e-02
nan
nan
nan
nan
-7.766854095458984863e-01
1.789202809333801172e-02
-1.060506343841552679e-01
-1.254100322723388783e-01
5.164902114868163974e-01
-2.352373313903808605e-01
-1.772462272644043102e-01
-3.203053665161132990e-01
1.111969757080078169e+00
2.429678344726562411e-01
-2.050214004516601463e-01
5.846118927001953125e-01
2.004569530487060672e-02
2.730061912536621005e-01
-2.486614036560058638e-01
-2.591104698181152521e-01
-6.573564147949219061e-01
4.001086044311523704e-01
-3.854450607299804710e-01
1.289535903930664196e-01
-5.616711425781250044e-01
2.888215255737304754e-01
-2.980561637878417769e-01
-2.667980384826660334e-01
-4.617432403564453169e-01
-8.104503631591797319e-02
-1.333411216735839733e-01
1.266167283058166476e-02
nan
nan
nan
nan
2.784262084960937300e-01
-2.864148712158203214e-01
-4.860673427581787415e-02
-2.736350440979004039e-01
-2.388607215881347612e-01
-3.664648771286010964e-02
-1.982549095153808560e-01
-2.280519866943359342e-01
4.723562598228454347e-03
6.386268997192382502e-01
3.528563022613525474e-02
-3.851927566528320357e-01
2.042984390258789085e-01
-3.135406875610351474e-01
1.362692928314208907e-01
3.005740165710449330e-01
1.912558555603027233e-01
-2.949444770812988392e-01
-1.141614055633544955e-01
4.662417984008789262e-01
1.438479042053222579e-01
-2.523120117187500067e-01
2.987387657165527233e-01
-1.617443656921386808e-01
-2.974998283386230402e-01
2.131631374359130998e-02
3.110397911071777211e-01
1.144843816757202225e-02
nan
nan
nan
nan
3.295493316650390803e-01
-1.050546169281005859e-01
-3.685118484497070246e-01
1.135181655883789054e+00
-1.553705501556396362e-01
2.503924846649169950e-02
-3.915557861328125000e-01
5.908253860473632324e-01
9.840087294578551622e-03
2.869798660278320424e-01
2.541646575927734575e-01
6.061589431762695046e-01
-2.641771507263183660e-01
-7.388780212402343839e-01
4.399090576171875155e-01
3.254191589355468484e-01
3.412086105346679443e-01
-9.838909149169922097e-02
-5.964654445648193137e-02
3.847733497619629239e-02
2.198629570007324119e-01
-3.638602447509765581e-01
7.144385528564453081e-01
1.357981967926025491e-01
-6.243000030517578125e-01
-5.344635009765624778e-01
-5.900864028930663530e-01
5.302835941314697210e-02
nan
nan
nan
nan
4.791837692260741965e-02
1.330693626403808560e-01
1.903927040100097667e-01
8.139963150024413785e-02
-5.599488735198974304e-02
3.126361370086670061e-02
-8.430912017822266014e-02
2.036384582519531333e-02
5.005746078491211115e-01
3.811039352416992210e-01
6.228932952880859020e-01
6.383191680908203436e-01
-2.855487251281738081e-01
1.279352569580078092e-01
-1.370755195617675837e-01
-6.345347404479979858e-02
1.958832359313964766e-01
4.421175384521484619e-01
-8.082296752929687411e-01
-6.884860992431640625e-01
1.219196033477783214e-01
-6.705701446533203214e-01
-9.026296997070312189e-01
-2.932028198242187522e-01
-3.286771011352538907e-01
-3.738007736206054865e-01
-1.265792655944824319e-01
-2.691228485107421964e-01
nan
nan
nan
nan
-4.602180099487304665e-01
-1.125327014923095670e-01
-6.143589019775390347e-02
-8.966078758239745539e-02
-1.551827526092529330e-01
3.344314575195312389e-01
-1.443569183349609486e-01
4.960777759552002092e-02
7.690834045410156750e-02
1.318883037567138705e-01
-2.907746124267578391e-01
1.706243324279785034e-01
1.238354015350341814e-01
-5.390652847290039462e-01
-4.421666622161865567e-02
-2.335133171081542891e-01
1.367251873016357422e-01
8.081844329833984819e-01
-3.197881221771239901e-02
-4.212223052978515403e-01
-2.335041427612304654e-01
2.679662513732909979e-01
3.666899919509887529e-02
4.257006835937500178e-01
2.746356964111328347e-01
-2.038888549804687422e-01
2.076623916625976451e-01
-5.858855819702148970e-01
nan
nan
nan
nan
2.149099588394165136e-02
2.881722450256347656e-01
7.944764614105224998e-02
-3.554409790039062544e-01
-4.872615814208984264e-01
2.382284164428710993e-01
5.341249084472656783e-01
-3.408604812622070268e-01
4.169294738769531161e-01
2.557324600219726407e-01
7.573421478271484819e-01
1.602940559387207031e-01
-5.706155014038085671e-01
-4.615998840332031228e-01
-4.333213806152343972e-01
5.642627716064453347e-01
-3.147601509094238303e-01
3.182343721389770813e-02
1.250312805175781139e-01
-3.548239517211914107e-01
-4.623288726806640825e-01
2.446029853820800848e-01
-3.308722305297851496e-01
1.854674530029296886e-01
5.169630527496337641e-02
1.704554367065429787e-01
6.101613998413085715e-02
-2.433880043029785223e-01
nan
nan
nan
nan
3.799840927124023549e-01
4.338926696777343772e-01
-4.524853515625000266e-01
7.535075378417969150e-01
3.117811584472656161e-01
3.443830728530884039e-02
-2.988105773925781028e-01
6.439315795898437056e-02
6.055781555175780984e-01
4.667045116424560491e-02
-2.783450126647949233e-02
-5.757776260375976340e-01
8.204521179199218972e-01
1.924009323120117188e-01
6.971103191375732644e-02
-7.075811767578125133e-01
1.210217475891113281e-01
-4.509705352783203169e-01
-1.202512073516845692e-01
3.694651031494140536e-01
-1.784032630920410201e-01
2.222495269775390525e-01
5.273879623413085804e-01
-3.017334938049316337e-02
7.797270202636719105e-01
-4.036636352539062500e-01
3.440765380859375222e-01
-3.965427780151367099e-01
nan
nan
nan
nan
-1.671283531188964833e-01
-6.987243175506591131e-02
-4.261861801147460715e-01
1.469726753234863181e-01
2.324301528930663996e-01
5.342933654785155806e-01
-2.332526779174804721e-01
5.507882308959960449e-01
-2.240494728088378851e-01
-1.638501167297363170e-01
1.677618026733398438e-01
7.133786010742187988e-01
3.664370346069336093e-01
1.194963932037353543e-01
-3.603258895874023593e-01
6.211835861206054243e-01
3.949891281127929643e-01
6.418426513671875444e-01
2.522625732421874822e-01
-6.134158325195312456e-01
6.793411254882812944e-01
-1.818549537658691317e-01
-9.743514060974120539e-02
-3.908315658569335715e-01
3.427714920043945512e-01
1.592264461517333973e-01
-7.877090454101562944e-01
-1.366912651062011652e-01
nan
nan
nan
nan
1.782247924804687411e-01
7.265083312988281083e-02
2.146820068359374944e-01
-4.955798149108886497e-02
-1.589937019348144631e-01
4.892909622192382901e-01
6.410069942474365401e-02
-3.566105270385742099e-01
1.776973724365234486e-01
-3.070020294189453325e-01
1.740091323852538951e-01
3.146431541442871183e-01
-3.249797439575195512e-01
-8.050095558166503462e-02
-7.689898490905761053e-02
-6.465394496917724332e-02
3.962198257446288840e-01
-1.227419948577880837e-01
-8.353266119956969521e-03
-1.828835487365722545e-01
5.483419036865234686e-01
-5.120977020263671742e-01
1.939217758178710949e-01
3.575186920166015803e-01
5.123081970214843350e-01
6.588220977783203480e-01
-2.165414237976074352e-01
4.522495651245116988e-01
nan
nan
nan
nan
-3.604043579101562367e-01
3.982452011108398304e-01
-2.260367774963378817e-01
-2.901617050170898424e-02
9.774718284606934149e-02
1.306681346893310558e-01
3.228816032409667636e-02
1.742020416259765503e-01
1.318477725982666049e-01
-1.475927162170410090e-01
-6.198433303833007502e-01
8.324542236328125178e-01
-6.065085411071777233e-02
-9.599632263183593972e-02
1.534326553344726451e-01
2.183006477355957098e-01
-1.716580581665038963e-01
-3.164803266525268582e-02
4.755042648315429554e-01
-4.307755279541015669e-01
-3.590059661865234175e-01
-3.470492172241210760e-01
-1.998727172613143886e-03
5.089792251586914285e-01
-5.182024002075195090e-01
8.484866023063659252e-03
nan
nan
nan
nan
nan
nan
-1.788673591613769431e-01
-7.656073570251464844e-02
-1.205224132537841830e-01
-1.493826103210449119e-01
-7.978558063507079634e-02
-8.294824981689452592e-01
1.358588695526123102e-01
-7.744838237762451116e-02
-3.538698959350585760e-01
7.683428764343261386e-02
-1.772854995727539129e-01
3.121689796447754128e-01
8.014177322387695812e-02
-1.596902251243591253e-02
-6.788892364501952770e-01
-1.717825126647949119e-01
-5.630781936645508079e-01
-5.923587799072265597e-02
-1.171220064163207980e-02
-2.486279678344726629e-01
-4.848237228393554865e-01
-7.523339080810547141e-01
-2.096802711486816517e-01
-6.019340038299560852e-02
2.295510101318359308e-01
-1.926927375793457131e-01
5.555957031249999512e-01
3.777156829833984153e-01
nan
nan
nan
nan
-5.170371627807617276e-01
1.422986793518066506e-01
6.359385490417480968e-02
6.582513332366943248e-02
-2.653885650634765780e-01
2.308856964111328028e-02
3.107493591308593817e-01
-2.400275611877441539e-01
-1.226396709680557199e-03
3.632056808471679776e-01
-2.069136047363281383e-01
-2.065533828735351685e-01
2.753301048278808394e-01
-2.256039047241210904e-01
-4.743765258789062744e-01
-1.013871955871581965e-01
4.333142757415771318e-02
5.126673126220703258e-01
6.323472595214844061e-01
5.000282669067382946e-01
-1.992007064819335815e-01
-7.956128692626953658e-01
nan
3.427408456802367998e-02
-4.567980194091796897e-01
4.254148864746093994e-01
2.423927307128906361e-02
5.147906112670898038e-01
nan
nan
nan
nan
-3.741664886474609375e-01
2.640710258483886519e-01
2.824125051498413072e-02
5.393438339233398438e-01
1.517327308654785045e-01
4.600173568725585693e-01
-4.274153518676757635e-01
3.164818191528320224e-01
3.929696273803711115e-01
2.452471542358398426e-01
-2.856921195983886941e-01
-3.531060028076171697e-01
3.857608413696289040e-01
6.457416534423827681e-01
6.277533531188965454e-02
4.137914180755615512e-02
2.055523872375488240e-02
2.401079559326171897e-01
3.620694732666015492e-01
4.105232954025268832e-03
-2.922130012512206831e-01
1.853356170654296975e-01
-5.189415740966797363e-01
-1.752957344055175795e-02
-1.969395637512207087e-01
-1.362483787536621083e-01
-1.350832653045654363e-01
2.786114883422851629e-01
nan
nan
nan
nan
1.284669971466064486e-01
-2.617290878295898682e-01
-2.776280403137207017e-02
-1.616831588745117065e-01
-2.350752067565917980e-01
-2.819161033630371294e-01
-6.826639175415039062e-02
-2.136810779571533120e-02
8.453564643859863559e-02
-2.636013221740722834e-01
6.458423614501952736e-02
-5.861884307861328081e-01
3.288743209838866921e-01
2.541716003417968661e-01
-4.552583312988281450e-01
8.130622863769530750e-02
3.695206642150879184e-02
-3.762953567504883079e-01
nan
-2.274146270751953025e-01
2.112240028381347778e-01
2.483035278320312456e-01
3.122891044616699086e-01
3.802631759643554932e-01
2.077256965637206965e-01
-2.576807594299316273e-01
9.996908187866210271e-02
-1.170776486396789620e-02
nan
nan
nan
nan
-7.050922393798828569e-01
1.484409809112548773e-01
1.953144520521163906e-03
-8.548254013061523660e-02
1.989708328247070390e-01
-1.045061302185058549e-01
-1.115281581878662109e-01
-1.248002338409423817e-01
-3.350334548950195113e-01
-1.136951293945312580e+00
-1.432271671295166082e-01
6.907106018066406783e-01
2.723572731018066295e-01
2.740833282470703236e-01
-1.615245437622070401e-01
-3.045584869384765359e-01
1.118486285209655678e-02
-4.115106964111328036e-01
-5.120263576507568665e-02
-3.821993637084961093e-01
-2.819817352294922141e-01
-3.372826766967773615e-01
1.839786911010742321e-01
-4.584388351440429887e-01
5.690740585327148243e-02
-2.507619476318359575e-01
1.143415927886962946e-01
-8.337033271789551225e-02
nan
nan
