nan
nan
-2.803515434265136941e-01
2.238578081130981542e-02
3.786541748046874933e-01
-2.373186683654785190e-01
-1.275523185729980358e-01
-1.554761314392089921e-01
-1.497614288330078036e-01
-1.474964714050293058e-01
6.715166473388671786e-01
6.129752159118652399e-02
-3.730041885375976474e-01
1.392084693908691440e-01
6.688182830810546209e-02
4.978342437744140425e-01
3.072225761413573952e-01
3.050763511657714755e-01
-1.087153148651123086e-01
2.989596557617187345e-01
-8.996777343749999822e-01
3.970438241958617817e-03
1.335482978820800859e-01
3.986358165740967047e-02
6.375656509399414418e-01
-5.802556991577147993e-01
-8.203398895263671609e-01
1.518703651428222612e-01
-3.293592071533202881e-01
-7.121683120727538563e-02
nan
nan
nan
nan
-9.915343475341796831e-01
2.126897430419921742e-01
2.193168449401855513e-01
2.738216018676757901e-01
-2.330195236206054621e-01
2.889276885986328258e-01
2.110593605041503895e-01
8.352656364440917691e-02
-5.174987792968750444e-01
-6.759017944335937722e-01
2.784005355834960893e-01
-9.501089096069335882e-02
4.116741561889648571e-01
-1.914001464843750056e-01
1.033566355705261251e-02
-1.486724853515624944e-01
5.897684860229491788e-01
5.235408782958984597e-01
2.040292263031005804e-02
6.923516845703124867e-01
4.224529266357421875e-01
7.647193145751952637e-01
3.325426101684570424e-01
1.759622573852538951e-01
4.222035980224609353e-01
3.695161056518554421e-01
-5.402415084838867454e-01
-1.207534790039062472e-01
nan
nan
nan
nan
-2.632658767700195579e-01
-2.352977943420410112e-01
-6.898329925537108887e-01
1.156777858734130832e-01
7.955189514160155850e-01
-1.122664546966552768e-01
7.694163513183593928e-01
6.006927871704101918e-01
-6.108490228652954483e-03
-1.701328659057617099e-01
-2.258099937438964866e-01
-1.781742858886718739e-01
-3.712129592895507812e-01
6.426988220214844283e-01
1.565885925292968828e-01
-2.854174804687499845e-01
3.569363021850586182e-01
1.470827198028564486e-01
-5.939229202270507324e-01
3.302060317993164018e-01
3.364239120483398238e-01
6.155896663665771235e-02
4.384647846221923634e-02
2.298499107360839899e-01
2.841761207580566495e-01
-6.640408039093018133e-02
-4.469909667968750000e-01
-6.906240940093993919e-02
nan
nan
nan
nan
-3.103577423095703058e-01
2.943202590942382568e-01
1.716792297363281261e-01
2.769111633300781472e-01
2.019803237915039074e-01
-2.682490539550781428e-01
5.995717620849609908e-01
2.827614402770995961e-01
-2.202501106262207131e-01
1.283140563964843828e-01
1.801150703430175748e-01
1.144648075103759793e-01
7.507592678070068581e-02
4.745800781250000266e-01
2.239814186096191484e-01
-2.109009361267089877e-01
1.855216217041015525e-01
4.672274398803710760e-01
-3.329666554927826136e-03
-3.033149909973144598e-01
-1.372369956970214966e-01
-7.041188812255859686e-01
-6.087537002563476740e-01
9.828526496887207697e-02
3.760774993896484619e-01
3.520179748535156028e-01
-8.484386444091797375e-02
2.465996551513671975e-01
nan
nan
nan
nan
-3.567829132080078125e-01
3.320732116699218750e-01
5.145581722259521401e-02
-6.894286346435546387e-01
-4.390625762939452947e-01
-1.101763629913330017e-01
1.393337154388427646e-01
-1.312939357757568481e-01
-5.763989639282226518e-01
6.891395568847656639e-02
1.394158363342285212e-01
2.334307861328125122e-01
9.015012359619141158e-01
-3.425164222717284879e-02
9.990550231933593706e-01
5.484883117675781738e-01
-4.992169189453125044e-01
-3.451493501663208119e-02
-3.605124664306640359e-01
5.887537002563476840e-02
-4.595922470092773660e-01
-2.464178848266601607e-01
2.947265434265136652e-01
-7.929834127426147947e-03
4.431058883666991882e-02
-7.581300735473632535e-02
-1.155197238922119202e-01
2.981388473510742099e-01
nan
nan
nan
nan
8.109794616699218528e-01
3.075662040710449019e-01
7.328939914703369585e-02
-9.743920898437500311e-01
1.266617488861083995e-01
-3.280406188964843928e-01
-9.718923950195312855e-01
-9.132680892944336493e-02
-6.020118713378905806e-01
-2.286949634552001842e-02
1.361965560913085960e-01
-1.095555877685546881e-01
-5.591747665405273349e-01
1.540697193145751931e-01
2.394387054443359308e-01
-2.699691581726074152e-01
-1.167349433898925842e-01
5.779517650604248241e-02
1.445081329345703214e-01
1.419243621826171975e-01
6.407164764404297275e-01
-3.272350692749023682e-01
2.457296371459960840e-02
4.772975921630859264e-01
-2.761366844177245983e-02
4.346122360229492387e-01
1.389646625518798917e-01
-7.940739440917968794e-01
nan
nan
nan
nan
-5.751326084136963203e-03
-1.670081329345703136e-01
-1.767800331115722545e-01
3.890066146850586215e-02
-4.098311996459960693e-01
6.439161682128906605e-01
1.529740333557128851e-01
-3.078612518310546720e-01
3.494438552856445335e-01
3.554546356201171986e-01
5.560953903198242454e-01
1.111461067199707026e-01
-5.334292602539062456e-01
-6.110635757446288840e-01
-3.140373992919922030e-01
-4.840870285034179488e-01
-3.343352508544921720e-01
1.532007789611816440e-01
8.583269500732422230e-01
-2.995854377746581809e-01
-5.167681884765624734e-01
-7.604389190673828125e-01
1.779219746589660520e-02
2.834929847717285178e-01
-3.355820846557617254e-01
-3.846207046508788863e-01
2.360425949096679743e-01
-1.318075561523437411e-01
nan
nan
nan
nan
-3.658254861831664734e-02
1.607645797729492232e-01
-8.896351623535155850e-01
-3.499489974975585893e-01
1.153459548950195312e-01
-2.139590454101562567e-01
-7.198060607910156117e-01
9.705994129180908064e-03
-7.319382667541503296e-02
2.524495363235473508e-02
-1.999918937683105580e-01
-2.269110679626464844e-01
1.379126167297363148e-01
4.014205932617187500e-01
3.756857681274414218e-01
9.001243591308594194e-01
-2.147532272338867065e-01
-1.307186508178710960e-01
-2.559523391723632635e-01
9.271969795227050573e-03
1.476703834533691362e-01
9.871787071228027566e-02
2.751508331298828103e-01
-5.585134887695312189e-01
6.087968349456786971e-02
-1.651327323913574230e-01
-3.550597381591796831e-01
-2.860751724243164040e-01
nan
nan
nan
nan
2.951381874084472723e-01
2.299471664428710815e-01
-6.080197143554687544e-01
2.624630546569824419e-01
-1.450261783599853527e-01
4.284852981567383035e-01
1.715171623229980458e-01
-1.055450439453125000e-01
2.342355728149413951e-01
-6.631215572357178345e-02
-2.356157493591308494e-01
6.060297775268554954e-01
-2.811861991882323997e-01
-2.928886222839355291e-01
-1.196474742889404308e-01
-1.771201324462890747e-01
8.040716171264648826e-02
5.120531082153320090e-01
-3.020928955078124867e-01
-1.638251876831054721e-01
-1.622201728820800715e-01
2.252703285217285134e-01
1.284951877593994152e-01
-1.534877681732177701e-01
5.613447189331054465e-01
-2.113363075256347590e-01
-2.420151901245117254e-01
3.964797210693359331e-01
nan
nan
nan
nan
2.906494140625000000e-01
1.330484485626220736e-01
-1.590018177032470614e-01
-5.113858032226562544e-01
-9.778662109375000355e-01
3.512722015380859153e-01
-9.674063682556152677e-02
-6.321384811401367099e-01
-4.705740737915038996e-01
3.120521545410156472e-01
-5.444052505493164329e-01
-2.052381706237793035e-01
5.944236278533935464e-02
1.766089677810668904e-02
1.372828197479248058e-01
-3.797757339477538796e-01
4.303145408630371094e-02
-5.812451934814453214e-01
4.035822296142578258e-01
-1.806745910644531328e-01
4.126058578491210715e-01
-1.539206385612487855e-02
-2.288346290588378906e-01
1.874437141418457131e-01
2.881862831115722390e-01
-1.377893257141113159e-01
-5.653627014160156339e-01
-3.707350540161132857e-01
nan
nan
nan
nan
-1.240369510650634749e-01
2.188833618164062467e-01
-1.720095252990722634e-01
-1.834243774414062444e-01
4.409302139282226807e-01
-1.166265583038330056e-01
1.184038257598876986e-01
-1.659980964660644487e-01
6.082212066650390936e-01
-1.418034648895263594e-01
4.977457046508789174e-01
3.144238090515136808e-01
1.110498237609863215e-01
-5.091649627685547186e-01
2.798469543457031139e-01
-1.148931980133056641e-01
6.447381973266601285e-02
-2.343480682373046964e-01
-2.791218566894531072e-01
1.709761810302734275e-01
-6.510488986968994418e-02
-3.363901519775390758e-01
-2.433596611022949274e-01
-6.928433227539062544e-01
-9.102263450622558039e-02
-9.034250640869140314e-01
3.490192031860351318e-01
-2.865592956542968583e-02
nan
nan
nan
nan
6.262315368652343617e-01
-9.635616302490233875e-02
-3.807488250732422030e-01
-1.412630939483642545e-01
-1.910255813598632779e-01
-4.163829803466796708e-02
1.208866310119628973e-01
1.737917709350585982e-01
-1.836671233177184989e-02
-3.545611953735351429e-01
-2.215564155578613192e-01
-8.117911529541015359e-01
2.005277252197265603e-01
-5.976994705200194824e-01
-3.169973945617675648e-01
-6.652555084228515270e-01
4.522558975219726496e-01
2.365565872192382790e-01
-2.502708053588867387e-01
3.770297622680663929e-01
1.604339790344238292e-01
-3.686375856399536077e-02
4.439330673217773415e-01
-1.502001285552978516e-02
-8.715763854980468350e-01
-1.067124271392822232e-01
-1.761972427368164174e-01
6.720626831054687944e-01
nan
nan
nan
nan
1.202559089660644592e-01
4.059962463378906095e-01
-3.300574111938476829e-01
7.424627304077148493e-02
-1.143287849426269515e-01
5.647042465209960449e-01
2.940142250061035245e-01
2.327672767639160090e-01
1.014069080352783259e-01
-1.362577724456787154e-01
-2.759244346618652255e-01
2.187567234039306668e-02
-5.397079849243163752e-01
-4.007268905639648215e-01
-3.576261520385742299e-01
-2.812896919250488237e-01
7.758148956298828169e-01
-2.078392601013183683e-01
-1.029712677001953097e-01
1.331645488739013616e-01
6.971086025238036610e-02
1.010079026222229087e-02
-3.915768623352050559e-02
-5.041145706176757280e-01
-3.652453613281250178e-01
-7.800208282470703081e-01
-6.363173961639403964e-02
5.387668991088867543e-01
nan
nan
nan
nan
1.811681556701660034e-01
5.155066251754760950e-03
-5.808756637573242454e-01
-5.246434402465820490e-01
7.250479221343994474e-02
-1.327647328376770075e-02
5.574635696411133212e-01
-2.625333595275878840e-01
2.361830902099609497e-01
2.106017303466796997e-01
2.569390106201172030e-01
-2.813126754760741921e-01
2.311007690429687511e-01
2.249672508239746183e-01
4.565599441528320201e-02
-6.365382194519042525e-02
1.110572814941406250e-01
8.171570587158203391e-01
2.995499038696289307e-01
3.147585487365722745e-01
6.852946281433106024e-02
1.415579128265380959e-01
5.182423019409179155e-01
5.687099838256836071e-01
3.538778686523437744e-01
1.183638572692871094e-01
-3.570986986160278043e-02
5.634121894836426059e-02
nan
nan
nan
nan
7.957025909423828258e-01
-2.331652259826660079e-01
7.415400505065918024e-02
-2.286748695373535256e-01
-3.367190551757812678e-01
3.113592147827148326e-01
5.892761993408203169e-01
-7.631410121917724110e-02
-3.881374359130859153e-01
3.944522142410278320e-02
4.716421890258788996e-01
3.730215454101562522e-01
-5.997841262817382724e-01
-8.158284187316894309e-02
-8.472759276628494046e-04
-5.075631332397461115e-01
1.199610233306884766e-01
5.890131378173828480e-01
-3.082086563110351674e-01
3.167413139343261963e-01
-2.172800064086914118e-01
-3.292320632934570557e-01
2.392525100708007835e-01
6.375879287719726785e-01
-1.151540565490722645e-01
-1.774983024597167891e-01
3.650292205810546919e-01
2.281579732894897447e-02
nan
nan
nan
nan
-7.213884735107422008e-01
-3.868174791336059792e-02
-6.163111495971679288e-01
-5.787302017211913840e-01
2.218331336975097601e-01
7.391251087188720204e-02
2.203535270690918091e-01
-3.897880554199218972e-01
-1.902894401550292991e-01
1.092513179779052712e-01
4.652684783935546742e-01
-6.297351360321044866e-02
1.270473384857177812e-01
-4.063685989379882679e-01
-4.380514526367187411e-01
3.097943305969238365e-02
-4.859629821777343706e-01
-3.795501708984375111e-01
-1.440542507171630737e-01
-2.793068313598632835e-01
5.139082717895507857e-01
-5.366283798217773571e-01
-5.198943710327148526e-01
-4.902992248535156250e-01
2.846250915527343550e-01
-7.952697753906250444e-01
2.441773414611816406e-01
-3.072588157653808327e-01
nan
nan
nan
nan
-2.878872489929198975e-01
-4.972587108612060852e-02
1.573584365844726551e-01
1.101137351989746049e-01
2.387230491638183683e-01
-1.698603820800781150e-01
-3.953718185424804910e-01
4.281544494628906072e-01
-1.436654853820800715e-01
-1.866469383239746094e-01
-1.500524139404296742e-01
3.136484909057617454e-01
3.012418174743652366e-01
4.143331146240234464e-01
-1.223681926727294977e-01
4.618568420410156250e-01
4.941622924804687234e-01
-2.897634506225585938e-01
-1.036069679260253895e-01
3.011449813842773660e-01
-2.411357879638671986e-01
5.029621124267578125e-01
3.530784225463867165e-01
1.834848022460937589e-01
-2.031800651550292880e-01
2.898301506042480491e-01
-8.475034332275390714e-01
-2.273836135864257812e-01
nan
nan
nan
nan
-1.364828872680663996e-01
3.160111236572265558e-01
-7.217108917236327859e-01
-8.514060020446777288e-02
-8.684805870056151733e-02
4.784742355346680021e-02
1.648040199279785234e-01
-4.191099405288696046e-03
4.918181228637695246e-01
3.420491790771484353e-01
-1.912799644470214722e-01
4.503170013427734153e-01
-1.870641708374023299e-02
-3.576866149902343528e-01
2.666411018371582231e-01
1.458768177032470637e-01
-5.287699890136718928e-01
-2.982820320129394576e-01
5.400810623168945668e-01
2.280541419982910212e-01
1.686712455749511674e-01
-1.910793876647949308e-01
2.193421745300292991e-01
-5.219836711883545088e-02
-3.236949157714843484e-01
-1.178477001190185586e-01
4.680574035644531339e-01
-2.532906532287597656e-01
nan
nan
nan
nan
-4.803683090209960871e-01
1.237914371490478477e-01
4.441569519042968817e-01
2.671654701232910045e-01
3.063917922973632968e-01
6.133812713623046919e-01
2.730052947998046764e-01
-4.594861984252929799e-01
1.702947044372558616e-01
1.788720893859863381e-01
3.429252243041991943e-01
1.825777053833007868e-01
-2.381557846069335960e-01
-7.579391479492186834e-02
-1.831103444099426228e-02
1.305288553237914963e-02
-4.024878501892090177e-02
1.839837837219238381e-01
-1.868059158325195424e-01
1.291710662841796808e-01
-7.267012786865234553e-01
-8.976514434814453214e-01
4.742294692993164196e-01
3.926450347900390381e-01
-4.659600448608398615e-01
1.985214424133300848e-01
nan
nan
nan
nan
nan
nan
2.617471122741699130e-01
-3.853152465820312567e-01
-6.462073802947998491e-02
-6.291460514068603072e-02
-2.701327705383300692e-01
-2.707683753967284890e-01
-5.226532745361328613e-01
-2.148888397216796864e-01
-3.876739883422851696e-01
2.673618507385253640e-01
3.517913818359375000e-01
1.876025772094726540e-01
-5.006929397583007590e-01
2.454264640808105358e-01
-3.310596084594726318e-01
5.259679317474365290e-02
2.055607223510742265e-01
2.156452751159667891e-01
2.751369094848633012e-01
3.520516204833984419e-01
3.939645767211913951e-01
9.350835418701172186e-01
8.350219726562500000e-01
-3.423609161376953147e-01
1.643333625793456931e-01
4.930150985717773326e-01
-3.735234451293945046e-01
8.147643089294433205e-02
nan
nan
nan
nan
-6.207159805297851607e-01
1.275226211547851596e-01
3.162539100646972745e-01
-1.707049942016601596e-01
4.816868305206298967e-02
-5.908433914184569868e-01
-2.323760986328125000e-01
-1.279912757873535034e-01
-5.835422515869140847e-01
-3.357770156860351296e-01
2.647782135009765780e-01
-5.677213287353515270e-01
3.662849044799804665e-01
2.968434333801269753e-01
1.746438789367675826e-01
-5.214934158325195135e-01
-2.758457756042480558e-01
-6.485305786132812556e-02
2.374004364013671819e-01
-1.212726020812988220e-01
1.300318717956542858e-01
-8.455166816711426336e-02
nan
-1.242970561981201205e-01
-4.514665126800537082e-02
3.062453269958496094e-01
2.106495666503906128e-01
5.043738842010497825e-02
nan
nan
nan
nan
-3.235137557983398526e-01
-1.079413986206054638e-01
-3.504474639892578014e-01
2.312957954406738292e-01
-3.029818534851074219e-01
6.782765388488769254e-02
3.190779304504394731e-01
-1.683456611633300792e-01
-7.383243083953856811e-02
8.570875167846679632e-02
8.718759155273437811e-01
-9.447093009948730191e-02
-6.240276336669922097e-01
4.329044342041015736e-01
2.194174528121948381e-02
-2.303381443023681807e-02
3.179684638977050559e-01
2.679028511047363420e-02
3.842559814453124778e-01
2.710009813308715890e-02
-3.171756744384765514e-02
6.975649261474609064e-01
4.394604206085205023e-02
2.651749420166015780e-01
-6.443141174316405762e-01
-1.204887390136718806e-01
-2.944928741455077881e-01
-4.074504470825195401e-01
nan
nan
nan
nan
-2.705810928344726807e-01
-2.392406082153320235e-01
-5.649263858795165738e-02
-3.980523300170898393e-01
-6.565657854080200577e-03
-2.613764572143554843e-01
6.352026462554931363e-02
-7.881052017211914729e-02
-4.888515853881835738e-01
-5.313563919067383345e-01
3.806957244873046542e-02
-5.150084304809570135e-01
-2.724627113342285023e-01
1.713023757934570290e-01
-6.176086425781249917e-02
-3.518999099731445201e-01
-3.608045959472656050e-01
1.092299365997314448e-01
nan
1.253984069824218839e-01
1.440804672241211004e-01
-6.527064800262451227e-02
7.425304412841797486e-02
4.256365585327148704e-01
2.317698478698730358e-01
-8.255650520324707420e-02
-8.567476654052734730e-01
3.925184249877929910e-01
nan
nan
nan
nan
-6.670375823974609153e-01
4.587251663208007924e-01
-2.494855499267578103e-01
7.607896804809570479e-02
9.164928436279297375e-02
3.009443473815918146e-01
-5.094390869140624778e-01
-3.642395782470703169e-01
3.768881988525390470e-01
8.040593147277831643e-02
1.054943084716796903e-01
-1.716138839721679729e-02
7.226607513427734109e-01
-9.252461242675781294e-01
3.807158660888672053e-01
4.284086990356445468e-01
-1.519026756286621094e-01
-4.888513088226318498e-02
-3.105193710327148193e-01
-4.136904907226562345e-01
2.240676498413085860e-01
3.608904266357421675e-01
2.878051757812499778e-01
-1.896987557411193917e-02
-2.447634315490722634e-01
5.706115341186523970e-01
-4.049605369567871316e-02
6.850998687744140891e-01
nan
nan
