nan
nan
3.048822021484374756e-01
2.002581405639648482e-01
-3.387119293212890736e-01
3.497866058349609619e-01
-5.907939076423645262e-03
1.407127952575683572e-01
-6.413935089111327814e-01
-9.448546409606933816e-02
-4.247621536254883035e-01
5.503886795043945179e-01
-2.001870536804199185e-01
-5.154831314086913974e-01
2.273423004150390558e-01
-4.667347431182861106e-02
4.789517211914062766e-01
-3.163207054138183483e-01
-2.563472557067871249e-01
1.294607877731323263e-02
-4.633373260498047097e-01
5.094676971435546653e-01
-1.411070919036865323e-01
-3.595657348632812500e-01
7.067579746246338557e-02
-4.538751602172851340e-01
-9.137741088867187833e-02
-7.649744033813477007e-02
2.820017814636230358e-01
9.672429084777832420e-02
nan
nan
nan
nan
-5.367752075195312278e-01
3.275904083251953147e-01
4.409793853759765708e-02
3.718539047241211093e-01
-3.989769518375397075e-03
3.635585403442382901e-01
-3.370911788940429421e-01
-3.600532913208007724e-01
-4.435220718383788840e-01
3.231185531616210804e-01
-2.616265869140624867e-01
2.586309051513671631e-01
8.009351348876952992e-01
1.899137496948242188e-01
-3.040729331970214999e-01
3.350679397583007924e-01
1.198105144500732355e-01
-2.155462503433227400e-02
-5.355513381958008079e-01
5.582871246337890447e-01
-4.350400543212890603e-01
2.693556785583496316e-01
2.997872924804687589e-01
1.348065090179443315e-01
7.133838176727294589e-02
5.114157867431640137e-01
2.908702087402343928e-01
4.640559005737304732e-01
nan
nan
nan
nan
-7.685878276824950617e-02
1.807029533386230458e-01
4.603356170654296919e-01
-4.147775650024413951e-01
3.536042022705078169e-01
3.708892059326172053e-01
-8.096028327941894032e-02
6.453679656982421742e-01
5.632769393920898926e-01
1.727122688293457053e-01
2.850727272033691251e-01
-2.947546005249023215e-01
2.442049264907836942e-02
3.696116638183593595e-01
-2.850956535339355669e-01
-1.109918022155761685e-01
-2.736124038696289285e-01
5.196378326416015714e-01
2.216265487670898426e-01
1.154917240142822321e-01
1.799216842651367165e-01
3.847583007812500067e-01
-1.449418640136718728e-01
9.052758026123046697e-01
5.904975509643555220e-01
-2.023335456848144448e-02
-1.675944328308105469e-01
2.656815719604492254e-01
nan
nan
nan
nan
-1.767060661315917880e-01
-5.402531433105468572e-01
1.824905514717102203e-02
-2.583335304260254150e-01
-8.275769805908202992e-01
7.200774383544922275e-01
9.698112487792968917e-02
-3.825068283081054510e-01
-9.219372558593750266e-01
9.450798034667969028e-02
1.860825347900390558e-01
-1.730484771728515725e-01
-1.281864166259765597e-02
-4.181391716003417941e-02
-1.726935768127441373e-01
-4.581443023681640581e-01
-1.915671539306640636e-01
5.764885902404785073e-02
8.784304618835449274e-02
3.980701065063476651e-01
1.004801654815673795e-01
-1.272717189788818426e-01
3.078213500976562655e-01
-4.809245300292968595e-01
5.554400634765624956e-01
-1.844146156311035067e-01
-3.606639862060546653e-01
-9.546736907958984775e-01
nan
nan
nan
nan
5.992107391357422153e-02
-3.282592773437499889e-01
2.271604537963867188e-01
-2.501391792297363303e-01
3.671937227249145314e-02
-5.827720260620117276e-01
2.293529129028320235e-01
-4.412865829467773615e-01
-6.740049743652343217e-01
5.247476959228515314e-01
-4.930083084106445246e-01
5.491499423980712724e-02
-9.663901329040527899e-02
-6.687733459472656738e-01
2.914068794250488370e-01
-2.649264907836914040e-01
-1.926764869689941428e-01
-1.042075538635253845e-01
-5.151498031616210671e-01
-2.910289192199707053e-01
1.717138290405273438e-01
-2.022317695617675826e-01
-2.443276405334472712e-01
-8.118690490722656194e-02
1.612357020378112765e-02
-3.509803771972656028e-01
-2.132250595092773371e-01
-9.352589607238769032e-02
nan
nan
nan
nan
-5.928622436523437456e-01
4.137865066528320090e-01
2.804406166076660045e-01
2.167924308776855435e-01
2.894086647033691229e-01
-4.996390819549560713e-02
1.010227298736572216e-01
-2.295461654663085993e-01
-1.032424259185791005e-01
1.659546470642089822e-01
5.718326950073242543e-01
2.987181854248046609e-01
-9.636109161376953391e-01
-1.877018356323242321e-01
-4.139430236816405984e-01
-2.533065795898437611e-01
2.167572402954101585e-01
-3.293849945068359486e-01
-2.668006324768066317e-01
1.284919452667236395e-01
-4.699754333496093950e-01
9.939537048339844305e-02
3.523865509033203280e-01
-2.575651168823241965e-01
-5.074138641357421597e-02
4.725883865356445557e-01
7.400068664550780717e-01
-1.851176071166992232e-01
nan
nan
nan
nan
1.494563484191894498e-01
-1.940403175354003806e-01
-2.864360809326171875e-02
3.541827392578125178e-01
4.280442237854004128e-02
9.226754188537597545e-02
2.298480033874511774e-01
1.969648551940917924e-01
3.395600128173827947e-01
-6.856649780273437189e-01
-1.059217376708984304e+00
4.391802215576172119e-01
-2.120050191879272600e-02
2.253803253173828069e-01
1.158261585235595692e-01
2.948969364166259891e-02
3.247628402709961115e-01
-4.507142639160156006e-01
-6.675285339355468972e-01
2.396741294860839921e-01
3.477009963989257657e-01
1.702368164062499911e-01
-3.289836883544922097e-01
8.098979187011718928e-01
3.988772964477538818e-01
-3.230396747589111411e-02
1.824769020080566351e-01
-4.691341400146484264e-02
nan
nan
nan
nan
-1.446275234222412220e-01
4.272469329833984419e-01
-4.558877182006835782e-01
-6.713523864746093750e-01
3.767907714843750089e-01
-9.510283470153808871e-02
-2.320222091674804810e-01
5.183740615844726479e-02
-2.842722892761230247e-01
2.860542297363281028e-01
2.607347869873046786e-01
-3.950709915161133012e-01
-2.645448303222656117e-01
-3.914447021484375178e-01
2.920688629150390847e-01
-1.962577438354492221e-01
-6.071751022338867099e-01
5.838344573974609819e-01
2.457754898071289051e-01
7.757241058349609863e-01
1.786582946777343778e-02
-1.140342831611633294e-02
4.879084014892577925e-01
-2.357359504699707009e-01
-8.474125671386718572e-01
7.507865905761718084e-02
1.206200256347656152e+00
-7.980332851409911721e-02
nan
nan
nan
nan
2.116317749023437500e-01
3.939243698120117321e-01
-1.510307598114013772e-01
1.185286712646484442e-01
-2.215471267700195312e-01
-1.797384071350097701e-01
3.293618392944335782e-01
7.928031158447265137e-01
1.246440219879150352e-01
-2.572225809097290067e-02
-3.954383850097656361e-01
7.712595939636229803e-02
2.682120800018310616e-02
4.267898559570312278e-01
1.700150108337402377e-01
1.284272861480712791e-01
1.512940502166748025e-01
-5.426344394683838002e-02
-6.260173320770263949e-02
-6.833632469177246260e-02
-5.636323547363281117e-01
-4.342903518676757835e-01
4.219583892822265647e-01
-6.383913421630859064e-01
-5.488017654418945179e-01
-2.402787208557128906e-01
-6.711717605590820923e-02
-5.889651870727539151e-01
nan
nan
nan
nan
-5.606391429901123186e-02
2.497368240356445390e-01
-2.951596641540527588e-01
-3.011675071716308771e-01
5.559698939323425536e-03
2.011009025573730347e-01
2.448950004577636619e-01
4.590620040893554910e-01
-3.134583473205566628e-01
3.937567138671875244e-01
-1.045023632049560530e-01
5.630665206909180043e-01
2.272830963134765681e-01
-1.548268985748290916e-01
-2.771730422973632812e-01
1.174030971527099676e-01
5.682279586791991882e-02
-1.358407497406005915e-01
3.605694961547851740e-01
9.038748931884765803e-01
3.374741363525390891e-01
-1.893520545959472556e-01
-3.460755825042724498e-02
-3.094468688964843728e-01
-1.793279457092285256e-01
-1.076077957153320330e+00
2.891804504394531183e-01
6.109068679809570579e-01
nan
nan
nan
nan
-6.040289402008056779e-02
2.463788795471191506e-01
2.553422927856445201e-01
1.562638092041015725e-01
7.622042655944824552e-02
1.052261066436767645e-01
1.315503406524658192e-01
8.892986297607421986e-02
2.346577835083007713e-01
2.647933363914489573e-03
4.231631469726562234e-01
-6.722887992858886386e-02
2.685053253173828036e-01
-4.398682785034179754e-01
-3.341919708251953058e-01
-1.598716068267822255e-01
-3.834992599487304643e-01
-1.356077480316162098e-01
-1.797829031944274750e-02
-5.292204284667968439e-01
1.445724487304687611e-01
-1.743779373168945213e-01
3.488709640502929421e-01
-1.223851203918457052e-02
8.487089157104492354e-02
-3.536206436157226518e-01
-3.729069900512695379e-01
3.538010787963867254e-01
nan
nan
nan
nan
-1.188549232482910140e-01
4.561025238037109131e-01
-1.189253687858581564e-02
-6.743112945556640758e-01
5.955087280273437811e-01
-2.533192157745361300e-02
-7.868221282958984819e-01
-2.262988281249999900e-01
8.520109558105468661e-01
9.773350358009337546e-03
-7.611328601837158425e-02
-3.009409523010254106e-01
-3.073987388610839866e-01
3.693173217773437766e-01
3.439555358886718928e-01
-3.153190851211547935e-02
-1.881215476989746005e-01
-1.775037574768066340e-01
-1.526934242248535190e-01
-7.892576217651367521e-02
-2.586322021484375178e-01
2.098804092407226540e-01
3.057449722290039307e-01
6.279821395874023438e-01
1.762631535530090332e-02
7.453926086425781417e-02
-3.418207931518554843e-01
7.689985656738280717e-01
nan
nan
nan
nan
-1.662352180480957120e-01
1.573383712768554599e-01
-1.818895936012267928e-02
-2.901185798645019576e-01
4.333451461791992254e-01
2.299377250671386652e-01
3.129496383666992010e-01
-9.777050018310546875e-01
6.287304306030273571e-01
2.653304481506347789e-01
1.468937587738037009e-01
-4.242664813995361550e-02
-4.008767700195312589e-01
-1.689624404907226485e-01
3.440816116333007546e-01
1.799864196777343772e-01
-3.661435699462890492e-01
5.346680450439452725e-01
-2.575876045227050715e-01
5.255765151977539462e-01
-4.516249847412109331e-01
3.279075622558593750e-01
7.805567169189453480e-01
-8.837897300720215510e-02
4.125372886657714677e-02
-5.162087440490722989e-02
1.698755836486816329e-01
3.655344772338867121e-01
nan
nan
nan
nan
-4.369615173339843617e-01
1.650959968566894642e-01
1.710528945922851485e-01
6.847628021240234064e-01
-1.286551094055175815e-01
-6.896520996093750133e-01
-2.956518936157226385e-01
4.965022277832031317e-01
4.532783031463623324e-02
-4.397206783294677762e-02
1.201648139953613303e-01
1.302983760833740234e-01
-8.734584808349608875e-02
1.070613765716552784e-01
1.028553581237793002e-01
5.152227783203124911e-01
3.193207740783691323e-02
-8.928202819824219150e-01
4.829362106323242254e-01
3.337581253051757901e-01
-2.371383857727050737e-01
6.471129608154296831e-01
-3.615368270874023682e-01
4.830726242065429554e-01
3.777858352661132568e-01
-1.959964179992675914e-01
1.352584457397461026e-01
2.572847557067871049e-01
nan
nan
nan
nan
2.229495239257812400e-01
-1.198086071014404230e-01
2.875771141052246294e-01
-1.009483146667480430e-01
9.911491394042969139e-02
-1.537920951843261830e-01
2.592322540283202859e-01
3.945607376098632657e-01
-1.745818138122558483e-01
7.669854736328125533e-01
6.787528038024902288e-02
-5.534388732910155984e-01
2.522411537170410334e-01
-2.497044944763183727e-01
4.266267776489257590e-01
-3.991768646240234641e-01
-1.915521240234374922e-01
2.547285842895508079e-01
4.519588851928710849e-01
3.046988296508789107e-01
-3.980939483642578214e-01
-1.196456050872802684e-01
1.063418102264404308e-01
1.338976001739501931e-01
8.787163734436034823e-02
3.209481430053711115e-01
-4.570693969726562500e-01
9.231393814086913396e-02
nan
nan
nan
nan
3.171092224121093706e-01
-3.236860656738281272e-01
6.468879699707030806e-02
3.559692764282226807e-01
2.320615959167480480e-01
4.182360458374023704e-01
9.130347251892090288e-02
8.892829895019531417e-02
-3.089962959289550837e-02
-8.089327239990233842e-01
3.420942687988281494e-01
4.529350662231445557e-01
6.283739089965820757e-01
-1.668465232849121183e-01
5.582255935668944957e-01
-2.035134553909301661e-02
-5.669342422485351696e-01
8.238554382324219105e-01
5.816660881042480524e-02
2.428256607055664096e-01
-3.003462982177734220e-01
-4.419870853424072432e-02
-2.324463462829589877e-01
4.662484741210937700e-01
1.148334789276123091e-01
1.818741798400878851e-01
-2.263579368591308594e-01
2.109722328186035278e-01
nan
nan
nan
nan
4.182392501831054821e-01
-1.198328399658203092e-01
-2.691611099243164107e-01
7.777525424957275335e-02
-2.605576753616332952e-02
-2.989613151550292725e-01
-7.205106258392333929e-02
2.103292846679687411e-01
1.383741378784179576e-01
-3.431937789916992276e-01
-1.087842369079589783e-01
-2.548732948303222834e-01
4.440266418457031183e-01
-7.813860893249512107e-02
5.827419281005858931e-01
4.006939697265625155e-01
-1.769083380699157729e-02
2.916258239746093994e-01
-4.150792312622070268e-01
4.963758850097656494e-01
1.603100967407226629e-01
-4.142288589477539085e-01
2.578198051452636475e-01
-5.454904556274413618e-01
4.592389678955078325e-01
-5.019581222534179599e-01
-2.983792066574096624e-02
1.268259735107421848e+00
nan
nan
nan
nan
6.079133987426758035e-01
-1.535684585571289174e-01
-2.635538673400878995e-01
-8.246576690673828036e-01
-1.763844871520996171e-01
2.283267211914062622e-01
-4.140197372436523193e-01
-4.396039485931396706e-02
1.442534160614013794e-01
-2.900490951538086115e-01
-6.155850601196288796e-01
-3.373101806640624867e-01
5.788333892822266069e-01
-1.919367408752441495e-01
-9.832338333129882202e-02
-2.302321243286132857e-01
1.082195377349853549e-01
-3.186530113220215066e-02
-2.981558990478515581e-01
-9.768422126770019698e-02
-7.283761501312255304e-02
3.991102218627929910e-01
7.245413970947265359e-01
-4.578231811523437722e-01
3.184448051452636874e-01
6.268961715698242454e-01
2.182257843017578192e-01
3.152839088439941539e-01
nan
nan
nan
nan
1.444540023803710938e-01
-1.982317924499511774e-01
9.420295715332031028e-01
-2.500101661682128662e-01
-6.466703891754149724e-02
-2.372749328613281139e-01
-2.180765914916992232e-01
8.024870872497558150e-02
4.354244995117187433e-01
-3.695962190628052091e-02
2.114550781250000011e-01
3.577864456176758079e-01
-3.682828140258789240e-01
-3.125263786315917725e-01
4.910333633422851451e-01
-6.025175857543945135e-01
7.666631698608399048e-02
-1.992134475708007835e-01
-2.572109222412109486e-01
5.191564559936523438e-01
-3.768814849853515669e-01
-1.080122852325439420e-01
-1.782721328735351607e-01
-9.194568634033203347e-01
-7.299518585205078125e-01
-2.163895416259765669e-01
nan
nan
nan
nan
nan
nan
-2.347088432312011697e-01
4.303453063964843839e-01
2.008272552490234508e-01
3.114048385620117321e-01
8.845199584960937722e-01
-5.499872970581054510e-01
1.937285423278808649e-01
-3.518092727661132901e-01
-4.231103134155273504e-01
-3.788372421264648571e-01
5.467153549194335715e-01
-1.737029838562011708e-01
-2.933614921569824285e-01
-1.318541717529296831e-01
-4.000477218627929710e-01
1.148093700408935602e-01
8.818128204345703214e-01
-7.419197559356689731e-02
2.457109260559081909e-01
-4.723756790161132701e-01
1.734493827819824086e-01
-4.647394943237304621e-01
-1.459520149230957020e-01
5.814536571502685464e-02
1.528089809417724487e-01
3.089015007019043080e-01
-1.896303749084472523e-01
2.652608871459961049e-01
nan
nan
nan
nan
-2.980788040161133079e-01
1.123338222503662137e-02
-6.247982978820800469e-03
3.489431762695312522e-01
4.261411666870117410e-01
-5.065999507904053040e-02
-1.795828056335449230e-01
-2.963932228088378973e-01
-4.013967132568359575e-01
1.379150867462158314e-01
5.689530563354492365e-01
-5.620418548583984153e-01
-3.292477607727050531e-02
-4.152830505371093994e-01
8.258411407470703236e-02
8.529788208007812456e-01
-1.436433887481689542e-01
2.828012466430664118e-02
-1.708298492431640503e-01
3.011759757995605691e-01
7.705718231201171831e-01
-9.597802162170409809e-03
nan
2.021134853363036957e-02
-1.650613212585449185e-01
2.442577934265136586e-01
-1.481900405883788963e-01
-5.176059341430664373e-01
nan
nan
nan
nan
-1.184853076934814509e-01
1.493328189849853493e-01
-3.943733453750610657e-02
-3.682407760620117210e-01
-2.328371810913086037e-01
-4.053688049316406250e-01
-5.073715209960937278e-01
-1.196627235412597717e-01
-2.055668115615844754e-02
-3.789309692382812345e-01
1.062136459350585954e-01
1.387786293029785178e-01
2.537731933593749822e-01
-3.389621734619140403e-01
2.879354476928711049e-02
-3.283562469482421697e-01
7.112921142578124689e-01
3.400885009765625133e-01
2.216679334640503027e-02
-1.312604546546936035e-02
-1.063407135009765692e-01
-3.529945373535156028e-01
2.822764778137207275e-01
-9.932262420654297541e-02
2.568670845031738037e-01
-5.555468559265136497e-02
-4.671512603759765403e-01
2.979801750183105336e-01
nan
nan
nan
nan
7.896883392333984286e-01
1.601143836975097712e-01
-2.333768653869628951e-01
-5.111134719848632324e-01
-5.707644271850585982e-01
8.302728533744812775e-03
3.934251022338867143e-01
-9.909486770629883159e-03
-1.564904117584228482e-01
-1.836107063293457020e-01
-3.611153411865234419e-01
-4.860185623168945535e-01
-1.170823097229003844e-02
-2.102602958679199163e-01
2.972470855712890381e-01
-5.586693954467772949e-01
5.530902862548827681e-01
-3.084458351135253851e-02
nan
2.166714286804199141e-01
-4.036734771728515692e-01
-2.973999404907226585e-01
1.866033363342285145e-01
1.403519630432129017e-01
-2.241841697692871227e-01
6.470424652099608931e-01
-1.442590999603271529e-01
3.600321960449218706e-01
nan
nan
nan
nan
-3.018210601806640692e-01
-4.299647331237792941e-02
1.582660102844238303e-01
-4.910284805297851496e-01
-2.175294113159179643e-01
3.315128707885742210e-01
-2.202819442749023304e-01
2.008617401123046764e-01
1.363659572601318426e-01
-5.051650524139403992e-02
-1.328302955627441440e-01
3.373232650756836093e-01
3.117388725280761941e-01
-4.141942214965820268e-01
-1.722813796997070268e-01
-4.725917339324951089e-02
-5.422353363037109020e-01
4.867509460449218617e-01
-2.054701805114746149e-01
-3.043047714233398371e-01
1.167927360534667947e-01
-6.021531677246093617e-01
3.389261245727538951e-01
-1.455948781222105005e-04
1.232883453369140597e-01
7.288777160644531738e-01
-1.477548408508300715e-01
2.561309623718261985e-01
nan
nan
