nan
nan
-6.976527404785156650e-01
7.692848205566406028e-01
7.003612518310546875e-01
1.050126671791076598e-02
-2.679504013061523304e-01
-3.344646072387695290e-01
1.298292636871337946e-01
-1.110547447204589810e-01
-1.577924728393554632e-01
-5.245853805541992321e-01
-4.847147941589355358e-02
4.574085998535156183e-01
-2.125754928588867165e-01
-3.080947303771972567e-01
1.412465972900390554e+00
-5.221822357177734464e-01
-7.399550914764403686e-02
3.340865325927734331e-01
-5.498040771484374867e-01
-4.062454986572265891e-01
-1.032220382690429705e+00
-2.206414604187011685e-01
-1.679060745239257801e-01
-4.855615496635437393e-03
-3.416442108154296720e-01
4.068930149078368863e-02
3.733731460571289018e-01
-3.036895561218261874e-01
nan
nan
nan
nan
1.149800205230712830e-01
6.498825073242187056e-01
-1.376871585845947377e-01
-1.094160003662109304e+00
-4.892854690551757812e-01
7.722220897674560158e-02
-1.497617053985595692e-01
5.080829262733459369e-03
9.652118682861328125e-01
5.975168609619140314e-01
-7.660764217376708762e-02
-2.724128723144531028e-01
7.055607604980468350e-01
-4.867833614349365012e-02
-9.791916847229004128e-02
-3.244710922241210715e-01
3.763830947875976829e-01
-5.314256286621094061e-01
-2.390433502197265581e-01
-3.092239379882812389e-01
2.469251823425293035e-01
4.426065063476562478e-01
2.729796600341796720e-01
5.459754562377929776e-01
-4.493095278739929477e-03
-6.006523370742798164e-03
5.957169342041015447e-01
-2.260581970214843861e-01
nan
nan
nan
nan
-1.325890541076660267e-01
-5.583843994140624822e-01
-1.778358459472656125e-02
-3.883490371704101385e-01
1.222253513336181707e-01
2.873816108703613481e-01
3.054618453979492387e-01
-3.484064102172851340e-01
-1.053862953186035095e-01
-2.102258300781250089e-01
1.216474151611328103e-01
-4.936358261108398371e-01
-5.589574050903319824e-01
-8.827326965332030762e-01
3.815349578857422097e-01
5.610222625732421697e-01
1.433820438385009777e-01
6.344848632812499778e-01
6.022606277465820668e-01
-2.641923332214355380e-01
-9.586977386474608842e-01
-8.549541473388672097e-02
3.132961082458496360e-01
-5.062320709228516069e-01
-5.739532089233398970e-01
-4.325119781494140558e-01
-5.785756587982177762e-02
4.482582855224609419e-01
nan
nan
nan
nan
4.499972915649413929e-01
-6.098693466186523304e-01
1.161642074584960938e-01
-2.756463050842284934e-01
-1.015059185028076155e-01
4.564339065551757946e-01
4.074052810668945535e-01
3.513827896118164040e-01
-2.888642692565918102e-01
-2.319379234313964921e-01
1.491738319396972712e-01
-2.420851898193359386e-01
-5.846724700927734553e-01
4.019762420654297008e-01
2.049921226501464910e-01
5.955427551269530939e-01
-5.039926910400390758e-01
5.661819934844970759e-02
9.242451477050781516e-01
-4.028531265258789018e-01
-2.936138916015624822e-01
3.432047271728515536e-01
-1.641792416572570787e-02
-4.717873096466064509e-02
1.010046577453613259e-01
-1.624267959594726529e-01
5.007022857666015847e-01
-1.460855770111083862e-01
nan
nan
nan
nan
4.390820264816284492e-03
1.589277553558349487e-01
-1.629565238952636608e-01
3.494314432144165344e-02
3.458434677124023193e-01
2.767274379730224471e-02
2.542041778564453347e-01
4.541652798652648544e-03
-1.807456779479980347e-01
-8.678903198242187145e-01
-6.291835403442382901e-01
-4.138300418853759627e-02
-3.740519714355468595e-01
3.892731475830077947e-01
-6.864730834960937056e-01
5.770308685302734109e-01
-5.506853580474853349e-02
-5.685566711425781294e-01
1.004599609375000036e+00
6.092462539672851562e-01
-3.241081953048705749e-02
1.740666580200195268e-01
2.097496223449707153e-01
-5.605247116088867276e-01
-6.515421295166015092e-01
8.695214080810547141e-01
-1.950757408142089755e-01
-2.026026344299316495e-01
nan
nan
nan
nan
6.652986145019531561e-01
-3.610457992553711137e-01
-2.052210998535156372e-01
9.117721557617188000e-02
-3.160408973693847878e-01
-2.117596244812011697e-01
-2.952229118347167725e-01
-7.897331714630126398e-02
4.202966308593750200e-01
3.846994400024414396e-02
-3.692545652389526284e-02
4.594612503051757613e-01
1.838437271118164018e-01
-3.023701095581054488e-01
3.194956779479980469e-01
-8.605778217315673828e-03
2.633777809143066362e-01
2.355739593505859486e-01
-4.868586063385009488e-02
2.698514938354492076e-01
6.228501796722411832e-02
-1.816178321838378962e-01
5.239206695556640758e-01
-8.959617614746093750e-01
-7.332830905914305974e-02
6.876207733154297008e-01
-1.948932838439941528e-01
6.539828491210937234e-01
nan
nan
nan
nan
1.364778137207031117e-01
-4.608641433715820468e-01
1.643665194511413630e-02
2.959594917297363459e-01
-2.834311103820800759e-01
8.983856201171874778e-02
5.025220489501953658e-01
3.472731399536133079e-01
-8.734557032585143349e-03
-1.695921134948730480e-01
1.782341957092285212e-01
-1.505203342437744229e-01
-2.519702911376953125e-01
8.291585540771484464e-01
-2.888728713989257568e-01
1.463991355895996049e-01
-7.055627441406250311e-01
-8.579203796386718484e-01
-7.564880251884460727e-03
-6.944508075714111994e-02
3.950699234008789307e-01
-7.076932430267333929e-02
4.346989059448242432e-01
4.862699127197265825e-01
4.241336059570312567e-01
-1.658778572082519609e-01
-1.021953964233398432e-01
1.868814849853515647e-01
nan
nan
nan
nan
9.631924629211426059e-02
1.306524944305419988e-01
3.376295852661133079e-01
6.018241119384765137e-01
-4.486275482177734530e-01
-7.713279247283935658e-02
7.083879089355469283e-01
-5.144015789031982505e-02
4.343853759765625155e-01
3.237941741943359264e-01
-1.600459480285644498e-01
5.212506484985351962e-01
3.793376541137695179e-01
5.525020122528076505e-02
-5.703242874145507679e-01
-3.260600662231445401e-01
-3.689603042602538907e-01
-7.068820190429687678e-01
2.261369895935058660e-01
7.800847625732422186e-01
-5.072150039672851385e-01
8.430494689941405717e-01
-3.510857009887695113e-01
-8.573261260986328458e-02
-6.076115798950195712e-01
-2.110003280639648482e-01
6.071701049804687500e-01
7.005577087402343750e-01
nan
nan
nan
nan
2.139882469177246116e-01
-4.407316970825195246e-01
-6.478071594238281605e-01
3.427585601806640847e-01
3.045028686523437722e-01
-5.148540496826171653e-01
7.168235015869141025e-01
-2.279813003540039074e-01
-3.217293739318847351e-02
3.998965072631835982e-01
1.871977043151855369e-01
-7.664209747314453258e-01
-5.830544281005859419e-01
-2.046447992324829102e-02
2.478666114807129006e-01
3.952930831909179932e-01
3.748713684082031206e-01
4.913372039794922097e-02
-2.944331550598144331e-01
2.595105648040771373e-02
9.487013816833496371e-02
-4.854631805419921675e-01
2.257458686828613392e-01
2.453601455688476651e-01
-4.882774353027343750e-01
-4.887476444244384655e-02
8.857363891601562900e-01
4.194433212280273549e-01
nan
nan
nan
nan
1.001316070556640681e-01
-1.126795730590820277e+00
7.988059997558594194e-01
-2.236494827270507912e-01
6.036408233642578391e-01
-5.387308502197265536e-01
3.671499633789062633e-01
6.311079978942871205e-02
4.303923416137695468e-01
2.181073188781738337e-01
1.110222911834716775e-01
3.092070960998535289e-01
-3.774735260009765558e-01
3.740695571899413929e-01
-1.685866737365722678e-01
-4.245520782470703081e-01
4.757335662841796764e-01
8.109771609306336282e-03
-5.736735153198242454e-01
-1.053637237548828098e+00
2.624881553649902610e-01
1.725301933288574119e-01
2.347921371459960882e-01
1.853445434570312467e-01
-3.541806793212890492e-01
-1.435935688018798728e-01
6.576934814453124778e-01
1.171650791168212941e-01
nan
nan
nan
nan
5.556353378295898482e-01
3.542288970947265470e-01
1.698030853271484397e-01
2.329264831542968706e-01
-4.664096450805664262e-01
-8.017944335937500222e-01
-1.075149536132812556e-01
1.277865695953369074e-01
-7.066562652587891069e-01
1.839170265197754006e-01
-8.111274719238281694e-02
6.171472549438476729e-02
2.177820968627929565e-01
-1.562985324859619274e-01
-1.918910980224609319e-01
4.406128311157226363e-01
3.545235824584960782e-01
2.769617080688476785e-01
-2.320184469223022378e-02
-2.025896453857422008e-01
2.347487449645996038e-01
3.381874465942382724e-01
-3.580270004272461115e-01
-4.181080818176269309e-02
3.606476211547851585e-01
-6.820782470703125044e-01
2.562935638427734641e-01
2.711855697631835871e-01
nan
nan
nan
nan
-2.142568397521972534e-01
9.112223386764525812e-03
8.015972900390625488e-01
4.130395126342773504e-01
1.859313201904296831e-01
-3.965110540390014843e-02
-9.083293914794922375e-02
1.558750343322753973e-01
-9.378934860229491688e-02
-4.608795166015625111e-01
3.062378120422363237e-01
1.357792472839355336e-01
1.861091804504394487e-01
-6.792549610137939287e-02
6.899720764160156561e-01
-2.868696153163909947e-03
2.834728050231933860e-01
-1.686550140380859431e-01
8.049026489257812833e-02
1.686776161193847753e-02
6.220607757568359653e-02
-4.155688476562500178e-01
1.761860370635986300e-02
-2.575808525085448997e-01
-6.974205017089843972e-01
2.726018905639648326e-01
-1.584026908874511808e-01
4.642790317535400169e-02
nan
nan
nan
nan
3.050235748291015847e-01
-3.437368774414062411e-01
-3.788349914550781516e-01
3.996813583374023704e-01
1.897016143798828103e-01
-6.331314563751221092e-02
-4.258175659179687655e-01
1.129817771911621055e-01
1.257962799072265547e-01
2.621145629882812300e-01
-1.876995468139648349e-01
-2.655987930297851740e-01
2.670170593261718683e-01
1.157809753417968768e+00
1.097301578521728549e-01
1.971230506896972656e-01
-4.884807968139648349e-01
6.596340656280517967e-02
1.370533275604247925e-01
7.148192596435546387e-01
2.231433868408203014e-01
2.921103239059448173e-02
-2.916377067565917858e-01
-3.943330383300781006e-01
-1.039500617980956970e-01
-1.686963462829589866e-01
-1.572678279876708884e-01
1.467591094970703003e-01
nan
nan
nan
nan
-8.841460418701171387e-01
-8.962327575683594061e-01
6.202113342285155984e-01
1.434665584564208951e-01
5.839680099487304377e-01
1.842583656311035101e-01
-2.975876426696777433e-01
-4.071227645874023193e-01
-8.961116790771483931e-02
-2.390255689620971596e-02
-7.607766628265380526e-02
1.688171195983886597e-01
3.901208496093749867e-01
-9.964427947998047430e-02
2.431242942810058483e-01
4.337210083007812522e-01
-4.704866027832031450e-01
-1.809648513793945257e-01
-2.270993232727050726e-01
7.500211334228515936e-01
1.288251876831054688e-01
-5.033855438232421875e-01
1.811535453796386808e-01
1.505782699584961026e-01
-9.383115172386168957e-04
-2.135169410705566317e-01
4.015523910522461049e-01
-1.498331546783447377e-01
nan
nan
nan
nan
-5.860895919799804510e-01
9.412561416625976618e-02
1.693873596191406150e-01
2.578262901306152544e-01
2.667149925231933616e-01
4.917902469635009738e-02
1.320386695861816284e-01
1.607816505432128895e-01
7.225473022460937589e-01
2.181248855590820213e-01
1.170722866058349632e-01
1.526821899414062544e-01
1.668315315246582109e-01
-4.303062057495117276e-01
6.036122894287109242e-01
2.301031875610351496e-01
6.866540908813476007e-02
-3.620249176025390758e-01
3.356480407714843572e-01
-3.331276702880859308e-01
-3.488535642623901561e-02
-1.210533523559570307e-01
-3.228125762939453303e-01
8.940594673156737615e-02
-6.861608505249022771e-02
6.024051666259765403e-01
8.341254234313964788e-02
-4.883079910278320113e-01
nan
nan
nan
nan
-1.484202194213867232e-01
9.334363937377929132e-02
3.667395019531249911e-01
-1.649911642074584905e-02
1.288275146484375022e-01
3.505604171752929599e-01
-5.595548629760742354e-02
1.134580898284912043e-01
2.589640808105468928e-01
-4.312097167968749756e-01
-2.380463409423828058e-01
-5.566372299194335405e-01
2.881530189514160400e-01
-3.957312011718749911e-01
-4.326948928833007635e-01
-1.959087181091308527e-01
1.763626670837402377e-01
7.441953277587890492e-01
-6.637639617919921520e-01
2.299204254150390703e-01
-7.304844665527343572e-01
-4.502787399291992010e-01
-1.150578022003173780e-02
-2.840459060668945046e-01
4.163800048828125155e-01
-2.186894607543945213e-01
-2.339694786071777333e-01
-9.352134704589844250e-02
nan
nan
nan
nan
6.278589248657227007e-01
4.505255508422851829e-01
-1.497268772125244229e-01
6.962361145019531072e-01
3.752071380615234486e-01
-3.311222076416015514e-01
-2.508008193969726296e-01
-5.596195697784423634e-02
-3.041488265991210693e-01
3.592530441284179643e-01
-3.047578620910644798e-01
-9.151512145996093528e-02
3.746940994262695224e-01
-1.135973548889160217e-01
-1.207734203338623052e-01
5.336292266845703569e-01
-1.274019718170166064e-02
8.781764984130859819e-01
4.754241943359374667e-02
-2.391497230529785190e-01
4.783310317993164085e-01
-3.656853103637695557e-01
6.176778793334961049e-02
6.376445007324218484e-01
-1.128710746765136663e-01
-2.328194999694824241e-01
1.072637844085693321e-01
6.527329254150390225e-01
nan
nan
nan
nan
4.707245826721191684e-02
-2.765613937377929821e-01
-2.087654304504394653e-01
-5.506138610839843572e-01
-2.391681671142578125e-01
-4.929022979736328303e-01
1.519799041748046975e-01
6.212716674804688033e-01
3.532499694824218772e-01
-3.677974700927734153e-01
1.031208038330078125e-01
-3.135431861877441273e-01
-3.039201927185058438e-01
-1.184467220306396479e-01
-1.087159633636474582e-01
-6.411459445953369279e-03
-2.776086425781250089e-01
2.340703010559082031e-01
3.440798187255859619e-01
-7.265031433105468839e-01
-3.041890716552734242e-01
-1.578275394439697388e-01
1.074574279785156239e-01
-3.784572601318359486e-01
2.527696037292480602e-01
-5.213148498535156161e-01
2.304377746582031150e-01
2.774730491638183749e-01
nan
nan
nan
nan
-7.941918945312500533e-01
5.003632545471191351e-02
-3.500664138793945224e-01
5.862058639526367410e-01
2.028949737548828014e-01
-1.191625952720642111e-02
9.780377388000488503e-02
-2.987068557739258057e-01
-8.429747772216796831e-01
8.449568748474120539e-02
-1.782722854614257890e-01
-5.651202011108398260e-01
-2.120088958740234397e-01
-1.913127708435058694e-01
-2.705769920349120894e-01
4.941511154174804688e-01
5.702923583984375044e-01
-5.213029098510741921e-01
-6.941309356689453480e-01
-2.384883880615234486e-01
-5.290832901000976918e-01
7.245522975921631081e-02
2.631967365741729684e-03
-2.375986099243164174e-01
-5.075682449340820357e-01
1.696755981445312589e-01
nan
nan
nan
nan
nan
nan
-1.178497791290283175e-01
4.206095123291015425e-01
5.411745071411132590e-01
9.587292671203613559e-02
-5.348086929321289595e-01
-3.980767059326171808e-01
4.368598937988281139e-01
-1.256956672668456954e-01
1.656219482421875111e-01
-4.696820449829101629e-01
2.451772689819335938e-01
3.778028488159179688e-01
-6.420320129394531117e-01
-3.147068023681640625e-01
-4.681185531616210982e-01
1.410576725006103538e-01
-2.754592323303222678e-01
-1.567707347869873036e-01
-5.085491943359374822e-01
-3.529213714599609419e-01
2.297503471374511830e-01
6.682367324829101285e-02
3.515829467773437522e-01
-2.940243339538574086e-01
-3.937564849853515403e-01
-3.456821060180664262e-01
-4.182167434692382613e-01
-1.778027915954589755e-01
nan
nan
nan
nan
-5.363523483276366743e-01
5.751399993896484375e-01
-5.438284873962402621e-02
-1.404710388183593728e-01
3.079284667968750222e-01
2.693075656890869113e-02
-6.228593826293945535e-01
4.442315292358398615e-01
5.622532844543456920e-02
-3.164351844787597900e-01
-7.865299224853515569e-02
8.773843646049500275e-03
1.052635955810546919e-01
4.170882415771484109e-01
2.445574283599853682e-02
-7.110395050048827770e-01
6.044084548950194868e-01
-1.823612403869628862e-01
6.080905532836914373e-01
2.485379600524902366e-01
1.636110687255859508e-01
-5.444464874267578303e-01
nan
-5.624209976196289373e-01
1.996974182128906372e-01
-5.227651214599609020e-01
-2.528876304626465066e-01
-4.564458465576171631e-01
nan
nan
nan
nan
2.003053092956542935e-01
-2.690676879882812345e-01
-1.114967250823974548e-01
-3.654354858398437544e-01
-3.085546255111694391e-02
-2.098694992065429643e-01
-5.488669395446777594e-02
-3.756733322143554488e-01
-1.629876345396042000e-04
-8.520751953124999778e-02
2.252712249755859375e-01
-1.384697341918945390e-01
-7.122792243957519476e-02
1.598128795623779408e-01
2.890832138061523171e-01
-2.260335922241210951e-02
1.943942451477050914e-01
-2.235715538263320732e-03
-3.709425735473632635e-01
3.715862655639648460e-01
8.909583091735839844e-02
-3.684364700317382946e-01
-2.347210198640823156e-03
-7.200469207763672275e-01
4.600506210327148238e-01
-4.579562377929687345e-01
-5.766012573242187411e-01
4.232153415679931752e-02
nan
nan
nan
nan
-6.263515472412109486e-02
-1.756479263305664174e-01
1.863984489440917991e-01
-2.640435028076171808e-01
-8.105738830566405762e-01
-1.702261352539062578e-01
3.736257171630859575e-01
-1.080755519866943293e-01
4.240070819854736134e-02
3.317606353759765536e-01
8.410731506347656206e-01
-3.633631229400634960e-02
7.332499980926514282e-02
3.986111450195312655e-01
7.955895996093750311e-01
-2.231494140624999956e-01
6.221479797363280717e-01
-2.271345704793929950e-03
nan
-3.347290802001953169e-01
-3.471877288818359109e-01
-9.695236206054687333e-02
6.180165481567382324e-01
-5.497840881347656472e-01
1.263905048370361217e-01
-4.107327270507812322e-01
-1.483508014678955045e-01
1.575469684600830089e-01
nan
nan
nan
nan
-7.515411376953125278e-02
5.760837936401367321e-01
-3.578336715698242076e-01
-3.719555616378784207e-02
-5.320200443267822377e-02
-3.302129364013671742e-01
4.520252227783203014e-02
2.182384681701660112e-01
-1.439589309692382857e-01
2.958130598068237430e-02
3.639356613159179799e-01
1.028707885742187467e-01
-1.339352798461914129e-01
9.079029083251953514e-02
-1.677148628234863270e-01
-4.582013702392578325e-01
-1.957936286926269531e-01
2.762574958801269354e-01
-2.198950767517089955e-01
-1.174715423583984342e-01
-2.000381851196288974e-01
2.874918556213378884e-01
9.385280013084411344e-03
3.175209808349609419e-01
2.613090515136718972e-01
2.373242568969726463e-01
3.353731536865234286e-01
-1.800702476501464810e-01
nan
nan
