nan
nan
3.980104684829711970e-02
-4.740592956542968861e-02
2.378768539428710860e-01
-1.490559673309326261e-01
-8.301267623901367743e-02
6.429098510742187189e-01
-1.309769725799560525e-01
3.496850204467773504e-01
-4.498071670532226562e-01
-1.923099708557128862e-01
-8.847143554687499911e-01
-3.608938217163085715e-01
4.620467662811279103e-02
6.244987869262694780e-01
-2.464375114440917891e-01
2.979367256164550670e-01
4.683657073974609175e-01
1.603947830200195268e-01
-1.405725669860839744e-01
2.254035711288452162e-02
-1.097173995971679750e+00
5.225765228271483931e-01
8.408449554443359064e-01
2.757438468933105513e-01
2.142040491104126032e-02
3.183421897888183416e-01
3.398456096649169617e-02
3.794857788085937433e-01
nan
nan
nan
nan
-1.134243774414062544e+00
1.024654388427734403e-01
-3.184124469757079745e-02
9.016768646240234109e-01
-4.337969589233398593e-01
1.120533218383789054e+00
-9.221718788146972268e-02
-7.733504486083984109e-01
-3.901042222976684737e-02
-4.861026000976562678e-01
1.074281406402587957e-01
-6.530452728271483875e-02
3.443249130249023682e-01
1.495116233825683483e-01
2.055611038208007835e-01
4.016889572143554910e-01
2.328825950622558649e-01
-4.614540481567382946e-01
-4.990087509155273215e-01
1.213134860992431674e-01
-7.021323394775390581e-01
-2.415472793579101496e-01
-4.086986923217773571e-01
-6.129569530487060519e-02
1.618120956420898426e-01
-2.646295547485351674e-01
3.490664005279540960e-02
-4.572905349731445357e-01
nan
nan
nan
nan
1.151099872589111395e-01
2.262110710144042969e-01
-2.002235984802246127e-01
3.170802307128905984e-01
-2.756761312484741142e-02
-4.534351348876953375e-02
2.227789878845214955e-01
1.757692527770996216e-01
-7.950312614440918635e-02
-5.265178680419922014e-02
-4.918705368041992321e-01
1.819255638122558583e-01
5.192430496215820757e-01
-4.084612655639648371e-01
-4.256872653961181474e-02
-1.623704528808593839e-01
1.138036441802978554e-01
-2.689359283447265714e-01
2.121412277221679799e-01
-5.380574035644530850e-01
-3.474649667739868053e-02
1.181918621063232366e-01
-1.315716552734375044e-01
7.407102733850478909e-04
9.334484100341797208e-02
-6.450978088378905850e-01
1.116465377807617232e-01
-2.535981750488281450e-01
nan
nan
nan
nan
-3.166758537292480580e-01
-3.307528686523437678e-01
-5.388724803924560547e-02
5.032312393188476118e-01
3.784834671020507746e-01
6.925195312499999867e-01
2.371631240844726540e-01
7.297327518463134211e-02
-4.445677566528320468e-01
8.052535057067870816e-02
5.358756256103515137e-01
-3.308990001678466936e-02
1.827228164672851651e-01
-1.146639060974121160e-01
-3.649874877929687456e-01
2.945349502563476829e-01
1.567630195617675803e-01
6.278059768676758079e-01
3.308506774902343905e-01
3.803796005249023282e-01
1.612236976623535045e-01
-7.458007049560546609e-01
-2.929119586944579912e-02
2.307785034179687389e-01
3.911240768432617254e-01
-1.165118408203125039e-01
1.416581916809082076e-01
3.859271240234374845e-01
nan
nan
nan
nan
3.886344528198242276e-01
3.581206512451171609e-01
-6.156144332885742365e-01
-4.078974914550781428e-01
-6.124771499633788752e-01
-7.406330108642578125e-01
-3.956088256835937345e-01
-1.586196899414062389e-01
3.556331253051757679e-01
-5.400460815429687367e-01
6.180425643920898354e-02
-2.539421463012695446e-01
4.228973388671875000e-01
4.694979858398437567e-01
-4.304504394531250000e-01
9.081621170043945035e-02
-1.774577331542968872e-01
2.937116622924804688e-01
1.125936126708984436e-01
-3.014346313476562456e-01
-6.711841583251952903e-01
9.882122993469238947e-02
-2.314502447843551705e-03
-4.217039871215820246e-01
3.594580459594726718e-01
2.092922973632812544e-01
2.204529953002929699e-01
1.633711814880371149e-01
nan
nan
nan
nan
-1.460735917091369671e-02
-9.943557739257812000e-02
-8.090031433105469016e-01
1.672679901123046986e-01
-2.497928619384765514e-01
3.991982936859130721e-02
-1.429266738891601662e-01
6.009894943237304998e-01
1.612285804748535278e-01
-2.269266510009765592e-01
-3.382781267166137806e-02
5.124253749847412082e-02
3.204954147338867076e-01
3.181906127929687300e-01
-3.200062990188598522e-02
-5.114831924438476701e-02
6.886737823486327459e-02
-3.612810134887695090e-01
4.750815200805664218e-01
-6.087205410003661971e-02
2.887336349487304443e-01
2.158681678771972590e-01
-2.105154418945312522e-01
-7.153820800781249822e-01
-1.879173088073730347e-01
-4.729557037353515625e-01
-1.072372531890869174e-01
-8.401194000244140980e-01
nan
nan
nan
nan
-3.846710968017578169e-01
-1.757230186462402366e-01
-4.625309371948242432e-01
2.199293899536132746e-01
2.255426025390624978e-01
3.922078704833984464e-01
-8.817320251464844105e-01
1.085022583007812402e+00
1.283624935150146362e-01
3.135578346252441140e-01
9.417475891113281650e-01
-4.163433074951171653e-01
3.720986557006835671e-01
1.390236759185791149e-01
-7.864836120605468439e-01
-1.107249259948730503e-02
3.754666900634765492e-01
-6.342586517333984597e-01
-1.968681716918945224e-01
3.781135559082031139e-01
-4.788622665405273260e-01
-5.939992904663085604e-02
3.004271125793456787e-01
-7.215394973754882257e-02
9.174385070800780695e-02
2.572082519531250222e-01
-1.891441917419433572e-01
-5.242780685424804910e-01
nan
nan
nan
nan
-6.930436706542968395e-01
2.348510932922363292e-01
-1.580657863616943271e-01
-3.513361358642578258e-01
-1.341232910156249902e+00
-3.436196899414062367e-01
7.121342658996582253e-02
1.124173641204833929e-01
-3.028443717956543213e-01
-6.031011199951171742e-01
7.138761138916015492e-01
1.167162132263183660e-01
-6.902170562744140980e-01
-2.372986602783203058e-01
-2.132730293273925881e-01
-2.883799934387207275e-01
-2.421170043945312378e-01
2.431620121002197113e-02
-1.136172256469726527e+00
-2.615434837341308327e-01
-2.394222450256347778e-01
-4.382510757446289040e-01
1.472575569152831942e-01
-1.590189552307128829e-01
3.896821594238281117e-01
-3.605379104614258035e-01
2.164879035949706931e-01
-4.731118774414062589e-01
nan
nan
nan
nan
-6.700738525390624867e-01
-1.438172817230224665e-01
3.406928253173828192e-01
-4.012440490722656294e-01
8.691230773925781583e-02
-6.159593105316162054e-02
7.740103912353515359e-01
3.469661712646484597e-01
-1.991976928710937622e-01
-2.766033744812011475e-01
1.217866706848144548e-01
-7.486038208007812500e-01
-6.873071289062500089e-01
9.931227111816406383e-01
1.741091537475585871e-01
-2.531104469299316206e-01
4.602464199066162026e-02
-6.222452926635742010e-01
3.197822332382202482e-02
3.955095052719116017e-02
-5.160361766815185769e-02
-2.841582107543945135e-01
-3.018422698974609353e-01
-2.947621917724609353e-01
-1.083778533935546795e+00
-2.077272796630859342e-01
8.973996162414550615e-02
1.574393749237060491e-01
nan
nan
nan
nan
6.514313697814941295e-02
5.464753341674805087e-01
-1.947352790832519442e-01
9.019072532653808760e-02
-6.804109954833984508e-01
-2.307031393051147544e-02
-1.180571764707565334e-03
-6.102089691162109197e-01
-3.046555280685424652e-02
2.846656990051269487e-01
5.073346614837646179e-02
-3.061581230163574197e-01
3.215039825439452992e-01
-8.872680664062500000e-01
-4.207131195068359308e-01
5.720500946044921875e-01
-6.010336303710936967e-01
-6.268501281738281250e-01
-5.383555984497070401e-01
-2.982515335083007688e-02
9.066158294677734153e-02
-2.689598274230957098e-01
-6.786225891113281117e-01
-8.337747955322265536e-01
-2.389538002014160167e-01
-1.139816856384277405e-01
-3.836126708984374800e-01
-1.591814804077148482e-01
nan
nan
nan
nan
-8.457734107971191795e-02
-3.057166290283203081e-01
9.629853963851929544e-03
-6.742655181884765758e-01
-1.310964345932006878e-02
-9.520050811767578613e-01
-1.230496120452880815e-01
-2.472605705261230469e-01
-5.990533828735351840e-02
-2.475736427307128895e-01
-3.216316604614257724e-01
2.288362681865692329e-03
-1.731896877288818457e-02
-4.031679534912109286e-01
-1.447112464904785067e-01
-1.536693572998046875e-01
-4.590114593505859597e-01
6.500729560852050448e-02
6.388793182373047053e-01
5.554021072387694824e-01
-1.687912940979003906e-01
-4.096533966064452859e-01
-1.647903823852538974e-01
-7.875365447998047275e-01
-2.533360481262206809e-01
5.727003097534180132e-01
4.151570510864257546e-01
-3.817960357666015381e-01
nan
nan
nan
nan
6.169867038726806890e-02
4.621348953247070290e-01
-6.401864528656005249e-02
-3.762754201889038225e-02
-4.726540374755859308e-01
-1.468051433563232477e-01
-5.348368453979491788e-01
-4.907729721069336026e-01
-2.697033309936523460e-01
-3.809446334838867410e-01
-2.650872039794922030e-01
-4.666939163208007613e-01
-1.766439437866210993e-01
-1.242315483093261730e-01
-3.234877395629882635e-01
-6.579645538330077814e-01
6.194117355346679954e-01
-4.537935638427734175e-01
4.621417045593261691e-02
-2.582576036453246987e-02
-1.836364936828613348e-01
-2.091763687133789129e-01
2.228501558303833119e-02
-1.836821556091308705e-02
2.828167533874511586e-01
-3.734136962890625133e-01
3.936345815658569280e-02
-6.274683761596679954e-01
nan
nan
nan
nan
-2.833608055114746338e-01
1.523362159729003962e-01
1.332162666320800826e-01
2.214823216199874722e-03
-4.418614959716796742e-01
4.714542770385742321e-01
-6.043687820434570090e-01
1.354243397712707499e-02
-5.223802566528320396e-02
5.135321807861328303e-01
3.018544387817382879e-01
6.007219552993774310e-03
-2.545646286010742054e-01
7.223928451538086382e-02
-4.958453750610351540e-01
7.538480758666991910e-02
2.674429893493652372e-02
-9.088307380676269309e-02
-4.429903793334961093e-01
-1.112526988983154330e-01
4.400656890869140692e-01
-1.204650783538818298e-01
-7.594203948974609375e-01
-1.724583053588867321e-01
1.549134159088134677e-01
-1.759465599060058560e-01
2.428261756896972767e-01
-3.457566070556640780e-01
nan
nan
nan
nan
-4.674841761589050397e-03
-7.899942016601562145e-01
-8.640656471252441961e-02
-1.306112289428710826e-01
-2.025391578674316448e-02
2.748880004882812700e-01
3.986142730712890492e-01
-3.005994796752929910e-01
-4.193242645263671742e-01
3.318417358398437766e-01
-7.806889057159423218e-02
-1.176281356811523376e-01
3.152005004882812433e-01
-3.589175033569336204e-01
3.756062030792236411e-02
-6.156915283203124867e-01
2.792641448974609308e-01
-6.667630004882812988e-01
-6.799374580383300837e-02
3.418442964553833341e-02
6.713567733764648493e-02
-3.405643844604492321e-01
-2.675378990173339910e-01
-4.998010253906249867e-01
-4.008385848999023171e-01
5.977033615112304493e-02
-2.375366973876953114e-01
-3.863783264160156050e-01
nan
nan
nan
nan
-2.228764724731445435e-01
3.685733032226562456e-01
-2.781491994857787989e-02
-3.718874359130859286e-01
3.020455741882324130e-01
-1.666897392272949086e-01
-3.654809951782226340e-01
1.083966732025146429e-01
-8.604791259765625089e-01
2.342161655426025502e-02
-5.654536437988281206e-01
-2.357692527770996194e-01
1.284664154052734264e-01
1.321336364746093783e-01
3.809123992919921653e-01
5.083374500274658037e-02
-3.393397140502929510e-01
-9.119462013244629406e-02
-4.789072418212890758e-01
4.233627700805663863e-01
4.949564456939697238e-02
2.898245620727539218e-01
-2.324582481384277477e-01
1.753442645072936928e-02
-4.699937438964843506e-01
-7.677001953125000000e-01
9.797184944152831365e-02
4.026420211791992276e-01
nan
nan
nan
nan
-3.154722595214843883e-01
-3.859890747070312544e-01
-7.750388336181640581e-01
-1.253450012207031339e-01
-3.029774475097656294e-01
-1.995627403259277455e-01
-9.586490631103515847e-01
-3.308432388305664329e-01
-4.001858520507812766e-01
-2.646061325073242321e-01
-4.312747192382812567e-01
-5.126821899414062411e-01
-3.889876937866210693e-01
-8.263114929199218972e-01
-3.901659774780273371e-01
-1.147348403930664035e-01
-1.118349075317382757e-01
-1.044218730926513711e-01
-1.694038772583007779e-01
1.344733357429504436e-02
-6.201590728759766025e-01
4.037529373168945446e-01
-8.406178283691406738e-01
-1.018761444091796919e+00
-5.309621429443359686e-01
3.742645263671874889e-01
-3.089579200744628773e-01
1.366252422332763783e-01
nan
nan
nan
nan
-2.860083961486816206e-01
-6.169721221923828436e-01
-2.530582046508789151e-01
-5.906197357177734863e-01
7.631130218505859097e-02
-1.897096824645995994e-01
3.775881576538085982e-01
3.552036666870116988e-01
-8.293727111816405762e-01
-1.411018753051757890e-01
-6.656848430633545421e-02
-6.060164642333983887e-01
-1.178672790527343778e-01
-9.442769622802734686e-01
-3.611600112915038796e-01
-5.723466110229492587e-01
4.420638561248779047e-02
-2.802637100219726451e-01
-3.237820816040039018e-01
-4.994185638427734442e-01
-5.940605545043945446e-01
-2.971739959716797053e-01
5.102623462677002147e-02
-3.062599372863769598e-01
-1.139009552001953196e+00
-5.882162475585936967e-01
-1.763336753845214933e-01
-6.421498107910156294e-01
nan
nan
nan
nan
-3.659079742431640692e-01
1.618017005920410201e-01
-2.272011184692382946e-01
-2.735563087463379062e-01
3.671001815795898460e-01
-4.658341884613036860e-02
-5.545837020874023748e-01
-1.453027248382568470e-01
-2.387894630432128851e-01
-1.392130279541015647e-01
-9.278607368469238281e-02
-4.145476913452148526e-01
-5.671042251586914107e-01
-4.578985595703125022e-01
-5.348566818237304732e-01
-6.763854503631591686e-02
-2.119558525085449285e-01
-1.523570537567138783e-01
1.851329421997070235e-01
-2.834264564514160090e-01
1.384083271026611273e-01
-3.988719558715820290e-01
2.993684411048889299e-03
-3.534109115600586049e-01
-2.394181442260742143e-01
1.502095317840576039e-01
-2.099919319152832031e-02
9.552842140197753684e-02
nan
nan
nan
nan
-1.841192245483398438e-01
1.070986080169677723e-01
-3.213350677490234286e-01
4.718660116195678468e-03
2.625609207153320468e-01
9.546463012695312333e-02
8.200923800468445587e-03
-4.008934402465820224e-01
5.105527877807616854e-02
-8.586733245849609286e-01
-1.969050216674804732e-01
-4.778904342651367210e-01
-3.775584936141967995e-02
-7.474126338958740623e-02
-3.388957738876342829e-02
3.481849288940429554e-01
-1.123551845550537082e-01
-1.845713615417480524e-01
-2.670963704586029001e-03
4.175895690917968972e-02
2.961739158630370961e-01
1.034393882751464822e-01
1.096049785614013616e-01
8.747309684753418191e-02
3.005882453918456987e-01
-1.532404327392578036e-01
nan
nan
nan
nan
nan
nan
3.465572595596313338e-02
9.383940696716308594e-02
4.019317245483398637e-01
1.183330726623535167e-01
-2.224381256103515614e-01
1.469601535797119274e-01
3.026699447631835960e-01
1.070775318145751887e-01
-6.554192543029785378e-02
-1.997243690490722590e-01
-2.425566673278808649e-01
-1.307561874389648326e-01
-2.303935241699218706e-01
-3.800035238265991183e-02
-9.752584457397460438e-02
-4.729213333129883012e-01
1.861940383911132868e-01
-3.974311828613281139e-01
2.357387161254882735e-01
-6.987244606018067072e-02
-1.418951797485351607e-01
4.733961105346679576e-01
-2.930555152893066229e-01
2.836021995544433794e-01
8.902031898498535822e-02
-2.507255744934082098e-01
2.700921058654784934e-01
-6.189033985137939314e-02
nan
nan
nan
nan
-6.265656471252441240e-02
-8.951525688171386996e-02
-2.402042597532272426e-03
-2.537174034118652166e-01
2.243294906616210838e-01
9.087848663330078125e-02
-2.559694671630859397e-01
-1.004916667938232366e-01
-5.031492710113525529e-02
2.585965156555175559e-01
4.168697834014892245e-02
-3.919020080566406050e-01
-1.585594272613525257e-01
-6.304846405982971434e-03
-1.129529190063476574e-01
3.889339447021484264e-01
-8.132827281951904991e-03
4.143992614746093706e-01
-3.242118835449218639e-01
6.114436626434326116e-02
-1.485520839691162054e-01
-4.836849689483642412e-02
nan
-5.938926315307617720e-01
1.880152511596679676e-01
-7.335403442382812389e-02
-1.586482810974121083e-01
-1.385363960266113303e-01
nan
nan
nan
nan
-2.759719276428222456e-01
8.316345214843749722e-02
-5.114720821380615290e-02
1.242441082000732416e-01
-1.779225349426269420e-01
2.051713943481445201e-01
-2.702613115310668890e-02
2.304035663604736203e-02
1.077635669708251892e-01
-1.534632682800292913e-01
4.106142807006836204e-01
6.725306510925292691e-02
-4.713570594787597906e-02
1.396296119689941495e-01
-8.385080337524414285e-02
7.394083499908447876e-02
-1.298993778228759721e-01
-3.786381149291992432e-01
2.002298927307128995e-01
-3.103663253784179621e-01
-2.252989262342452829e-03
-1.143510246276855519e-01
-4.638760089874267335e-03
3.389488458633423129e-02
-1.899279713630676325e-02
1.545165824890136763e-01
-3.481574630737304665e-01
-4.200928497314453391e-01
nan
nan
nan
nan
-8.672913360595703169e-01
-7.163663864135742798e-02
-3.728768920898437589e-01
-3.980736732482910434e-02
-6.552585601806640847e-01
-1.734601593017578158e-01
3.125622987747192494e-02
-7.054600238800048939e-02
1.276253128051757779e-01
-4.096169662475586115e-01
-4.575841128826141357e-03
-2.634233665466308438e-01
-1.940579605102538963e-01
3.815274429321289240e-01
-1.124392986297607366e-01
3.554347229003906317e-01
-4.689120101928710982e-01
-2.097997856140136619e-01
nan
-2.165926361083984342e-01
2.444371414184570435e-01
-4.642543792724609375e-01
-1.496143054962158214e-01
-1.342931628227233935e-02
-4.340657806396484575e-01
2.888632965087890581e-01
-2.538252449035644509e-01
2.209556198120117276e-01
nan
nan
nan
nan
-3.458839416503906028e-01
-5.386721420288086426e-01
-3.550734710693359553e-01
-2.523391962051391504e-02
-1.258925628662109497e-01
-4.792122268676757835e-01
5.048161029815673856e-02
-3.957176589965820113e-01
1.804843711853027222e-01
-3.745856475830078303e-01
-2.752104759216308372e-01
-3.277550888061523393e-01
-2.026914405822753951e-01
-5.684659957885742632e-01
-2.557133293151855336e-01
-2.952344703674316673e-01
-5.662959575653075950e-02
-2.395795631408691451e-01
1.093195343017578092e-01
-2.102980995178222734e-01
-6.190854644775390936e-01
1.532226943969726696e-01
1.294696998596191473e-01
-8.434698581695557196e-03
-9.907009601593018064e-03
-3.752508544921874800e-01
-4.643707752227783231e-02
-3.905307054519653598e-02
nan
nan
