nan
nan
1.536536121368408114e-01
-2.800945663452148460e-01
1.784488558769226074e-02
-1.424399566650390581e-01
-3.593796539306640669e-01
-8.974820137023925559e-02
-3.289387130737304599e-01
3.302401351928710982e-01
-4.591540527343749845e-01
5.602804565429687633e-01
3.461852264404297053e-01
-1.302533054351806552e-01
2.815717506408691451e-01
2.689463424682617121e-01
3.415312576293945135e-01
-3.572480392456054421e-01
1.097652912139892578e-01
4.055950546264648349e-01
-1.728375244140624989e-01
5.658464431762695590e-02
8.029801368713379572e-02
1.139269332885742170e+00
2.953676223754883035e-01
-1.272505378723144398e-01
2.754333877563476807e-01
-2.582201766967773260e-01
-3.244588470458984464e-01
-1.492595577239990146e-01
nan
nan
nan
nan
-1.354285907745361450e-01
6.788693237304687100e-01
2.612948799133300581e-01
-4.407084274291992454e-01
-1.574785995483398426e-01
-1.673015213012695179e-01
-1.899181938171386752e-01
1.776547431945800781e-01
3.990760421752929665e-01
3.215686798095703236e-01
5.820927810668945490e-01
3.671881484985351496e-01
-3.139261436462402188e-01
1.661434745788574197e-01
6.575874328613281472e-01
9.554775238037109542e-02
2.255906105041503851e-02
5.193377494812011913e-02
3.275830459594726296e-01
4.005251693725586093e-01
7.458525180816649724e-02
1.671287918090820224e-01
1.589498043060302845e-01
-7.171302795410156028e-02
6.428984832763672275e-01
6.579933166503906250e-01
-2.715240669250488237e-01
-7.031865692138672408e-01
nan
nan
nan
nan
6.546707916259765225e-01
8.991406250000000266e-01
1.836517906188964711e-01
-1.561928844451904164e-01
3.067405891418457098e-01
1.382479095458984397e-01
-3.436368179321289129e-01
-3.539098024368286105e-02
4.899340057373046675e-01
4.563512039184570157e-01
-3.990343856811523482e-01
3.976237773895263498e-03
-1.741877174377441384e-01
-5.161396026611327903e-01
-1.485617637634277233e-01
-4.881647491455078369e-01
8.032127380371093528e-01
1.630017471313476574e-01
-9.542533874511718861e-02
2.645804023742675537e-01
1.122249507904052729e-01
-3.722185134887695535e-01
4.155590438842773349e-01
2.524230957031249889e-01
9.775483703613281339e-01
-6.473050117492676336e-02
-8.987111091613769753e-02
6.649655914306640270e-01
nan
nan
nan
nan
-2.446272522211074933e-03
6.953365325927733931e-01
1.744262504577636652e-01
-1.647607421875000033e-01
3.354085540771484242e-01
-9.687658309936524048e-02
2.858621406555175715e-01
1.358468055725097767e-01
-2.319272804260253951e-01
-3.723677444458007857e-01
3.209715270996093550e-01
4.370022964477539018e-01
4.495174407958984486e-01
4.541859817504882990e-01
2.051379013061523371e-01
-5.358676910400390625e-01
6.511638641357422319e-01
-1.167901420593261685e-01
2.586064910888671853e-01
-3.319260787963866921e-01
3.067377471923828369e-01
1.950481033325195401e-01
-2.781949615478515603e-01
-2.255190086364746160e-01
3.004004287719726496e-01
6.334455871582030939e-01
-1.196698188781738226e-01
-5.447551250457763339e-02
nan
nan
nan
nan
7.419297027587891113e-01
1.160313987731933644e-01
4.554391860961913840e-01
4.292393875122070268e-01
2.848733329772949463e-01
7.752172088623047186e-01
3.739258575439453058e-01
-4.418071365356445179e-01
-6.751750183105468262e-01
-4.210559463500976318e-01
-8.669142913818359553e-01
4.428431701660155984e-01
-2.148271751403808549e-01
7.837961578369140314e-01
8.302406311035156472e-01
-1.394896125793456954e-01
-7.481386184692383201e-02
1.385824012756347590e-01
4.341977310180664129e-01
-8.892098999023437811e-01
2.200035476684570335e-01
3.501003646850586182e-01
-3.195113563537597678e-01
-1.371593379974365146e-01
-2.222988605499267439e-02
2.351695632934570346e-01
-1.062648105621337852e-01
-4.357135772705078014e-01
nan
nan
nan
nan
4.241136932373046897e-01
3.909519672393799161e-02
5.026216125488280895e-01
-3.317536163330078169e-01
2.221866846084594865e-02
-1.001226139068603499e-01
5.444304656982421609e-01
1.872056961059570257e-01
4.081873416900634599e-02
-3.469368362426757946e-01
5.178866863250732727e-02
1.324109935760497958e-01
2.045937919616699352e-01
6.680926513671875400e-01
9.664748191833495705e-02
3.023719024658202970e-01
4.056789398193359486e-01
-4.118327713012695512e-01
-7.626831054687499556e-02
2.557732772827148171e-01
-3.174359512329101296e-01
-1.598277759552002020e-01
-3.761071443557739008e-02
-7.061586380004883368e-02
7.557414054870605080e-02
-6.716240692138671919e-01
-5.799439239501953391e-01
-2.026874542236328236e-01
nan
nan
nan
nan
4.875551986694335871e-01
4.548387527465820312e-01
-5.065400314331054421e-01
-2.097385215759277333e-01
2.925298690795898326e-01
3.775803756713866921e-01
1.133490276336669988e-01
1.756630706787109253e-01
4.687170791625976385e-01
2.090822029113769409e-01
5.162964820861816462e-02
-1.221831130981445301e-01
4.165875244140624933e-01
7.320127010345459095e-02
3.118035888671875089e-01
3.644854736328124734e-01
-2.670099067687988215e-01
1.081779718399047789e-02
-1.108020496368408159e-01
-4.288714599609375067e-01
-2.770722007751464933e-01
5.094610595703125133e-01
-8.296298980712890625e-02
2.449070358276367321e-01
-4.950620651245116882e-02
2.686064529418945579e-01
-5.305885791778564703e-02
-1.505558681488037009e-01
nan
nan
nan
nan
3.995476531982422030e-01
1.034109687805175731e-01
-7.907272815704345648e-02
-2.555464172363281494e-01
-2.142904996871948173e-02
-7.031678009033203169e-01
4.616403961181640425e-01
5.092890930175780762e-01
3.884355926513671786e-01
-8.701947212219238170e-02
-1.462127590179443382e-01
-5.091815948486327903e-02
4.270102310180663996e-01
2.882118988037109530e-01
1.064722251892089855e-01
-5.100241851806640581e-01
-1.423530578613281181e-02
-7.902482604980468617e-01
7.747449874877929132e-02
2.987168729305267334e-03
-1.847549247741699097e-01
7.135840505361557354e-04
-1.543353176116943337e-01
7.232958221435547008e-01
-4.815300750732421919e-01
-8.067647552490234686e-01
-4.813592433929443637e-02
2.640180969238281050e-01
nan
nan
nan
nan
4.283702850341796764e-01
7.079107666015624911e-01
-8.153588867187500089e-01
-4.722350692749023304e-01
-1.318317604064941362e-01
-2.371323776245117254e-01
-2.958148956298828347e-01
3.748932266235351363e-01
-5.348136901855468639e-02
-4.521275997161865179e-02
8.092607498168945257e-02
1.755859375000000111e-01
-2.586887931823730336e-01
1.173071098327636702e-01
-5.630764484405517689e-02
-1.376170921325683694e-01
-1.659514808654785067e-01
-6.792252349853515891e-01
-4.736288833618164107e-01
-6.451861858367920199e-02
-1.088903999328613287e-01
2.779755020141601585e-01
-2.259436798095703081e-01
-6.111037254333496344e-02
-2.760926818847656006e-01
-2.611287689208984242e-01
-1.063521862030029352e-01
3.931825637817382701e-01
nan
nan
nan
nan
5.141756439208984286e-01
-1.841170120239257746e-01
-5.438270950317383168e-01
-3.205310440063476318e-01
-1.199769377708435024e-02
6.348830032348632413e-01
9.195243835449218306e-02
1.330096626281738192e-01
1.839575386047363204e-01
-5.644203948974609863e-01
1.212450955063104564e-04
1.945102691650390514e-01
4.243122100830077903e-01
-3.509535312652587585e-02
2.192343139648437467e-01
4.836993026733398260e-01
1.685380339622497654e-03
-2.001155281066894498e-01
2.042298507690429588e-01
-3.512227630615234464e-01
4.045726776123046986e-01
-4.318555831909179910e-01
-3.361597824096679843e-01
1.056478500366210896e-02
5.235563659667968883e-01
-3.407933425903320046e-01
5.185179519653320135e-01
1.064356422424316412e-01
nan
nan
nan
nan
-1.240509033203125028e-01
5.509486675262451061e-02
1.114500808715820357e-01
3.840639114379882924e-01
-8.674321174621582586e-02
3.757034683227539196e-01
-2.918265342712402233e-01
4.959799766540527038e-02
5.163615417480468262e-01
3.347490310668945201e-01
1.066488552093505793e-01
7.111889648437500488e-01
3.261164903640747376e-02
6.298888778686523304e-01
-2.126508712768554743e-01
2.478189277648925881e-01
5.360943984985351296e-01
-1.819659805297851596e-01
-3.479970169067382879e-01
2.504795265197753973e-01
7.732053399085998639e-03
4.628852844238281472e-01
-3.725194549560547075e-01
-6.720444488525391113e-01
-3.778114318847656250e-01
-2.821828269958496227e-01
4.696340560913085660e-02
7.386814117431640403e-01
nan
nan
nan
nan
-3.101807022094726363e-01
-1.614481163024902299e-01
1.942027473449706998e-01
1.103599548339843778e-01
-3.998629760742187234e-01
-3.119656181335448975e-01
-6.562743663787841408e-02
-8.723270416259765181e-02
7.278942108154297097e-01
1.727092361450195401e-01
3.436983108520507701e-01
5.306236743927002231e-02
-4.602482223510742099e-01
-5.140362739562988337e-02
2.237983703613281167e-02
7.102627754211425504e-02
-5.022912597656250533e-01
4.670979309082031183e-01
-7.858726501464843306e-01
1.602137565612793066e-02
4.387454986572265625e-01
-2.856839370727539129e-01
2.373148155212402299e-01
3.825947570800781183e-01
3.450532913208007590e-01
1.296609497070312367e-01
4.123045730590820246e-01
2.339469718933105402e-01
nan
nan
nan
nan
-5.693056106567382368e-01
-3.936119461059570113e-01
1.612759780883789018e-01
1.681331396102905135e-02
4.093540573120117432e-01
-1.250366401672363403e-01
-3.129369544982910090e-01
3.668350219726562722e-01
-3.927820587158203369e-01
-4.487336730957031117e-01
-6.781477355957030717e-01
1.449840736389160223e-01
-5.066614151000976562e-01
3.022478485107422119e-01
-1.188542556762695324e-01
5.301609039306640625e-01
-6.537243127822876289e-03
-7.424110412597656472e-01
4.855136871337890903e-02
-3.238134002685547075e-01
1.516467475891113414e-01
-4.409149551391601807e-01
5.570658206939697182e-02
-1.812276458740234297e-01
-2.343426895141601518e-01
2.905912876129150557e-02
-3.502565002441406228e-01
-9.994466781616211104e-02
nan
nan
nan
nan
1.931328773498535156e-01
-1.667073059082031239e-01
2.766656684875488104e-01
-2.350549316406249922e-01
6.045389938354491788e-01
-9.867938232421874512e-01
-2.844161796569824041e-01
2.666687965393066406e-01
1.293239831924438560e-02
-2.522986793518066650e-01
-1.631002426147460938e-01
-3.398036956787109375e-01
8.222704887390136497e-02
1.263411140441894620e-01
-4.630939865112304599e-01
-2.808840370178222745e-01
-1.331372833251953103e-01
-5.913933944702148837e-01
-1.043378448486328158e-01
-2.262163352966308494e-01
-3.249763488769531472e-01
-9.983742833137512415e-03
2.586685180664062556e-02
3.374830627441406383e-01
2.473549461364746016e-01
1.914023399353027496e-02
-2.603207588195800837e-02
3.929063034057617143e-01
nan
nan
nan
nan
1.392402553558349521e-01
-4.241129302978515758e-01
-1.261429119110107355e-01
1.034504413604736273e-01
-1.611322402954101507e-01
1.704493141174316384e-01
-4.317717361450195135e-01
2.009765815734863292e-01
3.147686195373535223e-01
-4.042830276489257635e-01
5.708150386810302568e-02
3.251748323440551564e-02
2.384222984313964788e-01
-1.730712294578552399e-02
-1.056387233734130821e-01
-3.730634748935699515e-03
6.035085678100585715e-01
5.132983016967773704e-01
-4.719020843505859486e-01
-3.077179908752441517e-01
-7.472135162353515936e-01
1.848344612121582131e-01
5.025554275512695845e-01
-8.602120399475098045e-02
-3.211586380004882724e-01
2.198480033874511685e-01
4.290426635742187744e-01
4.625422286987304621e-01
nan
nan
nan
nan
9.979645729064941240e-02
-2.789554023742675803e-01
-3.042286872863769753e-01
4.659618377685547097e-01
6.751068878173828169e-01
-3.014312553405761874e-01
-2.392809486389160245e-01
1.872074699401855558e-01
-5.687169265747070712e-01
2.370070075988769398e-01
-6.755376815795897938e-02
-4.375779724121093839e-01
-9.177004814147948775e-02
-8.443374633789062222e-02
-1.675430679321289196e-01
2.234190559387206898e-01
8.180783843994140492e-01
1.370737648010253995e-01
-1.061643981933593661e+00
-2.077188491821289062e-01
4.083932876586914285e-01
2.969281768798828214e-01
1.237717723846435552e-01
2.860181808471679576e-01
7.300212860107421764e-02
3.010803985595703058e-01
6.946817874908446655e-02
4.456754302978515603e-01
nan
nan
nan
nan
-2.007311248779296842e-01
3.868690967559814536e-02
-5.767854690551757479e-02
2.731519508361816562e-01
-5.583526229858398748e-01
2.745305252075195268e-01
-1.666742515563964799e-01
1.358626747131347623e-01
2.015224647521972612e-01
2.513363456726074308e-01
7.079239368438720870e-02
2.074103927612304665e-01
8.803215026855468195e-02
-2.915497303009033370e-02
-1.221495151519775418e-01
-8.991777038574219061e-01
2.370254898071288974e-01
1.593324184417724554e-01
4.166307067871093950e-01
2.829993724822997894e-02
3.816218948364257790e-01
2.106805038452148338e-01
3.726618957519531317e-01
-2.273129653930664185e-01
-5.032365036010741921e-01
3.174360275268554576e-01
5.046916198730468928e-01
2.978826761245727608e-02
nan
nan
nan
nan
4.218899536132812433e-01
6.129936218261718972e-01
1.786920547485351674e-02
-1.169068431854248108e-01
8.799217224121093361e-02
-4.215728378295898193e-01
2.573630714416503817e-01
5.630629730224608887e-01
-5.517398452758789373e-01
-1.004022121429443415e-01
2.126635742187500122e-01
6.220258712768554632e-02
4.910585784912109286e-01
-9.915177345275878740e-02
-1.835273170471191373e-01
3.717377090454101474e-01
-2.525774192810058549e-01
3.073005104064941428e-01
2.665103912353515847e-01
-1.832848906517028920e-02
4.416346740722656428e-01
-6.637653350830078347e-01
-7.629613876342773715e-02
2.913122177124023438e-01
1.761479949951171853e-01
-4.156934738159179937e-02
-1.152837723493576119e-03
2.876498997211456108e-03
nan
nan
nan
nan
1.875115394592285212e-01
5.274412155151367299e-02
-3.824535751342773571e-01
8.695031738281250311e-01
-3.006476879119873019e-02
6.251413726806640536e-01
-1.869539260864257757e-01
-3.805916213989257724e-01
-2.511151885986327992e-01
6.774817657470703081e-01
-2.143745803833007890e-01
-1.088853759765624929e+00
7.194527435302734419e-01
3.845022201538085826e-01
4.825232315063476829e-01
3.170692825317382724e-01
5.108593368530273127e-01
1.951919746398925737e-01
6.066703319549560797e-02
-3.143089103698730735e-01
-1.598402404785156383e-01
-4.108514022827148282e-01
3.356466054916382169e-02
-2.703022003173828347e-01
-5.532688617706298800e-02
-2.067062950134277433e-01
nan
nan
nan
nan
nan
nan
-5.822930908203125533e-01
-3.734141540527343706e-01
1.084059524536132857e-01
-1.851461029052734464e-01
-2.077317047119140725e-01
-5.964955902099609020e-01
-7.724594879150390447e-01
-3.334947586059570090e-01
9.311251640319824496e-02
2.450703048706054654e-01
-3.449464321136474360e-02
-5.680007457733154269e-02
6.432861328125000222e-01
1.402192878723144409e-01
1.735614395141601429e-01
2.563199043273926003e-01
9.349375724792480247e-02
-3.548361206054687633e-01
2.488953781127929699e-01
5.403699111938476962e-01
1.108848953247070362e-01
-2.065266609191894476e-01
1.060253810882568343e-01
-5.142042160034179243e-01
2.974839019775390447e-01
-3.045692062377929887e-01
-7.131727600097655939e-01
-3.299868392944336204e-01
nan
nan
nan
nan
1.570981788635253951e-01
-3.227781677246093772e-01
-2.722560310363769664e-01
2.140529060363769442e-01
-3.401221084594726607e-01
-3.435746908187866516e-02
3.586083602905273393e-01
-4.614054679870605719e-02
-2.914517211914062766e-01
8.625499725341796431e-01
-1.630970573425293002e-01
1.020922756195068309e-01
5.265344619750976785e-01
2.266931915283203203e-01
6.949479675292968839e-01
-4.038896942138671675e-01
1.250063514709472690e-01
-2.000414466857910190e-01
-5.360990905761718883e-01
5.167533874511718445e-02
9.173826217651366577e-02
-1.374217796325683527e-01
nan
-9.309260368347167802e-02
-3.627669525146484109e-01
-1.495512294769286987e-01
-9.712896347045898993e-02
-2.605150794982910023e-01
nan
nan
nan
nan
-1.672991275787353432e-02
8.892614364624024104e-02
-2.865425300598144487e-01
-1.329566478729247991e-01
-1.035138320922851518e-01
-2.158073043823242054e-01
3.280198287963866921e-01
-8.433844757080077859e-01
-1.579450130462646540e-01
3.266963958740234375e-01
1.817279815673828250e-02
8.843634605407714455e-02
-1.008507728576660128e-01
6.322726249694823886e-02
-1.387135982513427734e-01
2.863077163696289285e-01
-3.975494384765624889e-01
7.514664173126220370e-02
4.291797256469726540e-01
8.771600723266601007e-02
9.954924583435058316e-02
-6.637276458740234419e-01
-2.762568283081054954e-01
-5.271297836303711071e-01
9.581823348999023160e-02
-4.456346130371093839e-01
-3.176218795776367121e-01
-2.851567459106445490e-01
nan
nan
nan
nan
4.175016403198242299e-01
-4.395465087890624845e-01
-2.966320800781250266e-01
-5.205645751953125178e-01
-4.862756347656250200e-01
2.717526626586914129e-01
-2.154157447814941395e-01
1.546994018554687378e-01
-8.891114044189453169e-01
6.975657939910888394e-02
-1.617760467529296975e-01
1.028331279754638727e-01
-2.847779846191406117e-01
2.433260679244995256e-02
-4.319239616394043163e-02
-2.658231735229492076e-01
1.354162693023681641e-01
4.100363922119140692e-01
nan
-2.990979433059692480e-02
7.225144958496093617e-01
-6.188612747192382413e-01
4.373416900634765625e-01
1.059668064117431641e-01
2.360020637512207087e-01
-2.619319534301757790e-01
2.307045173645019542e-01
5.193735122680663840e-01
nan
nan
nan
nan
1.597033214569091863e-01
-5.833178997039795144e-02
-6.618843078613281805e-02
-2.788427543640136785e-01
1.114125370979309089e-02
-5.145098495483398926e-01
3.465090179443359175e-01
3.319421084597706524e-05
-7.792871475219725896e-02
-2.119746398925781150e-01
-2.816448593139648238e-01
-5.111494064331054688e-01
2.723023414611816517e-01
-3.321435165405273171e-01
-1.515906906127929554e-01
-1.173630142211913974e+00
4.452106094360351318e-01
-5.511962890624999556e-01
-5.339205932617187012e-01
-5.956031799316405945e-02
-1.219486522674560480e-01
2.816363906860351318e-01
2.468972587585449296e-01
3.420296478271484530e-01
4.369676971435547119e-01
7.656862640380859286e-01
7.336915588378906117e-01
-6.888718414306640447e-01
nan
nan
