nan
nan
5.196815109252930220e-01
-2.227814292907714933e-01
-8.482759475708007146e-02
-5.527768135070800642e-02
-8.565856933593749556e-01
9.317885589599609331e-01
1.446805763244628784e-01
5.659747314453125178e-01
-1.176711678504943799e-02
4.629507064819335938e-01
-1.010882568359375011e-01
4.754736328124999911e-01
-3.646191406250000044e-01
4.135896682739257507e-02
-1.673823928833007846e-01
-1.506868839263915960e-01
-5.963672256469726429e-01
4.716997623443603543e-02
2.814836502075195312e-01
9.867179870605469194e-01
-1.815940856933593861e-01
-4.048620605468750133e-01
1.948050689697265747e-01
3.606364059448242121e-01
3.607422828674316378e-02
6.643608093261719194e-01
2.105758094787597567e-01
2.022064399719238348e-01
nan
nan
nan
nan
-1.074996376037597595e-01
-1.592675971984863215e-01
3.047134971618652433e-01
-4.237690353393554488e-01
3.937165069580078058e-01
-4.195132446289062678e-01
-5.156108093261718706e-01
-2.508636474609374778e-01
7.651802062988281028e-01
-8.059861755371093839e-01
-3.983373641967773438e-01
1.143788433074951205e-01
2.304212188720703158e-01
4.240014266967773171e-01
2.843081057071685826e-03
-5.879098892211914035e-02
8.359998321533202992e-01
-3.713344573974609597e-01
1.635804176330566406e-01
5.202135467529296342e-01
5.399665832519531250e-01
-8.328275084495543809e-03
-5.593956756591796919e-01
-7.394999694824219150e-01
1.696142768859863204e-01
-1.166369915008544922e-01
-2.395857048034668035e-01
-4.996900939941406050e-01
nan
nan
nan
nan
-2.234625053405761841e-01
-2.689863014221191562e-01
-2.731320762634277255e-01
2.508006858825683749e-01
-2.231564331054687600e-01
-1.948427009582519576e-01
2.547012901306152100e-01
-3.188149452209472767e-01
-5.544198989868164285e-01
-1.579754447937011808e-01
-2.557251167297363015e-01
3.904937028884887529e-02
6.741611480712890458e-02
-6.456478118896484819e-01
-8.255657196044921542e-02
-2.261777687072753784e-01
-1.947187995910644454e-01
2.153789520263671986e-01
4.693164443969726762e-01
-2.927742385864257613e-01
-1.771613693237304721e-01
2.782016372680664040e-01
4.980149459838867365e-01
-1.046341896057128955e-02
-4.469474029541015692e-01
-5.644034957885741832e-01
-1.191388797760009749e-01
6.264021301269531161e-01
nan
nan
nan
nan
1.097646408081054625e+00
4.804002380371093506e-01
-2.925207328796386452e-01
2.343511962890625078e-01
2.689005851745605510e-02
4.052662277221679710e-01
7.801377105712891113e-01
-1.156815242767333940e-01
-1.339185237884521484e-01
-2.013109779357910023e-01
-1.358582782745361428e-01
2.741668319702148526e-01
5.016615295410156161e-01
5.023455810546875178e-01
1.632505989074707065e-01
6.127797317504882768e-01
1.915645980834961015e-01
2.953967285156249845e-01
-7.211675643920897882e-02
-3.680076599121093750e-01
4.126885986328124867e-01
2.065700340270996138e-01
1.853400230407714899e-01
6.745661735534667913e-02
-8.068439483642578236e-02
-4.644458770751953014e-01
6.533574676513671520e-01
-5.497595596313477051e-01
nan
nan
nan
nan
9.111251068115234775e-01
-4.887021636962890492e-01
3.992998504638671786e-01
-7.298435211181640847e-01
3.055507421493530371e-02
4.914801025390624911e-01
-1.723931503295898504e-01
-4.260923385620117299e-01
-9.039151191711425337e-02
1.142523288726806641e-01
-4.013870239257812389e-01
-7.298341369628906783e-01
-2.530666732788086071e-01
3.015673065185546786e-01
9.636400222778319924e-02
-3.758345794677734331e-01
-4.516888141632079828e-02
8.201638221740722989e-02
1.004762802124023358e+00
-2.435540962219238381e-01
1.029507598876953089e+00
1.465036749839782743e-02
-7.423090934753417969e-02
4.629819869995117215e-02
4.282051467895507946e-01
1.706941604614257701e-01
-1.619017791748046942e-01
9.561830520629882590e-02
nan
nan
nan
nan
1.875732803344726529e-01
-2.441835403442382812e-01
-2.298979377746581954e-01
2.644995307922363148e-01
1.760987854003906172e-01
4.625442123413086026e-01
-1.400677776336669844e-01
4.922084331512451005e-02
2.355540466308593817e-01
3.304620361328124978e-01
-2.724440383911133079e-01
-1.281070137023925803e-01
4.581465530395507635e-01
-1.643615341186523415e-01
-3.987437009811401617e-02
-3.587758255004882546e-01
-6.347156524658202903e-01
-4.874946594238281361e-01
-2.471993827819824185e-01
6.312936782836914285e-01
1.431642723083496049e-01
-4.224700927734375000e-01
8.530424118041991799e-02
5.481120586395263339e-02
-5.221340179443358931e-01
-1.797638130187988181e-01
6.294335174560546919e-01
3.648117065429687389e-01
nan
nan
nan
nan
5.523540496826171431e-01
-1.200550460815429654e-01
4.052106094360351518e-01
3.358618164062500133e-01
-3.158755898475646817e-03
2.855488586425781183e-01
-6.265526962280273393e-01
1.707861328124999911e-01
-4.861773014068603710e-02
2.147028541564941495e-01
-4.645484924316406472e-02
7.513894081115722601e-02
1.536634922027587946e-01
-2.477671813964843761e-01
1.859794616699218806e-01
-2.521520614624023215e-01
-5.909611701965331726e-02
1.265465545654296808e-01
4.396207809448242076e-01
1.610000228881836026e-01
3.933028411865234220e-01
6.543542480468750311e-01
-3.998275756835937278e-01
-4.868122100830077903e-01
4.588544082641601296e-01
7.331791400909423717e-02
-4.457120513916015825e-01
2.239325904846191373e-01
nan
nan
nan
nan
2.721859169006347612e-01
-1.792289733886718861e-01
1.224222373962402383e-01
5.656977462768554288e-01
3.556449127197265359e-01
-2.458083915710449208e-01
-2.221776580810546908e-01
-7.795352172851562900e-01
3.266609191894531139e-01
2.064776611328124900e-01
2.100331878662109464e-01
8.142866134643554632e-02
4.249727249145507924e-01
4.475693130493164085e-01
1.810711479187011586e-01
-2.323159599304199241e-01
-6.394049835205077859e-01
5.524663543701171520e-01
5.490410327911376953e-02
-1.412434101104736439e-01
-3.201515197753906361e-01
5.521835708618163530e-01
1.712508392333984275e-01
7.410718536376953436e-01
-3.119268226623534979e-01
-2.870310974121093595e-01
2.052533340454101574e-01
-4.237947845458984175e-01
nan
nan
nan
nan
7.002841949462890181e-01
-3.195580244064331193e-02
-1.290417957305908248e-01
2.461519813537597634e-01
-2.963847923278808416e-01
1.240929698944091830e-01
3.364315795898437655e-01
1.874620246887206965e-01
3.815332174301147572e-02
3.877291440963745450e-02
6.027142715454101296e-01
-2.230790376663208119e-02
6.264077663421631359e-02
1.806511688232421975e-01
-4.142158126831054776e-01
-2.289353179931640503e-01
2.809642982482910001e-01
6.248023223876952859e-01
2.251359367370605602e-01
7.592346954345703391e-01
-3.461930465698241921e-01
2.413738632202148404e-01
-1.174588584899902283e-01
-1.617853927612304676e-01
1.767890810966491616e-02
3.353042125701904269e-02
3.868975830078125178e-01
1.787703323364257801e-01
nan
nan
nan
nan
2.965718746185302609e-02
2.412707519531250011e-01
-1.759970474243164051e-01
-6.217321014404296742e-01
-1.118859672546386741e-01
3.572381210327148504e-01
-7.641382813453674594e-03
-1.014806842803955139e-01
2.827539253234863104e-01
6.101280212402343528e-01
-7.812128543853759377e-02
-2.072086811065673717e-02
2.824549674987792899e-02
-1.355466175079345637e-01
3.941805648803711204e-01
5.273905944824218706e-01
6.114488124847412137e-02
-9.380529022216796964e-01
-3.162937736511230447e-01
-5.003348541259765581e-01
8.829191923141480047e-03
-1.719213867187500133e-01
-8.298341369628906561e-01
-5.149078369140625000e-02
4.923708724975586204e-01
-2.869176101684570157e-01
1.421692085266113292e-01
2.919478988647460915e-01
nan
nan
nan
nan
-2.608185577392578280e-01
2.687529563903808816e-01
-1.781133079528808560e-01
4.506866836547851474e-01
3.382267761230468572e-01
5.513223648071289285e-01
7.233468627929687811e-01
1.148990154266357477e-01
6.121833419799804776e-01
-4.148699569702148371e-01
-8.273775100708008479e-02
-3.353526306152343484e-01
-2.611488819122314425e-02
-1.097258687019348096e-02
-2.716842412948608509e-02
-5.358693313598632546e-01
1.173606014251708934e-01
-4.330661392211914151e-01
2.729561996459961004e-01
-2.177602767944336049e-01
-2.868204879760742343e-01
1.151791191101074197e-01
-5.544016361236572127e-02
1.570372283458709630e-03
-1.049920463562011713e-01
2.863582420349121138e-01
4.764916610717773171e-01
-3.555693054199218772e-01
nan
nan
nan
nan
-4.437797546386718639e-01
7.668435668945312589e-01
-2.171226501464843806e-01
2.964559745788574174e-01
5.498396396636962696e-02
5.658908843994140542e-02
1.980060696601867662e-02
-5.038642883300781250e-01
-9.286397933959961160e-02
7.879637718200684093e-02
5.038777160644530850e-01
-6.787483978271484641e-01
5.095061111450195357e-01
-2.874643516540527077e-01
-2.926822662353515542e-02
2.801445007324218639e-01
1.352856731414794900e-01
1.868552589416503928e-01
-3.474787521362304732e-01
5.215577125549316490e-02
6.321640014648437222e-02
-1.817208862304687533e-01
-3.383178114891052107e-03
-2.280101203918457053e-01
1.461017799377441473e-01
2.816315269470214822e-01
9.938499331474304546e-03
1.657951164245605458e-01
nan
nan
nan
nan
-1.100287342071533253e-01
6.955304145812987726e-02
4.767319858074187990e-03
-5.491847991943359097e-02
6.650591278076172230e-01
-1.801018333435058516e-01
1.560365962982177834e-01
-4.444082260131835826e-01
-2.942562103271484375e-01
-1.141410732269287076e-01
1.633912849426269465e-01
-4.594375228881835693e-01
-2.076947975158691395e-01
-7.607402801513671320e-02
-6.969950866699218262e-01
-5.299583053588867720e-01
-3.530279922485351496e-01
-3.854484939575195113e-01
5.714824295043945401e-01
5.958681106567383090e-02
2.339720916748046775e-01
-6.782105255126953391e-01
1.127186203002929599e+00
7.005389213562011885e-02
-2.220162391662597601e-01
1.721609878540039107e-01
8.520432472229004517e-02
2.757064247131347789e-01
nan
nan
nan
nan
1.622171401977539062e-01
2.243754196166992121e-01
2.067634201049804721e-01
8.538979530334472878e-02
1.092285919189453086e-01
1.449831867218017711e-01
-3.479021453857422119e-01
-1.803519058227538996e-01
6.829669952392578569e-01
-4.187317371368408370e-02
-3.865391921997070046e-01
-6.023848342895508079e-01
-7.868791198730469283e-01
5.877411651611328391e-01
1.858432579040527333e-01
-9.508999633789062544e-01
-1.308144569396972601e-01
2.516057968139648326e-01
3.505381011962890869e-01
1.951306343078613170e-01
-1.200694942474365284e-01
7.359712600708007146e-02
6.442850589752197044e-02
-4.552047729492187389e-01
6.275487136840820490e-01
2.682234048843383858e-02
-5.240886306762695401e-01
-4.599265670776367387e-01
nan
nan
nan
nan
-2.651349830627441340e-01
-6.008251953125000044e-01
3.647672653198242437e-02
3.625605010986328036e-01
4.101855087280273371e-01
5.185163116455078214e-01
-6.017265701293945668e-01
-4.274914932250976629e-01
2.712708663940429643e-01
-4.743917942047119057e-02
-1.597692489624023549e-01
4.190305709838867410e-01
9.285324096679686834e-02
6.194139862060547008e-01
-9.658488273620605136e-02
-1.350949382781982400e-01
-8.042713928222656738e-01
5.968140125274658259e-02
-2.031424283981323256e-02
-7.108193206787108975e-01
3.538461303710937478e-01
1.377345561981201116e-02
4.296748352050780984e-01
-2.833712005615234286e-01
1.791578292846679743e-01
1.782945251464843617e-01
-1.374642944335937589e-01
4.603270530700683677e-02
nan
nan
nan
nan
1.001022720336914029e-01
6.578887176513671387e-01
-2.550352287292480535e-01
-1.735601043701171797e-01
-2.520110893249511985e-01
-1.061783409118652322e-01
6.717733001708984242e-01
-4.238898277282714816e-02
-9.658633232116699274e-02
3.924433517456054621e-01
-1.954186820983886685e-01
9.686127662658691739e-02
1.945850181579589777e-01
-1.550218009948730602e-01
6.349157810211181197e-02
-4.335176849365234286e-01
-1.312835788726806618e-01
-5.521950244903564564e-02
1.582761001586913963e-01
3.283406448364257768e-01
-4.367800903320312456e-01
5.473798370361327992e-01
1.384534454345703047e-01
-4.713302135467529325e-02
-2.454203414916992232e-01
3.772176361083984242e-01
-2.470736885070800859e-01
5.124046707153320224e-01
nan
nan
nan
nan
4.231625080108642606e-02
-2.480214089155197230e-03
4.898973941802978183e-02
-4.687155532836914107e-01
-3.020925712585449396e-01
1.924198150634765514e-01
6.991900634765625400e-01
2.648078155517578081e-01
3.556014633178710693e-01
4.425029373168945512e-01
1.384734439849853449e-01
-2.773945999145507879e-01
4.348637580871581726e-02
3.876877975463867143e-01
-8.326969146728515625e-01
-2.947862243652343839e-01
-3.591974639892578369e-01
-2.788161277770996316e-01
3.505876922607422119e-01
-1.409622573852539196e-01
-5.688539981842041099e-02
-6.398570537567138498e-03
-1.387743282318115168e-01
-7.674481201171875488e-01
3.844282913208008079e-01
-6.886234283447265070e-02
2.280776023864745927e-02
5.273193359375000222e-01
nan
nan
nan
nan
-1.278368759155273371e-01
-9.437478065490723100e-02
-1.203160285949707031e-01
1.455998802185058671e-01
-4.243827819824218528e-01
-3.686788177490234464e-01
3.916038513183593972e-01
-1.377950572967529264e-01
-1.987934827804565402e-02
1.523983001708984486e-01
-2.099839591979980602e-01
-6.363077545166015980e-01
-7.581637054681777564e-04
-4.606771087646484575e-01
-8.186397552490234375e-01
6.123262405395507590e-02
1.811485481262206931e-01
-3.886031723022461137e-01
-6.329265975952148571e-01
-7.102197170257568137e-02
-5.051901626586914329e-01
1.965735435485839733e-01
2.638881874084472723e-01
-1.596346664428710815e-01
-1.450909328460693315e-01
3.044399261474609597e-01
-7.309667587280273271e-02
3.171639442443847656e-01
nan
nan
nan
nan
6.567032623291015891e-01
1.962001085281371918e-02
1.880255317687988259e-01
6.268260574340820401e-01
-1.647951507568359286e-01
-4.330201721191406228e-01
2.827850723266601696e-01
-3.329529190063476585e-01
2.018274116516113326e-01
7.310126781463623102e-02
1.928082704544067244e-02
-2.392045783996581965e-01
2.343723297119140736e-02
-6.213099956512450894e-02
-2.638482093811035378e-01
2.539997482299804488e-01
2.767974662780761652e-01
-1.329747867584228638e-01
3.059691905975341769e-02
-4.546141624450683594e-02
2.779352426528930789e-02
7.895176696777344016e-01
3.364436721801757901e-01
-2.351133728027343661e-01
3.260054016113281272e-01
7.753052520751952947e-01
nan
nan
nan
nan
nan
nan
2.264768409729003840e-01
-1.558093643188476485e-01
8.457793426513672275e-01
-4.853029251098632812e-01
2.462519836425781372e-01
-1.831780433654785212e-01
-2.817093849182129017e-01
-6.791044235229491688e-02
-6.305918121337890092e-01
6.411724090576171875e-01
-3.394522094726562522e-01
-3.745009422302245788e-02
1.563546180725097767e-01
4.434970855712890847e-01
4.362750530242919672e-02
-7.532065868377685325e-02
1.392484474182128784e-01
9.765476226806640847e-02
5.380618286132812234e-01
2.308793306350707952e-02
4.424030303955078097e-02
4.275295639038085849e-01
4.373814010620117321e-01
-3.151036071777343905e-01
3.019688224792480558e-01
-1.088425827026367199e-01
-3.638769149780273632e-02
2.233650016784667902e-01
nan
nan
nan
nan
-1.867424583435058627e-01
3.511472320556640603e-01
8.071355819702148715e-02
-4.361581802368164062e-01
-1.847020268440246679e-02
-3.519265365600585671e-01
-1.974337768554687567e-01
1.564700317382812511e-01
3.344573211669921720e-01
-5.389353561401367676e-01
8.567165374755859875e-02
-4.154002380371093484e-01
3.484668350219726762e-01
1.374465656280517700e-01
-1.650337982177734475e-01
-3.522358417510986633e-02
-1.464779138565063497e-02
-3.657701492309570201e-01
4.254815673828125089e-01
2.937230300903320157e-01
-1.423014068603515592e-01
-2.841735076904297053e-01
nan
6.578544616699218972e-01
-4.100004577636718883e-01
5.158749008178711293e-01
-2.729503822326659890e-01
-3.208476305007934570e-02
nan
nan
nan
nan
-4.646396255493164262e-01
7.154173254966735875e-03
-1.689561128616333049e-02
2.459268951416015703e-01
3.930985641479491921e-01
9.939106941223144198e-02
3.970835113525390536e-01
3.724178791046142689e-02
-2.584483337402343484e-01
1.063788223266601551e-01
-2.755943107604980624e-01
8.680485534667968794e-01
-4.013095092773437678e-01
-2.738280868530273415e-01
1.974862289428711004e-01
-5.953532409667968706e-01
2.463174819946289118e-01
-4.733844757080077903e-01
-4.795277404785156516e-01
-4.918734359741210871e-01
-4.698265075683593639e-01
3.290142822265624822e-01
-2.424961328506469727e-02
6.164690399169922008e-01
-5.209012222290039240e-01
-1.676987266540527211e-01
-7.549930572509765403e-01
5.007714843749999645e-01
nan
nan
nan
nan
-2.858351898193359220e-01
1.611585998535156328e-01
2.282703590393066473e-01
-9.349884986877440851e-02
-4.181892013549804443e-01
-1.345370769500732477e-01
5.091534042358398793e-01
-6.832390308380126287e-02
-1.106099987030029347e-01
5.369253158569335660e-02
-6.437886714935302235e-02
8.748530387878418468e-02
8.462555885314941573e-02
-3.151310920715332253e-01
-3.158228111267089577e-01
-4.194375610351562256e-01
5.745130538940429465e-02
3.146953582763671875e-01
nan
-4.781964492797851629e-01
2.945143318176269287e-01
1.645348739624023504e-01
9.650561213493346474e-03
-2.532525825500488437e-01
-3.068697690963744992e-02
6.416303253173828436e-01
2.244213294982910223e-01
-2.586821556091308816e-01
nan
nan
nan
nan
-3.376759338378906294e-01
-3.509910583496093639e-01
3.095918893814086914e-02
-7.524740695953368967e-03
1.804511260986328136e-01
2.254354476928711049e-01
-9.906800270080566573e-02
2.131026649475097623e-01
-1.733243179321289074e-01
-5.621834278106689620e-02
6.299724578857421875e-01
5.356397247314452770e-01
2.687602424621581831e-01
-1.412836647033691440e-01
-5.045211315155029297e-02
-2.381579875946044852e-02
-5.201894378662109686e-01
3.582105636596679688e-01
-5.237538909912109464e-01
-3.034817934036255008e-02
-1.746501731872558694e-01
-3.654811859130859264e-01
3.291773223876953147e-01
-1.003217029571533137e-01
-2.916694641113281028e-01
3.576395034790039174e-01
3.987926483154297097e-01
-3.614909362792968484e-01
nan
nan
