nan
nan
3.516638946533203192e-01
-3.477326583862304643e-01
-1.446938037872314564e-01
-4.773898315429687678e-01
2.790192031860351807e-01
-1.781501579284668069e-01
2.667643928527831942e-01
4.988931274414062367e-01
-1.005800533294677751e-01
-1.144341125488281152e+00
-1.985068702697753984e-01
1.377176380157470736e-01
2.112320709228515669e-01
-1.584993267059326139e-01
-3.496549987792968994e-01
2.085142898559570190e-01
-2.830307197570800515e-01
-3.077577590942383035e-01
-4.854885482788086071e-01
3.361311340332031050e-01
-5.899676513671875400e-01
1.217193508148193409e-01
2.619091415405273571e-01
3.361779403686523393e-01
2.404145240783691351e-01
1.210884666442871155e-01
4.579677963256835738e-01
-8.539575958251952592e-01
nan
nan
nan
nan
5.178741073608398304e-01
-4.458684158325195157e-01
2.778675270080566140e-01
-3.323940277099609597e-01
-8.665101623535156339e-01
2.714057350158691206e-01
3.180780410766601562e-01
-3.020082855224609508e-01
3.981286239624023393e-01
-9.633604049682617521e-02
6.656173706054687722e-01
2.172692489624023504e-01
1.423678398132324219e-01
5.986816787719726474e-01
1.875419235229492110e-01
2.538036346435547097e-01
8.232794761657714899e-02
-5.366770172119140758e-01
-2.030205535888671975e-01
8.785930633544922208e-02
-8.866055297851562766e-01
1.194369125366210871e-01
1.643179702758789107e-01
7.955659866333007757e-02
-5.143728256225585938e-01
-3.010074806213378640e-01
-3.291867446899414129e-01
-1.325550079345703125e-01
nan
nan
nan
nan
2.755763816833496360e-01
-3.551573944091797053e-01
-1.024258518218994080e-01
4.836769866943359530e-01
1.073660278320312522e-01
-1.212616634368896551e-01
-2.943251132965087752e-02
2.256763076782226651e-01
-5.715665435791015270e-01
1.337741184234619019e-01
-2.825166463851928877e-02
-4.731763458251952992e-01
-2.164215326309204199e-02
4.928920745849609264e-01
9.964303588867187145e-01
1.923488807678222778e-01
-4.202880859375000000e-01
-6.374767303466797319e-01
2.778013420104980535e-01
-4.412377166748047141e-01
2.049668312072753795e-01
-6.962668895721435547e-02
2.577197456359863192e-01
1.728244018554687400e-01
-2.435072898864746038e-01
4.097760677337646679e-02
-1.963174629211425770e-01
-2.251726150512695368e-01
nan
nan
nan
nan
-1.826289367675781317e-01
4.682551193237304843e-01
-5.662007522583007990e-01
-7.720993041992187944e-01
2.404080009460449197e-01
-4.053445434570312478e-01
1.539067459106445435e-01
1.030747032165527377e-01
-2.679501342773437655e-01
-1.257784805297851527e+00
-3.957461547851562345e-01
9.654201507568359319e-02
2.225366401672363159e-01
-1.158457565307617204e-01
1.598446941375732400e-01
5.553864479064941212e-02
-2.466761970520019442e-01
-1.619585609436035023e-01
2.284855651855468850e-01
-3.986817550659179643e-01
2.392430067062377777e-02
6.117398834228515714e-01
1.694028663635253895e-01
6.129766082763672408e-01
-9.268285751342773826e-02
3.922917938232421964e-01
1.561861038208007812e-01
1.463687515258789151e-01
nan
nan
nan
nan
-7.963376045227051059e-02
5.673449039459228793e-02
8.193389892578124833e-02
-3.986639022827148660e-01
-1.317890286445617606e-02
2.869581413269042813e-01
1.519580745697021451e-01
-2.382346343994140581e-01
-7.431957244873046431e-01
-3.682546997070312300e-01
-2.934322595596313560e-02
-3.153075790405273637e-01
-4.306165313720702881e-01
2.176945114135742099e-01
-4.776219940185547075e-01
4.309761047363281500e-02
-3.844929885864257768e-01
3.311998367309570285e-02
-6.486109161376952814e-01
7.497736358642578258e-01
-5.139680480957031783e-01
7.167459869384765758e-01
-1.244019794464111262e-01
8.017875671386719139e-02
-1.268994998931884666e-01
2.834483909606933527e-01
-5.179486465454101740e-01
-4.402721023559570401e-01
nan
nan
nan
nan
8.339470863342285378e-02
3.424551391601562411e-01
-7.855908393859863115e-02
-4.834593963623046720e-01
2.911166381835937345e-01
-1.049570274353027327e-01
1.589972972869873047e-01
1.541486835479736195e-01
-1.023871135711669905e-01
-2.782009887695312544e-01
2.860993003845214711e-01
9.227914810180663785e-02
8.561524200439453169e-01
5.004112625122070224e-01
-1.280128479003906361e-01
-2.873745536804199197e-01
5.273391342163086248e-01
2.554475593566894465e-01
4.763933563232422008e-01
-1.545233821868896573e-01
3.948626041412353627e-02
-4.795175552368163840e-02
-2.750938224792480735e-01
-4.197579574584960893e-01
-2.851725769042968706e-01
-8.250858306884765181e-01
-2.206817245483398415e-01
-1.052056026458740301e-01
nan
nan
nan
nan
-1.312669086456298706e-01
-1.566428852081298839e-01
-5.178339004516601118e-01
4.463095474243163885e-01
6.219262313842773837e-01
-1.561699390411376842e-01
-2.338887214660644587e-01
-5.426561355590820562e-02
4.178291320800781028e-02
7.434572696685791404e-02
1.682575607299804654e-01
3.868124485015869002e-02
-1.224196395874023402e+00
-2.386432838439941362e-01
-1.748706817626953236e-01
-2.157678604125976562e-01
-4.400410175323486023e-02
-3.123011112213134807e-02
2.468123817443847734e-01
-3.547277688980102206e-02
4.044820785522460632e-02
-4.162623596191405984e-01
-2.964949131011962793e-02
1.133416824340820250e+00
1.403179359436035056e-01
2.517901992797851318e-01
-1.011381030082702560e-02
-1.050571250915527388e-01
nan
nan
nan
nan
1.651259613037109331e-01
3.988744735717773549e-01
-5.283684921264648615e-01
-6.076596069335937766e-01
-3.215523719787597573e-02
-5.386964416503906561e-01
-6.102614974975586470e-01
-3.761602401733398215e-01
3.890844345092773215e-01
-4.467917251586914218e-01
1.674603271484375044e-01
-2.284981459379196306e-03
-2.194324493408203181e-01
1.003249130249023402e+00
9.132483482360839733e-02
-3.155592155456543035e-01
4.473113059997558399e-02
4.046537780761718661e-01
2.153928184509277255e-01
-5.253784561157226474e-01
2.641484642028808505e-01
1.233551692962646523e-01
1.193746852874755793e-01
1.931358724832534695e-03
-2.824249744415283092e-02
6.022179794311522949e-01
2.872229194641113259e-01
1.727207756042480336e-01
nan
nan
nan
nan
5.299652862548828169e-01
-1.158815860748290960e-01
2.965932083129882990e-01
2.234159469604492243e-01
4.881625175476074496e-02
1.016937408447265545e+00
-4.976341247558593861e-02
1.078646373748779336e-01
-2.844609260559082253e-01
-3.077998924255371249e-01
2.015761947631835860e-01
-3.606680297851562744e-01
5.799232959747314259e-02
3.564991378784179710e-01
4.954798889160156317e-01
1.936005973815917991e-01
-5.477093887329101962e-01
-8.303206413984298706e-04
-6.090430068969726607e-01
8.247554016113280984e-01
-9.755159020423889368e-03
1.474501514434814475e-01
-6.111820983886718794e-01
6.309766006469726962e-01
4.071701049804687250e-02
-4.268566513061523571e-01
-4.152414703369140536e-01
-5.622861862182617632e-01
nan
nan
nan
nan
-4.316818237304687611e-01
-2.997780036926269709e-01
-7.303955841064453391e-01
8.070917129516601285e-02
3.494641113281249933e-01
1.580026245117187589e-01
1.523622035980224665e-01
6.032680130004882679e-01
2.847247838973998926e-02
6.712963104248046431e-01
-4.445733642578125200e-01
-1.282561874389648304e-01
-1.684121131896972601e-01
-5.126427412033080638e-03
-4.558288955688476474e-01
3.708958816528320490e-01
1.849846076965332153e-01
-3.747280502319336182e-01
-3.449339294433593772e-01
2.136006736755371171e-01
-4.790146255493163974e-01
5.114080429077147993e-01
-9.878071784973144198e-02
-1.592145252227783192e-01
4.447922408580780307e-03
-2.543397712707519687e-01
1.265436744689941440e-01
-2.151157569885253917e-01
nan
nan
nan
nan
2.562282180786132901e-01
8.236521720886230691e-02
-3.285439682006836004e-01
7.257041168212891025e-01
3.477964782714843550e-01
-1.455010318756103649e-01
-1.421542549133300859e-01
7.975805759429931141e-02
2.220319366455077992e-01
1.039772891998290982e-01
2.229007530212402388e-01
-7.797229766845703569e-02
-2.053878402709961026e-01
-7.288547039031982588e-02
6.040292358398438033e-01
-3.546099853515625178e-01
-5.075352668762207059e-02
1.219798183441162115e-01
-1.199020195007324263e-01
-6.330946922302245483e-02
-5.755887222290039240e-01
-1.141303634643554693e-01
-3.606242752075195512e-01
2.488666343688964722e-01
2.617566871643066673e-01
-4.282297134399414007e-02
-3.750501251220703103e-01
6.952552032470703525e-01
nan
nan
nan
nan
3.573460817337036077e-02
1.664110898971557506e-02
-2.800825691223144398e-01
-5.778445816040038707e-01
-8.265945434570312611e-02
-4.119028854370117010e-01
6.764307403564453480e-01
-6.167308807373046431e-01
2.973670768737792791e-01
-2.305594253540038940e-01
-2.761929273605346832e-02
6.315854263305663574e-01
-3.581074142456054932e-01
-1.609148216247558716e-01
-6.141610145568847379e-02
8.842648506164550726e-02
-3.566891098022461071e-01
-2.058142089843749967e-01
-3.688029861450195512e-01
-2.781219482421875000e-01
3.381286239624023415e-01
4.232794952392577859e-01
-4.602884352207184220e-03
-3.228540182113647655e-02
-5.298895645141601385e-01
3.189471054077148704e-01
4.283996582031249778e-01
3.619134521484375089e-01
nan
nan
nan
nan
2.643019485473632746e-01
-3.781641769409179732e-01
-5.459067916870117276e-01
2.730652427673339600e-01
-2.332782268524169825e-02
-1.713752174377441428e-01
-4.916303634643554576e-01
2.780812835693359242e-01
4.344044876098632768e-01
6.149217605590819868e-01
-4.987756311893462753e-03
-1.087262392044067300e-02
-8.024381637573242687e-02
-9.319486618041991632e-02
2.021059989929199219e-01
4.039455413818359153e-01
-6.153114700317382502e-01
7.554654598236083818e-02
-2.148445320129394598e-01
2.003639030456542958e-01
-2.780157852172851496e-01
5.095567321777343395e-01
4.638116836547851451e-01
-6.020946502685546597e-02
7.548136711120605191e-02
-4.567456436157226740e-01
-5.988573837280273260e-01
2.027657699584961004e-01
nan
nan
nan
nan
-4.515325546264648549e-01
3.227701950073242343e-01
4.025642013549804443e-01
-1.314271259307861206e-01
5.834982395172119002e-02
-7.449623107910156861e-02
4.703203582763672008e-01
-1.882482910156250133e-01
-3.809031677246093595e-01
5.630698776245117720e-01
-9.211476135253906516e-01
-2.870422744750976696e-01
-3.081949710845947182e-02
2.457338523864746049e-01
-1.519727611541747958e-01
1.361993122100829956e-01
2.008349609375000011e-01
-9.224149703979492299e-02
-2.559215545654296986e-01
2.448406791687011697e-01
2.016863250732421897e-01
4.472409057617187655e-01
2.158416366577148304e-01
-2.177553176879882743e-02
2.409598922729492276e-01
-7.098938751220703613e-01
3.899791717529296764e-01
-6.744942474365234197e-01
nan
nan
nan
nan
4.692954635620117387e-01
-4.708390426635742365e-01
-1.923731994628906372e-01
-9.984675407409668302e-02
-1.623467636108398560e-01
2.332508087158203236e-01
1.827912330627441406e-01
2.638801956176757835e-01
5.077046585083008212e-01
-1.640910148620605413e-01
1.341196537017822210e-01
-2.632688999176025293e-02
-4.678059387207031405e-01
-5.827466011047363614e-02
-2.729895019531249911e-01
3.829360198974609553e-01
4.678611755371093750e-01
3.222525405883789329e-01
-6.188930130004882679e-01
-1.239283466339111267e-01
1.851505279541015569e-01
-3.166170310974121271e-01
5.236038970947265447e-01
-2.598398399353027410e-01
2.499637603759765625e-01
1.343124198913574208e-01
9.755294919013977190e-03
9.989210128784180298e-02
nan
nan
nan
nan
4.903094482421874734e-01
6.013933181762695090e-01
4.190377807617187700e-01
-1.634818458557129039e-01
-2.186470222473144431e-01
-2.436344337463378917e-01
-9.518872261047363337e-02
3.688082504272460760e-01
-8.851228332519531783e-01
9.753417968750000000e-02
-6.269393157958984553e-01
5.436958312988281472e-01
-1.023594951629638733e-01
-6.164425659179687544e-01
-5.381292724609374467e-01
-7.122151184082031738e-01
-1.198260498046875011e-01
-4.122819519042968950e-01
-1.238567352294921847e-01
2.116851043701171997e-01
-2.088025093078613170e-01
-5.063625335693359153e-01
-3.362033081054687234e-01
-7.228871345520020142e-02
-1.583611869812011630e-01
2.894746589660644465e-01
1.147471237182617232e+00
-7.010741710662841963e-02
nan
nan
nan
nan
-2.196875190734863259e-01
2.609439134597778265e-02
-3.311178207397461049e-01
-8.086995124816893921e-02
2.854600334167480269e-01
-9.684005737304687833e-02
7.477868652343749867e-01
-1.938840293884277477e-01
4.084143066406250022e-01
1.800592041015625089e-01
4.935114669799804954e-01
4.475727558135986217e-02
7.851077270507812456e-01
-1.158919906616210915e-01
-7.613181591033935103e-02
-6.321789550781250488e-01
-8.488016128540039340e-02
2.711934661865234575e-01
2.165868282318115373e-02
4.399845123291015736e-01
-2.716595268249511475e-01
-6.470639228820801447e-02
3.459473800659179643e-01
1.149806690216064464e-01
-2.187142753601074296e-01
1.335640525817871072e-01
-3.418386840820312744e-01
-2.450278282165527233e-01
nan
nan
nan
nan
3.503084945678711093e-01
-3.019487190246581965e-01
-1.137869548797607461e-01
-3.365569305419922053e-01
3.614549255371093950e-01
-1.884527397155761619e-01
4.648471450805664040e-01
4.501187133789062433e-01
2.236936378479003895e-01
3.488624095916748047e-02
-1.086422157287597612e-01
6.699490070343017134e-02
2.082537269592285023e-01
-2.385661125183105580e-01
2.426659011840820446e-01
3.542544174194335871e-01
3.561196136474609197e-01
5.074266815185546342e-01
1.129550170898437483e-01
4.035652542114258057e-01
-7.391603469848632979e-02
3.508713912963867254e-01
1.151524639129638677e-01
4.949065780639648193e-01
6.949039459228515403e-01
-1.975897026062011785e-01
3.443011856079101762e-01
-1.022370147705078114e-01
nan
nan
nan
nan
7.114511871337890758e-01
8.782418060302734641e-01
7.822537994384766158e-01
1.854632568359375067e-01
1.961907005310058461e-01
-2.144541740417480469e-01
3.981798887252807617e-02
3.072360229492187567e-01
2.140613555908203181e-01
1.581227684020996005e-01
5.721903991699218706e-01
-2.934841156005859597e-01
4.793487548828124778e-01
4.211881637573242076e-01
1.638076591491699208e-01
6.063492298126220426e-02
2.285540771484375067e-01
-3.113394165039062300e-01
5.768555831909180087e-01
-1.606428742408752552e-02
-2.380838012695312422e-01
1.223024082183837846e-01
6.243832015991210849e-01
1.455814266204834007e-01
6.751998901367187167e-02
-5.216199398040771706e-02
nan
nan
nan
nan
nan
nan
-2.785950660705566184e-01
1.019350204467773358e+00
8.117298126220702514e-02
-5.142110213637352033e-04
2.278966903686523438e-01
4.766459274291992010e-01
1.653511810302734364e-01
-2.554836654663085738e-01
4.821887969970703458e-02
1.264533805847168069e-01
4.465427017211914262e-01
2.195722198486328158e-01
1.698679351806640647e-01
-1.737140774726867593e-02
-7.790553569793701172e-02
8.096576690673827625e-02
2.048069000244140750e-02
5.714346313476562633e-01
2.507418632507324441e-01
-1.611397361755371183e-01
-3.986676788330077992e-01
4.976704025268554599e-01
5.920231628417969016e-01
5.639307403564453036e-01
9.196948051452637218e-02
7.546472167968749645e-01
6.688316345214844194e-01
4.376224899291992210e-01
nan
nan
nan
nan
2.803053855895996094e-01
4.016892242431640558e-01
1.091744899749755859e-01
-1.907328414916992232e-01
7.449336242675781428e-01
5.586839675903320090e-01
3.301383590698241943e-01
8.140896606445312544e-01
3.596141052246093484e-01
-2.709150075912475711e-02
1.389708423614501864e-01
2.329146575927734386e-01
-5.663635253906249556e-01
2.078812026977538974e-01
1.161099243164062517e-01
-9.841629028320313111e-02
2.421987724304199285e-01
2.283075904846191273e-01
3.229331588745117387e-01
8.137340545654296597e-02
-1.045825290679931602e-01
-3.782189130783081277e-02
nan
5.185382461547851651e-01
4.041965484619140792e-02
4.715573883056640714e-01
1.672097396850585893e-01
5.166008472442627092e-02
nan
nan
nan
nan
1.171586799621582020e-01
2.360700798034668091e-01
1.738665008544921786e-01
2.674840450286865290e-02
1.762247204780578724e-02
1.912075805664062433e-01
5.362692260742187855e-01
3.020378684997558350e-01
-8.783283233642577570e-02
1.019457912445068393e-01
5.940733337402344105e-01
4.302328491210937744e-01
-1.141640949249267539e-01
1.354004001617431507e-01
-1.411124706268310491e-01
-1.259838199615478382e-01
3.545142745971679443e-01
1.473581504821777355e-01
-6.228965377807617054e-01
9.969161987304688000e-02
1.646888542175292958e-01
1.429953956604003984e-01
3.804641723632812278e-01
1.003605747222900413e-01
3.360196685791015381e-01
-1.617771720886230502e-01
8.626440429687499689e-01
1.034254741668701183e-01
nan
nan
nan
nan
-1.672068786621093706e-01
3.026056098937988104e-01
2.864130973815918191e-01
-5.152163982391357727e-02
2.158896064758300815e-01
-2.729953575134277388e-01
1.085403919219970759e-01
3.388593196868896346e-02
9.060679435729980524e-02
1.256306362152099509e-01
2.035505104064941340e-01
3.392319869995117365e-01
1.935454368591308649e-01
3.872210311889648371e-01
-2.563469696044922141e-01
5.898493194580077814e-01
1.718785285949707142e-01
9.071310043334961104e-02
nan
4.000242996215820357e-01
1.733622550964355469e-01
4.222484588623046653e-01
2.061042976379394431e-01
-4.641184997558593928e-01
-2.766334533691406361e-01
8.863049507141113059e-02
-3.923746824264526256e-02
1.754382324218750067e-01
nan
nan
nan
nan
3.881934356689453192e-01
2.073303222656250056e-01
1.180369472503662170e-01
1.852366447448730580e-01
1.796903491020202664e-02
-1.744069671630859297e-01
7.491228485107421786e-01
-2.257835626602172976e-02
-3.057897806167602511e-02
4.587002182006835738e-01
-1.673603653907775740e-02
-1.858964347839355546e-01
-5.111469650268554155e-01
-5.217540740966797319e-01
-3.234294128417968817e-01
3.314031600952148660e-01
-2.681253623962402410e-01
5.045980834960936967e-01
-1.227253246307373064e-01
2.891799545288085693e-01
1.086297988891601618e-01
8.461544990539550393e-02
2.332716560363769509e-01
-6.152802276611327725e-01
-1.855853080749511608e-02
5.294105911254882724e-01
-7.763740062713622714e-02
-1.172990608215331992e-01
nan
nan
