nan
nan
6.300230789184569913e-01
-1.264176845550536998e-01
2.537846088409423731e-02
-3.238666915893554932e-01
-3.769059371948242365e-01
-2.863643074035644442e-01
1.521592289209365871e-03
3.205408859252929510e-01
-2.104902648925781328e-01
2.800443077087402255e-01
1.399110412597656117e-01
2.241364669799804643e-01
-6.239349365234374972e-02
8.406157684326172053e-01
1.124345703124999929e+00
-9.420987129211426392e-02
-3.363216781616211182e-01
2.177957725524902466e-01
-4.176552963256836004e-01
2.473746490478515581e-01
-2.816126823425292858e-01
-3.152849578857421786e-01
2.421743583679199230e-01
3.706296539306640492e-01
4.296584320068359553e-01
-4.200530242919922053e-01
-3.576594924926757568e-01
-2.518888282775879062e-01
nan
nan
nan
nan
-4.919827270507812766e-01
8.319916725158690851e-02
9.390001678466797230e-01
-1.438451957702636674e-01
7.025141906738281428e-01
1.810955047607421819e-01
-3.760863468050956856e-04
1.960457038879394598e-01
-2.659033393859863148e-01
9.236038208007812944e-01
1.789330482482910101e-01
-1.633404731750488226e-01
4.124078369140625200e-01
1.399726009368896518e-01
5.849019527435302818e-02
3.456295394897461182e-01
1.871973991394043080e-01
8.211801910400390314e-01
2.867686271667480580e-01
8.666531562805175615e-02
-1.479489040374755981e-01
-6.210969448089599665e-02
-2.272755241394043002e-01
1.911271667480468617e-01
-2.642286872863769398e-01
-2.907888793945312411e-01
-7.336325645446777066e-02
1.956639862060546853e-01
nan
nan
nan
nan
-4.931399917602539151e-01
6.504476928710937189e-01
-5.485340499877929821e-01
1.164928340911865201e-01
1.492769336700439375e-01
3.355518341064452903e-01
1.960649871826171953e-01
-3.902392578125000178e-01
6.386784076690674161e-02
1.655528259277343761e-01
-1.195143222808837946e-01
3.201990127563476562e-01
-3.770403289794921897e-01
1.543262958526611384e-01
6.989719390869141014e-02
-1.458842468261718761e-01
-1.268383216857910112e-01
1.629672622680664040e-01
-1.697700881958007779e-01
6.632782936096191795e-02
-3.904876232147216908e-02
3.808027648925781383e-01
4.470938873291015470e-01
6.345095443725585760e-01
-3.756723022460937700e-01
1.418387317657470725e-01
-2.889453697204589777e-01
-3.015423774719238059e-01
nan
nan
nan
nan
-2.379747867584228530e-02
-5.055776596069335715e-01
2.747446632385253662e-01
3.757405471801757990e-01
-2.073887825012206976e-01
-1.484419250488281383e-01
3.649618911743164329e-01
3.069123439490795092e-04
5.129405212402343706e-01
2.503344154357909912e-01
-1.600746536254882835e-01
2.782089424133300515e-01
-3.868189573287963978e-02
-4.040044021606445379e-01
-2.517470169067382857e-01
6.562384796142578525e-01
-1.381856346130371227e-01
-7.895403289794922230e-01
-2.311537933349609442e-01
1.374410820007324341e-01
2.047337532043456976e-01
-5.449530410766602051e-01
-1.072860336303710915e-01
6.733333587646483931e-01
-2.507765579223633079e-01
-3.227185821533203325e-01
4.002843093872070490e-01
5.395160293579102095e-01
nan
nan
nan
nan
-1.069241333007812517e-01
1.489368438720703181e-01
-2.472624778747558594e-01
2.665270864963531321e-03
-1.527683639526367099e-01
-3.187552642822265581e-01
-1.945041656494140569e-01
1.440834522247314564e-01
6.065578937530517745e-02
4.578692245483398371e-01
-5.250366592407226252e-01
5.853025054931640936e-01
6.651430511474609730e-01
-1.213812541961669933e-01
-5.567339706420898482e-01
1.067395935058593759e+00
4.872604370117187417e-02
4.867499351501464872e-02
1.620713806152343783e-01
-4.573206329345703147e-01
-3.421000289916992232e-01
-5.672573089599609597e-01
3.029562950134277455e-01
-1.458678245544433594e-01
9.827658653259277455e-02
-3.170227622985840044e-01
1.565446186065673762e-01
5.989015579223632563e-02
nan
nan
nan
nan
3.382194519042968639e-01
-1.607643890380859308e-01
-3.216461181640625222e-01
1.556095409393310480e-01
6.944571685791015581e-01
-6.403997039794921964e-01
-5.219741439819336470e-01
2.597958374023437433e-01
4.433305740356445201e-01
-1.489580917358398482e-01
-2.666607856750488059e-01
-7.093785858154296742e-01
3.185851097106933705e-01
5.643274307250976257e-02
3.577486419677734508e-01
3.824258804321289257e-02
5.388904190063477095e-01
2.660235214233398482e-01
-2.343615341186523482e-01
-7.323632812500000533e-01
-4.135643386840820446e-01
-2.085371971130371149e-01
3.523782730102539146e-02
3.338092803955078347e-01
1.281618194580078196e+00
9.798999786376953736e-02
7.232869625091552235e-02
-4.352736663818359553e-01
nan
nan
nan
nan
-4.104060745239258012e-01
5.048007202148437900e-01
6.977754211425781783e-01
-2.168887710571288929e-01
5.264325714111328658e-01
4.459922409057617276e-01
-3.896565628051757990e-01
-6.190371990203857172e-02
-2.369374465942382935e-01
-1.544727993011474620e-01
-4.128515243530273549e-01
-3.916965484619140403e-01
-1.922708892822265758e-01
1.466976261138915882e-01
5.449433517456054865e-01
-2.169209957122802609e-02
-4.320172309875488365e-02
-8.855599212646484419e-01
-5.171033382415771151e-02
-1.692148399353027299e-01
-7.856999969482422186e-01
-5.498295974731445268e-01
-2.513102531433105691e-01
-7.166323184967041127e-02
-2.445919990539550670e-01
-2.939655780792236467e-02
-7.071829986572265581e-01
-6.473197460174560935e-02
nan
nan
nan
nan
9.545236587524413840e-02
-3.398424148559570090e-01
-7.852870941162110041e-02
-8.041497802734375311e-01
7.635052680969238448e-02
3.754021072387695446e-01
7.981335639953612837e-02
-5.722605895996093484e-01
4.657723999023437589e-01
-5.495408630371093617e-01
2.791552925109863081e-01
-1.687250900268554565e-01
-7.759049415588378795e-02
-7.407171249389649104e-02
-7.641627502441405984e-01
-1.543851661682128784e-01
-2.091974258422851438e-02
1.073412609100341808e-01
4.065222263336181613e-02
-2.544066810607910067e-01
1.326412677764892689e-01
-6.964615631103515669e-01
2.995863533020019509e-01
3.676534652709960715e-01
3.073655319213867143e-01
1.805603408813476474e-01
-7.213896179199218439e-01
-1.371319293975830078e-01
nan
nan
nan
nan
-1.082374649047851634e+00
-3.146717071533203236e-01
-4.369931030273437322e-01
3.637599945068359375e-01
-2.063774871826171975e-01
2.132832717895507824e-01
-9.349431991577147882e-02
3.398843002319336115e-01
-2.873625755310058594e-01
1.159985542297363309e-01
-4.218994140625000056e-02
3.654423904418945268e-01
-2.288994979858398338e-01
-1.306374263763427634e-01
2.560815620422363104e-01
-4.763609695434570246e-01
-8.529601097106934149e-02
-3.478400421142577859e-01
2.012435531616210971e-01
-2.054643630981445312e-01
-1.712428665161132846e-01
2.233978462219238237e-01
1.561885547637939520e-01
1.274690628051757812e-01
2.222425079345703158e-01
-2.257993698120117076e-02
-4.747379684448242432e-01
-1.147765426635742214e+00
nan
nan
nan
nan
1.225784301757812528e-01
-4.619806671142578369e-01
3.591944122314453258e-01
1.720445442199707020e-01
6.909309864044189953e-02
2.255541992187500011e-01
4.717334365844726429e-01
4.848111152648925531e-02
-1.831995582580566440e-01
-1.615561676025390747e-01
8.692846298217773993e-02
-7.481745243072510099e-02
1.460629558563232289e-01
-3.984251785278320468e-01
-3.260506057739258057e-01
3.729547882080078147e-01
-1.591892337799072354e-01
-4.515176010131836115e-01
-5.464421463012695268e-01
-1.762172317504882846e-01
1.805131316184997725e-02
5.904218292236328436e-01
8.851261901855468350e-01
-2.402892875671386597e-01
3.432756042480468728e-01
3.113188743591308594e-01
-4.060390090942382901e-01
-1.907811927795410034e-01
nan
nan
nan
nan
2.617841720581054465e-01
-3.651143646240234131e-01
-2.377805137634277366e-01
-5.857818222045898526e-01
-1.492437076568603471e-01
-7.558560943603516158e-01
-4.479095458984375111e-01
2.780044937133789307e-01
1.187904834747314509e-01
-6.611516571044921964e-01
-4.727795028686523349e-01
-1.529190635681152433e-01
-4.371346473693847601e-02
2.676806831359863081e-01
8.995912170410156339e-01
-3.369600296020507785e-02
1.723796653747558527e-01
2.113662910461425737e-01
-3.176254081726074263e-01
4.289246368408203280e-01
3.425907897949218572e-01
-2.177655220031738184e-02
-4.673885345458984181e-02
2.746532821655273682e-01
-4.294421386718749734e-01
-6.371555328369140625e-01
-4.006053543090820068e-01
4.546409988403320446e-01
nan
nan
nan
nan
-8.653925895690918468e-02
1.060029387474060135e-02
-5.328607177734374645e-01
-2.614754104614258057e-01
2.421763610839843817e-01
5.963610839843750400e-01
-2.865491294860839644e-01
5.352691650390625083e-02
-5.441895127296448101e-03
-2.373420333862304721e-01
3.780948638916015736e-01
-4.869139480590820579e-01
-1.872313857078552329e-02
-9.695795059204101451e-02
-6.488796234130859153e-01
-7.706266021728516158e-01
3.036800384521484361e-02
5.541037559509277149e-02
2.004525566101074130e-01
-7.267327308654784879e-02
-4.923330307006835993e-02
-6.358660888671875400e-01
9.160140228271483887e-01
1.058692359924316428e-01
7.250701141357421831e-01
-2.717916107177734131e-01
-3.136099624633789107e-01
7.274038791656493863e-03
nan
nan
nan
nan
1.197257995605468806e-01
4.110537719726562456e-01
4.921763229370117454e-01
2.961731910705566184e-01
-2.491639900207519576e-01
-4.036420440673827992e-01
5.100682258605956920e-02
1.222659397125244185e-01
3.505418777465820201e-01
-1.503999423980712791e-01
-4.877123641967773260e-01
1.299723339080810502e-01
4.240387344360351807e-01
-3.565817642211914218e-01
-2.094960594177246171e-01
-3.331314086914062278e-01
-4.507674026489257857e-01
7.737901306152343839e-01
-9.320566177368164174e-02
-9.958654403686523215e-02
4.395294189453125000e-01
-3.325894546508789129e-01
1.443437862396240168e-01
1.235893249511718778e-01
-3.212840652465820401e-01
-4.678470611572265736e-01
-1.179327106475830111e-01
2.085657882690429565e-01
nan
nan
nan
nan
4.829356002807617121e-01
-2.108234977722167891e-01
1.234178543090820312e-01
5.782033920288085493e-01
5.133187866210937589e-01
-4.573786258697509419e-03
4.300484085083007835e-01
-4.603725051879882790e-01
-2.261776685714721527e-02
4.003582382202148238e-01
7.589850616455078303e-01
6.618130493164062766e-01
8.648955345153808150e-02
-3.715854263305664040e-01
-7.642766475677489901e-02
1.813845062255859397e-01
-3.347911453247070512e-01
3.403460502624511969e-02
-1.973461508750915666e-02
-1.680386161804199308e-01
2.584153366088867143e-01
-2.551401138305663951e-01
-9.470346450805663951e-02
-1.820336151123046753e-01
1.952094268798828247e-01
5.027920246124267800e-02
-9.387358093261718439e-01
3.911445617675781139e-01
nan
nan
nan
nan
6.983906745910645197e-02
-1.861431121826171986e-01
2.135432434082031317e-01
2.707837104797363240e-02
8.205248260498047008e-01
-1.418564796447753795e-01
3.166362190246582164e-01
1.452038288116455078e-01
3.823086166381836071e-01
6.745611667633057140e-02
1.196100139617919944e-01
7.291043853759765492e-01
-2.093559455871581987e-01
4.896532058715820090e-01
-1.024649124145507795e+00
3.380207061767578347e-01
-2.341285467147827259e-02
-4.064423370361328058e-01
5.953781127929687056e-01
-6.131993770599365040e-02
3.028808593749999778e-01
-2.524035263061523704e-01
-3.846566772460937589e-01
1.728805541992187444e-01
1.264005088806152421e-01
-4.837318897247314120e-02
5.406829452514648748e-01
-4.978351294994354248e-03
nan
nan
nan
nan
-9.519737243652343084e-02
2.354238319396972645e-01
3.085740089416504073e-02
-5.041609573364257413e-01
4.690425109863280984e-01
5.481511592864990456e-02
2.992396736145019331e-01
-4.944028854370117188e-01
2.547234535217285378e-01
-3.577893733978271262e-02
5.362877273559569780e-01
4.895053482055664040e-01
-3.378793334960937256e-01
8.550051689147948608e-02
-2.968961143493652477e-01
5.006693649291992232e-01
5.977058410644531250e-01
2.811712265014648660e-01
4.329236507415771401e-02
1.160424709320068311e-02
-2.380955505371093739e-01
-4.694211196899413796e-01
-1.281752967834472734e-01
-5.800024414062500133e-01
1.297678184509277466e-01
-3.336698150634765381e-01
4.585936355590820579e-01
-8.223359107971191240e-02
nan
nan
nan
nan
4.464945197105408062e-03
7.580651760101318748e-02
-1.533108615875244107e-01
-6.300302028656006026e-02
-5.220896601676940953e-03
9.941316223144531783e-01
7.556249237060547186e-01
-2.627786397933960100e-02
-4.211230468750000178e-01
-5.205539321899413929e-01
1.505028629302978538e-01
-5.378272533416748186e-02
1.008220672607421931e-01
8.731141090393065851e-02
-4.056069564819335671e-01
3.391820526123046631e-01
4.281023788452148482e-01
4.681429290771484397e-01
3.229370355606078768e-02
2.610680580139160267e-01
5.230781173706054998e-01
5.386246490478515669e-01
9.350579977035523155e-03
-4.484682083129882812e-01
1.171795959472656357e+00
2.958881378173828236e-01
7.333407402038574774e-02
-2.631362438201904214e-02
nan
nan
nan
nan
3.507690811157226363e-01
-7.368133544921875444e-01
-9.826945304870605968e-02
-3.058345317840576241e-02
2.246862411499023493e-01
2.519826316833496116e-01
-6.424779510498046520e-01
4.602125167846679576e-01
-3.531922531127929532e-01
6.343544387817382502e-01
2.328239631652831987e-01
2.141175651550293046e-01
3.085639762878418235e-01
5.100883483886718972e-01
-4.549343490600585849e-01
-1.094435930252075223e-02
-8.300174713134765569e-02
-1.782778549194335982e-01
4.749768447875976629e-01
-1.509413146972656272e-01
-2.367520713806152421e-01
-1.093641376495361334e-01
3.708856105804443637e-02
-4.666653060913085738e-01
-3.855543518066406050e-01
-1.320527076721191295e-01
3.726636505126952881e-01
1.709539604187011730e-01
nan
nan
nan
nan
4.033569335937500222e-01
-6.367812347412109553e-01
8.661042213439941462e-02
-2.631578063964843950e-01
-6.755980682373047275e-01
-3.080291938781738459e-01
-6.094380569458007768e-01
-4.540408706665038929e-01
1.568535232543945279e-01
6.835401535034180132e-02
9.620052576065064170e-03
-3.810823059082031339e-01
2.686093711853027588e-01
-3.645407485961913996e-01
-1.425546169281005915e-01
-3.076004791259765447e-01
3.819485473632812655e-01
4.129713821411132857e-01
5.146231079101561967e-01
-3.536364364624023371e-01
-8.714551925659179410e-02
2.148585891723632790e-01
-8.847274017333984775e-01
1.564189910888671986e-01
-3.127854537963867254e-01
-1.990010070800781183e-01
nan
nan
nan
nan
nan
nan
-2.991183471679687567e-01
-4.150362777709961093e-01
-7.131587219238281206e-01
-2.391310501098632690e-01
-1.370041656494140614e-01
-3.567569732666015514e-01
-2.458716773986816539e-01
-6.587780475616454579e-02
-5.406816101074218839e-01
-1.477184486389160056e-01
-6.548658752441406383e-01
-7.731414031982422053e-01
-7.949897289276122714e-02
-4.782592773437500111e-01
-4.429344177246093972e-01
-1.565004062652587957e-01
-5.542774200439453125e-01
-1.011136245727539018e+00
-5.694839859008788974e-01
-1.309362792968750133e-01
-4.263719940185546897e-01
-8.255251312255859064e-01
-1.106132411956787104e-01
-8.890387535095214955e-02
-4.744288635253905984e-01
-3.758477783203125200e-01
-9.128260040283202592e-01
-3.788615417480468706e-01
nan
nan
nan
nan
-2.667203521728515603e-01
-1.277482700347900291e-01
-6.925011634826659657e-02
-2.901231956481933327e-01
1.586417198181152288e-01
1.985081863403320435e-01
-3.398666763305663863e-01
-1.611333274841308671e-01
-7.463672161102294367e-02
1.307795715332031317e-01
6.805470466613769420e-02
-5.099227523803711026e-01
-1.899608421325683638e-01
-1.668187141418457087e-01
4.546256065368652066e-02
6.764150238037109908e-01
-1.852531313896179158e-02
7.431878566741943748e-02
-6.000055313110351507e-02
3.611831188201904130e-02
-3.033748817443847612e-01
1.173779201507568343e-01
nan
-1.222991943359375000e-01
-3.334977865219115878e-02
-1.368501377105712791e-01
-1.775022125244140603e-01
-2.463715362548828114e-01
nan
nan
nan
nan
-3.720059585571289240e-01
-2.970154190063476474e-01
-1.418360328674316273e-01
1.480476760864257724e-01
-3.429917526245117032e-01
-5.320822143554687633e-01
-1.028661441802978527e-01
-1.705666923522949352e-01
3.704777526855468905e-01
-7.819712066650390536e-01
3.983914566040038796e-01
-3.145554924011230713e-01
-4.828338623046875000e-01
-1.844197463989257768e-01
-1.498217201232910079e-01
3.193014860153198242e-02
-4.310776901245116921e-01
-3.090751647949218639e-01
-2.824691963195800626e-01
-4.782733535766601762e-01
5.788245201110839983e-02
-1.733598589897155859e-02
-4.248631286621094016e-01
-7.970446777343750400e-01
-1.062786788940429661e+00
-8.059548950195312145e-01
-2.477000808715820179e-01
-3.518077850341796986e-01
nan
nan
nan
nan
-6.063416671752929199e-01
-8.022061920166015936e-01
-7.917726135253906339e-01
-8.443367767333984641e-01
-4.469036102294922097e-01
-4.174609375000000178e-01
-5.638721847534179377e-01
1.440040206909179721e-01
-4.314724731445312433e-01
8.066958427429199441e-02
1.071680068969726590e-01
-4.634919357299804865e-01
-2.068977165222168069e-01
9.578075408935546320e-02
-3.956222534179687500e-01
-4.484190750122070135e-01
-6.473445892333984375e-01
-6.779876708984374778e-01
nan
-4.860036468505859464e-01
-3.842485046386718839e-01
-3.554658889770507812e-01
-3.483287048339843706e-01
-3.519868850708007812e-01
-1.089142704010009760e-01
-5.238178634643554377e-01
-4.959540367126465121e-02
-6.752435302734375311e-01
nan
nan
nan
nan
-7.368373107910156650e-01
6.875618457794190064e-02
-8.951153564453124822e-01
-4.925560760498046697e-01
-7.581516265869140403e-01
-5.109925460815429865e-01
-4.371024322509765581e-01
-4.978400802612304443e-01
-4.332242965698241965e-01
-1.735814476013183560e-01
-4.855054473876952992e-01
-4.630178451538086160e-01
-3.496014022827148571e-01
-1.270326042175292935e-01
-6.882674407958984109e-01
-6.712341308593750000e-01
-5.965783309936523171e-01
-7.390408325195312322e-01
-2.397976875305175837e-01
-1.309756469726562622e-01
-3.233419036865234353e-01
6.189833164215088196e-02
-7.992483520507812633e-01
-5.587572097778320535e-01
-2.905742073059082164e-01
-2.276503944396972567e-01
-3.526526641845703081e-01
-3.397089767456054621e-01
nan
nan
