nan
nan
-2.429673576354980380e-01
2.821465301513672030e-01
-1.025620222091674742e-02
-5.832893848419189176e-02
-5.984356880187988170e-02
-5.663633346557617188e-02
-5.081669235229492321e-01
1.719173431396484319e-01
2.546937561035156339e-01
1.106637477874755811e-02
-1.495529365539550737e-01
-3.280472946166992365e-01
-2.247006416320800892e-01
-2.124744606018066362e-01
-3.264236068725586137e-01
1.824690055847167924e-01
3.677079391479491921e-01
1.374079418182373169e-01
-2.661796569824218528e-01
-1.882555198669433605e-01
4.522162914276123269e-02
4.100645542144775585e-02
-1.937730789184570201e-01
-2.296826553344726574e-01
-2.141728973388671853e-01
8.494833374023437189e-01
-3.131537818908691206e-01
-3.436616897583008035e-01
nan
nan
nan
nan
-8.578279495239257701e-02
2.447569084167480480e-01
7.086819171905517356e-02
-8.807640075683594028e-02
-5.353285980224609109e-01
-7.564136505126953236e-02
3.241364955902099887e-02
-5.401517868041991743e-01
8.201844787597656339e-01
-5.842551040649414107e-01
4.429452133178710671e-01
6.058349132537841492e-02
-8.479994201660155939e-01
-8.851668357849121205e-02
1.918128204345703192e-01
1.105617141723632901e+00
1.255596756935119587e-02
5.142330169677734181e-02
-3.962086915969848661e-02
5.779393768310546742e-01
6.491399383544922408e-01
-4.155012130737304604e-02
-1.990144348144531339e-01
1.868848609924316506e-01
4.025511169433593772e-01
-3.189311790466308749e-01
4.673472595214843706e-01
-6.762557220458984553e-01
nan
nan
nan
nan
-9.333672523498534601e-02
-3.385719060897827287e-02
2.384429550170898415e-01
-1.307204627990722623e-01
-3.178866577148437567e-01
-8.308918762207031516e-01
8.181379699707030939e-01
-3.222459793090820535e-01
4.138121795654297053e-01
6.051613807678222351e-02
-3.440018177032470870e-02
8.836828231811523493e-02
-7.358432769775390125e-02
-2.589896202087402233e-01
2.593851470947265425e-01
-3.328117370605468972e-01
3.503793334960937367e-01
1.295397377014160245e-01
-2.160520935058593828e-01
4.957740402221679776e-01
-9.968486785888672208e-02
9.600333213806151733e-02
-3.917007827758788863e-01
1.724328994750976562e-01
-5.531698608398437633e-01
-6.563533782958984597e-01
-4.833720016479492454e-01
-2.868422317504882857e-01
nan
nan
nan
nan
-6.911134719848632812e-02
6.153853225708008079e-01
-1.564855289459228527e-01
-4.273550796508789329e-01
-4.929876327514648438e-01
2.766438674926757768e-01
-2.194900131225585860e-01
3.873737752437591761e-03
-1.876997184753418091e-01
2.122481536865234442e-01
1.084344291687011769e-01
-3.966193389892578303e-01
-7.878769397735595204e-02
1.589126825332641546e-02
-7.108137130737304799e-02
1.173904800415039029e-01
-3.060183715820312678e-01
-1.784955024719238337e-01
-1.976450681686401506e-02
1.454293251037597767e-01
7.077944278717041016e-02
2.674334526062011608e-01
6.013794708251952725e-01
1.391565990447997947e-01
-9.018560409545899048e-02
1.070370864868164101e-01
9.727880477905273549e-02
-3.275996398925781206e-01
nan
nan
nan
nan
-4.829968929290771179e-02
-2.680656671524047838e-02
-6.959380626678467185e-02
-4.595678710937500244e-01
-1.831856727600097712e-01
-5.345851898193358931e-01
2.208943748474121171e-01
3.307073593139648326e-01
-6.887454986572265347e-02
2.996923065185546631e-01
2.927825546264648526e-01
5.318505287170410128e-02
9.221172332763671875e-02
-7.097319030761718439e-01
9.427366256713867743e-02
3.151594543457031383e-01
-1.956447410583496138e-01
2.572247982025146346e-02
2.499394416809082031e-01
4.565020370483398593e-01
1.095447158813476624e-01
-4.384501647949218817e-01
3.144346427917480424e-01
-2.711150169372558705e-01
-6.722219848632812189e-01
-3.380771875381469865e-02
3.437586212158202925e-01
9.309473991394043302e-02
nan
nan
nan
nan
-3.775770187377929799e-01
-1.663630104064941495e-01
3.221662902832031494e-01
1.144986820220947332e-01
2.827100276947021318e-02
3.415781784057617121e-01
3.226584625244140470e-01
-4.498522949218750067e-01
5.929234027862548967e-02
-3.341431427001952947e-01
5.009081268310546786e-01
5.646192932128906161e-01
-2.048924255371093739e-01
6.514163208007812678e-01
-8.913907623291015270e-01
-2.098250961303710915e-01
1.033556442260742170e+00
-5.576468658447265581e-01
-3.519134902954101363e-01
2.623019027709960760e-01
-3.546216583251953214e-01
-2.872741508483886985e-01
-3.479521942138671942e-01
2.956580734252929887e-01
5.279310989379882857e-01
6.550032615661621760e-02
4.003263473510741965e-01
6.529004573822021207e-02
nan
nan
nan
nan
-1.317812957763671911e+00
6.723506164550780984e-01
3.338757324218750155e-01
1.356646633148193282e-01
-1.430209064483642656e-01
3.292423629760742321e-01
5.353849411010742632e-01
-4.848881149291991988e-01
2.542630386352539018e-01
-7.409349822998047008e-01
-3.384402465820312567e-01
-1.334164047241210849e-01
-1.896648025512695235e-01
7.655082702636718806e-02
7.089065551757812722e-01
-4.920280838012695557e-01
-5.458208084106445090e-01
-2.936411857604980247e-01
-4.156033706665038796e-01
-3.890081024169921853e-01
-2.007145881652832031e-01
2.101397132873535079e-01
-3.374676895141601740e-01
-5.278170394897461204e-01
3.540670013427734131e-01
8.749597549438475896e-02
-3.636284637451172030e-01
-1.250737190246581920e-01
nan
nan
nan
nan
-7.643547654151916330e-03
6.987708282470702637e-01
-2.701212310791015758e-01
-6.258671569824219016e-01
3.822788238525390847e-01
9.690297126770019975e-02
-3.677433395385742432e-01
-2.145668601989746127e-01
-3.795809555053710760e-01
2.938323593139648415e-01
2.786792278289794769e-02
4.206803894042968617e-01
2.770432710647582897e-02
-1.846376609802246049e-01
9.046858787536621316e-02
5.290535736083984419e-01
1.627637100219726518e-01
-1.481038093566894587e-01
-8.235984802246093528e-02
6.776360034942627286e-02
3.521016311645507879e-01
3.886317825317383012e-01
-9.588010787963867354e-02
-2.926338016986846941e-03
-2.395719528198242132e-01
-8.163326263427734819e-01
-1.887837219238281128e-01
4.315867900848388561e-02
nan
nan
nan
nan
-7.201639556884765758e-01
6.821147155761718706e-01
1.684510707855224696e-03
-4.714008712768554821e-01
1.347031307220458995e-01
-2.905544471740722501e-01
3.576987457275390692e-01
-2.191605567932128906e-01
-1.255136680603027299e-01
-2.120755958557128951e-01
1.798251914978027388e-01
2.346764564514160212e-01
-3.890506744384765736e-01
-4.075722217559814287e-02
5.495404434204101962e-01
-3.998265838623046853e-01
6.916798114776610829e-02
-4.747061538696288885e-01
2.552236938476562522e-01
1.986190223693847789e-01
8.938694953918456532e-02
1.730585479736328203e-01
-3.520435333251953347e-01
-4.927053451538085938e-01
8.170290946960449829e-02
-4.779104232788086160e-01
-6.432012081146240567e-02
-1.026992034912109358e-01
nan
nan
nan
nan
1.030417203903198284e-02
1.526604175567626842e-01
-1.946910095214843817e-01
9.032314300537108709e-02
-9.235918998718262163e-02
-1.305120182037353416e-01
-6.530970001220702814e-01
4.394531631469726363e-01
-2.690271139144897322e-02
-3.085694313049316406e-01
3.568021392822265381e-01
2.730564308166503751e-01
1.642079925537109353e-01
1.861551666259765592e-01
1.863755416870117310e-01
-2.487268447875976701e-02
-3.769023895263671764e-01
7.000473022460937389e-02
5.537136840820312544e-01
-4.225133895874023243e-02
-6.826538085937500222e-01
8.606025576591491352e-03
-6.805685424804687189e-01
-1.199020862579345675e-01
-5.697562408447265359e-01
-4.749898147583007657e-01
2.464102554321289107e-01
3.032841491699218572e-01
nan
nan
nan
nan
3.139911460876464999e-01
-2.521194839477539085e-01
-5.056990146636963085e-02
1.729929351806640536e-01
-4.042218780517577992e-01
-4.426725769042968994e-01
3.765417337417602262e-02
-1.146195507049560525e-01
1.822621536254882824e-01
6.424882888793945201e-02
6.035987854003905806e-01
2.967677688598632790e-01
-7.020470142364501620e-02
1.491891002655029164e-01
-5.962197494506835671e-01
-1.900231361389160059e-02
-9.737607002258301392e-02
5.728583908081055220e-01
4.723144149780273415e-01
-5.215841674804687633e-01
3.321016693115234619e-01
1.470953178405761674e-01
2.055733489990234364e-01
5.739790916442871066e-02
-2.918380165100097900e-01
-2.129764366149902444e-01
-6.721824169158935325e-02
-2.135288429260253917e-01
nan
nan
nan
nan
5.326796340942382413e-01
-5.908237075805664595e-01
1.556946849822997969e-01
-5.658081817626953169e-01
-3.959690093994140403e-01
4.608160400390625133e-01
-6.438295745849609286e-01
2.090766143798828136e-01
-4.598499298095702903e-01
3.779354476928710738e-01
-5.410670089721679732e-01
-6.826191425323485662e-02
1.566988658905029419e-01
3.713268661499023460e-01
-2.790850257873535023e-01
2.069542312622070224e-01
2.986596679687499867e-01
-2.619959831237793080e-01
-2.276303863525390714e-01
3.779471969604492054e-01
-5.006026077270507857e-01
4.439974212646484175e-01
-3.583609008789062633e-01
2.910918807983398637e-01
-9.597191810607910711e-02
2.218651580810546975e-01
-5.299604797363280939e-01
-1.968612289428710860e-01
nan
nan
nan
nan
2.565175056457519309e-01
2.950188255310058350e-01
-2.489603424072265592e-01
-1.094285488128662054e-01
7.872123241424561213e-02
-1.565828895568847634e-01
5.186676406860351030e-01
-3.607266616821289129e-01
1.595177841186523338e-01
5.229824066162109819e-01
1.270781904458999573e-03
3.044274139404297141e-01
-2.314217185974121183e-01
2.865489578247070179e-01
2.999162101745605491e-01
-4.180805206298828236e-01
8.404720306396484819e-01
-1.278242301940918091e-01
-1.579224014282226696e-01
-2.786848068237304799e-01
6.743283748626709151e-02
-4.904063415527343817e-01
7.843374633789061967e-01
-3.346385574340820512e-01
1.804959106445312433e-01
-8.227562713623046697e-01
-3.118090248107910356e-01
3.533528518676757879e-01
nan
nan
nan
nan
-1.342098999023437489e-01
-9.405941963195800157e-03
1.458297252655029186e-01
-5.838583755493164107e-01
5.414661407470703347e-01
-4.607799530029296764e-01
-2.450260400772094616e-02
-2.894005012512206876e-01
2.504587936401367343e-01
5.211154174804687456e-01
6.009750366210937500e-01
9.501374816894531117e-01
-4.466700363159179510e-01
-4.862985992431640425e-01
-2.586734962463378973e-01
-3.409872770309448076e-02
5.478215026855468572e-01
3.844962310791015803e-01
-2.789072227478027188e-01
9.940517544746398440e-03
-1.278530025482177701e-01
1.246270656585693332e-01
2.719329833984375222e-01
-5.818341732025146540e-02
-5.559761810302734641e-01
5.613647079467773970e-01
1.250281715393066484e-01
-1.178701305389404236e-01
nan
nan
nan
nan
6.705482006072997769e-02
-3.683604431152343595e-01
-9.006856918334961437e-02
-4.270682525634765803e-01
-6.618277740478515359e-01
6.225735473632812988e-01
2.523120689392089888e-01
-8.542270660400390347e-02
1.237213611602783203e-01
2.925631713867187234e-01
-6.213635444641113503e-02
9.800379943847655762e-01
8.156632423400879406e-02
2.718044281005859153e-01
-1.868843460083007835e-01
3.339976882934570512e-01
-2.848497200012207187e-01
-2.306665420532226507e-01
-1.741059303283691295e-01
-8.611708641052245872e-02
1.909431457519531194e-01
-2.511155509948730380e-01
-5.130841827392578214e-01
3.545381546020507924e-01
-1.254275131225585926e-01
1.009156465530395425e-02
-5.129779052734374512e-01
1.313172698020935100e-02
nan
nan
nan
nan
-8.638459777832031561e-01
-3.059838294982910045e-01
-5.115615844726562056e-01
2.602160644531250067e-01
-7.292519378662108975e-01
4.616957092285156050e-01
-2.562944889068603446e-02
-4.512641143798827859e-01
-2.704147338867187722e-01
1.652316284179687622e-01
-7.684538841247558205e-02
1.735991477966308538e-01
1.704189300537109486e-02
-3.958801651000976585e-01
3.422896957397461026e-01
2.212148475646972534e-01
-1.193928241729736300e-01
-1.417046451568603482e-01
-3.549542999267578103e-01
-1.409183597564697132e-01
3.304104614257812322e-01
4.212236881256103266e-02
1.438149070739745961e-01
4.000609588623046942e-01
-1.035187759399414098e+00
-4.995907592773437544e-01
-1.014599609374999961e-01
1.571602153778076105e-01
nan
nan
nan
nan
-2.177233123779296897e-01
8.432258605957031472e-01
-3.131357908248901672e-02
-3.727049255371093772e-01
-3.834501647949218883e-01
4.168352127075195535e-01
-1.518499279022216819e-01
1.309284687042236266e-02
5.405337905883789151e-01
1.983183288574218717e-01
-1.740609741210937533e-01
3.159015655517578014e-01
4.250125885009765625e-01
-4.574583435058593994e-01
-1.028779697418212846e-01
-4.832375526428222406e-02
-3.333793640136718528e-01
2.654091453552245850e-01
-2.906109619140624933e-01
-8.601790428161620872e-02
6.128645539283752476e-03
-4.386106491088866965e-01
5.367408370971680220e-01
-5.504704475402832226e-02
-4.566579437255859353e-01
-4.037501525878905984e-01
5.431197643280029352e-02
-1.653961181640624944e-01
nan
nan
nan
nan
-1.447844505310058594e-01
1.767393302917480424e-01
-1.440098643302917432e-02
3.604379892349243025e-02
-1.342821407318115223e-01
-5.783226490020752092e-02
4.255589962005615345e-02
-3.527816390991210804e-01
1.116678237915039062e+00
6.521031188964844238e-01
1.860352325439453003e-01
-2.044613647460937489e-01
-4.171569824218749889e-01
-2.967212486267090110e-01
1.440593528747558527e-01
-4.983573913574218528e-01
-4.180806350708007879e-01
-5.416971206665038840e-01
-3.811623764038085671e-01
-2.648721504211425937e-01
-4.694897460937499933e-01
3.845238876342773615e-01
4.128118896484375133e-01
-1.195852756500244141e-01
5.363599014282226518e-01
3.127437782287597612e-01
-7.819249480962753469e-04
-2.666784095764160312e-01
nan
nan
nan
nan
-2.134450340270996060e-01
1.518788909912109353e-01
-3.178799819946289129e-01
-2.196167945861816351e-01
3.395740127563476318e-01
1.574310874938964766e-01
-7.800904512405395889e-03
-4.526103019714355219e-02
3.182333946228027566e-01
-3.831165790557861106e-02
2.411982154846191440e-01
3.855202436447143638e-02
-2.250562667846679743e-01
2.268788099288940319e-02
6.906318664550781250e-01
1.091511631011962830e-01
-4.002273559570312389e-01
2.443469619750976429e-01
-3.226755523681640869e-01
4.769864273071289240e-01
-2.930785560607910289e-01
3.201692962646484619e-01
1.167845630645752003e-01
7.485634326934814675e-02
-6.220993041992187722e-01
-6.250388336181640359e-01
nan
nan
nan
nan
nan
nan
-1.351752853393554665e-01
5.519345855712890492e-01
1.282294273376464837e-02
-6.284202957153319780e-01
1.929288864135742243e-01
2.299808883666992210e-01
-3.551873016357421919e-01
-5.232857513427734419e-01
-3.001856994628906428e-01
1.159688720703125009e+00
-7.215377807617187611e-02
-4.804768753051757990e-01
2.218591308593750033e-01
-3.100701522827148393e-01
-7.789869689941406605e-01
-2.990830039978027433e-01
8.617381095886229858e-02
-4.732872962951659851e-02
-9.509736061096191184e-02
5.047224044799805132e-01
-2.599342536926269598e-01
7.338263702392577859e-01
3.136271286010742232e-01
1.061897563934326161e-01
2.464079284667968772e-01
6.497534179687499689e-01
5.013198471069335582e-01
4.598205566406249889e-01
nan
nan
nan
nan
-1.855438613891601529e-01
-9.069642639160155895e-01
-2.924739074707031206e-01
-4.081081008911132679e-01
-2.424428749084472645e-01
-4.914543151855468861e-01
-2.796701240539550826e-01
-2.436861228942871216e-01
4.526017189025879212e-02
-2.228489875793457087e-01
2.206509971618652310e-01
-3.880646514892578391e-01
1.460607814788818237e-01
-3.036535263061523326e-01
2.493606567382812556e-01
3.028874015808105669e-01
4.375334548950195468e-01
1.562279224395752009e-01
-2.423377037048339844e-01
-8.818853378295898882e-02
-8.799495697021483820e-02
1.639610099792480347e-01
nan
7.945944976806640359e-01
-5.072909832000732644e-02
3.592078018188476496e-01
3.360958099365234375e-01
-1.608364701271057171e-02
nan
nan
nan
nan
5.341616439819335538e-01
4.860907745361328081e-01
8.788714408874512274e-02
6.043081665039062855e-01
4.740912628173827859e-01
-5.953295135498046786e-01
4.750024032592773393e-01
1.580356025695800748e-01
1.420864677429199141e-01
4.474198341369629156e-02
6.970870971679687944e-01
-1.056420421600341858e-01
5.013671112060547053e-01
-2.490262413024902366e-01
1.171517562866210976e-01
2.921027565002441428e-01
-1.024192047119140692e-01
3.495041656494140558e-01
3.904948806762695290e-01
1.234467220306396523e-01
1.093054771423339865e-02
1.471701526641845670e-01
-6.102941036224365096e-02
2.650794982910156250e-01
2.805855178833007724e-01
3.047768783569335671e-01
1.005250263214111373e-01
-6.278670120239258079e-01
nan
nan
nan
nan
-1.031876945495605463e-01
-2.730345344543457231e-01
6.037986755371093500e-02
-4.403525161743164218e-01
1.017571830749511713e-01
3.925291061401366965e-01
3.587513351440429488e-01
-1.809510588645935015e-03
8.615528106689453181e-02
3.573940277099609264e-01
-4.702829742431640647e-01
-3.660675430297851696e-01
2.910903549194335804e-01
3.278428792953490961e-02
-7.120071887969971203e-02
-4.447556686401367143e-01
9.316425323486328403e-02
-3.024518775939941673e-01
nan
-2.266241264343261674e-01
-4.646956634521484109e-01
3.378419494628906450e-01
2.175647354125976596e-01
3.227673721313476518e-01
-4.137897491455078125e-01
-2.661433982849121249e-01
-1.919613265991211015e-01
1.459996795654296964e-01
nan
nan
nan
nan
5.851772689819335627e-01
-2.057954072952270647e-02
2.536407279968261874e-01
2.471609497070312578e-01
-1.696974754333496205e-01
2.067249059677124176e-02
-8.926213073730469016e-01
1.451386094093322712e-02
-1.541762638092041005e-01
9.405461549758910647e-03
-4.189465522766113587e-02
-2.027242898941039942e-02
9.424653649330139854e-03
1.174805927276611345e-01
4.841180324554443526e-02
-5.672292709350585938e-01
2.573296356201171808e-01
-6.739172935485840399e-02
-2.280728530883789074e-01
-1.676207923889160289e-01
-5.880227279663086115e-01
2.665019989013671653e-01
5.414854526519775196e-02
-3.375828933715820379e-01
-1.209731483459472595e-01
2.491440963745117088e-01
-8.253218650817871482e-02
-2.819420242309570446e-01
nan
nan
