nan
nan
2.494804382324218861e-01
4.811307144165039018e-01
-6.190303802490234597e-01
-5.093002319335937500e-01
5.570751953125000488e-01
-6.100618743896484286e-01
1.702890014648437422e-01
6.898809909820556585e-02
-2.432299995422363414e-01
-1.922429275512695379e-01
-7.073160552978515758e-01
4.167807006835937411e-01
5.460208654403686003e-04
-1.721652793884277388e-01
2.116673469543456920e-01
2.256896781921386708e-01
1.672800064086913951e-01
-1.367594838142394999e-02
-5.944675064086913929e-01
1.175029850006103493e-01
-4.298431777954101474e-01
3.737631225585937300e-01
-4.338306427001953347e-02
1.230011177062988320e-01
2.336787605285644553e-01
2.081713867187499900e-01
-4.337310791015625000e-02
-2.914460945129394576e-01
nan
nan
nan
nan
2.953142929077148260e-01
6.557922363281250000e-01
-2.319894218444824296e-01
-3.375695419311523504e-01
-3.425530624389648282e-01
3.166637992858886697e-01
1.183667469024658192e-01
2.537822532653808416e-01
-3.372135877609253041e-02
3.626588821411133035e-01
-6.843899536132812544e-01
6.041864395141601785e-01
6.771354675292969028e-02
-2.760962486267090066e-01
2.947946548461913840e-01
5.704713439941406783e-01
-2.203447532653808605e-01
-6.215410709381103543e-02
-3.439789199829101363e-01
2.612930297851562625e-02
-5.588252639770507901e-01
4.541862106323242276e-01
2.132629013061523304e-01
2.402302169799804821e-01
-2.001711654663085871e-01
-4.415440750122070490e-01
1.981901359558105591e-01
2.919289016723632946e-01
nan
nan
nan
nan
4.308805942535400696e-02
-2.372762107849121227e-01
1.811379814147949241e-01
-3.544792938232421697e-01
-1.222857284545898482e-01
6.582891464233397993e-02
-7.206638336181641069e-01
2.072692871093750056e-01
3.530064773559570268e-01
-2.374232101440429676e-01
-2.332649040222168069e-01
-8.915610504150390803e-01
7.102879333496093794e-01
1.647605323791503928e-01
-2.557640647888183572e-01
4.503502273559570335e-01
-2.827035903930664174e-01
-7.467708587646484375e-01
7.288036346435547430e-02
-7.042826080322265314e-01
2.904541969299316295e-01
-6.536830902099609597e-01
4.883072853088379212e-02
-2.893562126159667791e-01
3.011307716369628767e-02
5.162757110595702637e-01
-4.601579284667968728e-01
-2.233565521240234442e-01
nan
nan
nan
nan
-2.407002258300781350e-01
-5.063832473754882324e-01
2.122295379638671764e-01
7.675714969635009932e-02
6.350542068481444813e-02
-4.696708297729492165e-01
-2.874056434631347412e-01
-2.821298789978027299e-01
5.701110839843750444e-01
5.903839111328124806e-02
-5.596117401123046342e-01
4.947732925415039285e-01
-2.105004072189331152e-02
-4.480112552642822460e-02
3.283917999267578214e-01
-4.952897262573242032e-01
4.262493133544921764e-01
-2.390734863281250011e-01
-4.983737945556640514e-01
-4.553720474243164174e-01
-1.264382648468017623e-01
-9.669036865234374722e-02
1.189376592636108391e-02
2.581165885925292836e-01
5.086267089843750089e-01
-6.135316085815429865e-01
-4.442815399169922075e-01
-5.741932678222656516e-01
nan
nan
nan
nan
-9.159778594970703347e-01
-2.307747840881347601e-01
3.959020996093750022e-01
4.451784515380859397e-01
2.585613727569580078e-02
-1.708887672424316273e-01
4.774522304534912359e-02
-2.475654602050781361e-01
-3.430571746826172053e-01
-1.839912033081054776e-01
3.894659042358398215e-01
1.115516185760498102e-01
-6.349009323120117232e-01
2.505445861816406050e-01
-8.559536933898925781e-02
3.103868293762206965e-01
4.086317825317382635e-01
3.009294128417968617e-01
-8.990000724792480968e-02
2.723030805587768610e-02
-1.186704635620117188e-01
7.271421051025390714e-01
1.567318725585937489e-01
-1.328883647918701061e-01
-2.291173744201660256e-01
-3.137975120544433394e-01
1.716290092468261697e-01
-2.533759117126465066e-01
nan
nan
nan
nan
-7.488068342208862443e-03
4.015676879882812411e-01
8.832359313964843750e-02
3.418769454956054887e-01
2.921030235290527077e-01
1.725239181518554710e-01
-7.522334575653076560e-02
3.062248802185058572e-01
-1.350768375396728394e-01
-2.107637596130371160e-01
2.677892112731933838e-01
3.071809768676757590e-01
-1.524577903747558472e-01
3.180421257019043213e-01
-8.022161102294922408e-01
3.501732254028320224e-01
7.805900096893310380e-02
-4.953040313720702970e-01
-5.144557571411132457e-01
-4.082739639282226829e-01
-7.945932865142822654e-02
4.453552627563476807e-01
4.572450637817382924e-01
-6.008252716064452770e-01
4.073316955566406161e-01
-3.605185699462890581e-01
-4.895275497436523682e-01
-9.795885086059570590e-02
nan
nan
nan
nan
-2.893477249145507968e-01
-3.595685243606567411e-02
-3.200390243530273349e-01
-9.018783569335937778e-02
-1.219567012786865190e-01
2.100960350036621127e-01
1.963046836853027388e-01
8.545610427856445424e-02
2.053924942016601696e-01
5.600014209747314342e-02
-6.069031238555908092e-02
-3.083115577697753684e-01
1.414423084259033292e-01
3.387445449829101785e-01
-6.982122039794922408e-01
2.413612174987792847e-01
-4.541007041931152677e-02
2.387141227722167913e-01
-6.465758514404297275e-01
3.176904106140136519e-01
4.811765289306640381e-01
1.720468902587890536e-01
6.115970134735107533e-02
9.136237144470214788e-02
7.969125270843506470e-02
1.651982665061950753e-02
4.563208389282226718e-01
-1.132029056549072321e-01
nan
nan
nan
nan
-2.115601921081542991e-01
-2.971958160400390847e-01
-2.399941635131835893e-01
1.440759468078613159e-01
1.848928260803222590e-01
-1.088141822814941428e-01
-2.438045501708984431e-01
-8.176499366760253684e-02
-2.558049774169922075e-01
-2.313747215270996194e-01
1.889730453491210993e-01
1.301623153686523315e-01
-8.278513336181640980e-01
1.503652477264404430e-01
4.978295898437499756e-01
5.684498214721679377e-01
-4.061529541015624911e-01
1.373894691467285045e-01
4.188472747802734486e-01
2.455416870117187456e-01
-2.206208610534667880e-01
-4.554366302490234220e-01
2.991344261169433527e-01
2.355988323688507254e-03
7.206932067871094083e-02
-5.415563583374023715e-02
-3.036954689025879173e-01
-2.433039093017578258e-01
nan
nan
nan
nan
-2.285227775573730469e-01
-2.727869415283203369e-01
-3.091982650756835982e-01
-3.587541878223418981e-03
1.422818946838378951e-01
-9.370790481567382868e-02
-7.161538696289062589e-01
-1.484129333496093661e-01
9.500441741943359553e-01
2.003371047973632746e-01
-6.498490142822265225e-01
-2.159861183166503773e-01
-5.424915695190429821e-01
-8.873718261718750444e-01
4.903406143188476785e-01
3.722390747070312700e-01
-1.302206873893737779e-02
-2.592552900314331124e-02
-2.585473632812499978e-01
-4.073137664794921897e-01
-5.007487869262695623e-01
1.578973293304443415e-01
-4.094006729125976296e-01
2.514235496520996205e-01
-3.982669115066528320e-02
-2.584721183776855225e-01
1.368963050842285090e-01
6.801155090332031139e-02
nan
nan
nan
nan
2.274639701843261808e-01
-4.103930664062500067e-01
6.729506492614746593e-02
-1.878952980041503906e-01
6.010022735595703658e-01
2.196169471740722634e-01
6.243606567382812417e-02
2.379136848449706909e-01
-2.783572959899902610e-01
3.145907783508301025e-01
-3.904631614685058483e-02
-1.747464752197265547e-01
1.187921333312988298e-01
-2.886946487426758079e-01
-7.501222991943359286e-01
-5.931345462799072349e-02
6.013966369628905850e-01
5.813231277465820135e-01
1.527592945098877053e-01
9.032198333740234508e-01
-2.962561035156249800e-01
-7.975307464599609153e-01
2.045697593688964866e-01
7.084278106689452514e-02
1.431750965118408214e-01
5.206850814819335982e-01
4.327076721191406294e-01
-1.361551761627197328e-02
nan
nan
nan
nan
-8.701155185699463099e-03
2.551580429077148215e-01
-2.458148956298828181e-01
3.922090148925781450e-01
-6.183767700195312855e-01
-3.389046478271484641e-01
-6.355286788940429643e-01
1.858926391601562478e-01
1.942951393127441417e-01
6.455053710937499467e-01
2.266959190368652288e-01
-2.199174880981445424e-01
-2.174746704101562511e-01
2.187828826904296975e-01
9.450342178344726951e-02
-3.497775268554687567e-01
-2.431226730346679743e-01
-4.356452941894531361e-02
-6.400115203857421609e-01
7.223058319091797408e-01
8.548949241638183205e-02
-5.775174713134765270e-01
6.456208801269531783e-01
-4.984654903411864929e-02
2.418238449096679621e-01
-1.786370086669921975e-01
-6.764579772949218528e-01
2.665952110290527588e-01
nan
nan
nan
nan
-3.315017700195312389e-01
-6.754708099365234197e-01
4.177125930786133035e-01
-2.483993339538574097e-01
-8.174437522888183816e-02
1.237275314331054699e-01
2.780905532836914218e-01
5.660561561584472740e-02
3.020054054260253862e-01
-1.173863601684570351e-01
5.641776561737060769e-02
-5.453793716430663796e-01
1.412681484222412243e-01
-1.902401161193847667e-01
-7.951094055175781383e-01
-7.807851791381835438e-02
9.980228543281555870e-03
2.941872406005859308e-01
-7.472684478759765714e-01
-1.194141197204589833e-01
6.485764980316162213e-03
-1.041681003570556624e-01
-2.238731002807617110e-01
-2.512202835083007790e-01
-4.749639511108398326e-01
-6.683600616455077637e-01
-3.167963218688965021e-01
3.393328475952148704e-01
nan
nan
nan
nan
6.141955566406249734e-01
-5.319640731811523526e-01
-1.333238410949706965e-01
5.542334556579589511e-02
5.912533950805664018e-01
6.508834075927734109e-01
6.907466888427733764e-02
-8.868282437324523718e-03
1.086127662658691456e-01
4.965986251831054910e-01
7.638722419738769309e-02
-4.930939483642577947e-01
-2.177019119262695312e-01
7.857915163040161272e-03
-1.411048412322997991e-01
-9.488574981689452958e-02
-4.468217086791992365e-01
-1.879661178588867276e-01
-1.713691711425781306e-01
3.394892883300781317e-01
-1.382523918151855602e-01
9.758213043212890514e-02
-4.020697116851806863e-02
-1.460335636138916093e-01
4.759889602661132590e-01
3.399005508422851540e-01
8.436812400817871038e-02
-3.999996948242187655e-01
nan
nan
nan
nan
-7.275978851318359863e-01
7.085337638854979914e-02
-3.451074218749999867e-01
3.286766290664672879e-02
-6.238033771514892717e-02
3.549676895141601340e-01
-7.074299621582030850e-01
-3.049142122268676605e-02
-2.918212318420410067e-01
-1.311695724725723319e-03
3.403995895385742432e-01
5.788466644287109109e-01
1.567738342285156239e-01
-5.248749542236328391e-01
-4.872015380859375244e-01
-2.413491725921630693e-02
-8.380421996116637837e-03
-9.946841239929199441e-02
1.086619472503662087e-01
3.158204269409179421e-01
2.077986335754394565e-01
-1.162829113006591808e-01
-8.223281860351562556e-02
3.510975265502929710e-01
-2.730236244201660334e-01
5.982955694198608190e-03
5.448379135131835582e-01
3.871298217773437300e-01
nan
nan
nan
nan
-7.327240943908691628e-02
3.661203002929687700e-01
4.801125717163086115e-01
-4.340591430664062118e-03
-1.643474769592285223e-01
-1.438266277313232366e-01
5.044342803955078613e-01
5.353864288330077992e-01
-5.444139862060546342e-01
2.848347282409667836e-01
-2.691037368774413796e-01
-1.308734130859375011e-01
-2.156149482727050815e-01
-1.179964542388916016e-01
4.248654174804687433e-01
2.424244308471679710e-01
2.564971542358398526e-01
-6.870543003082275890e-02
-3.628747558593750089e-01
2.882748794555664018e-01
-5.691558837890624556e-01
-3.313569641113281450e-01
-5.967954158782959317e-02
3.632973098754883057e-01
-7.454765319824219194e-01
-3.335933303833008012e-01
-7.391761302947998102e-02
3.526317596435546986e-01
nan
nan
nan
nan
-1.190517997741699224e-01
-4.687722015380859641e-01
-1.288879394531249889e-01
-3.742111206054687389e-01
-1.533275222778320290e-01
-4.193333053588867432e-01
2.347651290893554565e-01
3.789821243286132790e-01
-1.150980567932128884e-01
-3.934794235229492343e-01
-6.989328002929687811e-01
4.847884178161621094e-02
4.480537414550781472e-01
-3.830166244506835738e-01
1.274643039703369229e-01
1.886605072021484419e-01
3.551529312133789307e-01
-1.587087726593017500e-01
-1.792888641357421875e-01
2.433701515197753962e-01
5.175307464599608887e-01
5.447400665283202992e-01
2.544041633605956809e-01
-3.267399597167968683e-01
-2.177352142333984497e-01
-1.536787748336792062e-02
-4.340067672729492343e-01
-4.512904739379882679e-01
nan
nan
nan
nan
-4.027814483642578325e-01
-2.060370826721191484e-01
4.140554428100585715e-01
1.786799621582031150e-01
1.854685974121093872e-01
5.383645248413085893e-01
3.886094284057617365e-01
-4.975255203247070379e-01
-6.948117256164550171e-02
-3.592214202880859575e-01
8.315615653991699496e-02
2.167400741577148460e-01
-4.597032070159912109e-02
-2.671717834472656095e-01
-2.654471588134765803e-01
5.311305999755859819e-01
-2.537783813476562345e-01
1.255321407318115146e-01
-5.801072692871094283e-01
2.465191078186035056e-01
-6.312983322143554954e-01
1.029876232147216852e-01
2.703748703002929465e-01
-7.184641838073729803e-02
6.550460815429687278e-02
-3.111583709716796986e-01
4.359666705131531178e-03
-1.234382820129394515e-01
nan
nan
nan
nan
5.580088043212890758e-01
-7.024671936035156161e-01
9.096845626831054354e-02
-1.688026618957519653e-01
-7.683515930175781605e-01
3.252913284301757746e-01
4.396505737304687300e-01
4.064400482177734641e-01
-2.942158508300781183e-01
-2.567886924743652544e-01
2.552530288696289174e-01
2.633003425598144376e-01
-3.993759632110596008e-02
3.834647369384765470e-01
4.276352310180663863e-01
4.431169891357422119e-01
1.902140426635742232e-01
-5.409149169921875222e-01
-2.017037010192871127e-01
-4.060041046142577881e-01
-8.294474792480468484e-01
-2.943526077270507968e-01
2.063127326965331909e-01
3.412683868408203369e-01
4.324306488037109597e-01
-3.078639030456543080e-01
-5.387091827392578303e-01
-8.521331787109374944e-02
nan
nan
nan
nan
6.173704147338867493e-02
-4.668479156494140803e-01
8.062613677978515137e-01
2.325953102111816273e-01
2.249929046630859408e-01
-5.182024383544922008e-01
3.608237075805664218e-01
-3.601885604858398593e-01
-7.481566905975341186e-02
-3.954455184936523371e-01
3.869721221923828058e-01
-1.305119895935058505e-01
5.098097610473633079e-01
-9.350319862365723267e-02
4.054809570312499778e-01
-4.773043441772460982e-01
-4.943751525878906095e-01
2.097871780395507701e-01
1.246710586547851579e-01
-5.822119712829589705e-02
-6.187623596191406117e-01
-9.187605285644531161e-01
2.994248962402343839e-01
-4.523619461059570357e-01
6.887027740478515181e-01
-5.738843917846679910e-01
nan
nan
nan
nan
nan
nan
1.492964839935302657e-01
-2.778285026550292858e-01
-6.408832550048828569e-01
2.496012115478515592e-01
1.209884643554687556e-01
-2.748409843444823975e-01
6.626936435699462558e-02
2.787949371337890558e-01
5.628292846679687766e-01
4.424031448364257879e-01
-5.300685882568358931e-01
4.115595626831054510e-01
-4.618237018585204939e-02
6.272798156738281783e-01
7.548398590087890270e-01
-1.307500958442688044e-02
-5.930334854125977051e-01
-7.199089050292968306e-01
-7.838188648223877453e-02
-9.707906723022460826e-02
-2.272376060485839788e-01
-7.116818237304687322e-01
5.266689682006835405e-01
6.396644592285156694e-01
-1.136020851135253890e-01
-4.672201156616210826e-01
-1.726588630676269553e-01
-5.093945980072021179e-02
nan
nan
nan
nan
1.298433399200439320e-01
2.685740470886230358e-01
1.867292404174804646e-02
-1.103222846984863309e-01
-2.158744812011718639e-01
-2.978800392150878773e-01
5.182442855834961115e-01
4.300545883178710782e-01
-1.052281475067138733e-01
9.793208312988280762e-01
3.144950103759765470e-01
6.006479263305664062e-01
-2.550978279113769731e-01
-3.214093399047851518e-01
3.193604278564453058e-01
2.721648216247558594e-01
-3.234966278076171764e-01
-6.837805938720703525e-01
3.039161682128906361e-01
-2.020576095581054776e-01
-1.596026039123535079e-01
1.481218719482421953e-01
nan
-5.188292026519775169e-02
6.655951690673828081e-01
6.779655814170837402e-03
6.499929809570312855e-01
-6.086783218383788885e-01
nan
nan
nan
nan
1.678428459167480569e-01
2.085237264633178766e-02
3.773622131347656450e-01
5.111979675292969150e-01
3.243970108032226407e-01
3.816011810302734619e-01
3.541907501220702970e-01
2.876477813720703103e-01
-2.604203414916992365e-01
-4.094549942016601496e-01
-2.017026138305663963e-01
-7.146142959594727062e-02
-3.122043037414550803e-01
6.567447662353516069e-01
-3.043440437316894398e-01
2.757254981994629039e-01
1.124950981140136752e-01
3.305782318115234597e-01
1.920986366271972556e-01
-3.019099235534667899e-02
3.555530166625976429e-01
-4.817887878417968506e-01
-3.509307479858398415e-01
-2.488196945190429554e-01
-5.421999359130859064e-01
6.026158523559570490e-01
5.378887557983398349e-01
9.995068550109863226e-02
nan
nan
nan
nan
2.162896633148193512e-02
9.831914305686950337e-03
-2.366162681579589977e-01
1.091955852508544877e-01
5.991217803955077859e-01
2.376309967041015658e-01
-6.943638324737548551e-02
-6.565930175781250488e-01
-1.399940204620361284e-01
-3.706046295166015581e-01
3.792181396484374800e-01
1.301764696836471677e-04
-2.814923286437988059e-01
-3.007924461364746005e-01
2.580341720581054710e-01
8.108130645751953081e-01
-5.701102066040039107e-01
-4.907629489898681502e-02
nan
1.784626197814941362e-01
9.625901222229003851e-02
-9.657169342041015125e-02
-4.123080253601073969e-02
8.126059722900390581e-01
6.661785602569579579e-02
-4.306386947631836160e-01
3.731362915039062589e-01
4.433655166625976585e-01
nan
nan
nan
nan
6.497193908691406561e-01
-1.595254707336425659e-01
1.296889781951904297e-01
2.392300987243652366e-01
-2.490473937988281206e-01
4.797138977050781072e-01
2.656600189208984109e-01
-2.163331985473632701e-01
-2.675420379638671631e-01
2.123521423339843617e-01
-3.540834045410156117e-01
-3.784172534942627231e-02
1.089091777801513700e-01
6.196062469482421786e-01
-7.127213287353515447e-01
-1.986810874938964855e-01
4.760227966308593905e-01
-2.659350967407226318e-01
4.876357078552245872e-02
-1.129405689239501992e-01
6.650529861450195368e-02
3.752469635009765825e-01
1.560525798797607333e-01
-4.824693679809570201e-01
-2.043448257446288940e-01
-5.049208068847655939e-01
-1.205415725708007882e-02
4.408188629150390780e-01
nan
nan
