nan
nan
1.554816150665283281e-01
-7.322959423065185380e-02
-1.166936492919921908e-01
-6.095117187499999867e-01
-5.742372894287108842e-01
4.867037582397460982e-01
1.121524658203125080e+00
-5.266653060913085715e-01
-4.960657501220703258e-01
7.373687744140625111e-02
-3.308047485351562345e-01
-2.355600738525390758e-01
2.429310607910156183e-01
-1.258448219299316273e-01
6.889218139648437544e-01
-2.860417962074279698e-03
6.915842437744140758e-01
-2.495119857788085926e-01
-2.156984329223632924e-01
-8.123527526855468528e-01
-2.706668281555175692e-01
-1.205071353912353510e-01
3.538517761230468572e-01
-4.026869964599609220e-01
-5.514496326446532981e-02
-2.946161985397338992e-02
2.868618965148925781e-01
7.072706604003906605e-01
nan
nan
nan
nan
-3.559874343872070357e-01
-1.199402141571044855e-01
-2.466370010375976696e-01
3.548242950439453036e-01
1.010450077056884721e-01
3.787542724609375133e-01
-4.662092971801757857e-01
-5.368514060974120816e-02
-3.330779790878295871e-02
-1.740540313720703169e-01
-1.006087970733642589e-01
2.919389724731445424e-01
4.064653015136718839e-01
-2.795698738098144620e-01
-3.201214981079101296e-01
6.296200275421143244e-02
-1.301342296600341841e-01
-7.185284423828125488e-01
5.553614139556884571e-02
-2.726732826232909912e-01
-3.245800018310546764e-01
5.956426143646240123e-02
-1.695594406127929610e-01
-4.112092590332031006e-01
-4.960626602172851785e-01
1.903169441223144520e-01
-2.061564683914184418e-02
-1.226238965988159235e-02
nan
nan
nan
nan
4.001287078857421742e-01
3.564656066894531516e-01
-1.495555305480956998e-01
4.586149215698241965e-01
-5.666809558868408231e-02
1.576746368408203092e-01
-3.282964324951171964e-01
-3.086421775817871360e-01
-3.194327163696288885e-01
4.869118118286132613e-01
1.360012340545654341e-01
-1.326261806488037154e-01
-2.235006332397460882e-01
4.410409927368164062e-01
3.446188354492187300e-01
-2.146735954284667847e-01
-2.538656616210937522e-01
-2.684394645690917902e-01
1.069537830352783186e-01
3.255249977111816101e-02
-6.335321426391601340e-01
3.532474899291992432e-01
-5.585316467285156294e-01
-2.337930870056152410e-01
4.766416931152343550e-01
-3.152518272399902344e-01
1.382739353179931741e-01
3.548862838745117099e-01
nan
nan
nan
nan
-2.927426528930663907e-01
3.526990890502929576e-01
-4.653238296508789285e-01
-3.241319274902343950e-01
4.332149887084961182e-01
-7.235601902008056974e-02
9.152990341186523215e-02
3.479444503784179799e-01
2.060651302337646387e-02
7.154804229736327903e-02
-1.136271572113037170e-01
-1.636103391647338728e-02
5.011470413208007901e-01
-1.173859882354736373e-01
-4.478736877441406167e-02
2.978110694885253706e-01
1.789008712768554721e-01
-2.770211029052734308e-01
-2.813244438171386697e-01
-8.661617279052734597e-01
-1.028896045684814520e-01
3.129646873474121183e-01
1.018738365173339905e-01
1.471276950836181707e-01
-7.065580749511718439e-01
5.991199016571045061e-02
-3.696263122558594016e-01
1.596380615234375133e-01
nan
nan
nan
nan
1.253660106658935625e-01
1.138479709625244210e-02
2.036652183532714766e-01
-6.666358947753905917e-02
1.108634948730468674e-02
2.383370208740234475e-01
-3.602601242065429643e-01
-3.185446977615356140e-02
-5.604896926879883168e-01
-1.266516113281249967e-01
6.153423786163329801e-02
1.786949729919433683e-01
-2.863634109497070201e-01
-6.009997177124023482e-01
5.343169212341308816e-02
-7.909770488739013838e-02
1.993225479125976529e-01
-1.559250736236572343e-01
-1.051103210449218783e-01
-3.084033203125000067e-01
-3.618363189697265669e-01
1.966627883911132857e-01
-6.024303817749023793e-01
-3.920587539672851229e-02
1.992533493041992176e-01
-1.481826424598693855e-02
-3.121609687805175781e-01
6.189546966552734730e-01
nan
nan
nan
nan
5.338973522186279269e-02
2.792681694030761663e-02
3.113972091674804821e-01
2.550776481628417858e-01
1.256169986724853527e-01
-2.184275436401367232e-01
-1.575306892395019476e-01
3.100769615173339933e-01
-9.054306793212890669e-01
3.059544372558593572e-01
-4.294655609130859641e-01
-2.960021591186523526e-01
-3.309186935424804910e-01
1.705187797546386663e-01
5.193523025512695179e-01
3.960598754882812544e-01
-1.122514953613281241e+00
5.326390457153320490e-01
6.017095947265624911e-01
-2.393731880187988381e-01
7.892510986328125089e-01
1.046520709991455023e-01
-4.071679306030273615e-01
-7.433967590332031250e-01
-6.345252227783203525e-01
3.249869155883788885e-01
2.035620498657226551e-01
8.632369995117187278e-01
nan
nan
nan
nan
4.953404617309570268e-01
2.084821891784668091e-01
1.368542957305908248e-01
-7.034860229492188033e-01
6.024034500122070479e-02
-4.167938232421875000e-01
-5.468366622924805132e-01
9.583119392395018921e-02
2.863307189941406428e-01
9.986428260803222046e-02
-3.440395116806030384e-02
-1.331784915924072166e-01
5.789442062377929410e-02
-1.677828979492187456e-01
1.582725715637207098e-01
2.308014392852783189e-02
-5.335712909698486078e-02
4.868974685668945451e-02
7.730453491210937944e-01
4.097597885131836204e-01
3.912562561035156095e-01
3.189674949645995850e-01
1.017542457580566384e-01
7.619499206542968972e-01
7.697138190269470388e-03
-1.231793212890625044e-01
1.344153213500976496e-01
3.297388076782226812e-02
nan
nan
nan
nan
-1.097843527793884201e-02
-1.372820472717285190e-01
-6.210937023162841492e-02
7.939500427246093395e-01
-9.201638031005859863e-01
-1.152540588378906244e-01
-4.574379444122314564e-02
4.095144653320312300e-01
2.941908454895019731e-01
2.256070709228515658e-01
4.414958953857421875e-01
-7.834181213378905717e-01
6.573777675628661443e-02
-7.223760128021240734e-02
2.230413675308227581e-02
-8.158208465576172186e-01
-4.452431488037109641e-01
3.907337188720703125e-01
-4.403572463989257613e-01
-1.300092983245849654e-01
-4.389700698852538885e-01
3.295402050018310380e-02
4.682516479492187522e-01
-1.776491165161132868e-01
-1.680868721008300648e-01
-2.105126142501831041e-02
8.859089851379393921e-02
4.292653274536132879e-01
nan
nan
nan
nan
6.533740234374999512e-01
1.960546112060546908e-01
-1.725555801391601696e-01
-1.549740028381347556e-01
-7.175561523437500311e-01
-7.052907347679138487e-04
2.562543487548827881e-01
-1.372535800933837868e-01
-3.521656799316406072e-01
2.305771255493164196e-01
-2.564817237854004062e-01
-1.788991451263427859e-02
-5.279181671142577637e-01
2.354075622558593761e-01
2.124859237670898571e-01
1.423638439178466775e-01
9.095305442810058816e-02
1.519103050231933594e-01
-3.365609169006347767e-02
3.061090850830078258e-01
3.018657112121582164e-01
-3.117099380493164040e-01
3.634495162963867210e-01
-6.812725543975829690e-02
-6.946722984313964677e-02
2.838073348999023415e-01
5.961931228637695063e-02
1.113582324981689520e-01
nan
nan
nan
nan
6.180331039428711426e-01
-4.152762603759765359e-01
-2.484905433654785167e-01
-5.994528579711914107e-01
2.486574363708496105e-01
5.220038604736327859e-01
1.878046607971191329e-01
-2.551269340515136541e-01
-1.651738929748535201e-01
-4.265918731689453125e-01
2.297164154052734331e-01
-4.835957717895507657e-01
-5.261178970336913840e-01
-1.653399658203124900e-01
-2.216073226928710893e-01
-6.005085372924804377e-01
-2.171628379821777255e-01
6.363075733184814231e-02
-1.505591201782226496e-01
-1.726106071472167935e-01
9.038191986083984331e-01
3.001525688171386985e-01
5.111376953124999734e-01
6.966177463531493530e-02
4.128001403808593817e-01
-4.292916488647460782e-01
4.171756744384765847e-01
-5.923514938354492720e-01
nan
nan
nan
nan
2.593323898315429421e-01
-4.211132049560546986e-01
-6.834706878662109020e-01
-8.504903793334961382e-02
1.285807490348815987e-02
-1.605728530883789029e-01
-1.812800407409667913e-01
-1.121041107177734308e-01
-3.982096862792968706e-01
-4.457361602783203036e-01
9.258730888366699385e-02
5.052879333496093639e-02
-6.751094818115234153e-01
-1.181545352935790966e-01
-8.860879898071288840e-02
3.362624740600586026e-01
2.288540649414062544e-01
2.643736457824706898e-01
-4.392046928405761441e-02
1.171383666992187461e-01
6.228549957275390792e-02
-6.035637283325194780e-01
-3.571989822387695579e-01
-5.301293373107909823e-02
3.983272552490234597e-01
-4.894216918945312744e-01
-3.237873077392577903e-01
-6.931272506713867521e-02
nan
nan
nan
nan
-6.253897857666015359e-01
3.832106018066406272e-01
4.892465972900390536e-01
-5.763975524902343883e-01
2.165094566345214799e-01
-3.000145530700683572e-01
5.099528121948242454e-01
2.376977157592773393e-01
3.896126937866211115e-01
6.043915557861327947e-01
-9.065873146057129572e-02
-3.400576782226562567e-01
-1.359240245819091919e-01
1.667093086242675826e-01
1.423900413513183583e-01
-1.378986239433288574e-02
2.468915939331054743e-01
-3.391406249999999734e-01
-3.919209003448486522e-02
-2.928183174133300870e-01
-2.547603368759155176e-02
6.122553348541259766e-02
1.311816024780273482e-01
-2.278738975524902399e-01
-2.603458595275878751e-01
3.491833114624023349e-01
-6.550735473632812722e-01
1.711613655090332142e-01
nan
nan
nan
nan
3.271358251571655079e-02
5.764117431640625178e-01
-1.302164363861083862e-01
4.072755813598633035e-01
1.426992797851562578e-01
-1.047735118865966847e-01
-1.430595493316650368e-01
2.214952468872070368e-01
3.888929367065429576e-01
-7.841293811798095981e-02
-3.725805664062499800e-01
-3.050021171569824441e-01
5.089939880371093794e-01
4.853291988372802901e-02
-3.602687835693359486e-01
3.022146701812744238e-02
-4.912042999267577925e-01
1.724731773138046169e-03
-1.842594528198242265e-01
-2.337239456176757879e-01
-3.880475997924804910e-01
-2.732783889770507568e-01
-5.647173404693603405e-02
-2.263413429260253962e-01
7.639421463012695257e-02
2.641304016113281139e-01
-8.262059211730957142e-02
-2.691597747802734197e-01
nan
nan
nan
nan
-2.137473487854003873e-01
2.612759017944336071e-01
-7.748255729675293177e-03
-2.583294677734375155e-01
-2.975676536560058483e-01
7.478984832763672097e-01
6.175928878784179288e-01
-2.898708534240722612e-01
-5.921672439575195179e-01
-6.797325134277343306e-02
-2.428829383850097667e-01
-3.372790908813476651e-01
4.767449951171874867e-01
8.057922363281250222e-02
3.482757186889648415e-01
1.239946079254150429e-01
-4.550042343139648615e-01
-2.498132896423339855e-01
-2.820321321487426897e-02
-1.384581661224365268e-01
-1.115611171722412087e-01
-4.598507690429687322e-01
-3.251815140247344901e-03
-4.436960220336914062e-01
2.170602798461914174e-01
-1.573263549804687633e-01
-3.611617279052734553e-01
9.850870513916015758e-01
nan
nan
nan
nan
-5.617617607116699024e-02
-1.925251960754394420e-01
-3.578588867187499911e-01
-2.855005025863647378e-02
2.451766777038574263e-01
6.826222991943359242e-01
-8.227492332458495594e-02
9.978329658508300337e-02
-2.462970161437988414e-01
-3.358925247192383057e-01
-5.505210113525390581e-01
5.437250137329101562e-01
-4.466238021850585938e-01
7.130986690521240456e-02
-5.788342666625976296e-01
-1.899426269531249989e-01
-2.204844474792480580e-01
-1.455038738250732377e-01
2.049489784240722534e-01
-2.933228302001953391e-01
2.862506675720214999e-01
-2.406486511230468694e-01
6.497428131103515359e-01
-2.234009742736816351e-01
-7.684003353118896984e-02
2.121195316314697377e-02
3.268138170242309432e-02
4.312083816528320401e-01
nan
nan
nan
nan
2.857185363769531028e-01
-2.169724845886230602e-01
2.734530258178711204e-01
-3.326892471313476762e-01
4.176116943359374778e-01
3.712399673461914129e-01
3.402376937866211093e-01
-4.964062499999999933e-01
6.436573791503906738e-01
-2.108291816711425903e-01
-6.952105522155761774e-02
-3.656297683715820090e-01
-2.635748481750488370e-01
2.127160644531249922e-01
-1.536338090896606501e-02
6.624558258056640891e-01
2.489389610290527466e-01
-4.738872909545898682e-01
7.391020202636718883e-01
4.916764831542968506e-01
-5.270605087280273438e-01
2.205367851257324097e-01
2.093239593505859253e-01
-6.813651275634765581e-01
1.113268852233886691e-01
7.066942453384399137e-03
-3.770423126220703303e-01
1.971992254257202287e-02
nan
nan
nan
nan
3.471534347534179776e-01
-7.207786560058593306e-01
-1.051347541809082020e-01
6.414383697509765669e-01
-4.899283885955810214e-02
-1.660905838012695368e-01
-3.116129493713378773e-01
-6.029062652587890980e-01
-3.406165313720703192e-01
-8.271352767944335771e-02
-2.553249740600586071e-01
-3.787353038787841936e-02
1.894591522216796942e-01
1.906980514526367132e-01
8.558863067626952814e-01
-8.202370643615722323e-02
3.904141235351562544e-01
2.916252326965331765e-01
3.930805587768554932e-01
-1.056923103332519515e-01
-3.494261264801025446e-02
-2.460047721862793080e-01
-4.182874298095702881e-01
1.571169471740722634e-01
-1.773967742919921875e-01
3.828644943237304865e-01
-1.073584556579589844e-01
-4.489417648315429665e-01
nan
nan
nan
nan
4.110747528076171831e-01
-1.308519840240478585e-02
2.023751735687255755e-03
-1.145217704772949208e-01
3.210882568359375022e-01
-4.145842742919921831e-01
4.027712249755859286e-01
4.256031417846679599e-01
-5.568212509155273660e-01
-5.575933074951171520e-01
-2.036066627502441384e-01
-1.034913730621337957e-01
6.394001007080077903e-01
-1.245318174362182624e-02
-2.381545829772949152e-01
5.370893001556396179e-02
-1.196635723114013727e-01
5.847747802734375167e-02
2.447635078430175914e-01
1.274373412132263211e-02
-1.114865417480468857e+00
6.328431320190429643e-01
4.066147327423095398e-02
4.851141738891601718e-01
6.179030418395996260e-02
-8.565997481346130163e-03
-4.851752090454101718e-01
1.579823875427246171e-01
nan
nan
nan
nan
-8.739910125732421875e-01
-5.628011322021484464e-01
7.081413745880127397e-02
-1.409647893160581665e-04
1.236548614501953164e-01
1.017388343811035101e-01
-3.198914146423340044e-01
-3.203653717041015647e-01
5.519992065429687456e-01
9.901247024536133368e-02
2.898126220703124978e-01
-2.250024032592773393e-01
4.409459686279296742e-01
2.708316040039062678e-01
-2.690121650695800892e-01
-2.443363571166992099e-01
6.938906860351562456e-01
-5.837008285522461426e-01
-1.862449073791503928e-01
-1.635263633728027410e-01
2.334384918212890625e-01
1.340597152709960826e-01
4.238475799560547097e-01
1.912676811218261830e-01
3.876770019531249889e-01
2.672364616394042880e-01
nan
nan
nan
nan
nan
nan
1.194481182098388605e-01
1.101798725128173839e-01
-3.289049530029297119e-01
-2.515574836730957164e-01
-4.115570449829101807e-01
-1.414239311218261630e-01
1.865715980529785156e-01
3.695343399047851807e-01
-7.624789714813232089e-02
-2.469577026367187622e-01
2.721926498413085871e-01
-2.077877044677734278e-02
-4.245309448242187700e-01
-6.161254882812500222e-01
-1.845740699768066428e-01
-5.094014358520507768e-01
-1.389366340637206987e-01
2.043296813964843861e-01
5.346471405029297186e-01
-2.621333312988280984e-01
-1.606765747070312556e-01
-3.308364868164062611e-01
7.365438938140869696e-02
-4.053658676147460782e-01
4.377365112304687500e-01
-7.559440612792969194e-01
-2.160443496704101685e-01
-2.116857719421386674e-01
nan
nan
nan
nan
-1.894886779785156239e-01
9.461381912231445201e-02
8.432718276977539673e-02
-4.548721313476562500e-01
-2.555028533935546631e-01
4.528858184814453236e-01
-1.399510097503662009e-01
-1.151688957214355435e-01
-7.440335750579833707e-02
3.684519958496093595e-01
8.172525787353515092e-01
-1.841221427917480447e-01
-3.086006355285644265e-01
3.611000442504883057e-01
-5.150963592529297363e-01
-2.091398429870605369e-01
-2.990575981140136674e-01
-5.171736907958984775e-01
3.071813201904297075e-01
3.951424789428710782e-01
3.858287811279296764e-01
-2.565618896484375133e-01
nan
-5.806626510620117587e-01
3.697129726409911776e-02
-7.063513946533203081e-01
-1.454966640472412087e-01
-1.407863426208496027e-01
nan
nan
nan
nan
5.067888259887695646e-02
5.246481895446777205e-02
-2.630419349670410356e-01
-2.123495674133300815e-01
-3.313000488281250266e-01
1.059343910217285106e-01
1.773790550231933716e-01
4.094318008422851429e-01
2.292893409729003795e-01
-1.621106338500976629e-01
-2.668714141845703325e-01
2.017844009399414051e-01
-2.429903221130371160e-01
3.278498840332031428e-01
-3.359598541259765647e-01
7.459223747253418413e-02
-3.304529190063476562e-01
3.917837905883789218e-01
4.556476116180419728e-02
7.241264820098876343e-02
4.614355468749999911e-01
-7.572641754150390980e-01
3.440700149536132790e-01
1.152340030670166021e-01
2.368255996704101696e-01
-1.504825210571288929e-01
-2.493459701538086049e-01
3.558694839477539174e-01
nan
nan
nan
nan
2.219540977478027255e-01
3.404380035400390581e-01
2.200142288208007946e-01
6.146255111694336470e-01
-3.281577682495117054e-01
-1.482041835784912165e-01
-4.292628288269043080e-02
6.508708000183105469e-02
6.850015258789062811e-01
1.296024227142333896e-01
2.776939582824706765e-01
3.370525741577148349e-01
2.843499374389648615e-01
3.381799316406249867e-01
-1.412978529930114698e-02
7.835024261474609064e-01
1.237713527679443343e-01
4.842660522460937589e-01
nan
4.634535217285156161e-01
-5.563428401947021623e-02
1.209622955322265658e-01
1.632420730590820324e-01
-3.255824279785156095e-01
-2.310881423950195412e-01
3.761739730834960938e-01
4.118332862854003767e-02
-4.341844177246093617e-01
nan
nan
nan
nan
-1.910060501098632679e-01
-1.423768234252929810e-01
-3.371768188476562678e-01
-7.786807250976562900e-01
8.692215919494629406e-02
-7.923109054565430354e-02
1.184515075683593821e+00
-2.048493766784668102e-01
-6.241613030433654750e-03
7.349041748046875044e-01
-3.513066101074218683e-01
-7.295095062255859686e-01
1.336139106750488248e-01
6.201865005493164551e-01
1.995886039733886785e-01
8.741928100585937000e-02
-5.454597091674804332e-01
7.138174533843993919e-02
-6.649719715118408703e-02
-3.152087593078613525e-01
-4.451654434204101868e-02
-4.861631393432617188e-01
6.634085083007812411e-01
3.092645263671874867e-01
1.668319129943847678e-01
2.173354148864746205e-01
-1.156866669654846129e-02
5.346201324462890314e-01
nan
nan
