nan
nan
-3.587562179565429443e-01
-8.280091094970702947e-01
-4.651100921630859641e-01
-1.506718061864376025e-04
-9.831233024597167691e-02
-6.083851623535155850e-01
-7.195699310302734464e-01
-7.930595397949218306e-01
4.283225250244140359e-01
4.038045120239257546e-01
4.778339767456054599e-01
-7.498120117187500044e-01
8.152179718017578403e-02
3.528130722045898504e-01
1.808348083496093828e-01
3.630368804931640714e-01
4.042499923706054932e-01
-1.316553115844726618e-01
2.564123392105102650e-02
-5.269836044311523304e-01
1.878304290771484475e-01
-5.881778335571289373e-01
-4.068633270263671831e-01
-1.489514541625976685e-01
1.102009773254394587e-01
-6.178787994384765669e-01
-1.653611183166504017e-01
2.746695518493652566e-01
nan
nan
nan
nan
-3.717322158813476385e-01
-1.187632904052734473e+00
9.420940399169921986e-02
4.832505798339843950e-01
9.788097381591796819e-02
4.484299087524414307e-01
-3.491185665130615290e-02
-5.384383773803711470e-01
4.448919296264648715e-02
3.417856979370117454e-01
6.128671169281005998e-02
-2.113970565795898482e-01
1.511572265624999967e-01
-3.202176284790039240e-01
-2.984557533264159956e-01
6.112861251831054332e-01
-2.045259475708007674e-02
-1.480924701690673750e-01
1.412941455841064398e-01
-4.729436397552490290e-02
-2.547309494018554776e-01
-5.826978683471679688e-01
-2.537762641906738392e-01
-3.939715957641601318e-01
-2.613475418090820401e-01
3.890845489501952859e-01
1.535813140869140558e-01
-2.040475654602050826e-01
nan
nan
nan
nan
1.683392524719238281e-01
-4.185733413696289262e-01
-4.826933288574218883e-01
-4.599530100822448592e-03
-5.553306961059569780e-01
3.414904785156249734e-01
-3.127690124511718905e-01
-1.190587806701660090e-01
4.472332000732421875e-01
8.274518585205078436e-01
-1.576770305633544977e-01
-1.072168469429016051e-02
4.080254745483398171e-01
8.699691009521484109e-01
2.384227943420410278e-01
-5.996556472778320490e-01
2.690388298034667725e-01
-2.549641227722168058e-01
-7.354759979248046697e-01
3.300008392333984575e-01
1.953779792785644565e-01
1.837769150733947754e-02
-1.392784595489501842e-01
-5.618973922729492143e-01
6.246064758300781117e-01
2.438232994079589933e-01
1.475397777557373169e-01
-5.628299713134765625e-01
nan
nan
nan
nan
-1.598733806610107555e-01
2.495004653930664174e-01
3.418601226806640692e-01
3.608732604980468550e-01
6.052726364135742054e-01
-4.293557357788085893e-01
-7.989053726196289340e-02
-6.894359111785888783e-02
-3.756358718872070401e-01
3.289537811279296675e-01
-2.942974662780761808e-01
-9.676856994628905972e-02
2.237592697143554743e-01
-7.434193134307860718e-02
1.909992098808288487e-03
-2.688814353942871049e-01
5.510193634033203613e-01
2.359108924865722656e-01
-6.562140941619873380e-02
1.742950630187988237e-01
-5.461606502532959095e-02
-1.188434314727783159e-01
-9.057210922241211437e-02
-5.810209655761718883e-01
-1.113842868804931635e-01
-9.543862342834472101e-02
-4.734941482543945090e-01
5.193791198730468572e-01
nan
nan
nan
nan
-5.804464340209961049e-02
1.068575024604797447e-02
6.583408355712890847e-01
-2.456663894653320357e-01
-8.565399169921875111e-02
-1.945604801177978557e-02
-1.948525047302246127e-01
-5.850920867919922053e-01
-8.362374877929688033e-01
3.847583007812500067e-01
4.063661575317382701e-01
3.941192245483398637e-01
3.290129089355468550e-01
-3.264217853546142606e-02
1.260314750671386597e-01
-1.033237743377685564e-01
-1.811665916442871116e-01
2.381622505187988292e-01
-6.115801620483398704e-01
-8.116746520996094283e-01
5.677027511596679510e-01
1.908554077148437444e-01
-3.620122528076171742e-01
-7.599701690673827947e-01
8.255290985107421875e-02
-2.505951309204101363e-01
8.818800354003906161e-01
6.151222610473632280e-01
nan
nan
nan
nan
-1.093707122802734411e+00
4.795581817626953236e-01
-1.378333950042724687e-01
-6.681237697601317971e-02
5.387933731079102007e-01
5.366423034667968661e-01
-7.688880157470703303e-01
4.446825790405273260e-01
8.615208625793456532e-02
-8.574506640434265484e-03
-1.140808868408203086e-01
-3.573389053344726562e-01
1.360556364059448305e-02
5.119569015502929421e-01
1.224829792976379374e-02
-3.130779647827148238e-01
2.585508728027343661e-01
-2.948521232604980336e-01
2.340227890014648371e-01
-6.700363922119140225e-01
-1.280204772949218861e-01
-5.959935379028320490e-01
3.648729705810546675e-01
-5.998499870300293135e-02
4.840219116210937589e-01
-7.127700042724609553e-01
5.395953369140624734e-01
-2.696640968322753795e-01
nan
nan
nan
nan
2.652070999145507701e-01
8.209218597412109020e-01
1.147147750854492221e-01
3.593224763870239008e-02
3.051160335540771540e-02
-2.861209487915039040e-01
1.428022289276122958e-01
-6.213863372802734819e-01
-4.584294891357421631e-01
-1.538857650756836060e-01
-1.282863903045654286e-01
-1.143145942687988220e-01
-6.476820111274718926e-03
-3.039076232910156161e-01
5.127516269683837780e-02
-2.331280946731567258e-02
1.409552574157714733e-01
-1.722068595886230569e-01
4.190774154663086115e-01
-1.129463481903076189e-01
7.951274871826171653e-01
7.414321422576904130e-02
1.928173828124999933e-01
-1.754235267639160101e-01
8.274313926696777455e-02
3.141759681701660201e-01
1.609547424316406239e-01
-2.583169555664062700e-01
nan
nan
nan
nan
-1.739603805541992121e-01
3.228737592697143721e-02
-2.207703590393066406e-01
6.504247665405273049e-02
-5.982084655761719105e-01
-3.012246131896972878e-01
-2.977837181091308461e-01
4.790796279907226785e-01
-5.731896591186523837e-01
8.791896820068359486e-02
1.251370549201965415e-02
6.998047828674316961e-02
1.323698139190673806e-01
-1.530013465881347734e-01
-2.688429450988769620e-01
-1.312593936920166127e-01
2.398168754577636730e-01
-6.506448364257813033e-01
-2.573848152160644331e-01
-9.031124114990234375e-01
9.678338050842284768e-02
6.198109626770019476e-02
1.289382839202880826e-01
-1.267103767395019454e-01
7.883296966552734431e-02
-1.092239952087402377e-01
5.490880966186523215e-02
-2.422008216381073015e-03
nan
nan
nan
nan
-2.250036048889160201e-01
-1.740742087364196763e-02
-2.818893194198608329e-02
8.646009063720703214e-01
1.909236335754394553e-01
5.781111526489257635e-01
-5.848242568969727051e-01
-2.566566276550292791e-01
4.538261795043945224e-01
-4.357151031494140847e-01
4.050845336914062345e-01
1.671201705932617299e-01
-4.631316375732421609e-01
-9.801970481872558649e-02
5.391952133178711248e-01
5.391336917877197210e-02
-7.235911560058593262e-01
3.584048843383789151e-01
-3.545419311523437256e-01
2.247889280319213812e-02
-5.476328849792480580e-02
-8.241237640380859319e-02
-2.953122901916503951e-01
-3.769343185424804954e-01
3.013847732543945557e-01
-3.710173416137695357e-01
-2.555817413330078169e-01
-2.809793663024902077e-01
nan
nan
nan
nan
-6.124249649047851518e-01
8.442819595336914507e-02
-6.056629943847656738e-01
-2.356783294677734508e-01
-6.759397029876708374e-02
7.434146881103516069e-01
2.178739929199218772e-01
-2.879370689392090066e-01
-9.978194236755370816e-02
-6.648737335205078258e-01
8.183175086975097434e-02
3.618482208251952992e-01
3.629798507690429887e-01
-4.961773681640624933e-01
7.113004302978516158e-01
-8.086544036865234153e-02
6.419932246208190710e-03
1.314319968223571708e-02
-2.390202331542968794e-01
-3.341930389404296764e-01
-8.376754760742187444e-02
-2.246980857849120994e-01
-2.423465347290039151e-01
1.460941433906555106e-02
-2.534737396240234197e-01
-5.122085189819336470e-01
-2.748175239562988259e-01
1.285121440887451207e-02
nan
nan
nan
nan
-4.509659957885742143e-01
-3.711989974975585804e-01
-1.954524230957031261e-01
-2.750609874725341852e-02
-6.980608367919921564e-01
2.103273010253906283e-01
2.189542961120605480e-01
-2.659021759033203258e-01
4.905519485473632674e-02
-4.304723358154297075e-01
-7.240649223327637329e-02
-1.677584838867187400e-01
1.566789054870605380e-01
2.055526733398437556e-01
1.652623176574707087e-01
-7.526304244995117576e-02
-1.810983276367187367e-01
-1.635726737976074263e-01
-6.156861877441406339e-01
4.341335678100585738e-01
1.624746322631835938e-01
3.001927185058593794e-01
3.910541152954101762e-01
-4.052354049682617143e-01
1.503602981567382924e-01
2.112943458557128840e-01
2.007025337219238148e-01
-1.242769718170166071e-01
nan
nan
nan
nan
-1.934497261047363192e-01
1.697105598449707153e-01
-5.323009967803955106e-02
-6.591313171386719016e-01
-1.614601898193359364e-01
-2.574081802368163863e-01
-2.363771438598632757e-01
-4.649766159057617254e-01
3.887522593140602090e-04
3.427729415893554510e-01
3.106262207031250111e-01
6.996320343017577992e-01
-3.274021530151366988e-01
-9.896051406860351118e-02
-2.217105102539062567e-01
5.989493179321289107e-01
7.156761884689330673e-03
1.986260223388671975e-01
-3.324409866333007946e-01
-3.509243011474609264e-01
-9.836253166198730136e-02
-1.738826370239257846e-01
2.386748123168945246e-01
2.685367774963378640e-01
2.914696502685547030e-01
2.719691753387451158e-02
-7.952180385589599498e-02
5.131836318969726918e-01
nan
nan
nan
nan
8.873785972595214788e-02
-1.861625432968139551e-02
4.607576751708984397e-01
-3.188696289062499800e-01
-1.792158317565918091e-01
1.114153742790222230e-02
3.507529067993164218e-01
2.618740272521972723e-01
-3.732189893722534513e-02
-1.558924674987793024e-01
-2.795036315917968639e-01
1.795445060729980447e-01
9.066358947753906383e-01
7.349769592285156083e-02
-3.137397575378417791e-01
3.949267196655273371e-01
1.166302413940429661e+00
2.056543540954589855e-01
-3.173371124267578280e-01
-1.237407207489013700e-01
-1.598117589950561607e-02
-8.780714988708496205e-02
5.472429752349853432e-02
-1.836971664428710960e-01
-3.851682662963867299e-01
-5.881267547607421653e-02
1.447109603881835960e-01
4.717720794677734419e-01
nan
nan
nan
nan
3.407495117187500089e-01
3.629162549972533847e-02
1.530726146697997947e-01
-4.190783023834228349e-02
-3.485300064086914174e-01
8.586840057373046342e-01
1.867648124694824274e-01
7.684999847412109508e-01
3.583857345581054621e-01
-2.737699317932129062e-01
-2.581884145736694502e-02
6.582020568847656294e-01
-1.681345367431640592e-01
4.110991668701171609e-01
-4.462083816528320535e-01
1.302503356933593759e+00
-1.360605478286743171e-02
-1.284378337860107300e-01
5.431513214111327592e-01
8.947069168090820979e-02
-3.050495529174804821e-01
-1.301099395751953158e-01
1.173026466369628956e-01
-2.769845247268676661e-02
5.677858352661133146e-02
-8.266644287109374822e-01
-1.231087398529052690e-01
-8.632556915283202958e-02
nan
nan
nan
nan
5.760630416870117232e-01
8.741463661193847601e-02
-4.151924514770508057e-01
1.925720787048339766e-01
-1.544160842895507882e-02
6.211914539337157898e-02
3.586688613891601540e-01
-1.652949523925781317e-01
2.461299896240234375e-01
-6.024035453796386386e-02
-2.162768173217773371e-01
-2.615507316589355535e-01
1.072560405731201177e-01
3.161006736755371249e-01
-8.521942138671875222e-01
-2.094125366210937422e-01
-4.350312805175781117e-01
3.637229156494140581e-01
-1.143516254425048784e-01
4.199224472045898215e-01
-2.322299766540527333e-01
5.637492752075194957e-01
2.954999923706054799e-01
8.083052039146422507e-03
-2.525355339050293080e-01
-4.666331291198730358e-02
-2.946658134460449219e-01
1.071463203430175759e-01
nan
nan
nan
nan
2.164131355285644487e-01
3.691030502319335715e-01
3.256800842285156317e-01
-8.425685882568359486e-02
-1.170127010345459045e-01
2.699837112426757835e-01
4.348847961425781339e-01
-1.858810424804687444e-01
-2.593479728698730447e-01
-1.769019889831542902e-01
-8.914063453674316018e-02
-1.139984703063964822e-01
-7.467480659484863892e-02
-5.578324794769286971e-02
-4.069985961914062700e-01
-1.744783973693847523e-01
-2.084067726135253873e-01
-6.911905670166015314e-01
-1.253074550628662243e-01
-2.888618469238281028e-01
3.868723297119140425e-01
-5.380625534057617010e-01
-2.256730461120605435e-01
2.427068710327148493e-01
2.377407625317573656e-04
2.045459556579589944e-01
1.555019092559814520e-01
1.249170303344726562e-01
nan
nan
nan
nan
-8.116710782051086287e-03
-4.888102722167968484e-01
4.479699707031249978e-01
1.937675662338733641e-04
3.033167839050293080e-01
5.502505111694335760e-01
-3.052669715881347612e-01
1.589088726043701161e-01
5.544691848754882413e-01
-2.099815368652343806e-01
6.933177185058593262e-01
-1.248723983764648410e-01
-2.460479354858398360e-01
2.028375625610351618e-01
-4.046517562866210893e-01
-4.727900981903076366e-02
4.977056121826171631e-01
4.417527389526367254e-01
2.450195693969726696e-01
-9.410715103149414062e-02
-2.536957168579101474e-01
-1.912912368774414007e-01
-8.389988708496093350e-01
-9.238574981689453569e-01
-2.694661521911621005e-01
-3.910423660278320446e-01
-6.956221771240234109e-01
7.257498168945312189e-01
nan
nan
nan
nan
1.310123252868652388e-01
-2.922658538818359575e-01
-1.403846740722656215e-03
3.401321411132812722e-01
7.001181030273437855e-01
-3.460342788696288974e-01
-4.730191040039062322e-01
-7.966095447540283425e-02
-3.291102981567382568e-01
6.529591369628906516e-01
-1.678839206695556530e-02
4.801584625244140758e-01
1.659089088439941462e-01
-2.990693092346191628e-01
1.625574111938476451e-01
1.393842983245849598e-01
1.459437847137451116e-01
-8.170798301696777233e-02
6.475988864898681030e-02
-2.260767459869384918e-02
2.458181762695312578e-01
4.206526184082031161e-01
8.932556152343749944e-02
3.072626304626464577e-01
2.837357902526855269e-01
5.177267456054687189e-01
-5.643350124359131081e-02
-2.806467711925506384e-03
nan
nan
nan
nan
7.745455169677734064e-01
-1.715282630920410278e-01
2.529153823852539062e-01
2.156454277038574174e-01
3.081620597839355713e-01
2.191523742675781372e-01
1.071896266937255870e-01
-1.110643005371093756e-01
-9.530792999267577725e-01
3.948164367675781050e-01
-2.975078201293945290e-01
1.032792663574218839e+00
2.676712226867675737e-01
-4.953817367553711160e-01
-6.204836654663086204e-01
-2.791263580322265736e-01
-4.891979980468750266e-01
4.158747482299804954e-01
1.446501851081848089e-02
-4.466737747192383035e-01
-7.099459075927734286e-01
-3.286816024780273571e-01
7.439545154571533536e-02
-4.918005371093749911e-01
5.022115325927734020e-01
1.834981536865234464e-01
nan
nan
nan
nan
nan
nan
-4.366000366210937567e-01
-4.759817504882812300e-01
-1.453380775451660056e-01
5.791925907135010015e-02
1.849919676780700795e-02
1.046686363220214883e-01
3.076477813720703280e-01
6.332044219970702770e-01
-2.034629106521606418e-02
5.974644851684570712e-01
1.827367591857910201e-01
-3.410127258300781339e-01
6.593802642822265137e-01
-7.933765411376952903e-02
3.607433700561523682e-01
3.548603057861328125e-01
-6.630801391601562900e-01
3.085862922668456965e-01
3.337366867065429954e-01
-7.746954441070556807e-02
-1.630746459960937533e-01
6.038986968994141113e-01
-7.045999908447265758e-01
3.615075588226318581e-02
5.658538436889648526e-01
2.001309204101562600e-01
4.990307617187499933e-01
-7.096926689147949052e-02
nan
nan
nan
nan
-1.278163623809814575e-01
-3.527115631103515669e-01
2.119112968444824274e-01
-3.146986770629882635e-01
3.026103258132934598e-02
-4.455916595458984109e-01
-1.647458648681640603e-01
-5.488188552856445579e-01
3.380671691894531206e-01
-1.885886001586914162e-01
3.148733854293823270e-02
-6.220532989501953436e-01
1.861610794067382890e-01
-6.953443050384520985e-02
7.371234416961669478e-02
1.937373733520507679e-01
-1.285786533355712802e-01
3.258459472656249911e-01
-1.704765319824218597e-02
-7.483142852783203347e-02
-2.957054615020751967e-02
4.768267822265624956e-01
nan
-1.878505325317382790e-01
8.843791007995605025e-02
7.534432220458984197e-01
-3.992632293701172119e-01
1.189716243743896423e-01
nan
nan
nan
nan
2.763068199157714955e-01
-4.813871765136718550e-01
5.563080787658691156e-02
-2.814285278320312611e-01
-3.606829833984375178e-01
-4.738613510131836071e-01
-1.470018672943115279e-01
-2.637022399902343994e-01
2.415032196044921975e-01
7.637493133544921431e-01
-8.813637733459472878e-02
3.160237312316894753e-01
-3.447369003295898682e-01
-9.041201019287109508e-01
3.467586135864257901e-01
2.018014144897460893e-01
-1.517731952667236428e-01
5.889991760253906333e-02
2.422326469421386685e-01
-1.600682830810546964e-01
4.019691944122314592e-02
-4.411668777465820312e-01
-9.474691009521484242e-01
-5.789708328247070712e-01
2.427411651611328103e-01
-1.312339305877685547e-01
2.460676002502441284e-01
5.846869468688965094e-02
nan
nan
nan
nan
-4.792113113403320135e-01
3.923788547515869030e-02
5.968463897705077875e-02
-4.029215621948242232e-01
3.067198371887207009e-01
1.861457824707031250e-01
-5.166189575195312411e-01
-5.520124053955077770e-01
3.948013687133788974e-01
-3.241078186035156183e-01
-2.409216308593750133e-01
-1.201128482818603488e-01
1.241600608825683544e-01
1.387053203582763738e-01
-1.071374893188476590e-01
2.536522483825683350e-01
-4.330812835693359508e-01
-2.939773178100585915e-01
nan
3.274125671386718950e-01
-5.780518054962158203e-02
4.833756256103515780e-01
-4.635500335693359397e-01
-2.084335136413574263e-01
-1.644338607788085882e-01
3.540736389160156206e-01
8.047025299072265714e-01
-4.815462493896484619e-01
nan
nan
nan
nan
-4.795010089874267301e-02
-2.686808395385742454e-01
7.723584175109862726e-02
-3.478783798217773282e-01
4.213124465942382768e-01
-2.820822525024413996e-01
5.203208446502685658e-02
6.542282104492187500e-01
-2.491058921813964766e-01
-3.793434858322143610e-02
-1.201849174499511758e-01
-4.172255325317382746e-01
-3.080938148498535423e-01
-2.646391105651855202e-01
5.380825042724609458e-02
3.733339691162109175e-01
-4.333264541625976296e-01
-1.228885078430175803e-01
-1.215782880783080992e-02
4.798986911773681606e-03
7.884481811523437189e-01
-1.377113056182861228e-01
6.812127685546874867e-01
-2.373899269104003951e-01
-5.826329040527343794e-01
-3.058971881866455120e-02
2.992245674133300892e-01
1.634151840209960849e-01
nan
nan
