nan
nan
-7.798953247070312678e-01
-2.696917152404785245e-01
-9.014002084732054831e-03
1.208001232147216802e-01
1.815158462524414096e-01
-5.941431522369385043e-02
-3.313942718505859530e-01
-4.353254795074462669e-02
-2.612936782836914329e-01
8.949602508544921564e-01
-1.831337738037109308e-01
4.076124668121337835e-02
4.791052627563476829e-01
-5.525478363037109597e-01
-1.944492721557617154e-01
1.036785316467285223e-01
-2.753709983825683438e-01
-1.868602943420410167e-01
-2.302838706970214977e-01
1.562772560119628784e-01
-1.635357856750488392e-01
-1.237364053726196234e-02
3.184097290039062389e-01
4.897635269165039329e-01
4.063029479980468928e-01
-3.065461921691894354e-01
-2.305193901062011774e-01
2.750427818298339933e-01
nan
nan
nan
nan
-4.511643981933593506e-01
-3.562867355346679421e-01
2.048757362365722645e-01
-4.491961288452148704e-01
2.323012542724609275e-01
-9.201265335083007313e-02
-1.011507797241210926e-01
1.512283325195312444e-01
5.166621017456054510e-01
-2.605974006652831965e-01
2.173790550231933516e-01
-6.222795867919921342e-01
2.115671157836914174e-01
2.689028167724609175e-01
5.591100311279296742e-01
-7.004016113281249512e-01
-1.765230751037597523e-01
1.707664489746093806e-01
-7.639393806457520086e-02
6.181027984619140714e-01
-2.098758888244628973e-01
8.366700172424317017e-02
-3.826242065429687478e-01
-1.750740432739257835e-01
-2.979350280761718928e-01
5.441992950439452637e-01
4.759851074218749978e-01
4.726218700408935797e-02
nan
nan
nan
nan
-1.655280685424804776e-01
-9.470368957519531561e-01
-9.760280609130859986e-02
7.222183990478515669e-01
1.150421981811523331e+00
1.374133586883544977e-01
-2.646344947814941451e-01
1.367835235595703247e-01
1.272165012359619263e-01
2.412830352783203181e-01
7.965421199798583540e-02
9.829852104187011830e-02
2.904176235198974512e-02
-1.221120452880859325e-01
-7.420435905456543302e-02
-5.933479309082031472e-01
6.646864318847656161e-01
4.681327819824218639e-01
-9.853840827941894032e-02
-5.413037109374999600e-01
3.093101501464843861e-01
-5.635124206542968528e-01
-2.220977973937988403e-01
3.723693490028381296e-03
6.149630069732665849e-02
5.026341629028320268e-01
-2.786503982543945268e-01
-4.194251298904418980e-03
nan
nan
nan
nan
-4.893434524536132701e-01
3.665375137329101585e-01
3.016971397399902388e-01
-4.276517868041992271e-02
2.897280883789062345e-01
2.409826660156250133e-01
5.965122985839843572e-01
8.453676605224609286e-01
-4.797729873657226585e-01
2.869230747222900266e-02
2.639528465270996049e-01
1.175023174285888677e-01
4.403277969360351318e-01
-7.021305084228515181e-01
3.296113967895507590e-01
3.632765579223632968e-01
1.552541494369506780e-02
-7.735778808593749556e-01
-1.543532180786132690e-01
-1.383148479461669966e-01
-7.056069374084472656e-02
4.773980331420898393e-01
-6.509185791015624778e-01
4.191503143310547075e-01
1.783640098571777355e-01
-2.593324661254882701e-01
2.129302024841308594e-01
-3.049384880065917902e-01
nan
nan
nan
nan
-5.456307601928710449e-01
-4.227890396118164085e-01
4.236370086669921653e-02
-1.422918987274169877e-01
-1.475494098663329978e-01
1.911301803588867088e-01
3.117757797241210715e-01
2.678631591796875044e-01
2.495344924926757857e-01
2.436684036254882779e-01
9.193847656249999611e-02
7.451883697509765758e-01
2.305228996276855458e-01
-8.478955078125000044e-01
3.792606353759765403e-01
1.690318107604980580e-01
3.830791854858398571e-01
-1.023763465881347701e-01
-5.389070129394530895e-01
2.581485557556152388e-01
8.639636993408203458e-02
-3.993115997314453103e-01
-5.559659576416016158e-01
-4.512453460693359175e-01
-7.500178337097168635e-02
3.110067844390869071e-02
-1.051561450958252014e-01
-3.626776504516601718e-01
nan
nan
nan
nan
-2.276104927062988226e-01
5.510663223266601962e-01
-1.123125267028808605e-01
1.018494319915771440e-01
2.683479070663452246e-02
-4.514404773712157870e-02
5.688659286499023748e-01
-4.432290649414062367e-01
-5.693307113647461115e-01
8.959703445434570590e-02
-6.024790954589843706e-01
-1.073866271972656161e+00
4.335160827636718728e-01
1.554227733612060514e-01
-3.528676605224609353e-01
-1.617135047912597601e-01
1.146406650543212863e-02
-2.198464965820312589e-01
2.875784111022949285e-01
4.748262405395508035e-01
-1.511756896972656257e-02
-2.083204841613769398e-01
3.167375564575195535e-01
1.342098140716552757e-01
-3.368910980224609220e-01
1.062342882156372056e-02
3.075944185256957938e-02
-7.591533660888671875e-02
nan
nan
nan
nan
-4.350083827972411887e-02
-3.200376892089843994e-01
3.797556686401367121e-01
-1.077316999435424735e-02
-1.285568618774414196e-01
-5.467497110366821567e-03
1.671288490295410045e-01
3.090616035461425937e-01
-9.133188247680663896e-02
4.199803161621094016e-01
-4.051382839679718191e-03
-5.059402847290038752e-01
4.095784759521484131e-01
5.231382846832275529e-02
3.406464767456054421e-01
-3.287819385528564786e-02
5.783776855468749645e-01
1.759968566894531128e-01
-7.611692810058593439e-01
-1.315412235260009777e-01
-8.194702267646790037e-03
-2.939749145507812300e-01
-3.394497680664062544e-01
1.674488067626953014e-01
-2.517164993286132857e-01
3.610828399658203014e-01
1.243308067321777372e-01
8.585662841796874722e-02
nan
nan
nan
nan
-1.667066764831542924e-01
-2.947765731811523571e-01
4.098094940185547097e-01
-2.467666244506835915e-01
1.048902034759521540e-01
-1.484980010986328147e-01
5.038549423217772993e-01
1.448747348785400513e-01
2.225400352478027477e-01
1.814321899414062522e-01
9.954625701904297186e-01
-2.436309242248535234e-01
-3.624746799468994002e-02
1.761148095130920382e-02
2.868394279479980491e-01
-1.821949958801269420e-01
3.412406539916992276e-01
-6.493691253662109419e-01
5.301097869873047097e-01
-2.309898567199707153e-01
-4.800035095214843506e-01
1.968140602111816406e-01
5.020901489257812988e-01
-2.874604225158691184e-01
1.620051503181457395e-02
2.281864547729492154e-01
3.322924423217773482e-01
-2.798289871215820512e-01
nan
nan
nan
nan
1.986323928833007846e-01
-6.042573928833008118e-02
1.757611656188964866e-01
2.008804893493652266e-01
-1.480951118469238381e-01
5.113709259033203391e-01
-3.229377746582031139e-01
3.840112686157226562e-01
-2.786400222778320224e-01
-5.283285140991211132e-02
2.889242744445800759e-01
3.363043975830077859e-01
-9.488191604614257257e-02
-2.065464591979980502e-01
-4.957202911376953347e-01
1.457059383392333984e-01
1.178761720657348598e-02
-1.084847736358642567e-01
4.487757873535156428e-01
-1.975018119812011752e-01
-1.270709514617919811e-01
-2.085826301574706942e-01
2.905099678039551048e-01
-8.902473449707030972e-02
1.903134346008300837e-01
3.802013778686523238e-01
1.024071216583251898e-01
-8.274680328369140581e-01
nan
nan
nan
nan
3.190575599670409934e-01
3.077142143249511630e-01
-3.461655807495117032e-01
9.333176612854003629e-02
2.567853927612304688e-01
-7.523816680908202992e-01
2.904885101318359641e-01
-2.873284530639648171e-01
2.330744361877441495e-01
-5.674684906005859064e-01
9.093946838378905717e-01
3.254991531372070090e-01
-1.877576708793640041e-03
-4.952556228637695068e-01
-1.866505050659179599e-01
2.906733131408691384e-01
1.392857909202575677e-02
1.042987918853759827e-01
-6.887097358703613004e-02
-4.212948989868163796e-01
-3.233026027679443415e-02
3.376174545288085915e-01
1.357376289367675792e-01
-6.059018707275390936e-01
-5.100699424743652260e-02
-1.376259613037109364e-01
2.958136749267578081e-01
-1.208551311492919861e-01
nan
nan
nan
nan
2.441119575500488303e-01
2.856856727600097789e-01
2.315919685363769520e-01
1.205846500396728499e-01
3.287759017944336115e-01
4.778172683715820046e-01
-2.591061210632324419e-01
2.519393730163574374e-01
-4.405265045166015803e-01
1.521065998077392456e-01
6.567109107971191850e-02
-1.479056549072265692e-01
-1.394324684143066484e-01
2.787459182739258079e-01
-1.457158756256103638e-01
3.168486976623535178e-01
-1.112439823150634804e-01
1.844726371765136597e-01
-1.485947608947753851e-01
-7.063041210174560158e-02
1.705365180969238281e-01
-4.384418869018554821e-01
1.504473805427551311e-02
-2.772283744812011896e-01
-2.588919448852539107e-01
3.334273147583007857e-01
-4.400093460083007724e-01
3.444005966186523549e-01
nan
nan
nan
nan
-9.454026222229003351e-02
-1.917700529098510798e-02
-2.855214834213256822e-02
-2.103609848022461037e-01
-6.854794025421142613e-03
-1.749340057373046931e-01
-7.102000427246093484e-01
-8.489450836181640092e-01
-2.928450775146484442e-01
1.621757698059081987e-01
9.496614456176757924e-02
-5.377592563629150085e-02
-4.010798263549804621e-01
-2.756003189086914107e-01
5.056279754638671742e-01
2.282337379455566528e-01
-4.424153327941894587e-02
-2.763330841064453036e-01
2.288218116760253884e-01
-8.381043434143066462e-02
-8.195478439331055354e-02
4.791017532348632590e-01
-3.374427413940429554e-01
-3.273223495483398304e-01
3.053670883178710715e-01
-5.534651565551758079e-01
1.845001459121704129e-02
-2.316463661193847723e-01
nan
nan
nan
nan
2.949712371826171964e-01
5.172683334350586248e-01
4.889802169799804532e-01
-2.122213554382324230e-01
1.847276496887207131e-01
-6.623761749267578214e-01
-4.492313385009765736e-01
3.146589469909668035e-01
6.114778518676757812e-01
9.074208068847656738e-01
2.557039260864257812e-01
6.913204669952392745e-02
-1.688603639602661091e-02
5.054381561279296387e-01
2.709883880615234220e-01
-3.649266052246094016e-01
-7.544730186462401955e-02
6.320704650878906650e-01
-3.904794311523437367e-01
-2.913539695739746360e-01
-1.748036575317382935e-01
-3.317557525634765581e-01
-3.244688034057617299e-01
4.306513369083404125e-03
2.786776351928710871e-01
-3.547692871093749978e-01
1.082759094238281289e-01
2.838095474243164107e-01
nan
nan
nan
nan
1.973196268081665178e-02
3.776161193847656361e-01
-4.465943908691406006e-01
-2.776998710632324063e-01
1.507078552246093883e-01
-4.650441360473632768e-01
3.063732385635375977e-02
-2.212042999267578025e-01
6.291316604614257679e-01
-1.489661407470703192e-01
-1.211271286010742188e-01
-3.511782169342041182e-02
6.725226593017578081e-01
8.220966339111328292e-02
-4.393514251708984242e-01
1.308982086181640636e-01
-2.830395698547363281e-01
-2.795249176025390581e-01
2.528920173645019531e-01
7.553795623779296919e-01
2.080531692504882790e-01
8.090497970581055076e-02
-1.992775917053222767e-01
-9.420149803161620428e-02
1.265674400329589722e-01
3.023599386215209892e-02
-5.579250335693359819e-01
-5.483119964599609819e-01
nan
nan
nan
nan
-1.581685447692871005e-01
6.000038528442382946e-01
-7.287910938262939786e-02
-1.637337112426757724e-01
-9.075389862060546653e-01
-1.715069961547851518e-01
3.405224990844726296e-01
1.866905593872070224e-01
2.172088050842285178e-01
-3.961131286621093484e-01
1.269262886047363148e-01
-4.437223815917968883e-01
-1.417573738098144576e-01
-1.564680671691894565e-01
-3.177090835571289018e-01
4.080924034118652011e-02
-2.962500095367431516e-02
-3.614641571044922008e-01
-2.619844627380371049e-01
-3.207780456542968506e-01
-2.855965614318847767e-01
-3.964041519165039107e-01
5.453264999389648704e-01
-1.201258754730224615e-01
1.150681972503662109e-01
-3.205298614501952970e-01
-5.065181851387023579e-03
6.020184707641601518e-01
nan
nan
nan
nan
3.815701293945312766e-01
-1.888891983032226496e-01
-8.907508850097656250e-02
1.711507415771484353e-01
1.800259780883789185e-01
-5.711181640625000167e-02
1.144385623931884755e-01
-3.889074325561523438e-01
-2.203502893447875990e-02
7.161295890808105913e-02
3.189362144470214711e-01
-7.169782638549804243e-02
-2.410422897338867221e-01
1.791459918022155623e-02
5.854257202148437367e-01
3.036050987243652521e-01
7.467173099517822321e-02
-5.983358383178710715e-01
6.736257171630859464e-01
3.882099533081054821e-01
-2.312314033508300892e-01
-1.009736061096191406e-01
3.576866149902343528e-01
1.689861106872558583e-01
2.856266212463378640e-01
1.853436088562011586e-01
-3.656086730957031072e-01
4.321545028686523682e-01
nan
nan
nan
nan
-1.067691612243652360e-01
1.451994514465332065e-01
-1.258581829071044877e-01
5.230064010620116832e-01
-1.959343528747558572e-01
9.417199134826660656e-02
4.998289489746093883e-01
6.051170349121093306e-01
-2.331801414489746149e-01
2.840772056579589644e-01
-8.358206176757811967e-01
1.609071350097656117e-01
1.060614228248596240e-02
6.627088546752929465e-02
-3.552384185791015447e-01
-9.174727439880371593e-02
5.467134857177734508e-01
6.926148986816406117e-01
1.820347976684570379e-01
4.121640777587890492e-01
-6.028269290924072321e-02
7.136608958244323314e-03
-8.505725860595702778e-03
1.064257621765136719e-01
-5.746812820434570312e-01
-6.240065383911133079e-01
-5.765280532836913885e-01
-1.128228092193603455e-01
nan
nan
nan
nan
3.478831350803375435e-03
-6.593905639648437456e-01
2.867147254943847590e-01
5.763990783691406161e-01
7.763759613037108931e-01
3.421551513671874933e-01
4.650775146484374956e-01
-3.967377901077270841e-02
4.217001724243163996e-01
-1.106973743438720709e-01
-4.420208930969238281e-02
-3.113125991821288907e-01
-5.031695842742919811e-02
-1.008227767944335884e+00
-5.063688659667968661e-01
2.609658813476562478e-01
-2.702769851684570512e-01
2.692687988281249889e-01
2.959731483459472900e-01
2.128448867797851640e-01
4.482611179351806557e-02
6.275114059448242410e-01
-3.414638137817382901e-01
4.360418319702148438e-01
-4.141291141510009682e-02
1.213667106628417980e-01
8.504760742187500444e-02
-2.867625045776367454e-01
nan
nan
nan
nan
-3.088348770141601807e-01
1.953011894226074352e-01
-1.295633411407470792e-01
-4.025918197631835893e-01
2.640874624252319280e-02
-3.911298751831054910e-01
-1.184466743469238248e-01
4.318798065185546764e-01
-1.092366123199462885e-01
-2.011334800720214755e-01
-7.482385635375976562e-02
-7.958199310302734863e-01
2.002966880798339733e-01
-6.291833114624023615e-01
8.965149879455566739e-02
9.936784744262695812e-02
-4.169846343994140780e-01
2.975675964355468661e-01
-3.905928802490234442e-01
5.716374969482421742e-01
-3.453869628906249822e-01
-4.240658569335937766e-01
2.249688529968261741e-01
-3.550302886962890536e-01
4.054856491088867365e-01
1.648004913330078092e-01
nan
nan
nan
nan
nan
nan
-1.264750099182128940e-01
-1.021534729003906183e-01
-2.963000774383544797e-02
-2.217887878417968694e-01
3.833300018310547008e-01
1.961949920654296742e-01
-1.928079414367675770e-01
3.671142959594726474e-01
7.130717754364013228e-02
-1.599467277526855358e-01
2.559521865844726629e-01
-1.789328956604003817e-01
-6.148500442504882812e-01
-4.457699584960937433e-01
3.729615926742553544e-02
1.122353911399841253e-02
5.391368484497069957e-01
-2.669603157043456965e-01
-3.656953811645508035e-01
5.083520507812500089e-01
-5.984362411499023482e-01
2.142836189270019565e-01
3.031692504882812500e-01
-8.638629150390625400e-01
1.570676612854003951e-01
4.887146472930908175e-02
-2.842790603637695424e-01
2.060407638549804632e-01
nan
nan
nan
nan
1.631140708923339844e-01
5.861513519287109286e-01
-1.184361362457275330e-01
-7.488291168212890536e-01
-9.960421752929687900e-01
6.710732460021973100e-02
-6.301492691040039285e-02
3.815139389038085804e-01
-6.983698844909667913e-02
-1.282704067230224509e-01
-3.778302001953124933e-01
-1.044878921508789027e+00
1.761575126647949296e-01
9.473830223083495872e-02
-2.112364006042480591e-01
2.980220413208007901e-01
-1.273640036582946757e-02
7.405755615234375089e-01
-6.046168327331542802e-02
-1.390955686569213950e-02
9.873732566833495761e-02
-4.634809112548828325e-01
nan
-5.383546829223632979e-02
-4.916646575927734464e-01
-4.747290420532226385e-01
2.000100135803222767e-01
4.275355148315429510e-01
nan
nan
nan
nan
4.195243835449218861e-01
-1.726688575744629028e-01
2.636743354797363437e-01
-4.904029369354247908e-02
6.433209896087646595e-02
6.898982048034668635e-02
1.391049098968505926e-01
3.321950912475585826e-01
1.116193103790283220e-01
5.898814678192138700e-02
3.028858947753906294e-01
3.476706314086914218e-01
2.271537590026855569e-01
1.870308303833007890e-01
-8.364583969116211326e-02
-1.776793289184570301e-01
-1.331961441040039051e-01
2.320038223266601696e-01
-7.015957641601562322e-01
1.101588535308837824e-01
-8.477322757244109891e-04
4.912349700927734486e-01
1.008963012695312522e-01
3.988452434539795088e-02
-4.688441085815429621e-01
-9.603715896606444813e-02
3.256666564941406161e-01
7.010421752929687500e-01
nan
nan
nan
nan
-2.056882095336914074e-01
-1.057468414306640681e-01
-2.261489152908325098e-02
2.436902618408203214e-01
5.642248630523681585e-02
-1.046718597412109319e-01
1.071196651458740240e-01
-4.237761688232422053e-01
3.466026687622070224e-01
-1.314029502868652444e-01
4.363120269775390692e-01
1.669305419921874867e-01
-1.230261993408203192e-01
1.537621116638183683e-01
4.559281539916992254e-01
1.923979568481445357e-01
-8.121499061584472323e-02
4.718301773071288951e-01
nan
-1.233052062988281294e-01
-1.308535766601562622e-01
5.223540496826172275e-01
8.315137863159179077e-02
-1.479579257965087935e-01
-9.520380020141601396e-02
-3.543530941009521290e-02
-2.505261993408203214e-01
2.813381004333496138e-01
nan
nan
nan
nan
-3.628590011596679599e-01
-1.923210525512695224e-01
-2.508061408996581920e-01
-9.359130859375000555e-02
-1.478189086914062367e-01
-3.609533309936523438e-01
1.657635092735290638e-02
2.976291179656982352e-02
7.344331264495849998e-02
1.325803041458129862e-02
2.833019828796386475e-01
6.399442195892333929e-02
7.649893760681152066e-02
-3.485142898559570046e-01
2.720380973815917924e-01
-1.921686768531799192e-02
3.673713684082031139e-01
2.569239044189453036e-01
7.015454864501953214e-01
4.227404785156250178e-01
1.937423324584960915e-01
1.748359870910644598e-01
2.810226249694824374e-01
-2.729039955139160312e-01
-1.184895992279052790e-01
1.678283119201660067e-01
4.299021148681640425e-01
1.147010517120361367e-01
nan
nan
