nan
nan
-1.449722713894314174e-01
-2.456565962897406807e-01
1.249142752753363617e+00
5.550715658399794084e-01
3.488332960340712052e-01
-6.685514979892306364e-01
1.346336735619438896e-01
4.511260986328125000e-01
2.643482718202802909e-02
-5.830327139960395089e-01
-1.573492553499009905e-01
5.409440994262695312e-01
-1.961281299591064453e-01
-5.208233727349175224e-01
nan
1.979400714238484585e-02
3.551929526858859654e-01
5.612940788269042969e-01
-1.177648040983411970e-01
2.012109624014960518e-01
5.874780019124349328e-01
6.204381518893771208e-01
-1.376561588711208706e-01
-2.849443223741319198e-01
5.505661434597439730e-01
1.523772080739339285e-01
4.431428909301757812e-01
5.131307707892523995e-01
nan
nan
nan
nan
8.078431553310818636e-01
-1.771202749676174526e-01
5.761781268649630583e-01
4.957992765638563615e-01
-3.841468228234184989e-01
-2.005483839246961775e-01
-5.377688010533650947e-02
5.678915977478027344e-02
4.993787341647678013e-01
7.472051514519585380e-01
3.955374028947618026e-01
-1.705982685089111328e-01
1.073601828681097992e+00
4.716556866963704242e-01
nan
-1.059103260437647444e-02
1.689876450432671318e-01
1.338273286819458008e-01
3.401110437181260604e-01
6.756387286716036833e-01
4.526258044772678013e-01
1.009963565402560715e+00
-6.329865985446505583e-01
1.198411093817816742e+00
-2.301770581139458427e-01
5.685248904758029020e-01
4.513230323791503906e-01
1.657228006256951380e-02
nan
nan
nan
nan
2.445650597413380825e-02
4.765708711412217635e-01
-2.132451666726006279e-01
8.163227505154080355e-01
-8.749306201934814453e-03
-1.122361077202691071e+00
-5.831813812255859375e-01
2.206208970811631975e-01
7.343182563781738281e-01
8.640072080824110490e-01
9.323754840426974333e-01
-2.774635420905219307e-01
-6.556546936432520838e-03
-9.818516671657562256e-03
nan
-3.758976989322238560e-01
-6.528953446282280693e-01
4.477259847852919084e-01
-4.360340966118706474e-01
-7.527250713772244417e-01
1.095461951361762054e+00
9.123477935791015625e-01
1.942962408065795898e-01
-4.354462358686659318e-01
7.844594452116224192e-02
-1.202158298757341134e-02
-1.454624732335408621e-01
1.352996614244249107e+00
nan
nan
nan
nan
-1.852560043334960938e-01
-1.075772775544060582e-02
-6.877731217278374443e-01
2.948429054684109096e-01
-4.771040214432610560e-02
3.338903586069743024e-01
-1.338946157031589146e-01
-3.100306722852919084e-01
-1.329881035619311785e-02
-2.166217035717434292e-01
-5.298019515143500557e-01
5.187984042697482145e-01
1.378959682252672014e-01
-8.542496628231471822e-02
nan
-2.199501461452907924e-01
-1.013165911038716588e-01
-2.570124202304416294e-01
1.177696439954969643e+00
-9.209415978855557683e-03
8.284448517693413505e-01
1.471902317470974442e+00
-3.540068732367621651e-01
3.378033902910020370e-01
-2.595203982459174386e-01
1.812337636947631836e-01
8.417853249443901786e-01
-3.165549437204996930e-01
nan
nan
nan
nan
-3.023033142089843750e-01
8.922541141510009766e-02
1.472292211320665178e-01
-3.237353695763481864e-01
-6.407820383707681922e-01
-8.949173821343315849e-01
-4.457043011983235492e-01
1.679998901155259905e-01
-4.425464471181233539e-01
6.509740087721083146e-01
5.162546369764540177e-01
-4.608776304456922990e-01
3.261377546522352677e-01
-1.251382933722601898e+00
nan
-1.354475683636135463e-01
-1.532766819000244141e-01
2.937389214833577289e-01
7.524172465006510047e-01
6.926434834798177453e-01
-1.566431654824150810e-01
-7.085453139411078682e-01
5.749696625603569755e-01
5.943592223856184603e-03
-9.775700171788533066e-02
-4.152681562635633927e-01
-2.528764141930474330e-02
-6.467587418026393697e-02
nan
nan
nan
nan
2.254371113247341518e-01
3.442986806233723773e-01
-1.224191586176554408e-01
2.700176503923203963e-01
4.475233952204386162e-02
-6.501223246256510047e-01
3.342036406199137138e-02
-4.566790262858073102e-01
3.800325658586289901e-01
-7.001210848490396765e-01
-8.465455902947319755e-01
-4.799640443589952010e-01
-2.169257667329576311e-01
-3.261735704210069198e-01
nan
1.353655921088324776e-01
-1.364555040995280022e+00
5.026073455810546875e-01
6.723068555196126672e-01
1.535009675555758929e-02
-2.254693508148193359e-01
-1.127825101216634041e+00
1.544789340760972796e-01
-1.195106108983357701e-01
-4.020234213935004464e-01
3.702871269649929409e-01
4.534176720513237724e-01
-1.322520573933919363e-01
nan
nan
nan
nan
-5.291972160339355469e-01
-4.121991263495551339e-01
-2.008118232091267996e-01
-1.232672399944729213e-01
-1.254294395446777344e+00
-1.165335045920477958e-01
2.772515349917941685e-01
-3.259586228264702568e-01
-6.184522310892740654e-02
-5.098408063252767297e-01
1.068911552429199219e-01
3.397334946526421318e-01
-3.186827566888597585e-02
-4.762077662679883860e-02
nan
4.486970371670193081e-01
-2.836108737521701451e-01
2.408334612846374512e-02
-6.915838983323838729e-01
-1.324359046088324776e-01
-5.448996755811903459e-01
3.072661823696560268e-01
2.893974251217312221e-01
4.427796204884846820e-01
-8.983657624986436385e-01
2.753983868492974052e-01
7.146874533759223214e-01
2.697408199310302734e-01
nan
nan
nan
nan
-8.181650108761256979e-02
-1.710717625088161942e+00
8.378021981981065291e-01
2.188388771480984096e-01
-1.380958451165093415e+00
-1.586468352211846122e-01
1.316508981916639509e-01
2.923125028610229492e-02
-1.202830420600043304e+00
2.880163722568088169e-01
-1.979637543360392160e-01
-1.956845257017347517e-01
1.153198083241780553e-01
2.238962120480007534e-01
nan
-1.941868729061550503e-01
1.145462354024251228e+00
-1.334914101494683258e+00
-5.341936217414008370e-01
-9.305622312757704240e-01
-8.658378918965657922e-01
3.214766184488932477e-01
-3.052670160929362164e-01
7.654604911804199219e-01
-3.142646683586968193e-01
-3.082350095113118305e-01
8.977625105116102677e-01
4.641586939493815289e-01
nan
nan
nan
nan
1.091466699209478215e-03
8.916014565361870536e-01
5.099389288160536271e-01
-6.724340650770399552e-01
2.595849500762091588e-02
-2.464823987748887835e-01
2.685144742329915180e-01
2.581739955478244419e-01
7.153931193881564177e-01
-5.911246935526529578e-01
-9.238404168023003349e-01
-3.402748107910156250e-01
-3.283088207244873047e-01
-5.506483713785806922e-01
nan
-1.902863184611002512e-01
-1.711615456475151786e-01
-3.319698439704047432e-01
3.678508599599202289e-01
1.063320040702819824e-01
1.039745542738172712e-01
-4.083911312950981864e-01
6.980502870347764510e-01
7.491947809855142859e-01
-8.130600717332627791e-01
4.059247175852457867e-01
6.230812602572970843e-02
-1.680640114678276786e-01
nan
nan
nan
nan
-1.659498744540744419e-01
3.838729063669840680e-01
5.516746838887532922e-01
-1.053255610995822433e+00
9.222357008192274552e-01
2.347309059566921596e-01
-5.739057858784993860e-01
-5.511274602678087331e-02
4.529510074191623326e-01
-3.501076433393690568e-01
-4.648228221469455357e-01
7.488399611579047432e-01
5.233462651570638391e-01
2.341299586825900669e-01
nan
7.402451303270127791e-01
6.336873107486301615e-02
-4.307201504707336426e-02
-3.730253908369276505e-01
-3.949596881866455078e-01
-3.816261026594374162e-01
7.857273419698079797e-01
1.314241753684149971e-01
5.757368273205227226e-03
-1.540979703267415291e+00
-2.014500300089518137e-01
2.571300665537516461e-01
-2.170642349455091658e-01
nan
nan
nan
nan
4.894465870327419643e-01
1.814038753509521484e-01
1.561383141411675224e-01
6.307316356235079802e-01
4.087665345933702010e-01
5.247224701775444755e-01
-1.525123516718546457e-01
-4.503063625759548549e-01
8.279771804809570312e-01
-1.140105591879950614e-01
3.652150895860459823e-01
4.658281008402506695e-01
-3.529016706678602677e-01
-8.957896762424044645e-01
nan
8.236657248602973214e-01
6.119544241163465959e-01
4.526582029130724050e-02
5.789963321553336442e-03
-1.793149113655090332e-02
2.373137738969590960e-01
7.259369956122504464e-01
-7.741602924134996511e-02
3.303437232971191406e-01
-8.572026358710395089e-01
3.559931781556871511e-02
-6.391678386264376677e-01
-1.691994004779391880e-01
nan
nan
nan
nan
4.373177687327067242e-01
7.905356089274089004e-02
-5.704980426364474333e-01
-4.565392070346408482e-01
3.438419500986735211e-01
-7.836794687641991317e-03
-5.760120815700955355e-01
-3.422539763980441685e-01
-5.796656078762478792e-01
-7.678802808125813339e-02
9.586943520439995814e-02
-3.510952260759141463e-01
2.080318397945827846e-01
-6.685791545444064177e-01
nan
-9.825221167670356026e-01
2.284763654073079520e-01
-6.868899663289388391e-01
6.191323068406846541e-01
1.167959239747789202e-01
-1.342303911844889397e+00
2.414322694142659598e-01
6.418626043531630021e-01
-1.120535956488715179e+00
7.352395057678222656e-01
2.611322402954101562e-01
-1.025667402479383705e+00
-6.881625387403700334e-01
nan
nan
nan
nan
1.679878367318047294e-01
-6.425332493252224886e-01
2.444595230950249443e-01
5.427594714694552458e-01
-6.010923385620117188e-01
-2.968465487162272320e-01
2.820398012797037945e-01
-8.049429787529839286e-01
-7.485904296239216660e-02
9.705295562744140625e-01
1.876341634326511021e-01
-1.036476982964409821e+00
-7.048871252271864396e-01
-6.607281896803114396e-01
nan
2.186750570933023996e-01
-8.497828907436794088e-02
-4.448789689275953196e-02
-1.997747156355116072e-01
4.418341053856743583e-01
-8.516192436218261719e-02
-2.951465977562798271e-01
4.063583744896782646e-01
6.006609068976508370e-01
5.094032287597656250e-01
-1.838905811309814453e-01
-5.177978674570719170e-02
-8.370445039537217635e-01
nan
nan
nan
nan
-7.467782232496473771e-01
8.000094360775417135e-02
1.387224329842461357e-01
1.314583486980862026e-01
6.338062816196017302e-01
-4.711627960205078125e-01
-1.768636571036444893e-01
-1.498013469907972517e-01
-8.660524421268039896e-02
-4.240375889672173271e-01
1.255067454444037667e-01
1.143675645192464146e-01
-7.866162194146050224e-01
3.899837864769829521e-01
nan
3.413953251308864956e-01
-6.473412513732910156e-01
1.772997644212510882e-01
6.575849321153428573e-01
-7.827309502495659599e-01
-4.241760306888156529e-01
-8.428151872422959823e-01
5.405883987744649483e-02
5.596781836615668526e-01
-3.338929812113444195e-01
-3.537603749169243583e-01
-9.127144283718533480e-01
6.254087554083930245e-01
nan
nan
nan
nan
2.054273684819539481e-01
1.219367815388573521e-02
-6.977482371860079802e-01
-4.081917073991563338e-01
5.215740733676486052e-01
-6.665172576904296875e-01
-1.014378759596082924e+00
5.530768384536107092e-03
-1.499291393491956892e-01
4.656647046407063617e-01
-5.614465607537163505e-01
2.852145565880669364e-01
-1.949460241529676618e-01
-5.275072654088338447e-02
nan
6.813705629772609518e-02
-4.022046989864773159e-01
4.693533579508463727e-01
1.098954094780816071e+00
1.089877764383951897e+00
2.794032626681857701e-01
-2.315664556291368303e-01
-8.410142262776693078e-01
1.032652590009901228e-01
1.398590935601128571e+00
-5.106931792365180245e-01
5.679158634609646761e-01
-5.022375451193915319e-02
nan
nan
nan
nan
-3.604727851019965401e-01
-6.884202029969957448e-02
3.756065898471408482e-01
6.382066938612196427e-01
1.338048299153645759e+00
-4.649083349439833146e-01
-4.175770812564426060e-01
1.419187519285413923e-01
-5.757625367906358260e-01
-8.201095792982313754e-03
-4.738041030036078682e-01
3.807819684346516742e-01
-8.972325854831271208e-01
7.792926496929592460e-03
nan
-1.799364089965820312e-01
-3.965079254574245815e-01
1.091704368591308594e+00
-4.988318681716918945e-02
6.001195907592773438e-01
1.120589786105685715e+00
4.614213307698567523e-01
-1.376017146640353683e+00
5.133316914240518974e-02
-2.534252007802327289e-01
8.036798901028103792e-01
-2.306473255157470703e-01
1.083047125074598549e+00
nan
nan
nan
nan
3.919971783955891742e-01
5.549515618218315849e-01
-6.234865718417696989e-01
4.234240055084228516e-01
-1.073601974381340890e-01
3.795775307549370536e-01
-1.290642632378472321e+00
6.702733039855957031e-02
-8.601008521185981026e-01
4.980063968234592076e-01
-5.086791780259873885e-01
7.657866477966308594e-01
3.120855755276150112e-01
-6.679043240017361605e-01
nan
7.295685344272189177e-01
-8.671221203274197542e-01
8.310578664143880578e-01
-6.012580129835340959e-01
1.069333950678507533e-01
8.902439143922594167e-02
1.526571644677056083e-01
1.007715649074978348e+00
1.894166237778133893e-02
3.859615590837266463e-01
1.924891604317559013e-01
5.983832147386338729e-01
-5.885529518127441406e-01
nan
nan
nan
nan
1.324626472261216936e-01
1.196059385935465541e-01
-5.215459929572211495e-01
4.205303986867268695e-01
-2.264076073964436941e-01
2.218001153733995257e-01
4.019824663798014508e-01
1.060602188110351562e+00
-2.362746397654215402e-01
-1.344786087671915598e-01
-1.531380282508002511e-01
7.213083902994792129e-02
5.031318664550781250e-01
-1.467549668418036690e-01
nan
-8.046126365661621094e-01
1.325152648819817418e-02
1.177294121848212333e-01
2.641921573215060826e-01
1.938689814673529854e-01
-6.582152843475341797e-02
8.210710419548882255e-01
4.255556795332167130e-01
-5.415084626939561385e-01
1.005896793471442313e-01
9.472565121120877230e-01
7.364098760816786271e-01
-1.173918644587198939e-01
nan
nan
nan
nan
-1.658548646503024693e-01
3.749217920833163714e-02
2.989158630371093750e-01
3.584244251251220703e-01
3.260758717854817523e-01
-6.932309468587239953e-01
-1.419242355558607283e-01
6.167913542853461495e-01
-5.966982311672635042e-01
-6.592650943332247770e-01
-2.271616193983289900e-01
3.082018428378635044e-01
8.492901590135362722e-02
-7.130671077304415739e-01
nan
2.091109885109795341e-01
4.205259217156304130e-01
-1.130215591854519253e-01
-1.366245481703016518e+00
1.130634943644205775e-01
1.801820728513929548e-01
8.198402192857530135e-01
-7.077081468370225448e-01
-6.899620162116156807e-01
5.653390884399414062e-01
1.918923722373114815e-01
1.275762187110053292e-01
1.816325982411702566e-01
nan
nan
nan
nan
-5.133903688854641462e-02
1.735475725597805385e-01
8.901165591345892858e-02
5.525573094685872627e-02
1.111121575037638393e-01
-3.821886645423041573e-01
4.670024977789984932e-01
-2.685954835679795760e-01
-9.293512337737612483e-03
8.605312241448296318e-01
5.639849238925509489e-01
1.635686821407741909e-01
4.199059804280598773e-01
9.417064454820420760e-01
nan
-1.392426093419392996e-01
3.390600681304931641e-01
4.884545538160536271e-01
-3.805105421278212052e-01
-8.348017268710665739e-01
1.834364732106526785e-01
3.485045433044433594e-01
1.662385198805067243e-01
-2.640106148189968471e-01
3.441407415601942521e-01
1.024972200393676758e-01
8.450611432393391464e-02
-8.957899941338433036e-01
nan
nan
nan
nan
7.069043318430583145e-02
1.220781856113009933e+00
4.510515001085069198e-01
2.728360229068332310e-01
-3.856624497307671318e-01
6.250347031487358818e-01
-5.077108807033963167e-01
2.607852617899577008e-01
8.372295697530111047e-01
-1.312803692287868862e-01
-1.122384601169162277e+00
-1.386896504296196708e-01
4.519062042236328125e-01
-4.137293762630886440e-01
nan
-1.389798588222927456e-01
3.524135748545328961e-01
2.407952944437662668e-01
5.159112082587348214e-01
-1.594361331727769671e-01
-3.086867862277560826e-01
3.202545113033718471e-01
5.050849914550781250e-01
7.658035490247938615e-01
2.153233819537692662e-01
1.034871737162272209e+00
5.255143377516005021e-01
2.001647816763983956e-01
nan
nan
nan
nan
9.234548144870333708e-01
-1.859279142485724401e-02
-6.287750667995877230e-01
3.413004080454508649e-01
-9.283765157063802453e-01
-3.925997945997450334e-01
-4.794155756632487164e-01
1.355550554063585100e-01
-3.782391283247206193e-01
2.834204567803276786e-01
3.268978993097940849e-02
5.857357713911268138e-02
-8.097402254740396765e-01
-3.164194424947102680e-01
nan
-1.470710648430718415e+00
-9.284703996446397323e-01
7.098148134019639510e-01
-2.262315220303005581e-01
6.401747879054810880e-03
5.971430142720540735e-01
6.452114217811160714e-03
-2.157442437277899971e-01
8.120731777615017855e-01
9.401337305704752234e-01
9.828895992702908480e-01
-3.901923232608371372e-01
1.578836017184787277e+00
nan
nan
nan
nan
-6.651164425743950892e-02
1.829451719919840402e-01
3.725858860545688128e-02
4.333834383222792130e-01
6.125337282816568640e-01
-7.611785994635688057e-01
-4.925831158955891742e-01
-2.947894202338324776e-01
-3.235709667205810547e-02
7.387827237447103235e-01
-3.824742900000678292e-01
-8.077182239956326448e-01
7.443816926744248885e-01
4.706385400560166854e-01
nan
4.635731710327996302e-02
-4.384014341566297990e-01
-6.379744741651747209e-01
-5.195431709289550781e-01
-2.106215821372138253e-01
4.442672199673122768e-01
-4.956422911749945870e-01
-6.740326351589627230e-01
1.678818861643473215e-01
3.505114383167690778e-02
5.170965525839063548e-02
-4.403553273942735213e-01
1.423398653666178293e-01
nan
nan
nan
nan
2.900392214457194195e-01
-8.719606531990899134e-02
2.529032760196261997e-01
9.942332903544108536e-02
2.225141723950703823e-02
-1.103755036989847865e-01
1.153841018676757812e-01
-2.531651920742458706e-01
-4.954181777106391182e-01
-8.463172912597656250e-01
-7.277335060967339564e-02
3.772716787126328963e-01
3.162409199608696708e-01
-7.829471594757504704e-03
nan
-1.195625298553042865e-02
-3.600087430742051620e-01
1.120848125881618862e-01
1.772271262274847936e-02
1.198099772135416741e+00
3.307057751549614677e-01
8.684799406263563615e-01
-4.614123238457573661e-01
5.251903004116482698e-01
-3.629402849409315568e-01
-3.107803662618001117e-01
-6.338774893018934709e-01
6.035603947109646761e-01
nan
nan
