nan
nan
-1.794236898422241211e-01
1.320751458406448364e-01
-1.034081950783729553e-01
1.561291050165891647e-02
-1.475595086812973022e-01
9.485375881195068359e-01
-3.699380457401275635e-01
5.380873680114746094e-01
-6.406569480895996094e-01
-1.528684347867965698e-01
-3.908805549144744873e-02
1.084331050515174866e-01
-7.375774979591369629e-01
-1.432968825101852417e-01
nan
-2.195665538311004639e-01
5.070951208472251892e-02
-4.128494262695312500e-01
-8.437504172325134277e-01
-4.727114439010620117e-01
-1.205569863319396973e+00
2.960573136806488037e-01
6.453202366828918457e-01
-6.996223926544189453e-01
-2.966692745685577393e-01
2.578721046447753906e-01
-1.416407823562622070e-01
-2.755127251148223877e-01
nan
nan
nan
nan
4.840215742588043213e-01
-1.632508337497711182e-01
7.057048082351684570e-01
-3.034881129860877991e-02
5.004270076751708984e-01
-3.449540734291076660e-01
-4.180625677108764648e-01
-1.425261497497558594e-01
-2.050816118717193604e-01
1.532924890518188477e+00
1.934072673320770264e-01
-4.055224955081939697e-01
6.927744150161743164e-01
-4.703998863697052002e-01
nan
-5.680086016654968262e-01
7.360888719558715820e-01
2.682054601609706879e-02
8.868437409400939941e-01
1.929270774126052856e-01
2.706682384014129639e-01
8.092928528785705566e-01
-9.025476127862930298e-02
-5.060515999794006348e-01
3.314107358455657959e-01
-4.835715889930725098e-01
5.742389708757400513e-02
4.872992038726806641e-01
nan
nan
nan
nan
5.144202113151550293e-01
-2.245396524667739868e-01
1.785559356212615967e-01
-2.227889746427536011e-02
-4.721912145614624023e-01
-1.451420336961746216e-01
4.219615161418914795e-01
-1.537412852048873901e-01
2.991660535335540771e-01
6.172295212745666504e-01
-2.433200627565383911e-01
-4.559858739376068115e-01
-1.183914542198181152e+00
-8.757098913192749023e-01
nan
-1.057287827134132385e-01
-3.580331802368164062e-01
8.845623135566711426e-01
6.364642381668090820e-01
6.403946280479431152e-01
3.589688539505004883e-01
-4.479460418224334717e-01
4.842455685138702393e-01
2.491316050291061401e-01
-1.771957159042358398e+00
1.483294814825057983e-01
-1.143138706684112549e-01
9.183377772569656372e-02
nan
nan
nan
nan
8.189802765846252441e-01
4.690741300582885742e-01
9.038230776786804199e-02
3.752631843090057373e-01
-2.645630240440368652e-01
3.299732208251953125e-01
9.099704623222351074e-01
-4.278269410133361816e-01
8.418051600456237793e-01
4.148333072662353516e-01
4.372338298708200455e-03
8.417651653289794922e-01
1.397866129875183105e+00
-7.697747349739074707e-01
nan
3.491553068161010742e-01
5.895464420318603516e-01
3.995721042156219482e-01
-3.051045238971710205e-01
-2.678752541542053223e-01
1.763784289360046387e-01
3.917710483074188232e-02
1.351287066936492920e-01
-3.532421216368675232e-02
7.032641768455505371e-01
9.015440940856933594e-02
5.985671877861022949e-01
2.735615968704223633e-01
nan
nan
nan
nan
1.935249269008636475e-01
1.715611070394515991e-01
-4.434679448604583740e-01
2.260853946208953857e-01
-9.696792960166931152e-01
-1.686257869005203247e-01
-2.075457572937011719e-01
-1.199100837111473083e-01
9.583733230829238892e-02
1.444633305072784424e-01
2.307871133089065552e-01
-3.968658745288848877e-01
5.456279516220092773e-01
-3.465303480625152588e-01
nan
-8.910917639732360840e-01
4.828020557761192322e-02
-3.080683052539825439e-01
4.156215116381645203e-02
1.515762090682983398e+00
-3.856502473354339600e-01
-3.585321009159088135e-01
3.816822469234466553e-01
3.568157553672790527e-01
-3.712539672851562500e-01
-4.471373260021209717e-01
-1.817448735237121582e-01
1.368271827697753906e+00
nan
nan
nan
nan
-6.377444267272949219e-01
-2.068308967864140868e-04
-3.034384688362479210e-03
-5.354099273681640625e-01
4.339267313480377197e-01
2.749458253383636475e-01
4.790070354938507080e-01
-6.206174492835998535e-01
4.041116833686828613e-01
5.735984072089195251e-02
-5.877867341041564941e-01
-2.950633466243743896e-01
1.806750893592834473e-01
-7.370374798774719238e-01
nan
-2.246122211217880249e-01
3.742148876190185547e-01
-4.743502736091613770e-01
-8.708652108907699585e-02
-5.875063538551330566e-01
-3.812506198883056641e-01
-2.932680845260620117e-01
6.868932247161865234e-01
-4.727083146572113037e-01
-1.253517746925354004e+00
-3.111952543258666992e-01
-2.920147180557250977e-01
8.053908944129943848e-01
nan
nan
nan
nan
-4.437854886054992676e-01
2.858740985393524170e-01
6.441400200128555298e-02
-7.094461470842361450e-02
4.805338084697723389e-01
-4.312427639961242676e-01
7.467713952064514160e-01
-1.630730330944061279e-01
3.086718320846557617e-01
2.238259613513946533e-01
9.263493865728378296e-02
4.660955816507339478e-02
2.940275967121124268e-01
-3.058101534843444824e-01
nan
5.317263603210449219e-01
-3.902759253978729248e-01
1.832110583782196045e-01
-7.550466060638427734e-01
2.036509513854980469e-01
-1.289310008287429810e-01
-1.169849872589111328e+00
-2.401005662977695465e-02
-9.768614172935485840e-02
3.952208757400512695e-01
3.032885491847991943e-01
-4.681066796183586121e-02
-5.932405591011047363e-01
nan
nan
nan
nan
6.690590083599090576e-02
-1.935655027627944946e-01
4.200102388858795166e-01
4.102611541748046875e-01
-4.579781293869018555e-01
2.982885241508483887e-01
-6.284292936325073242e-01
3.223462402820587158e-01
-6.544232368469238281e-01
-6.590991616249084473e-01
4.382068812847137451e-01
4.958909153938293457e-01
1.774032264947891235e-01
-2.774897217750549316e-01
nan
3.506744652986526489e-02
1.139522075653076172e+00
5.496240258216857910e-01
-2.341274023056030273e-01
1.981165558099746704e-01
8.512353897094726562e-01
-1.145846471190452576e-01
-1.245729066431522369e-02
-5.626829266548156738e-01
-1.368615776300430298e-01
2.012435048818588257e-01
-6.109262630343437195e-02
-7.869655489921569824e-01
nan
nan
nan
nan
-4.095950126647949219e-01
-4.960063099861145020e-01
-1.062547922134399414e+00
4.538950026035308838e-01
2.917455732822418213e-01
1.550209820270538330e-01
-6.541577577590942383e-01
1.744315028190612793e-01
8.201451301574707031e-01
-7.521441578865051270e-01
8.832734227180480957e-01
-5.633840560913085938e-01
-3.445338904857635498e-01
-4.531877934932708740e-01
nan
-4.338831603527069092e-01
-7.782387733459472656e-01
1.446387320756912231e-01
3.836350440979003906e-01
6.791579723358154297e-01
3.679147362709045410e-01
-3.350601196289062500e-01
4.631972908973693848e-01
-2.045507729053497314e-01
6.002516746520996094e-01
6.735310703516006470e-02
-9.032540768384933472e-02
-3.892634510993957520e-01
nan
nan
nan
nan
2.363737225532531738e-01
-8.601817488670349121e-02
-6.689248979091644287e-02
4.477582275867462158e-01
-7.101758122444152832e-01
-4.222205579280853271e-01
-2.298783063888549805e-01
-9.301027655601501465e-01
1.031093895435333252e-01
-1.793006211519241333e-01
1.184663400053977966e-01
7.107272148132324219e-01
6.081904172897338867e-01
-3.590528070926666260e-01
nan
-3.264553248882293701e-01
6.892732381820678711e-01
3.991273939609527588e-01
-5.847154259681701660e-01
2.748661637306213379e-01
-7.042538523674011230e-01
-1.852257251739501953e-01
3.468546569347381592e-01
1.055973649024963379e+00
1.042665481567382812e+00
-4.264624118804931641e-01
1.208072081208229065e-01
-5.773275494575500488e-01
nan
nan
nan
nan
-5.149653553962707520e-01
3.189735710620880127e-01
-6.732069253921508789e-01
-4.996092319488525391e-01
-5.571275949478149414e-02
-2.099782600998878479e-02
-9.609415382146835327e-02
4.287735223770141602e-01
-5.567631721496582031e-01
-1.884203255176544189e-01
1.093284878879785538e-02
-4.323703050613403320e-01
2.809042930603027344e-01
2.267729490995407104e-01
nan
-5.341256037354469299e-02
-5.469401478767395020e-01
4.124300088733434677e-03
6.332101821899414062e-01
1.513548046350479126e-01
-7.809838652610778809e-02
-3.459901511669158936e-01
-1.027910634875297546e-01
8.301231265068054199e-02
-1.002450063824653625e-01
-4.538148939609527588e-01
3.825265541672706604e-02
2.200991660356521606e-01
nan
nan
nan
nan
-2.255252003669738770e-01
2.492550993338227272e-03
-5.584629252552986145e-02
-7.005661129951477051e-01
-3.279607295989990234e-01
1.492343842983245850e-02
-1.299567103385925293e+00
-5.762328505516052246e-01
-2.813041582703590393e-02
-4.438323155045509338e-02
4.360788166522979736e-01
-4.821932688355445862e-02
-2.909646034240722656e-01
-5.176096037030220032e-02
nan
-3.985053598880767822e-01
-4.236266389489173889e-02
3.180402815341949463e-01
6.139242053031921387e-01
5.356097221374511719e-01
4.985294640064239502e-01
-4.100309908390045166e-01
1.192833542823791504e+00
1.123394250869750977e+00
-9.932954311370849609e-01
-6.367722153663635254e-01
-4.261605143547058105e-01
2.651282846927642822e-01
nan
nan
nan
nan
-9.043935537338256836e-01
4.108211398124694824e-01
-5.065207481384277344e-01
-6.696330010890960693e-02
-6.901049017906188965e-01
-1.138323694467544556e-01
4.822281748056411743e-02
-4.818301200866699219e-01
-8.889371156692504883e-01
4.985235333442687988e-01
-1.130416095256805420e-01
-1.062288656830787659e-01
5.860491096973419189e-02
1.471725404262542725e-01
nan
-1.668880134820938110e-01
4.071201384067535400e-01
5.263028144836425781e-01
-3.048185706138610840e-01
4.509951472282409668e-01
8.411753922700881958e-02
1.940986514091491699e-01
8.584878444671630859e-01
-5.348883867263793945e-01
1.230716556310653687e-01
4.049695134162902832e-01
3.910292387008666992e-01
1.689528703689575195e+00
nan
nan
nan
nan
8.984777927398681641e-01
-9.988858550786972046e-02
7.218578457832336426e-02
2.218540906906127930e-01
1.139466911554336548e-01
1.260938942432403564e-01
1.050762081146240234e+01
1.617620468139648438e+00
-4.970203712582588196e-02
-1.048896908760070801e-01
4.007394611835479736e-01
5.543265342712402344e-01
-2.602039575576782227e-01
4.057037532329559326e-01
nan
1.506843090057373047e+00
3.308218955993652344e+00
3.939397335052490234e-01
-5.486388802528381348e-01
-3.065145611763000488e-01
6.154209375381469727e-01
2.992557287216186523e-01
7.685249671339988708e-03
3.143842518329620361e-01
-9.802227616310119629e-01
6.853352785110473633e-01
2.177293598651885986e-01
-3.532676398754119873e-01
nan
nan
nan
nan
5.846763849258422852e-01
3.840549886226654053e-01
-4.276224076747894287e-01
-1.918896883726119995e-01
4.506617411971092224e-02
4.461399316787719727e-01
4.101143777370452881e-01
7.447011023759841919e-02
6.010465025901794434e-01
2.676475048065185547e-01
-3.020976781845092773e-01
-5.593112856149673462e-02
7.282844185829162598e-01
-1.634211242198944092e-01
nan
-1.631088405847549438e-01
3.072825670242309570e-01
1.433726668357849121e+00
4.020094275474548340e-01
5.349412918090820312e+00
4.059013128280639648e-01
3.372310400009155273e-01
-3.439673781394958496e-01
9.118498116731643677e-02
4.170082569122314453e+00
-2.420098632574081421e-01
1.383349150419235229e-01
4.478447437286376953e-01
nan
nan
nan
nan
1.630755960941314697e-01
9.852411150932312012e-01
1.029468727111816406e+01
1.877619504928588867e+00
-7.614243030548095703e-02
-3.939556777477264404e-01
1.643048048019409180e+00
7.453068733215332031e+00
2.498188018798828125e+00
3.514615595340728760e-01
-2.964724227786064148e-02
-5.810956284403800964e-02
5.292130947113037109e+00
8.981444686651229858e-02
nan
9.442406706511974335e-03
4.061061143875122070e-01
-3.991180360317230225e-01
-1.578804701566696167e-01
3.698495328426361084e-01
5.968356877565383911e-02
1.077978968620300293e+00
1.170820903778076172e+01
3.190467596054077148e+00
1.468391567468643188e-01
-5.550143495202064514e-02
9.215637445449829102e-01
6.474043846130371094e+00
nan
nan
nan
nan
9.044794440269470215e-01
-2.601607739925384521e-01
7.675701379776000977e-01
-3.899356350302696228e-02
8.093006610870361328e-01
7.782097816467285156e+00
2.893431901931762695e+00
2.975647151470184326e-01
-1.910619884729385376e-01
3.187583982944488525e-01
1.183354187011718750e+01
1.625459045171737671e-01
4.510817825794219971e-01
-1.225853860378265381e-01
nan
1.413314342498779297e+00
5.138194561004638672e-01
8.129426240921020508e-01
-1.421144697815179825e-02
2.069215476512908936e-01
2.284758329391479492e+00
1.112566351890563965e+00
3.172395825386047363e-01
-5.507169365882873535e-01
4.737212657928466797e+00
2.375315666198730469e+00
6.159735679626464844e+00
3.557305037975311279e-01
nan
nan
nan
nan
4.309177026152610779e-02
6.983270645141601562e-01
4.407677352428436279e-01
3.700047731399536133e-01
-4.502223432064056396e-01
-1.859543025493621826e-01
-4.640395045280456543e-01
-4.242250025272369385e-01
3.909273147583007812e+00
3.385814726352691650e-01
4.158977046608924866e-02
-5.156502723693847656e-01
2.445199340581893921e-01
3.425273299217224121e-01
nan
-4.048766195774078369e-01
5.541363265365362167e-03
3.439822435379028320e+00
1.062867832183837891e+01
6.765782356262207031e+00
-5.636226385831832886e-02
-3.917335867881774902e-01
-4.097295701503753662e-01
-4.633482992649078369e-01
7.513208389282226562e-01
-2.145135849714279175e-01
-1.020366907119750977e+00
2.765723466873168945e+00
nan
nan
nan
nan
2.542051374912261963e-01
1.613462328910827637e+00
2.716157138347625732e-01
-1.356375813484191895e-01
5.842928588390350342e-02
7.524128556251525879e-01
1.224819421768188477e+00
-2.085473239421844482e-01
3.114441633224487305e-01
1.315162479877471924e-01
7.076109051704406738e-01
4.631390571594238281e+00
1.405829906463623047e+00
2.055657356977462769e-01
nan
2.316493034362792969e+00
5.274716377258300781e+00
2.368858814239501953e+00
2.823743224143981934e-01
4.499786496162414551e-01
7.351340651512145996e-01
8.527059853076934814e-02
3.390254676342010498e-01
-3.338126540184020996e-01
6.358656287193298340e-01
4.256463795900344849e-02
-2.983652986586093903e-02
3.010487854480743408e-01
nan
nan
nan
nan
-1.210408210754394531e+00
2.031811773777008057e-01
-3.465325832366943359e-01
-8.741164803504943848e-01
-1.214820593595504761e-01
-6.973638385534286499e-02
-1.712078601121902466e-01
3.251965343952178955e-01
-4.204191640019416809e-02
7.973396182060241699e-01
7.617703676223754883e-01
3.606363236904144287e-01
8.900997638702392578e-01
-1.155937910079956055e+00
nan
-1.019317284226417542e-01
1.208282187581062317e-01
-3.436154425144195557e-01
-1.220593973994255066e-01
3.988098204135894775e-01
-8.475993573665618896e-02
3.275837302207946777e-01
5.098749399185180664e-01
4.519619345664978027e-01
4.267617464065551758e-01
5.614426136016845703e-01
-2.584105730056762695e-01
-4.108757376670837402e-01
nan
nan
nan
nan
-4.955305531620979309e-02
9.400481730699539185e-02
-2.761494517326354980e-01
4.987849667668342590e-02
-2.225101292133331299e-01
-9.886538982391357422e-01
7.203049063682556152e-01
-7.453890889883041382e-02
-3.872423768043518066e-01
-3.167192935943603516e-01
-4.547772705554962158e-01
2.227516770362854004e-01
2.901569008827209473e-01
-2.707372307777404785e-01
nan
-3.302277922630310059e-01
1.429495364427566528e-01
1.869573712348937988e+00
1.251440525054931641e+00
1.161133289337158203e+00
3.743662536144256592e-01
9.981048703193664551e-01
9.582038968801498413e-02
-7.706212401390075684e-01
-4.422984551638364792e-03
-2.105566859245300293e-01
1.040103137493133545e-01
7.234057784080505371e-01
nan
nan
nan
nan
9.470887184143066406e-01
3.508667945861816406e-01
3.634518980979919434e-01
4.254666566848754883e-01
-7.788722962141036987e-02
2.225967645645141602e+00
1.193992272019386292e-01
1.379720866680145264e-01
-2.509345710277557373e-01
3.025840818881988525e-01
7.265229821205139160e-01
8.939831256866455078e-01
4.162881672382354736e-01
9.105204790830612183e-02
nan
1.083629965782165527e+00
8.066645860671997070e-01
7.556422054767608643e-02
4.813262820243835449e-01
1.081382483243942261e-01
2.271635271608829498e-02
6.111306603997945786e-03
2.043766826391220093e-01
-6.967290639877319336e-01
3.146350979804992676e-01
5.152766704559326172e+00
8.252528309822082520e-01
-2.614974230527877808e-02
nan
nan
nan
nan
2.654730379581451416e-01
3.961619436740875244e-01
2.793801724910736084e-01
-1.591850444674491882e-02
-1.980381309986114502e-01
-7.285007834434509277e-01
1.225348338484764099e-01
4.344763457775115967e-01
-4.330829083919525146e-01
4.311582446098327637e-01
6.758028268814086914e-01
1.332196500152349472e-02
6.367356330156326294e-02
1.533982515335083008e+00
nan
7.653363347053527832e-01
9.150888770818710327e-02
6.489973068237304688e+00
6.812560558319091797e+00
8.249151229858398438e+00
7.923918366432189941e-01
-1.169145032763481140e-01
-3.874429268762469292e-03
4.005360126495361328e+00
-2.829396426677703857e-01
-9.048523008823394775e-02
3.522325307130813599e-02
7.748457193374633789e-01
nan
nan
nan
nan
3.885220885276794434e-01
3.927714347839355469e+00
1.083606600761413574e+00
7.431719303131103516e-01
-3.719670176506042480e-01
6.434179544448852539e-01
7.237459182739257812e+00
2.627887725830078125e+00
-2.713277935981750488e-01
-7.551606893539428711e-01
1.412931680679321289e+00
3.631453037261962891e+00
1.151202678680419922e+00
1.002904772758483887e-01
nan
1.190151691436767578e+00
1.014256668090820312e+01
2.352682352066040039e+00
-5.358103513717651367e-01
3.316462337970733643e-01
-2.839446961879730225e-01
1.866096377372741699e+00
1.611481159925460815e-01
-9.106144905090332031e-01
-3.465597331523895264e-02
-3.984690606594085693e-01
1.266983866691589355e+00
3.521799445152282715e-01
nan
nan
