nan
nan
-5.089812808566622770e-01
3.890557554033067245e-01
4.423630502488877791e-01
6.702985233730740511e-01
4.333299795786539899e-01
-1.131021181742350307e-01
-7.940604951646592635e-01
4.462194972568088169e-01
5.104801919725205916e-01
1.881666978200276785e-01
4.496137830946180802e-01
3.368310398525661831e-01
8.018895785013834265e-01
-2.002349164750840890e-02
nan
1.533573865890502930e-01
-8.826386133829752234e-01
-9.392874108420477819e-02
-8.239104350407917832e-02
-7.671838336520725443e-02
-1.990872621536254883e-01
1.090385052892896833e-01
-8.477679888407389786e-02
-8.594582478205363418e-02
5.245256092813280202e-02
9.879227313730452181e-03
3.238221804300944195e-01
-5.984437730577256698e-01
nan
nan
nan
nan
-4.474204381306965961e-01
3.092843426598442802e-01
-1.311020321316189174e-01
6.103702651129828682e-01
-3.131495051913791294e-01
1.902217997445000419e-01
-2.277568976084391184e-01
-1.242691675821940150e-01
-8.239564365810818636e-01
-3.358247876167297363e-02
4.955258634355333425e-02
1.518094142278035574e-01
1.116680145263671875e+00
-4.086438814798990654e-02
nan
-3.987407684326171875e-01
-2.401827176411946707e-01
2.485794756147596540e-01
6.616455316543579102e-02
8.479774792989095422e-01
4.165324370066325055e-01
-5.095301204257540739e-01
3.603822390238444195e-01
2.765301863352457867e-01
1.411886513233184814e-02
7.209033436245388948e-01
-2.037253777186075754e-01
7.193535168965657922e-01
nan
nan
nan
nan
8.023456467522515068e-01
6.322628657023111609e-01
-3.474102020263671875e-01
4.989100562201606026e-01
1.326587067710028878e-01
-3.379991650581359863e-02
6.465766694810655135e-01
-7.348523669772677458e-01
-1.439684629440307617e-01
-1.936425632900661831e-01
1.432851817872789202e-01
-1.030709594488143921e-02
5.327029228210449219e-01
5.900531344943575895e-01
nan
-2.525387869940863561e-02
-8.934614393446180802e-01
7.121541765001085378e-02
5.572861035664876672e-01
-8.093600273132324219e-01
-3.491698039902581263e-02
-2.612984975179036273e-01
4.894709587097167969e-02
1.599446270200941336e-02
8.607012033462524414e-02
-1.646336581971910296e-01
1.135982275009155273e-01
5.577742788526747209e-01
nan
nan
nan
nan
-6.367044978671603239e-01
1.529115041097005301e-01
8.454979128307765768e-02
-5.918423334757486609e-01
-1.573207510842217216e-01
2.863913377126057758e-01
1.522718270619710379e-01
-4.443877538045247211e-01
-2.407908174726698103e-01
2.395180364449818813e-02
4.176213012801276159e-02
-6.151324378119574776e-01
-8.525097635057237166e-01
7.504014439053006136e-01
nan
-7.191502253214517859e-01
-5.115112198723686943e-01
4.585709571838378906e-01
-1.072487619188096764e+00
-8.439106941223144531e-01
6.044037606981065291e-01
-6.846248838636610490e-01
-9.894536336263021203e-01
-3.427369064754909878e-01
4.023643599616156807e-01
2.188823090659247628e-01
2.773663029074668884e-03
-3.295076555675930524e-02
nan
nan
nan
nan
4.828665322727627301e-02
9.064293967352973214e-01
-2.756994035508897323e-01
-1.364958153830634346e-01
9.102137883504232141e-01
1.031635933452182408e-01
-1.077472262912326340e+00
-3.649659421708848495e-01
2.041153245502048130e-01
1.865122185813056221e-01
1.075189047389560337e-01
3.135937054951985492e-01
2.553709612952338448e-01
5.580436388651529578e-01
nan
1.533105903201633091e-01
3.691056304507785435e-01
-1.375955078336927595e-01
-7.730329301622178573e-01
-5.847464005152384209e-02
2.742790381113688336e-01
4.259769386715359096e-01
-2.549948427412245255e-01
1.843769815233018694e-01
6.924313439263237724e-01
-2.797279622819688338e-01
-3.747254742516411552e-01
-5.925642649332681922e-01
nan
nan
nan
nan
-4.201965067121717912e-01
6.879982435041003853e-03
-4.943429629007975445e-01
-4.280713531706067942e-02
3.791206743982103444e-02
-2.695992522769504185e-01
5.954327583312988281e-01
6.200292905171712610e-01
-4.316592547628614329e-02
-1.455337471432155971e-01
2.783510155147976284e-01
6.101942592196993864e-01
-7.031201786465115511e-01
3.347926139831542969e-01
nan
1.938209533691406250e-01
7.389490339491102677e-01
-2.439201374848683559e-02
3.825621340009901505e-01
9.346842765808105469e-02
-1.490443415111965542e-01
-3.504360781775580636e-01
-3.455991215176052456e-01
5.722635984420776367e-02
-3.663660420311821708e-01
-3.978063265482584820e-01
3.843716250525580636e-01
5.701874097188314172e-01
nan
nan
nan
nan
2.783497704399956474e-01
7.855878935919867745e-01
4.136648856931262642e-03
3.619557751549614677e-01
4.332112736172146206e-01
7.695941395229763948e-01
4.397814538743760604e-01
-5.315994156731499443e-01
-3.598444196912977677e-01
1.467410590913560686e-01
3.666068183051215401e-01
-2.115447918574015207e-01
9.823962714936998464e-02
-3.340914249420166016e-01
nan
5.962024794684516182e-01
1.774209737777709961e-01
2.220651308695475168e-01
-1.216757049163182634e-02
3.513106703758239746e-02
5.957250595092773438e-01
-8.046760029262967073e-01
-1.044668409559461830e+00
-3.482230769263373604e-01
7.385025024414062500e-01
-8.051911460028754464e-01
2.897617816925048828e-01
2.716877063115437710e-02
nan
nan
nan
nan
-5.444991323682997209e-01
-7.486494912041558036e-01
6.932259665595160714e-01
-1.043852064344618080e+00
-6.813783778084649134e-02
-1.204224692450629325e-01
4.662103454271952080e-02
-2.084196673499213448e-01
-6.683646837870279578e-01
1.578284104665120535e-01
-4.102522532145182477e-01
-1.775464349322848912e-01
-5.766442086961534041e-01
2.924538188510470982e-01
nan
1.575294468137952986e-01
-2.592263221740722656e-01
3.430158297220866070e-01
2.706236574384901505e-01
-6.444399621751573104e-01
-5.006203386518690013e-02
-1.367218047380447388e-02
-1.079963776800367536e-01
-6.606746249728732145e-01
-1.963383124934302282e-02
6.503330866495767859e-01
-4.266585244072808036e-01
3.783060974544948940e-01
nan
nan
nan
nan
-4.781338903639051896e-01
-1.776979631847805385e-01
-3.519853221045600167e-01
-1.086499492327372279e-01
6.690469847785102120e-01
2.263417674435509730e-02
-1.390302711062961216e-01
-3.756926788224114466e-02
-3.310256534152560826e-01
1.233272949854532924e-01
4.511964056226942521e-01
1.014314426316155343e-01
-1.953491104973686943e-01
5.099569426642523717e-02
nan
3.665977583991156807e-01
-2.955367565155029297e-01
-9.552665286593966520e-01
4.721615049574110490e-01
6.278824276394314730e-01
-1.633083290523952846e-01
-3.494103219774034041e-01
-1.615876621670193081e-01
1.204088926315307617e-01
-2.198329369227091379e-01
6.174197726779513395e-01
-6.354182031419541854e-01
5.757171312967935828e-01
nan
nan
nan
nan
3.862027327219645367e-01
-1.850308179855346680e-01
-1.217923694186740513e-01
-1.885280741585625419e-01
-4.274779690636528739e-01
-5.968289905124239958e-01
-3.466241359710693359e-01
7.078406016031900672e-01
1.193645371331109040e+00
-4.352864159478081474e-01
5.504201253255208703e-01
6.794913609822590683e-02
5.903628667195638391e-01
1.429167005750868080e+00
nan
-5.251655578613281250e-01
1.278940041859944754e-01
1.457747141520182366e+00
-1.837411721547444754e-01
-4.669155014885796318e-01
-3.865497907002766742e-01
-8.511538505554199219e-01
-6.038128005133734932e-01
-2.546095583173964005e-01
-5.816861788431803015e-01
-1.403120093875461216e-01
3.832676675584580916e-01
-9.531809224022759486e-02
nan
nan
nan
nan
-2.431438763936360770e-01
-4.390875498453776227e-01
-4.802443716261122209e-01
9.234801398383246651e-01
-8.227158255047267721e-02
6.973972850375704802e-01
-3.931844499376084823e-01
7.684328291151258927e-01
-4.406957361433241349e-01
5.603040589226616908e-02
-9.659811854362487793e-03
-6.676215595669217073e-01
4.462315969996982074e-02
-6.574748357137044641e-01
nan
-6.415721575419107703e-01
1.704328589969211216e-01
-4.005486435360378628e-01
2.316763401031494141e-01
5.583449999491373328e-01
-4.397753344641791573e-01
5.733822716606987724e-01
-2.734816339280869979e-01
-3.206530412038167133e-01
5.366266104910108470e-02
4.018731382158067245e-01
-6.214279068840874443e-01
3.244213793012831193e-01
nan
nan
nan
nan
1.948759555816650391e-01
2.958412170410156250e-01
-8.413499196370443078e-01
-7.855036523607042409e-02
-3.870525095197889787e-01
-4.753851890563964844e-01
3.132376670837402344e-01
-5.397249857584635047e-01
3.485484917958577289e-01
3.009937604268391742e-01
5.399937629699707031e-01
-2.518943415747748604e-01
-1.762687497668796177e-01
2.259395917256673270e-01
nan
2.923226621415879745e-01
-8.185489972432454797e-01
-1.107261578241984096e-01
-5.542023446824815291e-01
-3.786309825049506417e-01
5.621056026882595980e-01
5.678054359224107839e-02
8.100147247314453125e-01
2.571274704403347378e-01
-6.584255430433485490e-01
-5.008655124240450895e-01
-1.199383523729112389e+00
3.227720790439181919e-01
nan
nan
nan
nan
3.650672965579562779e-01
-4.590001106262207031e-01
-4.935806327395968890e-02
7.159876293606228792e-01
-7.226597103807661654e-03
-7.582685152689615515e-01
-7.492601606580946427e-01
-2.348232434855566930e-02
-2.805115646786159878e-01
5.531291961669921875e-01
-6.017771694395276927e-02
3.200114568074544086e-01
1.158647802140977678e-01
6.135052045186361047e-01
nan
1.015212866995069685e-01
-2.350522412194145927e-01
-2.400136987368265903e-02
-1.630561384889814627e-02
-6.778469085693359375e-01
3.601667351192898159e-01
-1.587587330076429548e-01
8.382372856140136719e-01
3.169534206390380859e-01
-7.432250446743435823e-01
1.277801990509033203e-01
5.758785671657986605e-01
-5.648135609096951448e-01
nan
nan
nan
nan
9.955053197013007116e-02
5.370767911275228235e-01
3.981046676635742188e-01
1.987133555942111607e-01
3.714617888132731305e-01
-2.256699932946099052e-01
5.072711308797200891e-01
1.013322538799709682e-01
-7.200681898328993302e-01
-4.670743942260742188e-01
-3.862606154547797432e-01
-3.862276077270507812e-01
-1.878208716710408621e-01
1.146024809943305023e+00
nan
1.343876255883110771e-01
-6.844126913282606584e-01
1.916508409712049665e-01
1.384568081961737862e-01
-8.718168073230320170e-02
-5.977740552690294362e-02
-3.669901688893635883e-01
-2.628842989603678570e-01
-7.972093158298068083e-01
4.685144954257541294e-01
1.782402065065172014e-01
-3.510691059960259208e-01
3.511907789442274552e-01
nan
nan
nan
nan
4.097174935870700335e-02
-2.435974015129936943e-01
1.198650466071234794e-01
-8.853441344367133370e-01
7.945290042294396102e-03
-4.676296446058485490e-01
7.020776536729600448e-01
2.089039219750298271e-01
1.273526218202379046e-01
-3.401398393842909318e-01
6.331630812750922432e-01
-1.266740587022569420e+00
-1.516602171791924247e-01
7.930665016174316406e-01
nan
-1.318151553471883231e-01
-7.022550370958116628e-02
7.044110033247205638e-02
-7.705087131924098776e-02
4.246546427408854352e-01
-1.995276080237494698e-01
2.051951885223388672e-01
7.554485532972547990e-01
7.077032195197211495e-01
6.038000848558213729e-01
-3.542741404639350167e-01
-4.764039781358506698e-01
8.351425992117987585e-02
nan
nan
nan
nan
9.842626783582899552e-01
5.278151830037435266e-01
-9.512858920627169645e-01
3.238102462556627370e-02
-1.017230139838324554e+00
1.839625967873467216e-01
1.067511770460340736e+00
-5.784931447770860768e-02
4.445787005954318638e-01
4.632949299282497768e-01
4.219355053371853237e-01
-2.462896505991617746e-01
3.279225693808661413e-02
-4.024765756395127791e-01
nan
8.625832663642035714e-01
3.822954230838351841e-01
-1.840879917144775391e-01
3.637141121758354911e-01
3.472713099585639229e-01
1.062329676416185198e-01
-1.208075549867418108e-01
2.843525674608018416e-01
1.703381405936347237e-01
3.057715892791748047e-01
-3.153853946261935826e-01
5.911095937093099328e-01
1.856957806481255302e-01
nan
nan
nan
nan
6.317207018534342078e-01
-2.277716795603434152e-01
-3.890411059061686383e-01
-3.051537407769097099e-01
-1.266639100180731899e-02
-3.870414098103840961e-01
4.774141841464572544e-01
1.301575501759847098e-01
3.377387258741590403e-02
-1.602513657675849190e-01
-1.625372038947211495e-01
-5.280579990810818636e-01
-7.672923405965169641e-01
7.009988360934786833e-01
nan
4.077608320448133927e-01
2.645039293501112443e-01
1.375536812676323883e+00
-8.023918469746907922e-01
-6.039008498191833496e-03
4.462243715922037945e-01
1.499977111816406250e-01
-7.057101991441514510e-01
-2.223385704888237724e-01
2.322938707139756975e-01
-4.140031337738037109e-01
2.229216628604465122e-01
-4.932117991977267857e-01
nan
nan
nan
nan
-1.804482142130533762e-01
-4.001071718004014510e-01
6.754096878899468193e-01
4.184316529168022880e-01
-7.630852063496907922e-01
9.707292583253648854e-02
6.934901343451606026e-01
3.745412031809489117e-01
1.059823764695061593e-01
6.030113961961534041e-01
-1.367601421144273577e-01
-5.221436818440755578e-01
1.139283180236816406e-01
2.619009812672932758e-01
nan
-3.563528855641682758e-01
2.671506139967176896e-01
-4.295517868465847378e-01
6.624913877911037252e-02
1.320981846915351143e-01
6.796890364752875557e-01
-1.156666331821017746e+00
-6.774227884080674666e-01
-3.490582307179768695e-01
-8.434238698747423268e-02
5.863129297892252234e-01
1.757994360393947963e-01
-8.586111995908948802e-02
nan
nan
nan
nan
-5.222894748051961494e-02
-1.187081548902723549e+00
-1.202423307630750837e-01
-5.031725565592447547e-01
4.536214404635959263e-01
2.749310599433051339e-01
2.256725894080268136e-01
8.730193244086371651e-01
-2.688359419504801617e-01
1.142833100424872489e-01
1.213969230651855469e+00
5.154522789849175224e-01
7.086986965603299105e-01
4.003843996259901505e-01
nan
-6.891740030712550924e-02
-2.016525798373752093e-02
-6.867265039020115092e-02
3.929669658342997002e-02
-2.630010743935902798e-02
4.711407025655110492e-01
5.628467135959200895e-01
-3.574398093753390904e-01
4.104361004299587612e-01
1.965905560387505580e-02
2.834629747602674943e-01
-6.829465097851222799e-02
6.890279981825087052e-01
nan
nan
nan
nan
2.092190186182657785e-01
2.210427257749769392e-01
2.184097369511922293e-01
1.423082219229804268e-01
2.020350827111138114e-01
5.085548294915093193e-01
-1.149470938576592355e-01
3.730177349514431362e-01
-9.424405627780491068e-02
3.405874305301242466e-01
-2.456120120154486886e-01
-5.858772993087768555e-02
-1.792560418446858816e-01
-2.013582918379041853e-01
nan
2.251493930816650391e-01
3.054406907823350448e-01
-5.140553580390082589e-01
8.113745583428276786e-01
-9.759125179714627230e-01
8.176810476515028459e-01
-6.835611131456162948e-01
-1.036515004105038190e-02
-5.803887579176161271e-01
-3.098239898681640625e-01
2.650978300306532365e-01
8.197109964158799666e-01
-6.411024199591742745e-01
nan
nan
nan
nan
3.279267417060004464e-01
3.067633046044243583e-01
8.845692740546332589e-01
-5.177022086249457589e-01
1.077702840169270759e+00
3.036331799295213449e-02
-9.012331432766385042e-01
-1.694175667232937221e-01
-7.583951420254178011e-01
-3.325336840417650319e-02
9.785759184095594865e-01
-5.445120599534776229e-01
3.671187162399291992e-02
-9.544397062725490377e-02
nan
7.844920688205294645e-01
-2.771647440062628698e-02
-8.083711730109320592e-02
-4.498447842068142299e-01
-5.272016260359022044e-02
-2.132885588539971122e-01
1.202495363023546038e-01
-6.048443052503797990e-01
-1.621934440400865374e-01
8.414128091600205916e-01
2.078339623080359411e-02
-2.750726540883381976e-01
-1.659184296925862723e-01
nan
nan
nan
nan
-7.837977409362792969e-01
5.430467923482259485e-01
7.205194897121853792e-01
4.160317050086127511e-01
2.818921142154269810e-01
-6.838452021280924109e-01
-2.747071319156222935e-01
7.633289231194390068e-01
-7.788367271423339844e-01
5.991031858656141740e-01
-3.740349345737033482e-01
3.797606627146403180e-01
-5.928925938076443636e-01
-7.050625483194986609e-01
nan
-2.593679957919650669e-01
-7.846674919128417969e-01
-4.870067702399359932e-01
3.982739713456895370e-01
2.477659914228651228e-01
-1.322887871000501814e-01
7.958288325203789759e-02
-2.057750622431437082e-01
2.204609049691094169e-01
-2.730128765106201172e-01
3.146959675682915458e-01
-6.555549303690592911e-02
-4.772564040289984932e-01
nan
nan
nan
nan
-3.906231191423203963e-01
-5.613906118604872209e-01
2.342630094952053571e-02
-6.163507286045286776e-03
3.338349395328097935e-01
-4.736311170789930802e-01
1.691932015948825474e-01
2.416838705539703369e-02
-2.087769905726115025e-02
-6.134397718641493302e-01
-6.133984459771050224e-01
6.466295454237196427e-01
-5.436075528462728235e-01
-8.707632621129353379e-02
nan
-2.938764095306396484e-01
-1.221713887320624442e-01
-2.914615472157796039e-01
3.138369189368354073e-01
-4.145420127444797154e-01
4.170963168144226074e-02
6.837434238857692526e-02
-1.104324327574835868e-01
-4.754685825771755581e-01
1.018630464871724400e-01
4.017049206627739677e-01
-9.749303393893771208e-01
-7.965426974826389506e-02
nan
nan
nan
nan
2.868544790479872209e-01
4.237712754143608818e-01
2.060647474394904088e-02
4.117085668775770646e-01
-5.153009096781412390e-01
-7.350122133890787390e-01
3.669514656066894531e-01
3.455096615685356864e-01
-6.474896007113986052e-01
-4.394918017917209263e-01
-5.888140996297200891e-01
-3.830838468339707870e-01
3.681485851605733467e-02
6.442144181993272323e-01
nan
1.705095238155788784e-01
6.301181581285264510e-01
5.681689580281575891e-01
9.273487726847330359e-01
-7.058178053961859932e-01
1.033495929506089983e-01
-7.411238352457681922e-01
3.734126885732014789e-01
-1.585276524225870676e-01
-2.727176613277859096e-01
-4.329837428198920479e-01
-6.697958045535618021e-02
-4.652760823567708148e-01
nan
nan
