nan
nan
3.852865960862901229e-01
-1.408634583155314035e-01
-1.247123400370280022e+00
6.487791803148057479e-01
4.616813659667968750e-01
5.261610349019368860e-01
1.944778892729017439e-01
5.863816473219130021e-01
6.329989433288574219e-01
-7.195314301384819755e-01
-5.252491765552096820e-02
-2.633290820651584263e-01
-5.061019791497124443e-01
9.286496904161241073e-01
nan
-3.501871161990695591e-01
1.288648280832502616e-02
2.392511367797851562e-01
8.876643578211466934e-02
7.890774144066704798e-02
-9.310011333889431917e-01
-2.072901990678575335e-01
3.685274918874104633e-01
-3.358556694454616909e-01
-9.885306987497542025e-03
-4.037838776906331195e-01
-1.260589228736029854e-01
1.036491182115342857e+00
nan
nan
nan
nan
-5.705024931165907365e-01
-1.448331938849555141e-02
9.130645328097872770e-01
-2.784810596042209263e-01
-6.986995273166232145e-01
-1.148750517103407143e+00
-3.159281280305650808e-02
3.176084889305962333e-01
-9.966480069690281107e-02
-4.283267656962077008e-01
-4.349566035800510044e-01
-4.883978631761338729e-01
-3.020509878794352399e-01
1.868233945634630022e-01
nan
6.121737162272135047e-01
1.276054779688517160e-01
-9.574708011415269948e-02
2.127385669284396763e-01
2.428506745232476005e-01
1.339861419465806780e-01
1.192405488755967857e+00
-1.189604070451524553e-01
-4.154505464765760880e-01
-6.190094417995877230e-01
-2.333567672305636997e-01
3.299416171179877511e-01
-1.397069560156928292e-01
nan
nan
nan
nan
-5.104223887125650672e-01
-1.619238005744086273e+00
3.165598975287543526e-01
2.200350662072499477e-02
-2.101517783270941964e-01
1.956350935830010185e-01
4.168954690297444476e-01
-2.366285589006212053e-01
5.567221641540527344e-01
4.379931555853949776e-01
1.113766829172770229e-01
-5.806134541829427453e-01
-6.197758250766329802e-01
-7.292684581544664479e-02
nan
-1.062107827928331139e+00
-1.550751474168565514e+00
8.165682156880696985e-01
2.491396003299289341e-01
1.275136338339911690e-01
-5.311969651116265068e-01
2.278263039059109096e-01
4.478230244583553642e-03
6.477399402194552458e-01
5.344693395826551896e-01
3.481743865542941685e-01
-7.969222068786621094e-01
2.361995114220513114e-01
nan
nan
nan
nan
4.362192153930664062e-01
4.451466600100199150e-02
7.877661916944715959e-01
2.174452940622965402e-01
7.275664806365966797e-02
-4.470628632439507255e-01
2.826597160763210659e-01
9.543285369873046875e-01
1.925900644726223354e-01
-2.041498555077446708e-01
-8.595672713385688057e-01
-2.366557121276855469e-01
-9.218952390882703685e-02
-5.984981324937608260e-01
nan
2.748381296793619977e-01
-1.976606448491414481e-01
7.812990744908650254e-02
-1.181447154117955126e-03
-2.076189253065321150e-01
6.213817066616482698e-01
-4.233606921301947823e-01
1.363343265321519671e-01
-2.660231855180528182e-01
-4.129050572713215961e-01
-1.237667401631673131e-01
4.798914409346050590e-03
1.731718911064995536e-01
nan
nan
nan
nan
-1.612674130333794364e-01
-4.406752321455214005e-01
-2.511368327670627232e-01
-4.062944253285725726e-01
-7.365102767944335938e-01
2.834112379286024552e-01
-4.787560039096408482e-01
6.565603150261772880e-01
2.959173520406087055e-01
-8.562607235378689730e-01
-1.487880812750922432e-01
1.747231483459472656e-01
-1.375743283165825614e-01
-9.411285320917765762e-02
nan
2.215225034289889927e-01
-2.233635849422878628e-01
1.401718987358940849e-01
3.453433513641357422e-01
1.638054980172051200e-01
1.550748348236083984e-01
-7.646987703111436385e-01
5.457518895467122766e-01
-3.703635533650715961e-01
-6.079377730687459541e-02
-5.629467434353299105e-01
-8.807312647501627234e-01
-1.153972811169094448e-01
nan
nan
nan
nan
2.750848895973629499e-02
-1.593345403671264648e-01
9.376462300618489121e-02
-1.956684456931220284e-01
2.590954038831922990e-01
3.979872862497965680e-01
4.370453357696533203e-01
-1.850544909636179722e-02
-4.851814905802409039e-01
8.854338328043619422e-01
-5.535323354932997209e-01
-2.299147446950276785e-01
2.316271464029947824e-01
1.619035535388522740e-01
nan
3.049906094868977749e-02
4.451341629028320312e-01
-8.098909589979383927e-01
7.524102528889974328e-01
9.005955192777845286e-02
2.350618044535318918e-01
3.710578017764621372e-01
2.640476491716172922e-02
1.450154781341552734e-01
-5.475863350762261161e-01
-1.175943692525227791e+00
-1.269836293326483956e-01
-4.120835728115505581e-01
nan
nan
nan
nan
-7.330377366807725448e-01
2.882793744405110492e-01
-1.713634596930609932e-01
-2.345453368292914620e-01
5.458088450961642302e-01
4.362361166212294084e-01
-3.631628354390462055e-01
8.404561148749457589e-01
1.141902393764919754e+00
1.074283983972337542e-01
-4.817684491475422992e-01
-4.280348618825276508e-01
-1.455105543136596680e-01
-3.743255138397216797e-01
nan
-1.263739267985025949e-01
4.391421741909450893e-01
-3.548775513966878070e-01
-9.757250679863823661e-01
3.817289670308430805e-01
-1.257493495941162109e-01
7.962341308593750000e-01
3.857291009691026229e-01
7.030701107449002230e-01
-2.989247110154893625e-02
2.192498577965630580e-02
3.673291537496778392e-02
5.941628350151909599e-01
nan
nan
nan
nan
-2.036760118272569475e-01
8.929762310451931917e-01
-6.147629419962564734e-01
4.979641172620985490e-01
1.981122626198662529e-01
-8.857227034038966940e-02
2.948343753814697266e-01
-2.821312480502658482e-01
2.617050011952717914e-01
5.228755739000108260e-01
1.188109715779622322e+00
-1.014435238308376785e+00
-3.701590432061089286e-01
-2.358737786610921316e-01
nan
-2.281151347690158482e-01
-2.160383727815416155e-01
1.639588011635674247e-01
-9.195505777994791297e-01
5.097332530551486052e-01
-1.997602648205227399e-02
-3.452280362447102680e-01
-3.487477699915567803e-02
-1.186269786622789202e-01
3.102830515967475167e-01
6.348166465759277344e-01
4.529653125339084263e-01
1.105774031745062835e+00
nan
nan
nan
nan
2.611602147420247211e-01
-8.603554964065551758e-02
1.391450034247504464e-01
7.742010222540961217e-02
9.147712919447156810e-02
5.098651250203450891e-01
3.896005948384602680e-01
-3.300064934624565849e-01
-3.602687517801920758e-01
-1.991390784581502371e-01
-1.111764510472615514e-01
8.331121338738335380e-01
-2.523271507687038784e-01
-1.073534952269660087e-01
nan
9.004493289523654020e-01
-3.950134383307563057e-01
-2.111103269788953962e-01
-4.929882685343424664e-01
-1.721204386817084542e-01
-1.033908949957953460e+00
1.489921940697563896e-01
-3.467102050781250000e-01
-3.782586786482069474e-01
-2.134281794230143137e-01
-1.621319982740614118e-01
-7.540459103054469869e-02
3.446026113298203963e-01
nan
nan
nan
nan
2.988981207211812222e-02
1.151964187622070312e+00
-6.476485994127061385e-01
4.903100331624348773e-01
8.500848876105414342e-02
-2.259368101755777902e-01
-5.069060855441622770e-01
-4.339165952470567245e-01
-5.830829938252767297e-01
-1.627554761038886300e-01
5.640558401743570732e-02
-5.710687239964803291e-02
5.948842234081692243e-02
3.785213099585639229e-01
nan
-6.315061118867662526e-02
-1.296299431059095564e-01
-7.167310847176446009e-02
6.424087948269314730e-01
-1.117702060275607590e+00
3.993237018585205078e-01
-9.198809729682074776e-01
-7.847178247239854354e-01
-6.967395676506890068e-01
-3.118708067470126605e-02
-1.441284947925143833e-01
3.836220502853393555e-02
-5.324077606201171875e-01
nan
nan
nan
nan
2.424615754021538505e-01
6.277729670206705359e-01
1.248537566926744280e-01
-9.389269351959228516e-02
7.320029868019951869e-02
2.802144951290554409e-01
-8.122969203525118864e-01
-7.425440152486165735e-01
9.136217965020073661e-01
5.670703781975640068e-01
-1.341160005993313198e-01
-4.024980465571085381e-02
1.857439345783657575e-02
1.907763083775838309e-01
nan
-4.417984485626220703e-01
2.991281350453694476e-01
-5.023908085293240511e-01
6.089520984225802458e-01
1.556794802347819084e+00
-1.207945611741807757e-01
-5.422972043355306360e-01
6.083432833353678015e-01
3.940022786458333148e-01
-8.273644447326660156e-01
-1.848366028732723737e-02
-1.457800865173339844e-01
3.577416472964816685e-01
nan
nan
nan
nan
3.986513863007227869e-03
-5.266689194573296318e-01
-8.536466492546929130e-01
-6.546833250257704240e-01
1.528811057408650809e-01
-2.992698086632622489e-01
-2.847227785322401505e-01
3.645379543304443359e-01
-1.792235010200076556e-02
-3.297936916351318359e-01
3.980872895982530135e-01
1.602056953642103376e-01
-9.287626478407118302e-01
1.433971828884548660e+00
nan
-7.233416769239637834e-01
-4.915365113152397880e-01
-6.851669947306314734e-01
-6.668460634019639510e-01
-1.692250569661458426e-01
7.552287843492295760e-01
-9.597535663180880583e-01
1.600221527947319755e-01
-4.519712660047743302e-01
-1.094602478875054352e+00
6.523948245578341520e-01
5.536608695983886719e-01
9.810785717434353792e-01
nan
nan
nan
nan
4.757493866814507255e-01
-2.181861930423312779e-01
-6.001113520728217077e-02
-4.681682056850857143e-01
2.579344643486870536e-01
-1.276967393027411690e-01
-7.313856151368883229e-02
-6.899704933166503906e-01
1.254063288370768303e+00
3.037934833102755999e-02
7.388487392001681364e-01
2.350835800170898438e-01
3.143716653188069476e-01
-8.684186405605740511e-01
nan
7.687273952696058177e-02
-1.265306896633572098e+00
6.722805235120984935e-02
-1.951710648006863003e-01
-5.927277670966254464e-01
-3.848824236128065568e-01
-7.980256610446505583e-01
1.393423477808634348e-01
8.707935545179579240e-01
1.044577810499403236e+00
-4.470410876803928013e-01
2.682571444246504080e-02
-1.125838359196980748e-01
nan
nan
nan
nan
-4.443923632303873883e-01
3.561265468597412109e-01
7.269215583801269531e-02
-4.810093243916829242e-01
2.218160529931386196e-02
9.051299624972872770e-01
3.559830453660752791e-01
4.297730127970377789e-01
7.737860679626464844e-01
3.883841567569308872e-01
-1.391132248772515290e+00
-2.314978970421684989e-01
-1.272945354382197004e-02
2.514825926886664620e-01
nan
4.111521773868136997e-01
6.509886847601996374e-02
9.119840198092989958e-01
1.443620045979817634e+00
-2.018730342388153076e-02
2.587086094750298271e-01
-1.695958375930786133e-01
-6.145194371541341516e-01
1.699895726309882393e-01
7.662563853793674662e-02
-5.403168996175130578e-01
-2.777691947089301339e-01
1.533921692106458845e-01
nan
nan
nan
nan
-9.087450239393446427e-01
6.160469584994845427e-01
8.238119019402397880e-01
-2.264095942179361887e-01
4.480160077412922992e-01
1.999618344836764927e-01
2.418694496154785156e-01
1.097599559360080246e+00
-5.861619843377007255e-01
5.353904432720608259e-02
1.055299335055881027e+00
1.481353044509887695e-01
-8.082340028550889510e-01
6.112888124254014510e-01
nan
2.815667788187662945e-01
-2.327113019095526647e-02
-3.218632539113362445e-01
2.530610826280381698e-01
-2.837190098232693081e-01
-2.625669373406304130e-01
-6.468622949388291854e-01
-7.831161287095811385e-01
-1.887462404039171038e-01
-2.060440646277533761e-01
1.793169577916463309e-01
7.547339863247342073e-01
-1.892015536626180106e-01
nan
nan
nan
nan
-4.353739950391981584e-01
-1.031327671474880692e+00
1.178157594468858482e+00
4.513346354166666852e-01
1.052469571431477791e+00
-4.595852560467190116e-03
-1.141165759828355608e-01
7.910660107930501672e-01
4.846735530429416294e-01
5.906387964884439734e-01
-7.239926656087239953e-01
1.565674781799316406e+00
8.158802986145019531e-02
7.084543506304423303e-03
nan
-6.869898902045356026e-01
7.372894287109375000e-01
1.740146478017171316e-01
5.206531948513455355e-01
-4.149608612060546875e-01
-9.050922393798828125e-01
5.633606513341268135e-02
-3.682904243469238281e-01
-6.667827235327826452e-02
-3.292876349555121651e-01
7.938330438401963729e-01
-3.124608463711208706e-01
5.964035458034939730e-01
nan
nan
nan
nan
-2.896245585547553292e-01
4.316341347164577846e-01
-7.096561325920952568e-01
-5.497385660807291297e-01
1.545115152994791741e+00
5.531967480977376672e-01
2.447364595201280413e-01
-9.728169441223144531e-02
8.876420127020941964e-01
8.808325661553276786e-01
-1.223242547776964007e-01
3.473005029890272599e-01
6.932642194959852677e-01
4.675547281901041852e-01
nan
8.994118372599283484e-01
-1.467727422714233398e-01
3.679278161790635604e-01
-3.478791713714599609e-01
2.089958224031660330e-02
-4.952394167582194195e-01
-1.153159406450059710e-01
8.012582461039224890e-01
-1.191837920082940011e-01
-1.513697571224636440e-01
-3.390636377864413714e-02
3.605946434868706474e-01
7.981474134657118302e-01
nan
nan
nan
nan
2.179578940073648996e-01
-1.241527001063029018e-01
-3.969695988214678355e-04
7.174348301357693636e-01
1.205817328559027679e+00
-4.072447352939181919e-01
3.623288737403022042e-01
4.327126344045003487e-02
-2.055608034133911133e-01
-7.980918222003513529e-02
4.047630363040500279e-01
-4.175296094682481307e-01
-7.288926839828491211e-02
1.066014501783582924e+00
nan
-5.990618069966634485e-01
6.546786096360948104e-01
-4.269641505347357979e-01
1.222711139255099777e+00
-2.792748345269097099e-01
-6.546644104851616630e-01
-7.955292065938314172e-01
2.155333889855278739e-01
-2.049800025092231026e-01
5.076471302244398021e-02
-1.513263278537326340e+00
-9.559102853139241074e-02
1.139214966032240095e-01
nan
nan
nan
nan
-2.738148371378580914e-01
-1.205317046907213030e-01
-8.819163640340169641e-01
-2.787883414162529994e-02
-5.217137336730957031e-01
-1.183516449398464565e-01
1.740683052274915876e-01
1.445403946770562165e+00
3.277253044976128349e-01
5.069593323601616630e-01
6.695645650227864953e-01
5.085417429606119422e-01
8.590313063727484932e-01
4.048945903778076172e-01
nan
-1.568457947836982003e-01
-8.774142132865057897e-02
3.651701079474555245e-01
2.989752425087822962e-02
-1.572213967641194754e-01
5.647406578063964844e-01
-9.087936083475749161e-02
-2.207614845699734096e-01
-1.240206956863403320e-01
7.473509046766493302e-01
-1.740366882748073940e-01
-1.851619084676106863e-01
-5.121429761250814172e-01
nan
nan
nan
nan
1.835170189539591379e-01
-4.263035125202602887e-02
-5.066974427964952010e-01
2.802415953742133370e-01
-2.205521000756157646e-01
1.037331687079535492e+00
4.107782575819227677e-01
-9.093575345145331335e-02
-8.095160590277777901e-01
-2.632845507727729073e-01
-4.046684371100531807e-01
-4.342817465464274274e-01
4.467625088161892299e-01
8.704519271850585938e-01
nan
-3.658542897966172713e-01
-1.799041430155436105e-01
-4.062845971849229354e-01
7.147952715555826453e-01
-3.765189912584092635e-01
2.086602449417114258e-01
2.758942710028754464e-01
6.985706753200954244e-02
-5.632825957404242745e-01
6.334591971503363839e-01
5.996689266628689730e-01
1.913816001680162249e-01
-2.959003713395860422e-02
nan
nan
nan
nan
1.870991951889462018e-02
-3.019306924608018416e-01
1.399213605456882115e-01
-1.185635725657145229e-01
9.570837683147853658e-02
1.108496771918402679e+00
-6.110900243123372766e-01
9.464900758531358260e-01
-4.186311562856038226e-01
-2.296453581915961495e-01
-4.021218087938096541e-01
-2.419582472907172432e-01
7.906097835964627230e-01
2.426494492424858818e-01
nan
6.230948766072591516e-01
-5.283552805582681922e-01
1.440016163720024833e-01
-6.557028558519151229e-01
-3.970582220289442521e-01
5.197298791673448104e-01
7.782111697726779020e-01
-4.961906539069281807e-01
4.677149454752604352e-01
-2.951951026916503906e-01
-7.554332945081922990e-01
-4.806397226121690291e-01
7.471574677361382255e-01
nan
nan
nan
nan
1.883870404627588108e-03
-3.944239020347595215e-02
1.367254522111680803e-01
9.055374066034953262e-02
-4.680527581108940849e-01
1.860553688473171596e-01
2.965280479855007534e-01
-2.539552317725287667e-01
2.716306315528022042e-01
7.227159606085883370e-01
3.660335010952419643e-01
6.082416640387641182e-01
-2.557893329196506138e-01
6.021610895792642998e-02
nan
5.750507248772515068e-01
1.097338398297627721e-01
6.325976583692762834e-01
2.608560721079508649e-01
1.466381814744737444e-01
-5.212128427293565291e-01
-6.044694582621256140e-01
-5.344837490055296542e-03
-3.118650648328993302e-01
2.935158411661784039e-01
-5.163049168056912386e-01
2.520635922749837055e-01
-6.339216232299804688e-01
nan
nan
nan
nan
-5.831549564997354912e-02
-1.918043560451931362e-01
-6.643270916408963167e-01
2.847722371419270648e-01
-2.629029750823974609e-01
-7.200941774580213450e-02
9.046303431193033484e-01
1.412549018859863281e-01
-4.771842956542968750e-01
4.402608010503980540e-02
-7.346888383229573105e-02
8.967285686069065287e-02
7.572822570800781250e-01
-7.321240637037489396e-01
nan
-5.745317671034071427e-01
-3.385933571391635394e-02
-1.263346142239040737e-01
4.341809749603271484e-01
2.587323221895429862e-02
2.880824936760796318e-01
-4.493766890631781807e-01
-9.350913365681966516e-01
-3.332754241095648995e-01
-5.459943877326117745e-01
-5.570662286546494979e-01
-1.071557203928629604e-01
6.180875036451551896e-01
nan
nan
nan
nan
2.461116313934326172e-01
1.251503576834996599e-02
7.689041031731499443e-01
1.338167587916056223e-01
-3.941650125715467912e-01
1.159206893708970842e-01
-2.013648351033528738e-01
-3.695105446709526786e-01
-4.001903269026014787e-01
5.077827771504720422e-01
9.035286804040273609e-03
1.125301467047797210e+00
6.772853268517388392e-02
9.602742724948458708e-01
nan
5.508200327555338310e-02
1.757614976829952741e-02
5.308094289567735768e-02
-8.290991187095642090e-03
1.297525564829508371e-01
-1.007219314575195312e+00
-3.709291617075602399e-01
5.104040039910210380e-01
9.704175260331895925e-02
-6.439633501900567103e-02
-8.784214655558267859e-01
-2.819879849751790180e-01
3.018433517879909878e-01
nan
nan
