nan
nan
-1.829050381978352957e-01
-3.578777843051486607e-01
3.556405703226725445e-01
-4.235474003685845146e-01
-2.751626703474256974e-01
5.237698025173611605e-01
-8.264990912543402901e-01
-3.608076307508680802e-01
2.046577003267076311e-01
4.353021250830756139e-02
-1.116356849670410156e-01
-3.739164405398898716e-01
-4.286619027455647601e-01
3.935626612769232979e-01
nan
1.929469770855373745e-01
2.379434373643663225e-01
-9.377395444446140482e-02
2.374060418870714007e-01
8.727242151896158484e-01
-6.624177296956380578e-01
8.708715438842773438e-01
-2.834384441375732422e-01
-2.046281099319458008e-01
2.331248919169107980e-01
-3.588150872124565849e-01
3.308793438805474052e-01
2.217528157764011021e-01
nan
nan
nan
nan
-2.552805476718478794e-01
5.342639154858059430e-02
2.973416381412082310e-01
8.694291114807128906e-01
-2.870142194959852677e-01
-4.667202631632487164e-01
-6.223817931281195870e-01
-5.288731720712450124e-02
3.958919048309326172e-01
1.299909750620523996e-01
1.167961888843112583e-01
-6.303878360324435270e-01
2.510042190551757812e-01
1.292012638515896317e+00
nan
-4.763570361667209263e-01
4.044558472103542690e-01
7.497498194376627234e-01
-7.853914896647135047e-01
2.966765562693278180e-01
-1.029472563001844643e+00
-4.110602537790934430e-01
-2.943504651387532367e-01
7.710751957363553011e-01
-3.380119535658094865e-01
-5.080005327860513953e-01
-7.404728465610079802e-01
-1.011030303107367523e+00
nan
nan
nan
nan
-2.560410764482285995e-01
-7.790445751614041292e-01
-3.066242006089952010e-01
7.536853154500325891e-01
3.516099982791476841e-01
4.270036485460069198e-01
3.408931626213921318e-01
-2.092445029152764091e-01
4.386873775058322544e-01
-6.355397966172959823e-01
1.944221523072984514e-01
-7.482693460252549666e-01
-2.408791747358110177e-02
-5.153450965881347656e-01
nan
-6.829353835847642995e-02
-4.295249250200059432e-01
1.361845731735229492e-01
-6.467126723792817472e-03
-1.590973668628268833e-01
-1.423626475863986607e-01
4.124236371782090682e-01
2.021593252817789621e-01
1.316030926174587723e+00
6.029848522610135042e-01
-1.241933769649929409e-01
2.698343329959445591e-01
4.797621832953559151e-01
nan
nan
nan
nan
1.919237905078464146e-01
5.258020295037163505e-01
-7.026628653208415176e-02
5.454655223422579802e-01
8.171568976508246374e-02
3.277605374654133930e-01
-2.927834457821316128e-01
-3.420985804663764229e-01
7.552883360120985490e-01
-3.320569992065429688e-01
-6.149983406066894531e-02
4.083371162414550781e-01
1.186851130591498465e-01
1.160114606221516853e+00
nan
-3.880043824513753070e-01
2.792175081041123885e-01
5.183589193556044084e-01
1.685077216890123186e-01
-1.391703287760416574e-01
-4.347972869873046875e-01
-8.470903502570258370e-01
3.050843874613444195e-01
2.708728048536512834e-01
-1.261185116238064285e+00
7.316582467820909041e-01
-2.402178181542290458e-01
-3.695022794935438615e-01
nan
nan
nan
nan
-2.044797738393147879e-01
-6.179043451944986609e-01
-6.458599832322862166e-01
6.200842327541775667e-01
-2.123196919759114676e-01
-1.996566587024264927e-01
-5.977963821755515397e-03
-8.650232421027289620e-01
-6.991586685180664062e-01
-1.116588645511203404e-01
1.873246431350708008e-01
9.114109675089517859e-01
1.146199226379394531e+00
1.379148059421115402e+00
nan
-3.482240041097005023e-01
-2.665462493896484375e-01
4.271515740288628349e-01
1.348803970548841658e-01
-4.160434669918484096e-01
4.495874510871039620e-01
1.837362845738728934e-01
8.779966036478678015e-01
-9.515577952067056922e-01
-1.101761288113064285e+00
5.189674695332845422e-01
-1.009012964036729576e+00
-7.573871480094061803e-02
nan
nan
nan
nan
-3.204036818610297432e-01
2.848549154069688338e-01
1.164295276006062779e-01
3.173777262369791852e-01
-5.574870639377169645e-01
-9.393621020846896208e-01
-7.946138249503241491e-02
-1.733667585584852400e-01
-9.986772537231445312e-01
2.954069773356119977e-01
-1.222247017754448800e-01
-1.132168451944987053e+00
5.327100753784179688e-01
-3.366961744096543807e-01
nan
-3.861595259772406807e-01
5.589004092746310270e-01
-3.719139761394924665e-02
-2.246138784620496931e-01
2.418292363484700613e-01
-6.235651837454901647e-02
5.975134107801649552e-01
3.689371744791666852e-01
4.824617173936631698e-01
6.555536588033040735e-01
-6.776073773701986047e-01
-6.123210589090982703e-01
-3.709011342790391463e-01
nan
nan
nan
nan
-2.640350659688313617e-01
6.758213043212890625e-01
1.599860986073811941e-01
-4.130257500542534599e-01
1.760508120059967041e-02
-6.495944658915202286e-02
-2.262117597791883650e-01
-2.256138324737548828e-01
-4.293702973259819755e-01
-2.657176388634575614e-01
1.121580441792805916e+00
5.173894762992858887e-02
1.255448394351535435e-01
6.522949536641439172e-01
nan
-3.188828627268473492e-01
-3.055836889478895646e-01
8.572251531812880021e-01
7.199666765001084823e-01
4.549506505330403461e-01
8.958806991577148438e-01
1.235757933722601898e+00
1.608434485064612340e-02
6.804608239067925224e-01
-9.922885894775390625e-01
1.483774317635430107e-01
-2.189306683010525112e-01
1.139181349012586830e+00
nan
nan
nan
nan
-3.329373399416605400e-02
1.037391556633843331e-01
-3.666507667965359096e-01
-1.444808774524264927e-01
6.157132652070787526e-02
-3.356377283732096539e-01
2.644035816192626953e-01
1.832270489798651925e-01
5.945391125149197542e-01
8.915040757921006698e-01
9.554998609754774552e-01
1.316397719913058872e-01
-2.694013913472493305e-01
-3.803763124677870255e-01
nan
2.576375007629394531e-01
9.194795820448133927e-01
2.951377762688530693e-01
3.229938083224826451e-01
2.116429011027018137e-01
4.535235828823513393e-01
-1.709017356236775809e-01
-1.319892141554090681e-01
-2.598817613389756698e-01
-1.535345183478461495e-01
1.577135403951009041e+00
-4.437214798397488003e-01
7.388399442036946985e-01
nan
nan
nan
nan
3.728156619601779576e-01
3.306442896525065289e-01
-8.538896507687038229e-02
5.737681918674044645e-01
2.080112430784437361e-01
-2.471397717793782645e-01
-5.165360040134853864e-02
2.526994811164008370e-01
6.748400794135199499e-02
6.647956106397840959e-01
-4.288155502743191128e-01
7.771398226420084265e-01
7.479043006896972656e-01
-2.482032775878906250e-01
nan
6.693223449918958567e-02
2.560296323564317245e-01
4.890547858344184151e-01
6.394380993313258932e-02
2.061456176969740095e-01
-7.859161165025498885e-01
-3.345467779371473771e-01
3.068922294510735560e-02
-6.051449775695800781e-01
-3.865900304582383651e-01
5.344605975680880583e-01
2.617053190867106305e-01
3.063046932220458984e-01
nan
nan
nan
nan
2.193518744574652901e-01
4.670045640733506698e-01
9.960323572158813477e-02
-1.216796371671888533e-01
4.144823021358913784e-01
-1.107780867152743931e-01
5.362141397264268416e-01
9.116466310289170760e-01
6.152460972468058037e-02
1.034681598345438686e-01
1.143574184841579910e+00
-8.218226167890760325e-02
-2.895198927985297432e-01
9.743281867769029714e-02
nan
5.878919363021850586e-02
5.281573931376138953e-01
-4.210019641452365513e-01
-3.643013106452094307e-01
-3.505902555253770370e-01
2.838240994347466239e-01
1.877429352866278878e-01
-8.166714774237738839e-01
9.401697251531813265e-03
-1.710297134187486467e-01
2.056310077508290493e-02
-2.004376649856567383e-01
5.500623385111490515e-01
nan
nan
nan
nan
5.931049982706705359e-01
-2.869830396440293807e-01
-8.338074551688300085e-02
-6.458436780505710795e-02
-4.704403347439236049e-01
-2.588422298431396484e-01
-6.916078991360135042e-01
4.543565644158257255e-01
8.603999349806043528e-02
-1.347962617874145508e-01
-1.636143525441487723e-01
-1.136551698048909459e-01
-2.060754299163818359e-01
3.663911289638943081e-01
nan
8.331273926628960380e-01
5.082413885328505021e-01
9.733112653096516464e-02
-3.508076932695176620e-01
9.481664233737521208e-01
-6.515155898200141182e-01
7.488833533393012276e-01
-1.744170718722873326e-01
3.284194734361436385e-01
2.017434438069661551e-01
1.842022789849175446e+00
1.029030283292134557e-01
3.350090715620253068e-01
nan
nan
nan
nan
2.073646121554904576e-01
8.322762118445502233e-02
3.363562689887152901e-01
-4.689866171942816964e-01
-1.178904506895277204e-01
2.447555065155029297e-01
2.143351766798231306e-01
-1.897602213753594169e-01
-6.882559458414713172e-01
3.262779712677001953e-01
5.459640291002061385e-01
-3.904635111490885602e-01
8.379811710781521761e-01
-2.135001156065199079e-01
nan
-4.364636739095051898e-01
-1.176463339063856361e+00
1.405979394912719727e-01
-8.727481100294325334e-01
3.304291036393907088e-01
2.161128388510810128e-01
2.136670351028442383e-01
-2.409840689765082589e-01
-4.602629343668619977e-01
-8.081239064534505578e-01
1.920707623163858957e-01
4.512304729885525112e-01
3.655813005235459823e-01
nan
nan
nan
nan
-4.214526547325981864e-01
-9.285319513744777487e-02
8.599058257208930245e-01
1.900293164783053990e-01
-5.959385236104329797e-01
4.971646202935112724e-01
-4.053901036580403461e-01
3.347680568695068359e-01
-1.174953778584798131e-01
-3.917820983462863560e-01
2.868044376373291016e-01
1.321489148669772740e-01
1.039637459648980133e+00
-4.520562489827473773e-01
nan
-1.748894850413004465e-01
-1.725146638022528878e-01
-8.155480855041079280e-03
-6.215040418836805802e-01
-2.439428435431586495e-01
-5.025845633612738839e-01
-2.344596121046278181e-01
1.030998561117384138e-01
-2.329352961646186104e-01
6.464533673392401647e-02
-3.340455426110161552e-01
-4.703254169887966518e-01
4.570875565210977959e-02
nan
nan
nan
nan
1.684363815519544783e-01
-1.165963013966878209e-01
8.176751931508381699e-02
3.933172755771213169e-01
-9.653138452106052592e-02
-3.588199350568983537e-01
-1.334579388300577707e-01
7.929613325330946427e-01
-9.462158415052626115e-01
1.076425512631734166e-01
-4.348053932189941406e-01
6.468239890204535714e-01
-4.971221288045247211e-01
3.665463129679362164e-01
nan
-2.360200352138943081e-01
2.832305431365966797e-01
5.092849731445312500e-01
-8.351586262385050918e-02
3.451701005299885883e-01
-3.525594075520833148e-01
-3.148043155670166016e-01
-2.431910832722981863e-01
-1.981562376022338867e-01
-2.196236981285942802e-01
-2.318819363911946707e-01
-1.487978299458821672e-02
6.564320458306206474e-01
nan
nan
nan
nan
5.483704143100314177e-01
-3.789460129208034878e-01
4.384397135840522042e-01
-2.186409499910142717e-01
7.626154025395710800e-02
3.750153382619221820e-01
1.587566932042439871e-01
-6.509616639879015065e-02
-7.604546546936035156e-01
-1.660807265175713310e-01
1.099366197983423811e-02
2.190830310185750418e-01
-9.490394592285156250e-01
5.687119563420613838e-02
nan
2.027157280180189314e-01
-3.060108820597330914e-01
9.572278128729926339e-01
-1.211835675769382115e-01
-2.980148792266845703e-01
-2.830231984456380023e-01
7.199087142944335938e-01
6.924018859863281250e-01
1.282743242051866295e+00
3.934813340504964008e-01
8.387681510713365651e-02
-3.480003939734565011e-01
-6.288606325785318640e-01
nan
nan
nan
nan
-3.890233304765489120e-01
-1.231400834189520926e-01
2.180404451158311829e+00
5.952146848042806360e-01
3.905542426639133091e-01
-6.087662908766005021e-01
4.989714622497558594e-01
3.031304677327473773e-01
-1.128362814585367885e-01
5.763991143968369979e-01
1.192703247070312500e-01
1.133515781826443192e+00
-5.766793357001410714e-01
5.854401323530408763e-02
nan
-6.078120337592231026e-01
4.989991717868381138e-01
-3.606955475277370815e-01
-3.456951636407110378e-03
3.731762568155924664e-01
-4.706712828742133370e-01
-5.531797938876681364e-01
9.175500869750976562e-01
-1.216379695468478683e+00
9.131925370958116073e-01
-1.854961183336046038e-01
-9.877074427074855612e-02
-4.476680755615234375e-01
nan
nan
nan
nan
1.988356245888603935e-01
-4.035867585076226283e-02
-3.413253095414903182e-01
1.899106237623426618e-01
2.048482365078396206e-01
-9.669456217024061800e-03
1.599800984064737863e-01
4.712038569980197544e-01
-3.225517802768283482e-01
-7.355652915106879186e-02
3.811471197340223771e-01
-6.909972826639810828e-01
5.798290040757920760e-01
5.391873253716362724e-01
nan
5.114286740620931360e-01
-5.911811192830403877e-02
-1.760961612065633231e-01
-9.750017589992947542e-01
-6.724943055046929408e-02
-2.956978744930691128e-01
-4.842058287726508370e-01
-9.751827187008327291e-02
-9.871537155575221822e-02
3.492600917816162109e-01
-1.171959638595581055e-01
1.202040248446994308e+00
-1.716849671469794503e-01
nan
nan
nan
nan
-2.966980139414469586e-01
6.256628036499023438e-01
5.211080445183647880e-01
1.189737584855821428e-01
3.464944892459445591e-01
7.458018196953667411e-01
1.083256509568956139e+00
-2.288168006473117466e-01
-1.521919356452094085e+00
-3.798100418514675503e-01
-4.226798746320936662e-01
-1.883616579903496513e-01
2.916650772094726562e-01
5.732515123155382253e-02
nan
5.667623413933647880e-01
2.102916240692138672e-01
-4.983652962578667411e-01
8.545220692952474328e-01
-2.542056772443983537e-01
2.074054479598999023e-01
-9.779294331868489953e-01
-3.847301271226670760e-01
2.857296466827392578e-01
-8.177325990464952010e-01
-3.597801923751831055e-02
1.364062521192762611e+00
-1.471659209993150530e-01
nan
nan
nan
nan
3.758194446563720703e-01
-4.326303535037570591e-01
4.566128518846299666e-01
-2.565987639957004185e-01
-5.559421645270453682e-01
-6.317122777303060266e-01
3.738094435797797432e-01
-1.192108872863981497e-02
7.189307742648654020e-01
1.232897308137681780e-01
6.537674797905815849e-01
3.486021359761555805e-01
8.652936749988132670e-02
-2.394738992055257254e-01
nan
5.697247717115614396e-01
8.806024127536349333e-01
-2.784915765126546108e-02
1.685802804099189034e-01
4.894701639811198102e-01
-3.106398052639431362e-01
-4.879803657531738281e-01
2.693139712015787945e-01
-2.309699323442247210e-01
1.315279271867540178e-01
-1.762224965625339146e-01
-4.110236962636312080e-02
1.132262680265638533e-01
nan
nan
nan
nan
-1.286830504735310965e-01
-2.164596716562906809e-01
1.304759025573730469e+00
3.679054843054877511e-01
2.846308019426133651e-01
1.023071143362257185e-01
-3.650249640146891461e-01
4.380212889777289620e-01
-1.327917973200480051e-01
3.102806144290500279e-01
-1.557143661710951033e-01
3.285267882876926060e-01
-2.467638088597191859e-02
-4.555480745103623885e-01
nan
-7.939802805582681922e-01
-4.509170850118001117e-01
-5.044554074605306360e-01
-5.530725055270724333e-01
4.207131862640380859e-01
1.488869057761298409e-01
2.315319908989800224e-01
1.330292595757378571e+00
6.686985757615830916e-01
4.918193287319607143e-01
1.350642707612779436e-01
4.696713023715549107e-01
-2.675341765085856305e-01
nan
nan
nan
nan
-3.994776672787136440e-01
1.899115906821357003e-01
6.906033621893988839e-01
-7.002047962612576448e-01
3.804008695814344865e-01
2.483088175455729074e-01
-1.109088990423414411e-01
-4.081578784518771763e-01
-2.579380406273735771e-01
5.247111320495605469e-01
4.951218499077690849e-01
-1.409810384114583426e-01
8.838011158837212611e-02
-4.943362341986762276e-01
nan
4.294624593522813338e-01
5.195429590013291854e-01
4.003884527418348771e-01
4.622468418545193081e-01
7.325211630927191964e-01
8.702952067057291297e-01
-6.989202234480115794e-02
-5.878200795915392018e-02
1.414498355653550921e-01
1.502834849887423996e+00
-6.638167169358994979e-01
-2.797963884141709823e-01
-1.755545039971669399e-02
nan
nan
nan
nan
1.133570141262478237e-01
3.059431248241000628e-02
3.609645101759169084e-01
2.337532838185628348e-01
-6.556111441718207589e-01
2.902439700232611886e-01
-1.083657476637098549e+00
5.360019471910264510e-01
6.980897585550943640e-01
-8.140341440836588172e-01
-1.484609842300415039e-01
-3.814412487877739677e-01
-9.518384933471679688e-02
5.044644673665364953e-01
nan
1.125856373045179548e-01
-8.582413991292318078e-01
5.777078204684786833e-01
6.163343323601616630e-01
-5.171925756666395646e-01
-2.347615559895833426e-01
-1.515252987543741769e-01
3.206051190694172992e-01
-2.312014632754855747e-01
3.391417662302653180e-01
3.717846764458550446e+00
1.556160608927408928e+00
-8.975450727674696427e-01
nan
nan
nan
nan
4.770811398824055805e-01
1.697882281409369698e-01
6.840007570054795760e-01
-7.409466637505425224e-01
-5.882214440239800224e-01
-1.494407123989529018e-01
-3.047383096483018416e-01
1.095535172356499665e+00
1.793976889716254464e-01
3.659676445855034599e-01
-3.457898563808864956e-01
-1.399054129918416434e-01
2.148799896240234375e+00
6.749848683675129912e+00
nan
7.038226127624511719e-01
1.089604761865403948e-01
4.906124009026421318e-01
1.176687134636773102e+00
4.651596281263563615e-01
-4.905998971727159041e-01
-2.683495415581597099e-01
-2.753203776147630441e-02
1.482534090677897209e+00
-5.857728587256537389e-02
2.438809606764051618e-01
1.975633170869615374e-01
5.271699163648817521e-01
nan
nan
nan
nan
1.180418332417805916e+00
3.220847023857964508e+00
1.414971245659722321e+00
5.769759813944498328e-01
6.586373647054036828e-01
-7.431899706522623328e-01
1.418261633978949554e+00
-1.114655865563286691e-01
2.828193505605061664e-01
-1.155814859602186384e-01
-3.800688518418206263e-02
-3.819870948791503906e-01
-1.268019808663262138e-01
4.383191797468397599e-01
nan
1.945105128818088169e-01
-4.826976855595906807e-02
9.505088594224717635e-01
-5.542228486802842635e-01
-2.375189728207058315e-01
-2.381695310274760044e-02
8.540332370334201784e+00
1.015806198120117188e+00
1.018736839294433594e+00
-5.352281530698140694e-02
7.694226900736490515e-01
2.035837703280978794e-01
-7.231619622972276784e-02
nan
nan
