nan
nan
-1.156400044759114537e-01
-4.324060058593749978e-01
-7.780609130859375382e-03
-7.463812298244900355e-03
7.483564588758680192e-02
-3.205750189887152657e-01
-7.502227783203124778e-02
4.466219075520833082e-01
3.763090684678819242e-01
9.042787000868055536e-01
6.939268324110242636e-02
3.344543796115451162e-01
1.425593694051106690e-02
-1.422909545898437544e-01
-6.341979980468749611e-02
4.880122545030382009e-01
-1.025481499565972232e-01
-1.514706081814236049e-01
-1.465868801540798627e-01
-1.999113633897569575e-01
-2.937306722005208481e-01
5.959429931640625178e-01
-5.272799004448784910e-01
4.450776502821180425e-01
-1.583934466044108202e-02
3.111467827690972410e+00
-1.115007697211371496e-01
-3.055471462673611249e-01
nan
nan
nan
nan
1.191895802815755162e-01
2.503262668185763928e-01
9.405269198947482923e-02
-7.392903645833333037e-01
-5.279979451497396337e-01
6.613525284661187290e-03
-4.332623969184027923e-01
-6.792318386501735583e-01
-6.140819634331596832e-01
-6.902318742540147767e-02
-3.629549153645833526e-01
-2.885969712999131853e-01
1.259384494357638773e-01
-5.437358432345919951e-02
9.385987175835502905e-02
-2.012860955132378393e-01
-8.670433044433593917e-02
-2.139782545301649186e-01
1.069065009223090224e-01
1.146556176079644163e-01
-9.415260145399305669e-01
-3.104330783420138906e-01
-9.483426809310912652e-04
4.298779635959201206e-01
2.281610785590277857e-01
4.085317314995659532e-01
6.446954345703125311e-01
4.009096272786458193e-01
nan
nan
nan
nan
6.331128607855902590e-01
-1.373124525282118091e-01
3.629591623942057116e-02
-1.285320705837673660e-01
-1.910403611924913203e-01
1.145436180962456675e-02
-4.829875352647569620e-01
4.880829535590277546e-01
-3.329392804039849052e-03
2.259303622775607756e-01
-2.400422159830729041e-01
4.552117241753472210e-01
-1.564536709255642255e-01
5.220713636610243569e-01
-3.130242665608724134e-02
-6.729789225260416341e-01
-3.705223592122395826e-01
4.230265299479166879e-02
-2.457506985134548516e-01
3.443563842773437744e-01
3.486266750759548505e-01
-8.707332356770833837e-01
4.113449096679687722e-01
-7.054777018229166918e-01
-5.157836914062500222e-01
-1.222221883138020770e-01
-6.876457638210720091e-02
1.463945007324218839e-01
nan
nan
nan
nan
-7.839462280273437611e-02
-6.551560465494791208e-01
1.627669779459635369e-01
-2.216336398654513984e-01
5.064447614881727178e-02
3.817736731635199693e-02
1.192434353298611055e-01
-3.540353054470485872e-01
-4.882719251844617851e-03
9.332227918836805136e-02
4.518977864583333393e-01
-3.087756347656249734e-01
4.253201972113715423e-01
3.745144738091362585e-02
7.369455973307291463e-02
-5.038970947265625222e-01
-2.204715135362413092e-01
-1.619488186306423660e-01
1.585826110839843872e-01
-2.400315348307291707e-01
-3.077840847439236027e-01
3.884592268202039650e-02
-2.983706665039062567e-01
-2.162149217393663225e-01
9.693624708387586775e-02
-5.067139201694064246e-03
-4.818810696072048372e-01
-2.917394002278645981e-01
nan
nan
nan
nan
-4.279110378689236077e-02
-1.268585798475477533e-01
3.146690199110243058e-01
-3.643746948242187478e-01
-1.060659366183810820e-01
-3.261473592122395848e-01
-6.487793816460503404e-02
4.742096286349826162e-01
4.549614376491970674e-02
2.751890733506944242e-01
-4.123062981499565904e-02
9.606474982367621540e-02
-2.349165683322482767e-01
1.877673678927951340e-01
1.842833116319444464e-01
2.768631659613715046e-01
8.949684143066406750e-02
-6.121281094021267105e-02
2.516009521484374734e-01
1.208048248291015564e-01
-1.398510297139485617e-02
1.594286600748698046e-01
-3.347260199652777879e-01
-3.954944186740451118e-01
1.903847588433159599e-01
9.238718880547417897e-03
-6.484219100740220470e-04
3.214304267035590357e-01
nan
nan
nan
nan
2.384961954752604085e-01
5.012630208333332948e-01
-7.597760518391927231e-02
2.522132873535156139e-01
-4.678518337673611138e-01
-3.050360679626464705e-03
-8.089856041802300640e-03
-3.501505533854166741e-01
-1.940365939670138928e-01
-1.476017422146267410e-01
2.370714823404947991e-01
-1.006123606363932277e-01
-2.332433064778645926e-01
3.378689575195312766e-01
-4.364603339301215135e-01
1.636614312065972354e-01
-5.480755700005425501e-02
-3.887377590603298683e-01
4.144971381293403034e-01
1.380897352430555669e-01
-1.911425458060370466e-03
3.838752577039930558e-01
2.921942477756076517e-01
-1.228831481933593817e-01
-5.972606065538194065e-01
4.084146796332465135e-01
-1.606868150499131953e-01
-1.816995069715711675e-01
nan
nan
nan
nan
3.269857194688585017e-02
2.255229356553819509e-01
-3.780062866210937567e-01
-1.944003126356336764e-01
1.672784254286024397e-01
1.818357340494791696e-01
-7.368593851725260824e-02
-3.253781467013888706e-01
7.428670925564235805e-01
3.134930928548176898e-02
-3.222572835286458548e-01
3.421065606011284843e-01
2.170389811197916685e-01
1.293073654174804743e-02
-2.601135084364149530e-01
5.912153032090929072e-02
3.229161919487847365e-01
-2.915634463230768722e-05
-3.024846394856771092e-01
-7.724241468641493413e-02
-3.615936618381076495e-01
7.360056559244791963e-01
-7.845820652114020917e-05
3.447300889756944597e-01
9.195810953776041297e-01
3.044738133748372405e-02
-4.179150729709201206e-01
6.118399726019965040e-02
nan
nan
nan
nan
6.643933105468750044e-01
-3.760038587782118386e-02
3.726315307617187322e-01
6.181806776258680358e-01
-4.916559855143229352e-01
1.269338904486762287e-01
4.642081705729166896e-01
-1.929861916436089245e-02
2.703059726291232590e-01
1.814436509874131909e-01
4.922623952229817496e-02
6.365199618869357701e-02
-7.113032362196181069e-01
6.906263563368055802e-01
-1.973730129665798583e-01
-2.705761210123697746e-01
3.890576850043402923e-01
-2.793455335828993191e-01
4.246349334716796597e-02
-2.064298502604166585e-01
5.176782904730903301e-01
5.898184543185763795e-01
1.114486863878038220e-01
1.307801140679253349e-01
5.678467814127604596e-01
-6.848993598090278301e-01
1.468945312499999878e-01
-4.378256056043836747e-02
nan
nan
nan
nan
-1.071961042616102477e-01
1.017890760633680530e-01
-5.671692911783854374e-01
1.584159851074218861e-01
-1.956405003865559905e-02
-2.351834784613715257e-01
-1.146900812784830762e-02
3.630603790283203069e-02
6.892135196261935104e-02
-6.563225640190972765e-01
-2.342499287923177076e-01
-2.620313347710503393e-01
-5.505589803059895981e-01
-3.211175876193576584e-01
5.067288547092013706e-01
-4.582271999782986382e-01
-5.289422607421875311e-01
1.101877509223090218e-01
1.817954805162217899e-02
1.855125596788194386e-01
-5.711932373046875178e-01
1.118979220920138934e-01
9.702385796440972376e-02
2.007599555121527823e-01
7.132230970594617692e-02
8.591595119900173605e-02
1.778778415256076495e-01
-2.514793607923719587e-02
nan
nan
nan
nan
1.914016723632812611e-01
-4.911787584092882075e-01
-2.668721516927083370e-01
-5.166958618164062544e-01
4.992697821723090512e-01
9.210109286838107090e-02
7.383454047309028212e-01
3.366324530707465179e-01
1.982199266221788270e-01
-1.310559336344400971e-01
9.292609320746528234e-02
1.070926157633463605e-01
2.288131544325086864e-01
-8.767948680453829802e-03
-9.541755506727430669e-01
-3.348721313476562544e-01
-4.236523437499999933e-01
6.012909783257378710e-02
4.616042751736111338e-01
-9.273175133599174946e-03
-2.400899590386284810e-01
-1.529222276475694364e-01
-6.748544650607638529e-01
1.303320651584201351e-01
9.902618408203124611e-02
-2.261782158745659632e-01
2.356251525878906294e-01
1.247935824924045201e-01
nan
nan
nan
nan
-2.226105584038628460e-01
2.488736046685112793e-02
2.834865485297308751e-01
2.128461032443576262e-01
-3.619672648111978974e-01
-3.738631184895833126e-01
-4.042991214328341826e-02
-4.456179131401909466e-01
-3.013775931464301311e-02
5.974482557508680181e-01
2.348025851779513840e-01
-1.611455790201822835e-01
-4.674765353732638906e-01
1.843791707356770837e-01
2.248719618055555480e-01
1.126813930935329916e-01
1.736389668782551965e-01
6.665864393446180314e-01
-1.363603888617621607e-01
1.682028706868489709e-01
-4.125394609239366184e-02
1.385990142822265681e-01
1.412633344862196105e-01
1.360709550645616273e-01
4.723373413085937278e-01
2.345364379882812489e-01
4.564653608534071511e-02
1.900920232137044349e-02
nan
nan
nan
nan
-1.011952463785807249e-01
4.534860568576388751e-01
-4.474169243706597188e-01
-3.592944335937500178e-01
1.036950514051649258e-01
-4.431155734592013840e-01
-3.140296427408854063e-01
9.054525587293836553e-02
3.015359878540039076e-02
-6.434813774956597010e-01
9.252478027343750133e-01
-5.265848117404513529e-01
3.425592719184027968e-01
3.719416978624132120e-01
-1.871967569986979218e-01
-1.178138427734374938e+00
1.201435597737630229e-01
5.155739000108506831e-01
6.263956705729166741e-01
-3.613039482964409688e-01
4.943471611870659532e-01
-9.016624450683594083e-02
5.286658053927951739e-01
1.413462214999728662e-02
-1.216708289252387137e-01
1.444348992241753504e-01
2.214822048611111149e-01
-7.429697672526042185e-02
nan
nan
nan
nan
3.724108547634548683e-01
-2.774630567762586542e-01
-6.611934238009982423e-02
-1.809908379448784688e-01
-6.110190836588541563e-01
4.011103990342881898e-01
-6.211591508653428739e-02
-1.252176411946614720e-01
-1.841225348578559018e-01
-1.129196760389539894e-01
4.235521104600694642e-01
3.982387627495659888e-01
3.348157077365451206e-01
-7.467201232910156139e-02
-1.541338099373711469e-03
3.094591267903645804e-01
-2.339408365885416730e-01
-2.837113952636718950e-01
-1.181007130940755212e-01
1.925011189778645937e-01
2.296776156955295245e-01
1.567811245388454899e-01
2.724558512369791852e-01
1.668183898925781339e-01
1.684734159045749241e-03
2.495764160156249967e-01
1.326546478271484475e-01
-1.504159715440538114e-01
nan
nan
nan
nan
-2.807007683648003460e-01
2.499272155761718683e-01
8.554460313585068865e-02
-5.502806599934896292e-01
3.143350897894965357e-01
1.081076092190212667e-02
6.303319719102647156e-02
-1.316826205783420134e-01
-2.195875040690104252e-01
6.720203993055555713e-01
1.094823286268446216e-01
5.768706597222221788e-01
1.555331624348958330e+00
3.468294949001736183e-01
2.263013543023003338e-01
1.759294467502170167e-01
-6.105274115668403168e-01
-2.848239135742187678e-01
1.456346469455295223e-01
8.188547770182291741e-02
8.075730217827691015e-02
2.008173794216579766e-01
1.739247745937771289e-02
-6.943478478325737502e-02
-3.273824691772461021e-02
-1.132257588704427137e-01
1.479091050889757009e-01
3.986176808675129940e-02
nan
nan
nan
nan
-1.036878289116753421e-01
-1.473068406846788081e-01
-1.215278201633029492e-01
3.539811876085069420e-01
1.121973843044704877e-01
-3.864821031358506853e-01
5.248187594943576340e-01
3.077595011393229329e-01
-7.983017306857639328e-01
-1.677514478895399397e-01
-5.348524729410807088e-02
1.366256798638237901e-01
-3.778434583875868169e-01
-2.270463392469617980e-01
-4.814327324761284999e-01
-2.816582065158420023e-01
-3.657319810655381698e-01
-4.806764390733506698e-01
-2.927854749891493080e-01
5.435850355360243302e-01
2.546505567762586963e-01
-9.614687601725260824e-02
-5.930535210503472543e-01
2.550949944390191182e-01
4.041414116753472285e+00
1.338075493706597285e+00
-1.234846920437282919e-01
2.741949293348524552e-01
nan
nan
nan
nan
1.281854163275824576e-01
1.436442565917968872e-01
-3.366716851128472299e-01
7.995763990614149219e-02
6.055745442708333481e-01
1.143743896484375050e-01
-2.321990627712673672e-01
-1.076651348008049762e-03
1.911189270019531261e-01
2.146767171223958326e-01
-1.788684251573350592e-01
1.097741783989800296e-01
-1.527659098307291574e-01
3.064974297417534799e-01
4.549356757269965024e-01
-1.137574344211154526e-01
-1.055838796827528181e-02
2.060646057128906194e-01
-2.189201990763346359e-02
-1.347426266140407947e-01
-1.036539806260002939e-03
-3.231420559353298527e-01
7.725437588161891689e-02
-2.706754896375868080e-01
-2.171533203125000089e-01
2.178492058648003604e-01
3.221067301432291585e-01
-6.101377360026041252e-01
nan
nan
nan
nan
6.475670708550347321e-01
8.520968119303384825e-02
-2.519464789496527746e-01
-2.526608445909288014e-01
1.492240905761718639e-01
4.400436401367187611e-01
1.045688883463541663e-01
-3.040115695529513884e-01
-3.976546223958333237e-01
-3.606262885199652546e-01
2.383257039388020915e-01
-4.462291124131944620e-01
4.841322496202257186e-01
2.132663472493489532e-01
-4.435175238715277635e-01
1.746208530002170134e-01
3.504105292426215046e-01
2.939834594726562500e-01
-2.029153103298610983e-01
2.141596306694878438e-01
5.621892717149522267e-02
-3.071140882703993213e-01
-2.807775285508897628e-02
-2.435234578450520826e-01
2.390054702758789146e-02
2.656926133897569708e-01
3.131505669487847365e-01
-2.459091186523437444e-01
nan
nan
nan
nan
3.858244493272569575e-01
-2.898061116536458370e-01
-3.869902208116319242e-01
9.865488688151041741e-02
2.087643093532986216e-01
-3.626328870985243147e-01
3.302283053927951295e-01
-4.024745941162109070e-02
-8.504463195800780750e-02
-9.883655971950955355e-02
1.235673438178168382e-01
-1.575527615017361105e-01
1.271172671847873303e-01
-6.195985921223958748e-01
3.554198879665798616e-01
-2.410270012749566038e-01
-3.575179714626736116e-01
-2.132153489854600736e-01
-3.125226169162326206e-01
3.429691569010416829e-01
-2.494050428602430647e-01
-2.714799160427517344e-01
-1.338095008002387065e-01
-1.049778493245442645e-01
-9.224060906304253071e-02
1.758052062988281206e-01
2.166463046603732678e-01
2.328024461534288214e-01
nan
nan
nan
nan
-1.746744961208767377e-01
3.742019992404513884e-01
3.338416883680555558e-01
-6.015783691406250133e-01
1.165387471516927120e-01
5.778044297960069908e-01
2.686471557617187700e-01
2.910845947265625067e-01
2.206690979003906317e-01
3.645868598090277746e-01
-3.408272637261284821e-01
2.907523261176215290e-01
-3.414569769965277724e-01
-4.484034220377604019e-01
4.194697401258680736e-01
-1.097267489963107689e-01
4.085337660047743125e-01
1.204838222927517299e-01
-5.035023583306206391e-02
6.763506401909722410e-01
-3.056197441948784732e-01
9.080153571234808249e-03
1.675739373101128582e-01
3.853268432617187322e-01
-2.313709852430555491e-01
6.001202392578125488e-01
1.261947716606987846e-01
-1.269756825764973840e-01
nan
nan
nan
nan
3.678484090169270582e-01
2.084744601779513762e-01
-1.758799065483941104e-01
1.671063571506076484e-01
2.930858823988172907e-02
6.639817979600693976e-01
-3.790917968749999978e-01
-8.193235397338866771e-03
-3.560678270128038447e-02
-5.078012424045138529e-01
-1.871894836425781194e-01
-2.284961488511827107e-02
-8.953094482421875000e-02
2.071830579969617947e-01
8.633272976345486294e-01
-5.528674655490451589e-02
-9.841642591688368191e-02
5.829187181260851031e-02
2.426653332180447181e-02
-1.417354159884982590e-01
5.943094889322916297e-01
2.880633884006076478e-02
4.346090698242187633e-01
4.981779310438367858e-01
-8.906028747558593361e-02
-3.787397596571180358e-01
3.276031494140624889e-01
-1.057099448310004283e-02
nan
nan
nan
nan
1.200153605143229191e-01
4.036566840277777679e-01
3.156333923339843528e-02
1.199607510036892338e-01
1.774984402126736083e-01
2.894947984483506875e-01
-5.840658399793836886e-02
1.793493991427951295e-01
2.140451558430989665e-01
5.659986029730902368e-01
1.323896450466579833e-01
9.448609076605902768e-01
4.485862223307291452e-01
8.723943074544271425e-02
-4.370647854275173660e-01
8.260947672526041119e-01
1.022034284803602366e-01
-2.385733879937065871e-01
-7.331957287258572022e-03
-2.962940131293402835e-01
-1.090374077690972193e-01
-1.627199808756510380e-01
-1.565810818142361061e-01
3.506455145941840268e-01
-1.636254882812500089e-01
3.310142347547743169e-01
2.000803629557291741e-01
-3.584672037760416874e-01
nan
nan
nan
nan
-1.012568749321831607e-01
-2.171821255154079977e-01
2.786275736490885224e-01
2.870673624674479063e-01
-3.219480726453993191e-01
-5.969904920789930181e-01
2.791419135199652568e-01
4.842388576931423716e-02
1.475244140624999978e-01
-4.323245578342013729e-02
-5.598732164171007497e-01
-9.348069932725694420e-02
-9.501620398627386860e-03
6.005837652418348493e-03
-4.984382120768229285e-01
4.174662695990668387e-02
3.657800971137152857e-01
-1.070757548014322907e-01
-1.491120571560329844e-01
-2.996904161241319420e-01
-1.324081420898437500e-02
-5.673090616861978935e-02
8.158249325222438619e-03
-2.991843541463216211e-02
-3.158833482530382097e-01
2.077253011067708321e+00
1.682273084852430545e+00
2.995981852213541741e-01
nan
nan
nan
nan
-2.637611050075954755e-01
-4.708556450737847454e-01
2.953378465440538100e-02
-3.097368028428819642e-01
6.043883853488498520e-02
-1.975404357910156283e-01
-4.954108005099826517e-01
3.179841444227430314e-01
-6.207455529106988001e-02
-3.386092122395833459e-01
3.355635579427083126e-01
-6.162493896484374512e-01
1.376166534423828025e-01
2.727583143446180580e-01
-3.214744059244791785e-01
-5.358177354600694997e-01
1.260081227620442612e-01
1.876785617404513884e-01
-1.267744106716579833e-01
-1.581358506944444409e-01
2.826561652289496518e-01
-6.448397742377387498e-02
-1.774110582139756809e-01
-2.856792195638021004e-01
-2.668066575792100714e-01
-6.518058268229166563e-01
-1.822060309516058962e-01
1.796773274739583426e-01
nan
nan
nan
nan
2.391684214274088574e-02
3.499509006076388928e-01
-4.599941253662109125e-02
-1.298234049479166652e-01
3.545082465277777928e+00
nan
2.905577528211805483e+00
-1.246104092068142377e-01
2.777730645073784865e-01
1.176547580295138860e-02
-1.183043162027994782e-01
-4.339817301432291607e-01
3.684195624457465429e-02
1.295669725206163303e-01
4.704575263129340268e-01
1.229060024685329905e-01
1.672100151909722276e-01
-2.695197380913628704e-01
-1.365685102674696061e-01
-5.844276428222656278e-02
2.574653286404079977e-01
1.301174672444661562e-01
2.902046373155381942e-01
3.895236545138888729e-01
-3.213349066840277546e-01
2.832516988118489731e-01
-3.442179361979166852e-01
6.334379069010416252e-01
nan
nan
