nan
nan
2.306667073567708337e-01
-5.358194647894964913e-01
5.906554497612847010e-01
2.738803948296441026e-01
-7.340731302897135491e-02
2.085831875271267344e-01
5.879168023003472632e-01
6.852892372343275104e-04
1.165520646837022584e-01
-3.005352783203125155e-01
7.057410346137152901e-01
-1.175435384114583287e-01
-2.427495829264322835e-01
-4.929144965277777735e-02
-3.577618408203124822e-01
-9.697523328993055969e-02
1.753820292154947835e-01
2.586001417371961986e-01
-2.811746046278211786e-01
1.431039259168836730e-01
-1.385922156439887143e-01
1.649932522243923727e-01
2.275692918565538070e-01
-5.652034505208333171e-01
1.329057396782769018e-01
4.006014539930555785e+00
-5.635827806260850642e-02
-2.447424782647026828e-02
nan
nan
nan
nan
2.723306867811415080e-02
4.693260362413194664e-01
3.542544470893012332e-02
-3.582157558865017161e-02
-3.662795003255208126e-01
2.816804843478732390e-01
3.231533813476562544e-01
3.448850504557291474e-01
2.702268134223090312e-01
-9.401691860622829466e-02
-2.605557081434461963e-01
-5.067862616644964735e-01
-5.166301472981771337e-01
4.486277262369791630e-01
-3.075384860568576295e-01
-1.243821970621744738e-01
1.365196143256293404e-01
2.214968193901909743e-01
-1.659178331163194409e-01
1.849232143825954924e-02
3.183467949761284999e-01
6.190894911024305003e-01
3.426857630411783706e-02
-2.472617763943142366e-01
-4.130471123589409682e-02
1.977583312988281383e-01
2.418189324273003482e-01
-7.702600267198350670e-02
nan
nan
nan
nan
2.624342176649305802e-01
-2.473715549045139017e-01
3.179318576388888706e-01
-1.426316324869791596e-01
-1.462883673773871518e-01
-2.387235514322916530e-01
-2.114183553059895970e-01
-9.110707600911457926e-02
5.317987060546874867e-01
4.211824205186631698e-02
5.843210432264540205e-02
1.116734716627332952e-02
1.601163906521267388e-01
-1.861941528320312511e-01
-4.648161485460069464e-01
-3.405649481879340357e-01
-3.687683444552951606e-01
2.916202460394965446e-01
2.930287000868055380e-01
-1.412498135036892311e-01
1.970213148328993080e-01
-4.222088623046875155e-01
2.030211554633246651e-01
-2.271035936143663281e-01
-1.770086839463975714e-01
6.126942952473958537e-02
1.565475463867187500e-01
1.103055826822916669e-01
nan
nan
nan
nan
1.889022318522135535e-01
-5.419128757052951162e-01
1.129178449842664911e-01
-1.157707977294921836e-01
-3.955062188042534621e-01
-4.872090318467882097e-01
-4.769239976671006964e-01
-1.163608551025390597e-01
1.646326870388454822e-01
3.212325371636284843e-01
-1.600424702962239543e-01
-9.370624966091579966e-02
3.441327582465277812e-01
-4.216642252604166918e-01
-8.997531467013888951e-02
-5.371576944986979074e-02
1.292484813266330315e-02
-7.038445790608724439e-02
-1.789526536729600659e-01
-7.738253445095486516e-01
3.233801947699652679e-01
-3.366032240125867991e-01
-3.286659410264756720e-01
-4.671758439805772517e-02
-4.649249606662326229e-01
-5.411950853135850947e-02
3.023829481336805514e-01
2.051187133789062478e-01
nan
nan
nan
nan
1.045728810628255151e-01
-3.496924845377604174e-01
-5.083087285359700301e-03
-1.892760382758246554e-02
-3.541328260633680447e-01
-1.370928446451822880e-01
2.520011562771267144e-01
-5.476820627848306977e-02
-2.518029106987847432e-01
-3.955379570855034888e-01
4.034607272677951384e-01
-3.238192070855034910e-01
-1.367529635959201517e-01
-3.656536526150173660e-01
9.118367513020833592e-02
2.639930513170030482e-02
2.481004503038194281e-02
9.484901428222655695e-02
-3.225226296318901842e-02
3.611847262912326606e-01
2.946975284152560798e-02
2.813274298773871251e-01
-3.537016805013020737e-01
-2.414329528808593639e-01
2.884150187174479019e-01
1.778300984700520726e-01
-6.041090223524305802e-01
2.539844428168402946e-01
nan
nan
nan
nan
9.079621717664930758e-01
4.429792616102430358e-01
1.341124979654947924e-01
-2.931435139973958548e-01
1.164871046278211780e-01
-4.684876844618055536e-01
-1.914596727159288136e-01
-2.731549411349826206e-01
2.957324896918402946e-01
-1.079045783148871590e-01
3.968669637044270893e-01
-8.780905405680338588e-03
-7.356030782063802120e-02
-4.262586466471354196e-01
-5.346928490532769362e-02
-4.134743245442708548e-01
-2.342179870605468617e-01
3.469710625542534732e-01
4.905464596218533230e-02
1.368663279215494855e-01
2.516204494900173838e-01
5.086905924479167007e-01
-2.167567274305555458e-01
-3.075051879882812478e-01
-5.944818115234374867e-01
2.190109761555989465e-01
-2.900077650282117947e-01
-2.495497809516059040e-01
nan
nan
nan
nan
-2.373439788818359347e-02
2.061986456976996618e-01
-6.304513295491535885e-02
6.078987969292534710e-02
2.063965352376302131e-01
-1.377885606553819475e-01
2.987324693467882097e-01
-3.769309828016493280e-01
-6.155649397108289844e-02
-1.823146904839409721e-01
-6.748312038845486471e-01
1.381874338785807343e-01
4.147259182400173660e-01
3.527864244249132031e-01
2.570950317382812433e-01
-6.452487521701388840e-01
8.333739386664495985e-02
1.251586744520399308e-01
7.021282280815972499e-01
1.369167243109808974e-01
-2.241096496582031250e-01
2.246985202365451295e-01
1.708446248372395837e-01
-5.499120415581597587e-01
2.741292317708333287e-02
1.623091973198784732e-01
5.020461018880207904e-01
9.202570936414931069e-01
nan
nan
nan
nan
1.578430345323350581e-01
-1.755962795681423605e-01
4.910235510932074721e-02
1.309658813476562433e-01
-1.698495483398437533e-01
-2.285705735948350692e-01
1.723046705457899341e-01
-3.758410644531249845e-01
-2.716669548882378327e-01
5.390880669487847499e-01
-4.902124192979600420e-02
-2.283760579427083215e-01
-8.810457356770833304e-01
-2.274753655327690915e-01
1.316508822970920145e-02
2.951377699110243058e-01
-4.113621351453993213e-01
5.699100070529513618e-01
-4.037402682834201340e-01
-6.943402290344238663e-03
-3.801227484809027724e-01
2.751743952433268262e-02
1.807087368435329744e-01
1.605168999565972088e-01
1.848999871148003515e-01
4.087573920355902501e-01
-8.213171217176649941e-02
9.710096571180555636e-02
nan
nan
nan
nan
2.660647922092013867e-02
-8.232747395833333037e-01
-1.274582650926378048e-02
3.511223347981770604e-01
-1.483439466688367958e-01
-3.657791476779513884e-01
-1.668580627441406117e-01
-1.486540222167968828e-01
-6.825501335991752960e-02
-1.826483154296875133e-01
-3.531672837999131898e-01
-4.899598863389756920e-01
-5.302113511827256653e-01
1.244298383924696133e-01
1.362462361653645759e-01
-3.795053778754340357e-01
-3.453858778211805758e-01
-1.492479960123697935e-01
2.527071634928385602e-01
-4.835043674045139128e-01
-1.972361246744791796e-01
-1.337345123291015514e-01
1.589186943901909621e-01
3.378613281250000266e-01
-1.857100423177083237e-01
-6.810472276475694198e-01
1.317702484130859331e-01
6.965131971571180136e-01
nan
nan
nan
nan
-4.130440606011284710e-01
7.856820000542534543e-02
3.829396904839409976e-01
2.018601947360568541e-02
-1.972539477878146666e-02
1.133382500542534782e-01
1.046236504448784688e+00
-1.856057908799913225e-01
2.651550462510850470e-01
-1.312684970431857723e-01
1.706219143337673605e-01
-1.493434651692708282e-01
4.507072957356770826e-01
2.959684583875867858e-01
-3.567272610134548660e-01
-2.026669650607638984e-01
7.700516086154514106e-01
-3.347538248697916607e-01
-3.638288031684027701e-01
-2.909592352973090490e-01
-1.116268242730034665e-01
-4.337018839518229085e-01
-1.356943448384602922e-02
-7.629051378038194109e-01
-8.558881123860677398e-02
5.184677463107638662e-01
-5.856420220269097365e-01
1.783525254991319420e-01
nan
nan
nan
nan
1.280503336588541541e-01
-2.213923136393229074e-01
6.516699896918403123e-01
-1.045986005995008655e-01
-4.444267442491319220e-01
-3.578615315755208082e-01
-2.371179029676649397e-01
2.820167032877604063e-01
-3.249844021267361271e-01
3.266425238715277568e-01
-1.353895399305555525e-01
-2.843398708767361227e-01
2.456203036838107770e-02
-4.006655883789062567e-01
-2.874549018012153012e-01
2.158449300130208248e-01
-3.956314425998264106e-01
-4.400978597005208437e-01
2.795478990342881720e-01
4.821296797858344585e-03
1.002084774441189263e-01
-9.499913533528646370e-02
1.278903113471137054e-01
-1.649835374620225725e-01
6.807385932074653256e-01
-4.184196896023220646e-02
-4.824595472547743014e-01
-4.697412787543402968e-01
nan
nan
nan
nan
-1.680495580037435002e-02
-1.231041463216145798e-01
2.406742731730143400e-02
-3.313864474826389017e-01
2.017069329155815882e-01
-5.560602484809027413e-01
5.446503024631076384e-01
3.372509426540798438e-01
-2.893604193793402612e-01
-3.842510308159722276e-01
-3.499575466579861183e-01
3.303023274739583237e-01
-4.003457980685763973e-01
2.260510932074652757e-01
3.766033935546875266e-01
3.100726318359374734e-01
1.466446431477864687e-01
1.389904869927300335e-01
-3.672910563151041696e-01
-2.918235270182291674e-01
-1.321020338270399441e-01
3.609502495659722143e-01
3.263200887044270804e-01
1.310967848036024286e-01
1.008905029296875006e-01
-3.705755021837022628e-02
1.149165937635633628e-01
4.709592692057291696e-01
nan
nan
nan
nan
1.752161322699652690e-01
2.000218878851996451e-01
-5.169582790798611382e-01
-1.540843370225694342e-01
4.669406806098090335e-01
-4.647333441840277857e-01
6.826078097025553570e-03
1.503708224826388884e-01
5.342676459418402857e-01
3.209592183430989842e-02
-1.555216683281792495e-02
-1.039911376105414481e-02
5.453545125325520715e-01
-2.723776584201388906e-01
2.624273681640624800e-01
1.901925828721788281e-01
2.055465698242187611e-01
-3.760234917534722165e-01
1.741911485460069520e-01
8.146945529513889561e-02
-2.240091111924913114e-01
-3.291259426540798505e-01
-6.262329949273003071e-02
-4.796923149956597299e-01
-3.820661417643229085e-01
4.474538506401909976e-01
1.105375501844618052e-01
4.182921685112847010e-01
nan
nan
nan
nan
3.484091525607638795e-01
2.318582831488715246e-01
6.823179796006944020e-01
5.350398423936632009e-01
4.864260864257812234e-01
-3.128020562065972343e-01
3.579629855685763640e-01
6.105553521050347543e-01
8.846270243326823102e-02
2.966219414605034688e-01
1.197489929199218733e-01
1.057514699300130256e-01
7.310894775390625044e-01
9.368903266059027679e-01
5.125943671332465756e-01
-1.575470479329427187e-01
-5.793374972873264195e-01
1.068556637234158030e-01
-2.315003967285156339e-01
1.945832485622829844e-01
2.375806172688802176e-01
6.443518066406249689e-01
4.498149617513020893e-01
-8.100517442491319553e-01
-2.100938955942789881e-03
6.634265136718749956e-01
1.068278927273220436e-01
3.620396253797742991e-01
nan
nan
nan
nan
-3.588296847873264084e-01
-1.535429212782118101e-02
-7.874871995713975115e-02
-4.262585110134548549e-01
4.030245293511284799e-01
-3.465763346354166496e-01
4.101566738552517299e-02
3.872616238064235938e-02
-3.850179884168836858e-02
-2.336015828450520859e-01
4.422035725911458437e-01
-1.040400017632378410e-01
-6.495625813802082815e-01
-8.334732055664062500e-02
-3.703325059678819198e-01
2.889848158094617814e-01
4.330337524414062250e-02
7.128148078918456788e-03
6.660123613145615962e-02
1.135953352186414994e-01
-2.902861701117621582e-02
-3.444454616970485938e-01
3.009091864691840201e-01
1.487779134114583401e+00
4.123953721788194748e+00
8.909671359592014062e-01
-8.137224833170572658e-02
2.823137919108072852e-02
nan
nan
nan
nan
-1.633394368489583248e-01
-3.400569322374131787e-01
4.785835266113281500e-02
-2.280093722873264006e-01
6.672996944851344869e-02
5.592112562391493569e-01
5.171591016981336858e-02
4.946201239691840335e-01
1.709208509657118014e-01
-9.070334879557291341e-01
-2.753287421332465401e-01
-2.485672166612413192e-01
1.471417575412326262e-01
4.678486718071831613e-02
-3.574452039930555713e-01
-1.708440483940972254e-01
-1.678693644205729030e-01
-2.164388020833333259e-01
7.846701727973090512e-02
1.219557952880859358e-01
1.155582851833767410e-01
7.331067403157552620e-02
5.235667249891493569e-01
9.113339318169487099e-03
-1.455071343315972321e-01
-4.142888047960069375e-01
-3.619812689887152990e-01
5.957987467447917185e-01
nan
nan
nan
nan
-3.942423163519965246e-01
1.851947360568576284e-01
7.653144836425780639e-02
3.459616767035589985e-02
2.609536912706162948e-01
-5.548419528537326673e-02
2.962233479817708570e-01
2.397083536783854163e-01
-8.107682122124565405e-02
2.606286621093750200e-01
-1.031718614366319425e-01
-5.144501071506076828e-01
2.667930263943142366e-01
1.010586886935763845e-01
3.578549194335937655e-01
4.234085761176215046e-01
-6.607030571831596921e-01
-1.220296139187282969e-01
4.416613430447048350e-01
-2.757568020290798727e-01
5.789852142333984375e-02
1.238834275139702630e-02
1.681548902723524197e-01
3.060746595594617814e-01
-1.073080529106987813e-01
3.958402167426215423e-01
1.882055664062499967e-01
4.418059624565972010e-01
nan
nan
nan
nan
-1.551014879014756820e-01
-3.188619995117187300e-01
2.750189251369900001e-02
-3.491510348849826140e-01
2.055098300509982656e-01
1.980994330512152735e-01
-8.312352498372395371e-02
-8.346368041303422114e-05
-1.781937281290690150e-02
-1.901681349012586675e-01
-1.260993703206380323e-01
-1.727081976996527879e-01
-8.253963046603732256e-02
-4.465712229410807171e-02
-5.824147542317708454e-02
-2.589089118109809129e-01
2.698995123969183951e-01
1.786695692274305469e-01
-5.774763319227430580e-01
3.194015842013888662e-01
1.435044013129340157e-01
1.138340759277343683e-01
-1.613213941786024175e-01
-1.711805793974134756e-03
-1.069847276475694553e+00
4.055021158854166807e-01
9.717558754814996369e-03
1.002593655056423644e-01
nan
nan
nan
nan
1.004918522304958789e-02
2.212408447265624967e-01
-4.893713039822048527e-01
2.296536763509114676e-01
-2.116818745930989509e-01
3.126261054144965357e-01
6.119758436414930447e-01
-1.829199388292100659e-01
1.313457234700520782e-01
2.924680243598090090e-01
2.848749118381076473e-01
1.155158657497829811e-01
5.011210462782118569e-01
-4.570895724826389006e-02
3.848103502061632208e-01
2.091099887424045234e-01
1.410066986083984286e-01
-2.463732062445746496e-01
5.114585706922742947e-01
-3.161795298258463643e-02
1.944161987304687533e-01
2.723850504557291941e-01
8.879090203179253182e-02
-2.132167392306857576e-02
2.607521396213107745e-01
3.798249647352430758e-01
-2.467853122287326506e-01
-7.701477728949652768e-01
nan
nan
nan
nan
5.018549940321180847e-01
1.194069841172960000e-01
-2.479264322916666652e-01
3.100553724500867969e-01
2.296571350097656172e-01
1.495698716905382031e-01
2.309240892198350659e-01
-3.069645563761393137e-02
-1.525699022081163092e-01
5.135437689887152324e-01
-1.243697187635633694e-01
-2.364772033691406317e-01
-3.373308605617947320e-02
-1.707357512580023884e-02
-2.768164401584201628e-01
-2.428887091742621407e-01
1.661667209201388995e-01
-1.603854539659288203e-01
-2.481767781575520970e-01
2.414053810967339495e-02
-3.673076036241319509e-01
3.853838772243923794e-01
6.085156864590115199e-03
2.351387363009982689e-01
-3.861186387803819398e-01
2.128903876410590257e-01
-5.554809570312500000e-01
-1.946520996093749900e-01
nan
nan
nan
nan
1.536411878797742936e-01
1.362713114420572857e-01
-3.664900377061631742e-01
4.010640801323784865e-01
-2.684726291232638618e-01
2.816806581285264885e-02
2.654060194227430558e-01
3.425725979275173749e-01
-2.921003553602430358e-01
2.521849399142795378e-01
8.842263454861111205e-01
3.501212904188368280e-01
4.968995836046006809e-01
4.025782267252603908e-01
-7.781183539496527857e-01
-5.867028130425347432e-02
1.677134704589843817e-01
2.925332980685763640e-01
1.107026163736979235e-01
-5.905685085720485672e-01
-4.187005615234374867e-01
-1.603301832411024308e-01
1.726600138346354174e-01
-2.767996554904513795e-01
3.952432929144965024e-01
2.759632025824652612e-01
7.261897108289930847e-01
3.991476101345486360e-01
nan
nan
nan
nan
-5.100130208333333304e-01
-3.842387729220920339e-02
-1.689076571994357623e-01
-1.093086412217881970e-01
4.171107313368055403e-01
-4.896990458170572685e-02
-6.903592851426866572e-02
2.216513400607638962e-01
-2.137454732259114476e-01
-2.229435051812065915e-01
-1.545089891221788081e-01
2.480541483561198024e-01
-5.369067721896700895e-01
2.389865790473090224e-01
7.952813890245225004e-02
-3.740404764811197658e-02
-7.653295728895399830e-02
4.652050781250000044e-01
-3.398524305555555292e-01
4.684584893120659621e-01
3.060260984632703907e-02
2.751523674858941115e-01
-8.071183098687065294e-02
9.642150031195746707e-02
-1.332729424370659721e-01
1.362070176866319482e+00
1.687608100043402670e+00
3.308429972330729218e-01
nan
nan
nan
nan
2.653896247016058751e-01
-3.096718343098958104e-01
-2.528571404351128704e-01
3.842678833007812655e-01
-2.119608561197916796e-01
-4.076877170138888951e-01
4.335777791341146048e-01
4.067869398328993191e-01
7.207409328884548105e-02
1.834729003906249989e-01
-2.533893669976128304e-01
4.858226521809895782e-01
4.811537679036458348e-01
-3.959014214409722343e-01
-2.185314263237847221e-01
2.980871242947048527e-01
-2.154096306694878449e-01
-7.306205749511718306e-02
7.481092664930555358e-02
-5.601673973931206585e-02
-4.076864624023437411e-01
-5.615992652045356109e-02
-8.782265557183159543e-02
1.468677435980902668e-01
-1.274984741210937467e-01
-6.267741733127170367e-02
5.171844821506076384e-01
-9.445140414767795589e-02
nan
nan
nan
nan
-1.512561713324652724e-01
-5.214649115668402724e-01
5.797384982638889017e-01
7.139607747395833315e-02
3.390267469618055696e+00
nan
2.161295979817708268e+00
-4.298226928710937589e-01
1.065632205539279453e-01
1.852426317003038059e-01
-4.066113620334201317e-01
1.470242648654513928e-01
-2.600633578830295334e-01
-2.133906470404730790e-02
-1.579226006401909799e-01
-3.709689331054687456e-01
6.232044219970703236e-02
-1.515034145779079744e-01
-1.649906751844618102e-01
4.187368096245659976e-01
-4.448138766818576229e-01
-1.698806593153211753e-01
3.305305650499131831e-01
-2.429379272460937544e-01
-8.319831848144530750e-02
3.627871704101562345e-01
3.213630167643229396e-01
7.531840006510416297e-01
nan
nan
