nan
nan
-2.245257737901475703e-01
2.869296942816840224e-01
-6.749319288465711886e-02
1.188678571912977489e-01
-3.222765774197048350e-01
-3.736231486002604130e-01
6.634271918402777635e-01
9.876302083333333981e-02
-3.420540364583333215e-01
-4.921695285373263729e-01
3.098480224609375111e-01
2.009022013346354052e-01
-3.428340318467881787e-01
4.282321506076388618e-01
3.775092909071180447e-01
1.715027025010850692e-01
1.363216506110297328e-02
-4.458609686957465401e-01
-4.434535047743055625e-01
6.783415391710069242e-01
7.104814317491318920e-02
-1.702826944986979285e-01
1.824049886067708459e-01
6.325219048394097043e-02
-8.129092068142360628e-01
5.965826822916667105e+00
-4.228249782986110983e-01
-1.635616387261284721e-01
nan
nan
nan
nan
-3.466316731770833215e-01
-1.927920362684461819e-01
-3.249334716796875022e-01
2.928411865234374911e-01
-1.765813361273871618e-01
-2.357262335883246462e-01
1.652349005805121562e-01
4.743400743272569442e-01
-1.970676845974392299e-02
3.944692654079861027e-01
-1.417278883192274186e-01
1.601917012532552143e-01
-9.598342047797309151e-02
-1.366955396864149297e-01
1.448155890570746451e-01
3.477552837795681168e-02
-1.210124037000868125e-01
1.848970540364583415e-01
-1.984315490722656228e-01
5.312628851996527984e-02
1.665770467122395793e-01
-7.295526801215277413e-01
-2.699990590413411592e-02
-8.800855848524305469e-02
-4.073930867513020915e-01
-8.229469807942708659e-01
4.381628757052951628e-01
2.588217163085937411e-01
nan
nan
nan
nan
-2.107160271538628393e-01
-1.674603101942274408e-01
8.018689643012152368e-01
-1.969846767849392499e-01
7.233241780598957948e-01
-2.064200168185763851e-01
8.548592800564236427e-01
-5.029036627875434207e-02
-1.080030314127604224e-01
6.558070882161458615e-01
-1.166908179389105904e-01
1.663194953070746551e-01
4.173002115885416918e-01
-1.093481360541449648e-01
1.268701426188151016e-01
-8.384103563096788336e-02
6.204494052463107451e-02
-8.490825059678819287e-01
-5.143280368381076828e-01
-3.320440673828125022e-01
-1.287912919786241284e-01
-4.841026136610243058e-01
4.056014675564236227e-01
-3.572560289171006764e-01
3.128958129882812300e-01
5.248706054687499734e-01
6.337879604763455021e-02
-9.219075520833333037e-01
nan
nan
nan
nan
-6.981462266710068976e-01
1.648540072970920145e-01
4.625615437825520565e-02
-7.674274359809027946e-01
-1.992221408420138951e-01
-4.169161902533637110e-02
-1.285273912217881898e-01
3.688367716471354085e-01
7.913592529296874512e-01
-1.199899207221137160e-01
-3.492067125108506698e-01
-6.845798746744791163e-01
-8.969649420844183485e-02
-1.716692267523871607e-01
-3.228974066840277768e-01
-1.588130527072482701e-01
6.421735297309028034e-01
1.577856784396701462e-01
2.629275004069010421e-02
3.894944508870442496e-02
5.237851036919487918e-02
4.946681722005208393e-01
-2.195629543728298549e-01
-2.298291693793402812e-01
2.281489902072482701e-01
4.911600748697916852e-01
-1.139464738633897550e-01
5.624304877387152901e-01
nan
nan
nan
nan
-2.003123474121093761e-01
-5.203597005208333570e-01
5.891172197129991572e-02
5.052754041883680269e-01
-1.714991421169704822e-01
-4.260024007161458126e-01
-1.685235087076822902e-01
3.400622558593749956e-01
-2.609906684027777923e-01
-1.703295389811197991e-01
4.749456787109375133e-01
-1.901237657335069497e-01
-1.522678629557291663e-01
-5.267903645833332815e-01
5.608710055881076517e-01
2.134777153862847110e-01
3.942663913302951184e-01
4.875177595350477233e-02
-4.371139865451388884e-01
3.340291002061632208e-01
3.401313951280381942e-01
5.847742292616102400e-02
-1.967515055338541763e-01
-3.415685356987847032e-01
-5.771807183159721744e-01
-2.111882866753472254e-01
4.253656005859374756e-01
1.559585401746961808e-01
nan
nan
nan
nan
2.457772623697916714e+00
1.275585174560546764e-01
-6.341644710964626508e-02
-3.833946058485243058e-01
1.013454098171658047e-01
2.724720594618055824e-01
-8.370148383246527324e-01
-5.119314236111111027e-01
-5.480395168728298128e-01
-1.008703274197048638e-01
2.171556260850694420e-01
-2.620949300130208104e-01
-1.741328260633680514e-01
-3.045161946614583504e-01
-4.510191514756944353e-01
-3.247739664713541474e-01
1.808164808485243080e-01
2.105750020345052154e-01
2.204961649576822891e-01
2.198136562771267344e-01
2.504702758789062456e-01
3.071174452039930336e-01
-2.033145650227864698e-01
-1.423607889811197846e-01
2.265496317545572791e-01
8.800215827094183541e-02
1.329297553168402868e-01
7.899534437391493580e-02
nan
nan
nan
nan
5.740325927734375444e-01
-8.480353461371528123e-01
3.656838989257812367e-01
4.107401190863715357e-01
-1.031848314073350731e-01
-5.139706420898437766e-01
4.532452731662326428e-01
-4.254762013753254912e-02
-2.594474114312065871e-01
4.059668307834201628e-01
1.263883378770616350e-01
-9.009155273437500222e-01
-6.551245117187499689e-01
-9.629972669813367803e-02
-2.943837822808159643e-01
-4.054351806640624778e-01
5.794868299696180891e-01
-1.400078158908420189e-01
-1.022164493136935720e-01
-2.870192464192708459e-01
-5.553083631727430414e-02
2.960085042317708304e-01
-1.304526265462239709e-01
-3.261334567599826206e-01
-9.342932807074652568e-02
2.479855177137586797e-01
-4.918747287326388773e-01
-3.175821601019965246e-01
nan
nan
nan
nan
2.802658928765190960e-01
2.167186143663194509e-01
-2.053101772732204844e-01
8.269078572591145870e-02
-1.945858595106336741e-01
2.515745035807291918e-01
3.135659323798285769e-02
3.040894571940104263e-01
4.902215321858723746e-02
3.461956448025173549e-01
-1.941157701280381842e-01
-4.869264051649305758e-01
1.215533108181423572e-01
4.325058322482638884e-01
1.776260137557983442e-03
-1.423146226671006820e-01
-6.656110975477430580e-01
1.507627360026041752e-01
-2.715644497341579977e-01
4.367881944444444442e-01
1.705022006564670123e-01
2.672270711263020626e-01
-1.050682576497395798e-01
1.664208475748698013e-01
-1.750889926486545178e-01
5.081107923719617725e-01
1.669997427198622111e-02
1.083510674370659760e-01
nan
nan
nan
nan
8.576615397135416430e-01
9.575574239095052675e-02
4.746471150716145559e-01
-2.498757765028211675e-01
-4.399773152669270715e-01
-2.219484286838107612e-01
-3.390365261501736005e-01
1.428061082628038214e-01
1.827075873480902835e-01
1.965572781032986008e-02
-3.684377882215712080e-02
-3.995434570312499933e-01
-3.064389228820800677e-03
-2.244614664713541763e-01
5.836771647135416963e-01
-3.768598768446180802e-01
-7.460815641615125594e-03
-2.997587076822916807e-01
1.063608551025390647e-01
6.421152750651041297e-01
-2.594522942437065827e-01
-6.392978244357638840e-01
1.832921685112847143e-01
-9.618977016872830299e-02
6.685978359646267688e-02
-2.133819410536024197e-01
4.208248986138237585e-02
3.843179660373263751e-01
nan
nan
nan
nan
-3.991739569769965357e-01
-2.577254062228732656e-01
7.187459988064236471e-01
3.052169799804687611e-01
-2.766544087727864643e-01
2.991718885633680713e-01
1.082290717230902866e+00
9.777498881022135546e-02
-1.960409545898437467e-01
4.435165829128689258e-02
-3.360698276095919895e-02
-6.497241210937499956e-01
6.769510226779513751e-01
1.337244881523979960e-02
4.632254367404514128e-01
1.640638393825954999e-01
2.195198398166232634e-01
-1.161551835801866300e-01
-1.112925465901692668e-01
2.050967915852864587e-01
1.929206169976128427e-01
-2.612786695692274064e-01
2.400703091091579977e-01
6.143474663628472054e-01
2.619158257378472188e-01
4.439379543728298461e-01
-5.839215596516927204e-02
3.745645141601562367e-01
nan
nan
nan
nan
-3.910334947374131676e-01
-5.206608666314019307e-02
3.495243665907117880e-01
2.128704256481594569e-03
3.481086561414930558e-01
-2.655814107259114598e-01
5.428992377387152624e-02
-8.684483846028645537e-02
-2.326510959201388840e-02
-9.771770901150172994e-02
-1.267704857720269168e-02
-8.360793219672309207e-02
-2.792849392361110850e-01
4.376187472873264150e-01
3.935748969184027501e-01
-2.143707540300157383e-03
2.812030707465277835e-01
1.269022708468967031e-01
5.619696384006076517e-01
-4.131944179534912352e-03
-3.627208455403646004e-01
-7.302428521050347010e-01
-1.491193644205729141e-01
-2.829791090223524042e-01
-1.347691175672743047e-01
5.059091525607638529e-01
-7.245895724826388884e-01
-3.957552761501735850e-01
nan
nan
nan
nan
-5.120406765407986560e-01
-4.571221584743923594e-01
2.044875038994682995e-02
1.866257561577691071e-01
2.337628343370225792e-01
1.332993825276692634e-01
3.387281290690103974e-01
-1.386871083577473907e-01
1.100686560736762187e-01
-1.981532118055555625e-01
2.746429443359375000e-01
3.624561564127604107e-01
2.399226379394531206e-01
-4.483744303385416852e-01
4.465305243598090001e-01
-5.351519436306423350e-01
-5.348914252387152457e-01
-2.223169793023003493e-01
-5.158623928493923927e-01
-2.305877346462673616e-01
4.400719536675347376e-02
-5.297422197129991045e-02
1.583795674641927109e-01
-5.566711425781250000e-01
-1.238056861029730865e-01
-2.177372572157117991e-01
-2.124192470974392288e-01
6.880149417453342020e-02
nan
nan
nan
nan
-5.132163831922742503e-01
-1.378837331136067712e-01
6.604785156250000400e-01
-4.861076354980468917e-02
9.784525553385416130e-02
7.936148749457465346e-02
6.855780707465277679e-01
4.097899712456597454e-01
-5.493732706705729552e-01
-5.157050662570529520e-02
-7.270902845594617858e-02
-9.175208197699652457e-02
-4.325244479709201562e-01
-5.533295694986979374e-01
2.071166483561197869e-01
4.277399020724826362e-01
2.187740749782986216e-01
3.634513346354166785e-01
-1.967009141710069353e-01
-3.419828965928819464e-01
5.201864284939236027e-01
-5.058295694986979507e-01
4.683499484592014150e-01
4.615865495469834850e-02
-2.253039550781250067e-01
1.476362440321180580e-01
-3.605779012044270648e-01
-4.567507934570312345e-01
nan
nan
nan
nan
1.705651346842447791e-01
2.962932586669921736e-02
4.761250813802083148e-01
1.920982699924045078e-01
-2.525498114691840379e-01
3.964487711588541852e-01
6.812364366319444142e-02
-6.691738552517360883e-02
1.888513353135850559e-01
-2.132238430447048749e-01
-5.384049309624566043e-02
-4.037977769639756742e-01
-1.112914445665147550e-01
1.317768605550130312e-01
-2.565662129720052143e-01
4.624492390950520893e-01
-5.504568820529514017e-01
3.834112803141276338e-02
-2.012704298231336730e-01
-2.031552971733940893e-01
-6.234225802951388618e-01
-8.281873914930555358e-01
1.631370544433593736e-02
1.506630282931857578e-01
-1.526985337999131886e-01
2.611807929144965290e-01
1.959277513292100592e-01
8.207982381184895926e-02
nan
nan
nan
nan
-1.897995842827691071e-01
1.758857197231716504e-02
-1.025521808200412395e-02
8.806231180826823435e-02
2.385897148980034854e-01
7.464113023546006809e-02
-3.805646430121527590e-01
-1.195943027072482595e-01
2.158436754014756986e-01
2.625020980834960951e-02
-9.872890896267361160e-02
9.664481268988715790e-02
-1.360552046034071150e-01
1.284974246554904387e-01
-1.897451188829209906e-02
-5.588867865668403212e-01
2.484916687011718694e-01
-2.314445283677842718e-02
-4.913638983832465112e-01
-3.496416897243923572e-01
-3.055495686001247647e-03
5.289260016547309151e-02
-4.278508843315972365e-01
7.210382758246527413e-01
5.254714084201388857e+00
5.636816406250000355e-01
-2.221529981825086930e-01
1.055628543429904531e-01
nan
nan
nan
nan
2.001623874240451295e-01
-6.313584645589193078e-02
1.089006720648871551e-01
1.406696658664279564e-01
-2.751947530110677165e-01
9.908626980251736271e-02
-1.528327094184027679e-01
-3.531818177964952260e-02
4.778532240125867858e-01
-4.550515747070312256e-01
4.552530585394965468e-01
1.349584791395399275e-01
-4.235012139214409665e-01
-9.446994357638889561e-02
-1.400747256808810848e-01
-4.089899359809027746e-01
1.394679387410481704e-02
2.114068984985351465e-02
-5.918487124972873076e-02
1.239142439100477389e-01
-2.948534138997395693e-01
3.515425618489583237e-01
-7.788396411471896867e-03
8.901472303602431246e-02
-2.222782389322916774e-01
-4.760437689887152546e-01
-1.897504340277777757e-01
1.814865451388888995e-01
nan
nan
nan
nan
7.212430318196615120e-02
-1.651278177897135546e-01
3.680017428927951362e-01
3.570356157090928684e-02
-2.799761284722221966e-01
1.280904218885633716e-01
2.130438571506076406e-01
1.388251919216579866e-01
-5.911280314127603797e-03
-3.607398817274305447e-01
-4.875257280137804128e-02
-2.771960788302951229e-01
-2.038514031304253515e-01
-3.556675550672743213e-01
-2.200818210177951373e-01
2.300282287597656128e-01
-1.726137118869357501e-01
-5.860455322265625266e-01
6.118460422092013573e-01
-1.007810804578993080e+00
3.476027425130208126e-01
-3.889347500271267410e-02
1.909558953179253393e-01
-9.898058403862847188e-01
-1.881875610351562422e-01
2.957876247829860916e-01
-1.032118903266059096e-01
-9.853931003146701451e-03
nan
nan
nan
nan
1.970881313747829822e-01
-3.499805662367078823e-02
1.555418395996093772e-01
-2.069461059570312511e-01
6.738956027560764062e-01
-2.540259128146701295e-01
-4.368827989366319553e-01
1.875176662868923705e-01
-3.116251839531792439e-02
-3.642656792534721966e-01
-5.807899983723958659e-01
3.175096299913194309e-01
-5.094032118055555891e-01
-3.652701483832465068e-01
1.494718763563367969e-01
1.262715996636284699e-01
3.114731852213541430e-01
2.853390502929687433e-01
-8.588434007432725614e-02
2.799170260959201184e-01
6.437291802300346699e-01
4.837628173828125155e-01
-1.767342461480034821e-01
-7.533099704318575729e-02
5.441733466254340401e-01
-2.738310072157117969e-01
-1.450897725423176965e-01
-1.170353953043619805e-01
nan
nan
nan
nan
-4.132675594753688897e-02
-3.324349297417534821e-01
3.643587578667534799e-01
-2.382294379340277879e-01
-5.070975409613714957e-02
-2.927169121636284954e-01
-4.489422946506076428e-01
-1.248083157009548666e-01
-4.404707845052083237e-01
4.699864366319444486e-01
-5.655003187391492991e-01
2.187499321831597177e-01
5.536604817708333792e-01
-7.279490152994791963e-01
-7.505422634548610805e-01
9.491097005208333215e-01
5.610294257269965446e-01
2.251720513237847332e-01
-5.862038167317707993e-01
3.003688557942708059e-01
2.842522345648871296e-01
-1.184756045871310781e-01
-1.139581214057074632e-01
2.768190850151909799e-01
3.670562638176812220e-03
-1.457351684570312549e-02
-7.207154676649305536e-01
-6.296794891357421209e-02
nan
nan
nan
nan
2.919880167643228996e-01
-2.976456705729166874e-01
8.544908311631944642e-01
-1.025888994004991311e-01
-8.748735215928819808e-02
-7.656605190700954688e-02
1.586046685112847132e-01
3.369856770833333237e-01
4.751492648654513928e-01
-8.579594930013020870e-02
7.317489284939235894e-01
-7.770335557725694953e-01
-2.520388454861111072e-01
1.674645826551649230e-01
-6.331823984781900783e-02
2.347101169162326417e-01
6.965934329562717409e-02
-9.724121941460503460e-02
5.112252129448784377e-01
4.861068386501736227e-01
-1.960019938151041641e-01
-3.129945203993055314e-01
-3.263234795464409754e-01
-2.262114291720920267e-01
-7.181561957465277812e-01
-3.084464179144965068e-01
-1.400960371229383605e-01
7.253673638237847499e-01
nan
nan
nan
nan
3.349141438802083481e-01
5.302016194661458570e-01
-6.663709852430554914e-02
8.990039401584201673e-02
4.698206244574652524e-01
-1.707959662543402646e-01
4.368743896484374861e-02
3.851993815104166607e-01
2.851032172309027612e-01
1.077394002278645901e+00
4.714499918619791674e-01
4.882045152452256787e-01
1.698811848958333426e-01
-9.072245279947917240e-02
-1.579914347330729218e-01
-2.153844875759548527e-01
-6.074671766493056069e-01
8.189982096354166130e-02
1.792452155219184107e-01
-2.619063991970486116e-01
-5.659761555989583082e-01
-1.944799635145399441e-01
-5.972532908121745004e-02
-4.404150221082899636e-02
3.376383463541666741e-01
3.740242852105035015e-02
-1.985315789116753604e-01
-6.178143988715277812e-01
nan
nan
nan
nan
4.108713107638888862e-01
2.957003063625759584e-02
-1.134224955240885485e-01
5.634534708658853752e-01
-1.434926350911458204e-01
-5.167779201931423927e-01
-5.030948638916015597e-02
7.242141384548611560e-01
-1.116538747151692712e-01
-2.823271687825520959e-01
4.211174011230468806e-02
4.339845784505208526e-01
-5.271117740207248437e-02
-5.014334784613715401e-01
-1.721877882215711864e-01
-2.017661878797742947e-01
5.277390204535590268e-01
5.759480370415581696e-02
7.068784925672742803e-02
-2.769441223144531450e-01
-6.880341932508680092e-01
6.901021999782985805e-01
-3.404675589667426061e-02
-9.647294786241319975e-02
-2.401273261176215257e-01
4.819296603732639017e-01
3.193472493489583286e+00
2.718072645399305376e+00
nan
nan
nan
nan
8.062612575954860583e-01
7.686218261718749667e-02
4.929431152343750067e-01
4.348828124999999933e-01
1.499526299370659843e-01
1.450916205512152724e-01
-2.734305318196614820e-01
-3.934065077039930469e-01
1.166614617241753526e-01
-2.039729817708333393e-01
2.826139831542968661e-01
2.056710773044162499e-02
1.363777266608344127e-02
3.437951999240451140e-01
2.122030682033962737e-02
-5.616986083984375488e-01
2.055789523654514006e-01
-2.852737087673611338e-01
-2.234375847710503571e-01
-2.002632480197482634e-01
6.034616427951389195e-01
5.914396158854167140e-01
-1.116954294840494799e-01
7.848592800564235805e-01
3.374275377061631831e-01
5.502963595920138395e-01
-2.028251139322916619e-01
5.776862250434027235e-01
nan
nan
nan
nan
8.413888719346787615e-02
3.952670288085937678e-01
-9.848784552680121818e-02
-4.386641777886284843e-01
5.477558051215277501e+00
nan
6.786193576388888538e+00
1.308410898844400982e-01
-2.568626912434895937e-01
-1.475720384385850736e-01
-4.269187757703993280e-01
2.264851379394531294e-01
2.963095506032307862e-03
3.772736273871527546e-01
4.936448499891493147e-01
-2.602477857801649419e-01
-5.294074164496527235e-01
5.340302870008680758e-01
-4.697811889648437766e-01
-2.174559020996093828e-01
2.466692606608072991e-01
-2.218345981174045245e-01
-3.531122843424479019e-01
2.478222147623697913e-01
9.698012457953558707e-02
1.187835015190972232e-01
6.782895236545138928e-01
2.684870741102430292e-01
nan
nan
