nan
nan
4.722800021701388795e-01
1.460902743869357534e-01
-1.512168566385904862e-02
5.722458733452690655e-02
2.982284122043185604e-02
8.886734856499566015e-02
-4.279751247829861049e-01
4.870402018229166852e-01
-1.356845177544487857e-01
2.094044325086805436e-01
-4.512739732530381964e-01
1.440589565700954866e-01
2.767330084906683974e-01
2.305440266927083481e-02
-5.957830217149522739e-02
-6.754746331108940627e-02
-8.679023742675781583e-02
1.888258828057183189e-02
7.885626157124837193e-03
1.451393466525607578e-01
1.512814670138888928e-01
4.745238579644097121e-01
-1.779276190863715301e-01
-4.779124620225694287e-01
2.188521915011935881e-02
4.910689561631944144e+00
-1.340819973415798561e-01
-3.641796875000000155e-01
nan
nan
nan
nan
-1.261057451036241284e-01
2.753241814507378371e-01
3.426150173611111072e-01
-5.809278700086805552e-02
4.908916558159722165e-01
-3.133667670355902990e-01
-5.639591471354166163e-01
1.772049967447916763e-01
-3.192638397216796681e-02
5.644253200954860716e-01
4.026924981011284488e-01
3.896826510959201517e-01
-5.058437453375922571e-03
-8.954196506076389506e-02
4.688280741373698074e-02
2.031832885742187456e-01
1.039434899224175313e-01
-1.432319641113281306e-01
-3.219388495551215312e-01
-5.277845594618055802e-01
3.438955942789713449e-02
2.358228386773003338e-01
1.900724453396267499e-01
-5.541789076063368125e-01
2.418746270073784677e-01
8.220006646050347365e-01
-4.553600396050347388e-01
-3.362159559461805336e-01
nan
nan
nan
nan
7.814255777994791874e-01
1.801634385850694464e-01
-2.270179070366753482e-01
2.097609202067057463e-02
-2.470224338107638862e-01
1.125236850314670078e-01
3.882401190863715157e-01
3.242576090494791452e-01
-7.955310397677951839e-02
-1.220545450846354102e-01
1.466305096944173214e-02
-4.294470893012152651e-02
5.646216922336154409e-02
1.417465803358289866e-01
4.358467271592881831e-01
-1.316870201958550424e-01
1.247496922810872357e-02
5.748211669921875488e-01
3.156048583984374933e-01
2.243089124891493036e-01
-2.280798509385850714e-01
6.568163130018446483e-02
-3.156690809461805691e-01
-6.124711100260417096e-01
1.437790934244791707e-01
4.457201470269097077e-01
3.559241824679904714e-02
1.226674228244357678e-01
nan
nan
nan
nan
-7.887894694010416652e-01
1.740467325846354052e-01
-6.922950575086805891e-01
-8.624275207519531417e-02
-6.869207763671875133e-01
1.835404290093315960e-01
-5.762419297960069686e-01
-8.982077704535590401e-02
-2.329335869683159810e-01
1.210221099853515669e-01
-5.736305660671658230e-02
-2.552390628390842006e-02
1.235589175754123331e-01
2.318673197428385291e-01
1.712781778971354252e-01
-3.722413465711805758e-01
-2.409516228569878390e-02
-2.352621799045138962e-01
1.732257588704426976e-01
-1.106512535942925368e-01
-4.140996636284722254e-01
1.655608791775173561e-01
-5.552212524414062988e-01
-3.450293307834201295e-01
-3.061532592773437700e-01
-1.209084150526258672e-01
-1.178108554416232578e-01
2.998306274414062611e-01
nan
nan
nan
nan
-2.675437418619791563e-01
9.539360894097222154e-02
-3.161289130316840001e-01
-5.129503377278645804e-01
-1.084322929382324288e-02
5.296812947591146292e-01
-4.679827880859375178e-01
5.194616360134548527e-01
2.198399353027343794e-01
-3.039107937282986005e-01
-3.105934651692708326e-01
2.561910629272461104e-02
-6.051097446017795339e-02
-4.364623345269097454e-01
1.117371707492404581e-01
7.280627780490452061e-02
-7.798808627658419812e-02
-2.671949768066406161e-01
2.011719809638129464e-02
-2.676629977756076473e-01
2.392164781358507020e-01
-1.167039998372395859e-01
-3.244292534722222343e-01
9.116030375162760546e-02
-1.592281426323784721e-01
-7.656747097439235983e-01
-2.963399251302083204e-02
3.262338256835937700e-01
nan
nan
nan
nan
2.935282931857638999e+00
6.724218071831596921e-01
-5.875463867187500355e-01
2.206921471489800210e-02
1.979090203179253438e-01
-9.308886210123698546e-02
3.780628797743055824e-01
-6.367535061306424035e-03
-2.676485866970486072e-01
-2.418564520941840212e-01
5.118718804253472587e-01
8.290552775065104796e-02
7.960461086697048771e-02
1.395817735460069542e-01
3.816639200846353996e-01
-8.594785054524739509e-02
5.617813449435763440e-01
-4.006484307183159621e-01
3.283811102973090423e-01
7.377315945095486160e-02
-8.723426649305555669e-01
2.914867146809895782e-01
3.742903306749131853e-01
-3.875782606336805602e-01
-3.436049397786458126e-01
-3.699406263563367880e-01
4.132433742947048683e-01
-2.222464158799913325e-01
nan
nan
nan
nan
-9.110671149359808596e-02
-5.446926540798611160e-01
2.774521382649739465e-01
3.805379231770833481e-01
-2.829392835828993258e-01
-1.785677252875434162e-01
8.921066284179687833e-02
2.237491522894965168e-01
-5.431881374782986105e-02
2.245729064941406339e-01
-6.944298214382595147e-02
-1.015288899739583250e+00
8.412320454915364620e-02
5.955959065755208615e-01
-6.085963355170356109e-02
-3.541558371649847908e-02
-3.886308119032118036e-01
-4.115072970920138906e-01
-4.624855465359158091e-02
-5.254565429687499956e-01
-3.002783881293402679e-01
1.640562099880642499e-01
1.080928293863932244e-01
5.865469021267361027e-01
5.438969590928819375e-01
1.576171196831597232e-01
-6.449536810980902590e-01
1.607176717122395793e-01
nan
nan
nan
nan
-3.376710001627604152e-01
3.175139957004123603e-02
9.007664998372395815e-02
-4.379491509331597254e-01
4.403289794921874667e-02
-4.803489176432291785e-01
2.844274393717448057e-01
-1.792630725436740458e-02
-1.084059990776909677e-01
1.076534589131673131e-02
-1.396869066026475703e-01
8.606526692708332815e-02
2.874777221679687411e-01
-8.879843287997775045e-03
3.452378675672743147e-01
1.680382092793782436e-02
-1.883925882975260313e-01
-4.245345730251736116e-01
1.789927164713541741e-01
4.186375935872395648e-01
3.190541924370659532e-01
-3.416879611545138862e-01
-5.335148790147569153e-01
-1.327642398410373292e-01
-1.312429809570312411e-01
-4.817911783854166713e-02
-5.757781304253472010e-01
-7.594921196831597721e-01
nan
nan
nan
nan
1.309923383924696261e-01
-1.291566043429904498e-01
-4.583792792426215068e-01
-1.712129041883680425e-01
1.104772101508246507e-01
-4.821224975585937655e-01
9.133871290418836553e-02
-4.758674452039930447e-01
-1.890754360622829977e-01
5.174037679036458393e-01
-6.743590630425346788e-01
-7.882347276475694109e-01
-3.895956081814236360e-01
-6.528379313151041474e-01
1.544227939181857523e-01
1.403244103325737846e-01
-6.742017279730903034e-01
-3.782212204403347620e-03
-5.212017483181423660e-01
7.974989997016058985e-02
2.592205132378472276e-01
4.191920640733506898e-01
5.079085286458333570e-01
-1.230412546793619860e-01
-2.551625569661458148e-01
-5.716049618191189341e-02
3.113958401150173638e-01
1.150601874457465312e-01
nan
nan
nan
nan
3.724501885308159621e-01
-1.551012674967447991e-01
2.761992348564995536e-02
-5.160402509901258761e-02
-3.456155734592014084e-01
8.291262478298611072e-01
2.859787665473090268e-01
1.364158291286892422e-01
1.321063910590277724e-01
3.964631822374131698e-01
4.224534098307291541e-01
-2.175037468804253415e-01
-5.614806705050998104e-02
1.095018937852647589e-01
3.396476915147569331e-01
-3.268144734700521026e-01
-3.414402940538194264e-01
1.729647996690538148e-01
6.402077145046658480e-02
-1.791370985243055658e-01
-2.413296805487738853e-02
3.023727416992187389e-01
-1.087242974175347265e-01
2.067784118652343794e-01
2.496394517686632009e-01
2.299083285861545090e-01
-3.850585937500000111e-01
8.959295654296874911e-01
nan
nan
nan
nan
-8.473426818847656916e-02
3.477800496419271026e-01
7.861012776692707926e-02
4.609609307183159532e-01
-1.284011162651909621e-01
-3.174777772691515093e-02
-5.075387234157986427e-01
-2.657165357801649086e-01
-1.906253390842014006e-01
4.293680402967665205e-02
2.271528116861979141e-01
4.787307739257812278e-01
2.776482476128472321e-01
6.301507737901475281e-02
3.281086222330729107e-01
2.186844041612413247e-01
3.791397094726562389e-01
-1.559368726942274297e-01
-1.520870802137586908e-01
6.254322052001953791e-02
5.254352993435330160e-02
-1.370320383707682166e-01
6.180847167968749750e-02
3.546108669704861049e-01
1.102063751220703075e-01
-7.154595947265625089e-01
7.408705817328559151e-02
-1.019688381618923501e+00
nan
nan
nan
nan
3.524733479817708237e-01
4.215741984049479196e-01
2.878302001953125244e-01
1.478511725531684029e-01
5.158019171820746318e-02
1.485488043891058929e-01
-2.084589979383680569e-01
-6.835595703125000311e-01
-2.528989834255642166e-01
-3.732383219401041452e-01
-6.923445065816243374e-03
8.082705179850260824e-02
2.801820203993055647e-01
-8.811163160536024386e-02
1.609053378634982545e-01
-9.604731241861978741e-02
-1.072321044074164495e-02
-5.878029378255208437e-01
7.074379814995659932e-02
1.034433068169487852e-01
4.225556267632378515e-02
3.017412990993923461e-01
5.067646026611328375e-02
-3.257406955295139017e-01
-3.067304823133680802e-01
8.308395385742187167e-02
2.471356540256076373e-01
3.478865220811632186e-01
nan
nan
nan
nan
-5.082557169596354507e-01
1.479213121202256898e-01
-1.958359612358940849e-01
4.421608818901909821e-01
2.987661404079861027e-01
2.246705457899305647e-01
2.921879747178819375e-01
-3.312720743815104063e-01
6.061317655775282261e-03
-1.058540174696180614e-01
4.523825073242187522e-01
1.955560472276475781e-01
-2.912631776597764816e-02
3.742940266927083370e-01
-5.776094563802083304e-01
-1.705175638198852452e-03
-7.058111572265625133e-01
-7.625491672092013506e-02
2.457687717013888884e-01
2.458859592013888928e-01
-1.760011969672309051e-01
6.177021450466579910e-02
-4.702157762315538336e-02
-2.193374633789062500e-01
1.073257954915364520e-01
3.239889187282986027e-01
2.454117329915364576e-01
-5.257037353515624512e-01
nan
nan
nan
nan
2.935967339409722432e-01
-1.630558776855468850e-01
3.166802639431423594e-01
-1.396665106879340368e-01
-3.584234280056423638e-01
4.857700602213541607e-01
-1.897901238335503449e-01
-1.249970330132378488e-01
-8.457522074381509936e-02
-2.379245164659288259e-01
2.416327752007378371e-01
-4.044475640190972054e-01
4.747108629014756831e-01
1.013036634657118018e+00
-3.776018269856770693e-01
3.916042751736111271e-01
-5.299369303385416119e-01
-5.173420545789930713e-01
-2.131965637207031139e-01
3.387671237521701628e-01
2.132105000813802054e-01
-2.282704671223958204e-01
-8.535755581325954466e-02
-1.069825320773654526e-01
-1.822162034776475814e-01
1.963502671983506989e-02
3.666772312588161952e-03
-1.750021023220486027e-01
nan
nan
nan
nan
-1.916412014431423672e-01
-1.546110195583767499e-01
-4.933060370551215490e-01
3.045911322699652590e-01
-4.840879313151041918e-01
2.307642279730902912e-01
3.023991902669270759e-01
-4.619835408528645826e-01
-7.130855454338921699e-03
6.070681423611110628e-01
3.154003567165798438e-01
4.197134399414062522e-01
-1.190866767035590329e-01
3.019158596462673816e-01
-2.464250861273871440e-01
-2.049009365505642388e-01
1.195872730678982157e-02
7.119784037272135213e-02
7.414814588758680269e-01
-7.278472052680121790e-03
3.875779893663194309e-01
-1.026102701822916713e-01
2.646974860297309218e-01
3.297821994357638786e+00
1.526611735026041750e+00
-1.871133083767361205e-01
-5.334283616807725809e-02
-1.275303734673394196e-01
nan
nan
nan
nan
1.674820285373263828e-01
-2.630776807996961786e-01
7.220591227213542240e-02
6.405030653211805092e-01
-6.722629547119141069e-02
-1.361149088541666607e-01
4.131639268663194198e-01
-3.178575303819444198e-01
2.950550333658853996e-01
1.866587320963541685e-01
4.505790879991319331e-01
8.537135654025607145e-02
-1.376511298285590379e-01
3.042454698350694486e-01
4.755257924397786329e-02
-8.887978447808159155e-02
3.775956895616319198e-01
-2.339913770887586675e-01
8.602943420410155695e-02
-1.255035146077473907e-01
-7.002378336588541696e-01
-2.097304789225260535e-01
4.481464979383680824e-01
4.068769327799479085e-01
-6.151325819227430047e-01
-2.696395534939236005e-01
8.521298726399739731e-02
-5.047303941514756642e-02
nan
nan
nan
nan
-4.400625949435764128e-01
1.961717902289496496e-01
8.278182135687933707e-02
-8.034070862664116283e-03
7.333043077256944375e-01
5.151081678602430491e-01
6.802415635850694864e-01
-7.547847493489583393e-01
-7.455698649088542129e-02
-1.282226816813150927e-01
7.106616550021700729e-02
3.087782118055555358e-01
-2.164352586534288303e-01
1.922815110948350725e-01
-3.896044243706597299e-01
-4.517199028862847188e-01
-1.374202050103081607e-01
-4.092240736219617814e-01
-1.117406294080946216e-01
-4.685522121853298860e-01
-1.279250081380208237e-01
-2.253186204698350570e-01
5.986971706814235850e-01
-1.332360500759548483e-01
-2.936757744683159976e-01
1.581033388773600210e-02
-6.061720530192057227e-02
1.990382724338107534e-01
nan
nan
nan
nan
-6.122320810953776199e-02
4.386447482638888840e-01
1.042694091796874944e-01
8.399028354220920700e-02
1.706770494249131853e-01
3.147488742404513928e-01
-2.821644592285156294e-01
3.965034993489583437e-01
-2.570507642957899352e-01
3.887880113389756698e-01
2.821335347493489354e-01
-2.417362976074218794e-01
-3.496860080295138840e-01
1.261611514621310826e-01
-2.509640333387586630e-01
-4.415131971571180647e-01
-6.197433132595485672e-01
1.424607170952690849e-01
5.861300320095486072e-01
-1.543755764431423705e-01
-2.064469867282443458e-02
3.790769110785590090e-01
8.121190388997395759e-02
7.278468661838106979e-02
2.074168735080295090e-01
-1.091123962402343744e-01
9.825158013237847432e-02
-4.833342488606771070e-01
nan
nan
nan
nan
-1.566567654079861205e-01
1.031294928656684012e-01
-5.208548990885416563e-01
-8.339552137586805913e-02
7.876981608072917140e-01
8.238217671712239065e-02
-3.525649346245659510e-01
-2.730403984917534888e-01
1.618149651421441071e-02
6.338515218098957904e-01
-4.727163696289062300e-01
-6.494111463758680536e-01
6.690052625868055935e-01
1.482782830132378382e-01
-1.239293734232584619e-02
-1.405258920457628027e-02
-1.927155219184027712e-01
-3.060594346788194503e-02
4.089259168836805736e-01
-1.776867506239149241e-01
-3.658637152777777790e-01
3.014635552300347077e-01
9.334510803222656472e-02
-5.506060451931423794e-01
-1.177869923909505151e-01
2.737702941894531450e-01
2.141074964735243114e-01
2.515075259738498367e-02
nan
nan
nan
nan
1.905325486924913103e-01
1.346100446912977533e-01
-7.047275797526041385e-01
-2.782878112792968595e-01
4.966342502170139062e-01
5.602484809027777901e-01
-2.217971801757812611e-01
-2.277456389533148978e-03
-5.894214545355902501e-01
-4.339591471354166674e-01
-4.397166358100043637e-02
-7.552349514431423716e-02
-2.626121732923719643e-02
1.772145080566406294e-01
1.945440334743923638e-01
-2.636885748969183818e-01
-4.892342800564236094e-01
-2.875279956393771846e-02
1.014523518880208419e+00
5.588471815321180980e-01
4.495181274414062345e-01
3.231836615668402524e-01
-6.252541775173611205e-01
-1.848155551486545256e-01
2.987176471286349944e-02
1.772291395399305525e-01
2.821369255913628304e-01
4.432336425781249756e-01
nan
nan
nan
nan
3.533105468750000200e-01
-3.988348388671875133e-01
nan
-4.624726698133680425e-01
4.700043741861978930e-01
6.444075690375433707e-02
6.772986518012152901e-01
-5.892371961805555891e-01
7.843937174479166385e-01
-1.889857482910156372e-01
4.603224690755208237e-01
4.043853420681423616e-01
-6.593478732638888284e-02
-2.375349256727430636e-01
3.943815019395616184e-02
1.057479688856336753e-01
-4.767446560329861027e-01
1.551488071017795012e-01
-3.234048122829861205e-01
-4.352864583333333481e-01
-3.766293334960937322e-01
-2.134554206000434107e-01
-1.346586015489366350e-01
1.121477084689670167e-01
-1.649404568142361083e-01
1.673589282565646555e-02
-3.184572686089409688e-01
8.317255655924479796e-02
nan
nan
nan
nan
-1.943188137478298605e-01
3.289601304796007097e-01
-7.530668470594617525e-02
-2.653386773003472143e-01
-6.598255750868055047e-01
-6.125346713595920117e-02
-2.310832553439670090e-01
-9.048533969455294784e-03
2.776378885904948191e-01
4.478440348307291541e-01
2.634630330403645582e-01
1.117176585727267836e-02
1.536573621961805636e-01
5.112688869900173794e-01
-1.363157314724392499e-01
3.559934828016493302e-01
-1.274694569905598929e-01
-3.158620537651909976e-01
-5.552437337239582993e-01
2.476954481336805514e-01
-3.649818929036458548e-01
1.356484137641059129e-01
4.947807142469617947e-01
-3.486591762966580188e-02
-1.943884785970051987e-01
5.126631673177083348e-01
1.431928304036458321e+00
1.864793972439236169e+00
nan
nan
nan
nan
2.772983635796441026e-01
-5.050652821858723530e-03
-2.406357150607638939e-01
4.091259426540798660e-01
5.775820583767361516e-01
-4.936511908637152835e-01
-1.122199164496527762e-01
-1.129691653781467048e-01
4.456753540039062322e-01
-8.856726752387152901e-01
-3.472809176974826495e-01
1.192950439453124983e-01
2.837539842393663192e-01
2.746444363064236005e-01
-2.574248080783420045e-01
-2.266435072157118036e-01
-6.483029259575737169e-02
6.979033067491319242e-01
-2.635372416178385357e-01
-2.032880825466579777e-01
-8.419848124186198046e-02
-1.924736701117621407e-01
-3.785306125217013928e-01
4.686602783203124845e-01
-2.100822109646267311e-01
3.715607706705729152e-01
-7.796082221137152768e-01
1.486006503634982601e-01
nan
nan
nan
nan
-7.344163258870442350e-03
4.223286268446180824e-01
-1.696976047092013939e-01
-5.455439673529730721e-02
2.509151475694444411e+00
nan
5.292631835937499751e+00
-1.388347456190321128e-01
5.695793999565972321e-01
1.752120123969184151e-01
-1.980275641547309118e-01
-2.267602708604600781e-01
4.145628865559896070e-01
-1.419618394639756975e-01
2.860959201388889039e-01
5.826799180772569420e-01
-3.728883192274305425e-01
-2.617469278971354396e-01
1.600886705186631842e-01
-1.437850273980034732e-01
-3.648952229817708504e-01
3.331430053710937589e-01
3.168308512369791829e-01
-6.248956468370225892e-02
-2.194343058268229119e-01
-2.612408955891927162e-02
5.433154635959200895e-01
-1.869356113009982556e-01
nan
nan
