nan
nan
2.507128397623697991e-01
-6.146083577473958615e-01
2.888633728027343792e-02
1.755472988552517488e-01
5.754808213975693976e-01
-8.078505452473958570e-01
-1.937543911404079888e-01
1.352778222825792159e-02
2.903927273220486271e-01
-3.681743706597222499e-01
1.329571448432074754e-01
-4.962440999348958215e-01
3.638652208116319176e-01
2.654440646701388684e-01
4.822244940863715246e-01
-1.245657094319661401e-01
2.682012346055772517e-02
3.421836217244466488e-02
-5.229800754123263562e-02
4.816866556803385546e-02
2.106058926052517266e-01
-4.839878929985894085e-02
-2.824932522243923660e-01
5.445165337456596699e-01
-3.076860215928819420e-01
4.684200846354166892e+00
-5.015257093641493080e-01
1.608978101942274419e-01
nan
nan
nan
nan
-4.011291503906250222e-02
-2.557381184895833326e-01
-3.567722574869791607e-01
-2.629447597927517255e-01
-2.336023796929253549e-01
8.321872287326388395e-01
-4.797505357530382208e-01
8.165386623806424049e-02
-4.020999484592013840e-01
-3.856880696614583548e-01
-3.317901272243923838e-01
-1.186678907606336791e-01
2.274155849880642455e-01
4.032048204210069708e-01
-1.639935302734374933e-01
8.886410183376736160e-02
-2.431858910454644251e-02
-1.953629726833767399e-01
6.199389648437499956e-01
-6.507583279079861560e-01
1.036819203694661490e-01
1.017808024088541624e-01
-2.864723375108507164e-01
7.032380506727430314e-01
-7.897075229220920645e-02
-4.196880086263020671e-01
-5.737668863932291474e-01
-4.430688476562499867e-01
nan
nan
nan
nan
3.966166178385416852e-01
-2.974768744574652832e-02
2.825503879123263951e-01
-3.413692050509982423e-02
3.138163587782117903e-01
1.763947889539930480e-01
-3.723695543077256698e-01
2.282132466634114454e-01
-3.620634969075520737e-01
5.344540066189236438e-02
-1.547601318359375089e-01
-5.167233615451388706e-01
-7.808221435546874867e-01
3.413738674587673549e-01
3.944832356770833215e-01
-2.249939643012152657e-01
3.304396904839409510e-01
-2.967352973090277568e-01
-2.868243747287326229e-01
-7.142626444498698102e-02
-3.589802720811631764e-01
-3.569395277235243302e-01
-4.535205078124999734e-01
-7.806500244140625044e-01
-6.482903374565972543e-01
7.416590372721354463e-02
1.107321336534288214e-01
-4.880341254340277990e-01
nan
nan
nan
nan
6.897028605143229463e-02
-2.630618413289387975e-02
-4.860064358181423461e-01
5.415999009874131742e-01
1.638359069824218694e-01
-1.865499030219184007e-01
4.143173556857638884e-01
-2.397303941514757064e-01
6.137898763020833703e-01
-5.154493543836805580e-01
6.681427680121527768e-01
6.380798339843750389e-02
6.464901394314236382e-01
2.165270148383246496e-01
1.721448601616753504e-01
2.065299648708767422e-01
-2.811929660373264084e-01
-4.402976820203993169e-01
-1.788475036621093861e-01
-3.820041232638888840e-01
-3.681119452582465312e-01
-1.633080546061198013e-01
2.280081515842014017e-01
-1.389976925320095535e-01
7.040639919704860805e-01
3.026791381835937655e-01
-1.772374131944444431e-01
9.498075697157118413e-02
nan
nan
nan
nan
-4.725212521023220563e-02
-4.762991672092014017e-01
1.639567905002170256e-01
1.630664740668402724e-01
-8.222429487440320595e-03
2.302956814236111205e-01
1.667229037814670078e-01
-2.067377217610677220e-01
-4.203768412272135269e-02
-1.176584116617838544e-01
-3.240458594428168720e-02
-8.928614298502604574e-02
7.493783230251735983e-01
-4.862268405490451362e-01
6.755426025390625089e-01
-1.600474039713541824e-02
-3.419872029622395559e-01
1.091406165228949593e-01
9.980657789442273775e-02
-4.529842461480034776e-01
-2.458711751302083415e-01
5.579518296983506653e-01
1.542675781249999989e-01
-3.823972235785590423e-01
-9.045292324490017410e-02
-4.736204783121744644e-02
2.857226562499999845e-01
-4.704191758897569575e-01
nan
nan
nan
nan
2.641636284722222339e+00
-2.662143113878038259e-01
-2.514574008517795334e-01
5.497893948025173172e-01
2.110525004069010446e-01
2.810587904188368014e-01
1.663336181640625022e-01
-3.464051310221354374e-01
5.648921966552734181e-02
-9.921296861436632031e-02
-2.384085549248589342e-02
1.043663130866156682e-02
1.638865831163194564e-01
-5.929653591579860938e-01
-2.423676596747504491e-02
-2.010660976833767433e-01
-5.326206461588541829e-01
-2.738406372070312234e-01
1.221347469753689269e-01
2.738222079806857390e-01
4.240117390950520759e-02
1.733594767252604196e-01
1.342343393961588638e-01
-6.012264675564236299e-02
-5.879403347439235983e-01
5.719036187065972276e-01
-3.607311333550347054e-01
-1.288492668999565993e-01
nan
nan
nan
nan
-4.728158230251736094e-01
-3.245118882921007031e-01
-2.005308532714843717e-01
2.317123074001736227e-01
-1.259181128607855804e-01
6.842902967664930003e-01
-1.245931243896484381e-01
-7.426864306131999126e-03
-6.521514892578125222e-01
-6.621408674452039511e-02
3.245232476128472321e-01
-2.331928337944878526e-01
-9.808961656358507197e-02
-3.368153889973958259e-01
3.020385742187500222e-01
-7.514138115776909654e-02
2.078924730088975714e-01
2.182984585232204955e-01
-6.595634629991319331e-01
2.415558709038628515e-01
2.288195461697048738e-01
-2.568491787380642322e-01
-1.687816026475694453e-01
-6.517680697970920645e-02
-8.146116468641492747e-02
-3.928329891628689480e-02
5.395048353407118358e-02
-2.072226121690538270e-01
nan
nan
nan
nan
-9.887772454155815960e-02
1.461014811197916541e-01
-6.371977594163682687e-03
-1.107016923692491356e-01
-2.632749260796440893e-01
2.191258578830295178e-01
-7.555830213758681080e-02
1.309830644395616195e-01
7.935206943088107812e-02
2.507936477661132715e-02
1.381917317708333259e-01
-4.368435329861111022e-02
-3.301123301188151060e-02
1.314251539442274352e-01
1.118028259277343700e-01
6.808033837212457140e-02
1.571828884548611138e-01
3.241582234700520759e-01
-1.618020799424913225e-01
3.759259372287326317e-01
-1.133960554334852433e-01
-5.387851630316840001e-01
-4.515348985460069242e-01
3.108955552842881942e-01
8.926429578993055891e-01
3.694798109266493324e-01
4.398653157552083193e-01
1.092970699734158030e-01
nan
nan
nan
nan
-5.891560194227430935e-01
-3.304766506618923572e-01
5.130374823676214779e-01
-1.932782999674479141e-01
-5.865754869249131809e-02
-1.871381335788302805e-02
3.047026231553819353e-01
-2.607103983561198102e-01
3.732972547743055314e-01
7.849825710720486072e-01
-5.529421657986111072e-01
7.744645860460069864e-02
-1.860257466634114565e-02
4.315961201985676898e-02
-2.702756415473090423e-01
9.659436035156250266e-01
3.168795437282986294e-01
-1.248582034640842026e-01
7.108286963568793970e-02
1.158250935872395804e-01
2.266531880696614487e-01
-3.525217480129665820e-02
4.528436957465277746e-01
-2.926608276367187456e-01
4.043581136067708193e-01
-4.639022488064236116e-01
-6.228901502821180269e-01
5.393352932400173882e-01
nan
nan
nan
nan
-1.844694179958767388e-01
-7.793093363444010546e-02
1.391538090176052539e-02
1.211564890543619794e-01
-4.464187961154513773e-01
4.395384046766492858e-01
1.555271674262152848e+00
5.916366238064235672e-01
3.805609469943576628e-01
-3.371060519748264039e-01
4.541246880425346966e-01
-1.363448503282335134e-01
-2.475462849934895737e-01
-1.672465218438042370e-02
-3.102670966254340024e-01
1.886015997992621651e-01
5.183189561631944553e-01
4.243993123372395981e-01
1.619746229383680625e-01
-1.466453891330295189e-01
5.162681070963541785e-01
1.029856787787543360e-01
9.488810221354166963e-01
-3.619104342990451251e-01
-6.994930013020833615e-01
9.514126925998264150e-01
1.011970350477430503e-01
5.851730007595485894e-01
nan
nan
nan
nan
-6.751961263020833659e-01
1.252869500054253349e-01
-2.651913452148437766e-01
3.650591023763020693e-01
-1.229005093044704816e-01
8.427112155490451562e-02
-9.409234788682725725e-02
2.580621676974826362e-01
-4.728417290581597432e-01
1.422373284233940938e-01
-9.651148478190103852e-02
7.321558295355903301e-01
-3.104838053385416408e-01
-2.646110195583767366e-01
8.135178460015191071e-02
4.349733193715413226e-03
2.173732842339409776e-01
-5.827919430202908174e-02
1.424018351236979174e-01
-1.478175523546007009e-01
-1.339759572347005157e-01
-3.010564507378472032e-01
4.850584920247396070e-01
-3.122428385416666785e-01
-4.419454616970486249e-01
-5.535287136501736427e-01
-1.335243309868706651e-01
-8.705919731987846744e-01
nan
nan
nan
nan
-3.427694702148437744e-01
-5.017080095079209934e-02
4.229268391927083481e-01
-3.937628173828124911e-01
-2.659151204427083193e-01
2.822708977593316182e-01
4.569254218207465246e-01
4.396817694769965534e-01
2.185144721137152746e-01
2.267244762844509640e-02
2.414232211642795001e-01
9.460247463650173216e-02
3.274771457248263906e-01
5.500008477105034627e-02
6.758762783474392410e-02
2.331678941514757075e-01
4.453964233398437500e-01
1.066351911756727444e-01
2.061401706271701328e-01
-2.087497626410590168e-01
-1.206704542371961758e-01
1.833477444118923605e-01
-2.191573460896809739e-02
3.140667046440972499e-01
3.258736843532986094e-01
3.950885687934027612e-01
-3.754296874999999978e-01
7.871095784505208748e-01
nan
nan
nan
nan
6.263140190972221744e-01
4.374859958224826539e-01
3.878778076171874867e-01
6.693608262803819597e-01
2.590582444932725825e-01
-7.980105929904514339e-02
6.522778998480902590e-01
-1.126225524478488430e-03
-9.105230034722222587e-01
4.164234585232205049e-02
-1.825759718153211753e-01
-4.147717285156249933e-01
7.713678148057726003e-02
-6.907020992702908591e-02
1.751032680935329933e-01
1.248105790879991267e-01
-2.097836981879340201e-01
5.200528038872612863e-02
7.943433125813802176e-02
-1.399918111165364687e-01
-1.693060980902777735e-01
1.042891354031032919e-01
-2.544988674587673749e-01
-2.751331414116753304e-01
-8.845530192057292351e-02
4.738343132866753432e-02
-7.867016601562499822e-01
7.735542297363280639e-02
nan
nan
nan
nan
-7.919664171006944586e-02
6.256547292073567912e-02
6.285272216796875533e-01
-4.106502956814236382e-01
4.088008287217881898e-01
6.740198771158854851e-02
1.817365180121527646e-01
4.614498880174424528e-03
1.043861050075954866e-01
2.096961805555555558e-01
8.489865726894802248e-03
6.180746120876735583e-01
1.002320827907986045e+00
1.329917805989583313e+00
2.262025960286458415e-01
-3.356056722005208437e-01
-2.292065599229600736e-01
-1.546644761827256909e-01
-5.262524414062500488e-01
-6.198065185546874911e-01
-9.730524698893229518e-02
4.727630191379122993e-02
-4.585061306423611205e-01
-1.087125311957465312e-01
5.813451470269097587e-01
-6.297346327039931024e-01
2.252243889702690988e-02
3.192503187391493302e-01
nan
nan
nan
nan
-4.062024434407551787e-02
-1.561664326985676976e-01
6.792285156249999734e-01
-2.657517327202690849e-01
-9.114810519748264284e-01
-8.653795878092447602e-02
1.765975613064236227e-01
7.479376220703124467e-01
4.742296346028646026e-01
9.352626376681857923e-02
2.219568888346354074e-01
-2.433296034071180669e-01
-1.783457862006293526e-02
-1.165590413411458359e-01
-6.144820149739583792e-01
-4.604296366373698129e-02
4.762651909722221966e-01
1.668010626898871474e-01
5.097199503580729374e-01
-3.612867991129557060e-02
-8.782194349500868635e-02
-1.250860426161024344e-02
1.252762603759765558e-01
6.736658393012152635e-01
5.797662760416666394e+00
6.264101155598957860e-01
1.217828538682725649e-02
-1.097088114420572968e-01
nan
nan
nan
nan
-3.475029500325521048e-01
-2.658552890353732545e-01
-1.773600938585069564e-01
-3.476653035481770959e-01
-2.145670572916666685e-01
-7.898456149631076506e-02
4.567715115017361160e-01
-1.685862392849392377e-01
2.553808424207899552e-01
-3.261138237847222010e-01
2.403435262044270881e-01
2.892881393432617312e-02
1.833491346571180514e-01
2.607097625732421667e-03
-1.636981031629774208e-01
3.563267686631944597e-01
2.245731268988715168e-01
3.909896850585937722e-01
8.012548828125000133e-01
-2.872553507486979019e-01
-8.821238199869792240e-02
-5.928209092881944198e-01
-4.052417755126953153e-02
-2.624750264485676832e-01
1.552970377604166730e-01
3.535604858398437300e-01
1.620106506347656350e-01
-2.595811462402343728e-01
nan
nan
nan
nan
-2.373880004882812367e-01
4.742739868164062567e-01
2.201916800604926047e-02
7.358720567491319198e-01
3.843352254231771070e-01
1.712928030225965847e-02
-5.970503743489583570e-01
1.732531738281249956e-01
-4.287454223632812256e-01
4.431787448459201251e-01
1.974559190538194564e-01
5.453472137451172153e-02
-4.347231038411458193e-01
-5.671348063151041563e-01
-2.267593553331163081e-01
4.619652981228298816e-01
6.001374986436631975e-02
-1.629152086046006809e-01
8.100579155815972321e-01
-4.921495903862846966e-01
-5.278414408365885574e-02
1.049539998372395866e+00
2.503281826443142233e-01
-6.658368428548176732e-02
1.354797448052300346e-01
2.174729410807291763e-01
-3.161669582790798683e-01
6.994366115993923272e-02
nan
nan
nan
nan
-4.537264336480034688e-01
-7.273388332790799160e-02
1.774913872612847165e-01
-1.086326005723741300e-01
9.470090738932291918e-01
-1.331468963623047008e-01
-4.420345730251736271e-01
-3.117945353190104338e-02
1.886957973904079822e-01
2.809665086534288148e-01
3.257028198242187256e-01
4.452777777777777724e-01
-3.864250352647569664e-01
-5.040824720594617725e-01
-2.484319729275173694e-01
-4.146655951605902612e-01
4.338617282443576473e-01
7.508101569281684651e-02
3.942629072401258872e-02
3.654777696397569220e-01
2.502452087402343706e-01
-1.735689481099446721e-02
-2.453930748833550377e-02
6.491797553168403290e-02
2.979843563503689272e-02
-2.873278469509548683e-01
-1.565427038404676799e-02
8.484675937228731979e-02
nan
nan
nan
nan
-7.700392829047308929e-02
-1.870668199327257114e-02
1.160854593912760413e-01
-5.138849555121527413e-01
4.765845065646701628e-01
2.039918009440104263e-01
3.888454522026909554e-01
4.963537597656250133e-01
-2.019473393758138002e-02
2.517696126302083059e-01
-1.564276165432400278e-02
-2.089398532443576262e-01
-2.582897610134548549e-01
6.510276264614528810e-03
1.126946682400173649e-01
8.853680080837673938e-02
5.155207316080729490e-02
-4.533900960286458282e-01
-1.823706902398003482e-01
-3.921618991427951451e-01
-9.059151675966050808e-04
-2.999080064561631676e-01
-1.256602986653645726e-01
-1.389992353651258727e-01
-2.252979363335503582e-01
-1.935523647732204922e-01
-2.485359361436632053e-01
1.879342481825086730e-01
nan
nan
nan
nan
-6.492145962185329189e-02
1.201524946424696177e-01
7.367563883463541519e-01
-2.145986260308159754e-01
-6.702674865722656194e-02
2.038845274183485184e-02
5.315587361653645315e-01
-8.752205742730034821e-02
-6.992925008138020648e-02
8.241781277126736249e-01
-1.293703884548611238e-01
-3.005283270941840335e-01
1.840189954969617958e-01
-3.015331692165798549e-01
-9.897759331597222321e-02
-4.004980807834201406e-01
5.113020155164930136e-01
4.891768137613932560e-02
1.692412990993923672e-01
3.805256822374131764e-01
3.942871771918402546e-01
-3.051779513888888684e-01
4.481021118164062456e-01
1.595129564073350659e-01
-2.511388312445746451e-01
-3.595022837320963754e-02
5.181911468505859264e-02
2.704026963975694406e-03
nan
nan
nan
nan
-1.571859402126736249e-01
3.665220811631944575e-01
2.512999471028645737e-01
-5.166537814670139062e-01
1.612955220540364665e-01
-5.783282470703124956e-01
-1.505025566948784699e-01
8.093972100151909654e-02
3.818726264105902768e-01
1.134821099175347126e+00
5.287606133355035043e-01
8.636184353298611560e-01
5.099136034647623952e-03
5.653402031792534865e-01
2.075435723198784665e-01
1.776824442545572869e-01
3.336112128363715179e-01
-4.797581990559895981e-02
-7.668707953559027179e-02
-9.719331396950615281e-04
6.152808719211154409e-02
-2.875335354275173616e-01
2.622006098429361873e-02
3.575057983398437500e-01
4.425128936767577792e-02
-7.034269205729166696e-01
9.589274088541666075e-02
5.786703830295139017e-01
nan
nan
nan
nan
2.441249932183159610e-01
6.399468994140624645e-01
5.281127590603298394e-01
-7.889355129665798216e-02
-1.392297617594401016e-01
3.129242621527777990e-01
-7.824381510416666963e-02
3.640881856282551787e-02
-1.488597276475694398e-01
-7.687950981987846932e-02
4.486467573377821150e-02
5.888483683268229407e-02
-7.047094768948025320e-03
-7.015604654947916741e-01
2.807286241319444375e-01
-3.381628757052951295e-01
-2.262520005967881831e-01
1.629183790418836930e-01
-4.411536322699653040e-02
-1.456335618760850603e-01
1.774602932400173583e-01
-5.671956380208332815e-01
-1.328439500596788059e-01
-2.095907931857639017e-01
2.446142239040798583e-01
1.438292507595486214e+00
3.233592122395833268e+00
2.463464898003472126e+00
nan
nan
nan
nan
2.592921617296006787e-01
-6.704707845052083615e-01
5.077762603759765347e-02
-6.814319525824652501e-01
-5.099979654947917052e-01
-2.729763963487413236e-01
1.624658881293402912e-01
2.158736165364583404e-01
-9.617713928222655639e-02
-5.663318888346353663e-01
-1.640706380208333329e-02
-5.528781806098089779e-01
-2.108280605740017466e-01
3.029273139105903012e-01
-2.190698750813802054e-01
-8.897087097167968861e-02
-1.547541978624132064e-01
3.174702623155382097e-01
-8.345734998914930980e-01
-2.890617879231771048e-01
2.163239881727430647e-01
2.374456617567274330e-01
-4.557045491536458326e-01
-1.148657650417751752e-01
-2.781783474816216205e-03
-2.263512674967447791e-01
-3.634811062282986005e-01
-1.585731675889756886e-01
nan
nan
nan
nan
7.306546359592014372e-01
-8.902023315429687111e-02
-1.030819193522135441e-01
-6.105052354600694065e-01
4.535504014756944535e+00
nan
5.587837456597222641e+00
-3.394188435872395604e-01
-6.861238691541883539e-02
5.456941816541883983e-02
-4.939227634006076451e-01
-6.208296881781683735e-02
2.414268832736545245e-01
-6.675375027126736471e-01
7.203406439887152235e-01
-4.631556193033853908e-01
7.485748291015624500e-02
5.179781426323785132e-01
6.961855061848958304e-01
-3.581444634331596988e-01
-1.260355038113064319e-01
4.494745042588975392e-02
-1.899529012044270937e-01
-3.047239176432291474e-01
-7.013269721137153079e-01
-8.938617282443576950e-02
6.102237277560763618e-01
-6.708274417453341520e-02
nan
nan
