nan
nan
2.811695999569363003e-01
-7.617539167404174805e-02
1.522086328930324917e-01
-4.065219561258952008e-01
3.269663121965196151e-01
2.507502668433719134e-02
-3.801703121927049733e-02
-2.880486912197536831e-01
8.390190866258409041e-01
1.894667281044853935e-01
2.041314442952474051e-01
-9.240024619632297709e-02
-3.204527431064181919e-01
3.969020048777262555e-01
5.256568590799967078e-01
-1.378134753968980608e-01
5.650696224636502230e-01
-8.112018373277452010e-01
1.325362092918819928e-02
4.420430130428738003e-01
-3.074594603644477120e-01
9.039103322558933451e-02
-7.697994444105360490e-01
1.111674308776855469e+00
9.319128460354275667e-01
4.518230756123860492e-01
5.797165632247924805e-02
-1.668847401936849051e-01
nan
nan
nan
nan
-9.538525342941284180e-02
-7.877783642874823522e-02
-9.158543745676676895e-02
2.881246142917209263e-01
5.667604870266385042e-01
2.290833791097005301e-01
8.369384209314982559e-02
9.841061698065863839e-01
2.086586422390407924e-01
1.711174249649047852e-01
-4.341896375020344867e-01
4.442886246575249443e-01
5.363062752617729911e-01
7.590080367194281807e-01
-3.191768593258327846e-01
4.822408888075087052e-01
5.781052377488877791e-01
2.593422730763753070e-01
5.000561078389486047e-01
6.743146578470865515e-01
1.103449185689290291e+00
-4.583809640672471541e-01
7.296950552198622209e-01
-1.608057869805230133e+00
-3.057103421952989120e-01
3.856794304317898159e-01
6.291095945570204240e-01
1.257800923453437081e-01
nan
nan
nan
nan
-7.320615152517954798e-03
2.093227042092217216e-01
-2.622034814622667062e-02
-4.336499373118082867e-01
2.974477344089084263e-01
1.292793353398641043e-01
8.483690685696072542e-01
-1.192705260382758148e+00
-4.485106998019748326e-01
1.408701737721761160e-01
3.541640705532497768e-01
9.106855392456054688e-01
-2.134868966208564034e-01
6.741527451409233818e-01
1.080449422200520759e+00
1.023294872707790848e+00
-5.132339795430501672e-01
3.348508410983615513e-01
7.270693116717868998e-02
-6.257406208250257396e-02
-4.118533929189046039e-01
5.548934936523437500e-01
6.290758450826009485e-01
1.404438548617892857e-01
4.343049062622918177e-02
3.428340752919514789e-01
-2.167414161894056501e-01
-7.185199525621202010e-01
nan
nan
nan
nan
6.341001192728678015e-01
-5.165508058336045760e-01
6.403407520718045198e-01
-3.174739943610297432e-01
4.126775699357191902e-04
-2.007378869586520787e-01
2.275636461046006975e-01
2.239124510023328962e-01
8.849563598632812500e-01
-2.786455419328477401e-01
-2.648305230670505023e-02
5.125213331646389509e-02
-5.212475988599989396e-01
-5.842160648769803011e-01
7.231012814574771554e-03
8.804912037319607698e-01
9.977486928304036828e-01
-4.184671772850884208e-01
1.002484321594238281e+00
1.618047555287679129e-01
1.044556193881564621e+00
4.533209270901150112e-01
3.016037940979003906e-01
-4.396662182278103237e-01
2.449910905626085100e-01
-2.080587943394978934e-01
-3.247327804565429688e-01
-3.822217053837246442e-02
nan
nan
nan
nan
-7.971325980292426339e-01
7.827017042371962052e-01
-3.942633469899495258e-01
-7.220658726162381136e-01
7.894363933139376677e-01
-4.710771772596571427e-01
2.750646803114149552e-01
1.520559310913085938e+00
-9.439600838555229911e-01
5.028975274827744979e-01
6.999042299058702010e-01
-6.737788518269856308e-02
-5.049054887559678573e-01
3.811001512739393693e-01
-6.780193116929795760e-01
6.717548105451795482e-02
-2.437568505605061941e-01
-2.935129801432291852e-01
-4.294768174489339008e-01
2.292994393242729911e-01
1.124689737955729241e+00
1.229599614938100237e-02
-6.896656884087456474e-01
3.755484024683634209e-02
-5.450802379184298552e-01
6.889994409349229354e-01
-4.662964493036270142e-03
1.450851440429687500e+00
nan
nan
nan
nan
3.241670661502414341e-01
-9.301691055297851562e-01
4.677534103393554688e-01
-2.534604602389865513e-01
1.413221889071994419e-01
-1.041361278957790848e+00
-9.351629681057399557e-02
6.540126800537109375e-01
-4.995172553592257952e-02
-2.680540084838867188e-01
4.011940426296657924e-01
1.358263969421386719e+00
6.721880700853135604e-01
-3.861530621846516742e-01
-7.757527960671319056e-02
7.473121219211154020e-01
-5.933758417765299109e-01
-3.725975884331597099e-01
5.038940111796060828e-01
-2.901910146077473773e-01
7.708770434061685828e-01
2.817836602528889789e-01
6.910635630289713172e-01
5.204383532206217217e-02
2.083543936411539621e-01
-1.753222818175951712e-03
-2.677401171790229073e-01
4.927898512946234932e-01
nan
nan
nan
nan
7.806012365553113841e-02
-5.008688502841525114e-01
5.593583848741319198e-01
-3.359378973642985211e-01
2.671791182623969307e-01
-2.079946994781494141e-01
3.408819304572211495e-01
1.310696469412909737e-01
5.449003643459744417e-01
2.711707850297291958e-02
1.377369562784830803e+00
-2.901087866889106026e-01
4.157694180806477680e-01
-1.667666567696465263e-01
-2.494702604081895647e-01
4.409334659576416016e-01
-7.828301853603787386e-01
1.559587452146742048e-01
-9.670023702912860326e-04
6.300918261210123328e-01
-3.163575794961717702e-02
-6.069351567162407923e-02
-2.085495789845784598e-01
1.177064743306901681e-02
3.486315674251980190e-01
5.068982640902201103e-02
5.537425147162543526e-01
1.262917730543348549e+00
nan
nan
nan
nan
7.060927814907498323e-01
2.272422048780653181e-01
6.169634924994574776e-01
5.623368157280815849e-01
-4.901082250807020646e-01
1.343206299675835602e+00
5.298807223637898994e-02
-2.519533634185791016e-01
7.287427886492676326e-04
1.278871748182508705e+00
5.869885285695394112e-02
6.816856066385904578e-01
6.947425206502279016e-01
1.153734948900010826e+00
3.716973463694254326e-02
1.924986839294433594e-01
5.822969542609320870e-01
5.382888052198622209e-01
-4.528457853529188615e-01
1.991105185614691742e+00
1.565953228208753767e-01
5.957894325256347656e-01
-3.184942934248182755e-01
6.251911587185330355e-01
1.016720241970486160e+00
-1.774197551939222517e-01
6.221501032511392859e-01
1.051681174172295480e-01
nan
nan
nan
nan
-6.706499391131931498e-02
-4.650254249572753906e-01
-3.983186880747477399e-01
7.556732495625813339e-02
2.856486373477511997e-01
-7.695431179470485494e-02
3.235165609253777552e-02
9.093064202202690849e-01
6.953693495856391182e-01
2.740071879492865792e-01
1.456838183932834152e+00
-2.779885662926567802e-01
8.777460522121853792e-01
2.856554455227321987e-01
8.496922916836209261e-01
3.121974203321669084e-01
5.054020351833767855e-01
9.950421651204427453e-01
5.944905281066894531e-01
-1.165055433909098354e-01
9.699261983235677453e-01
9.594597419102986191e-02
2.031975189844767160e-01
-8.313847912682427455e-02
2.126920090781317940e-01
1.204584704505072684e-01
7.925873862372504464e-01
2.467974291907416573e-01
nan
nan
nan
nan
-3.975043826633029576e-01
2.565363248189290180e-01
8.803077803717719307e-01
6.211855146620008927e-01
5.952461560567220422e-01
4.464732805887858258e-01
2.351052496168348493e-01
9.759100808037651786e-01
6.418990559048123323e-01
1.369978904724121094e+00
3.156091637081570034e-01
9.214985105726454240e-01
5.094496938917372209e-01
2.673098511166042690e-01
-5.262822045220268974e-01
-2.817998727162678851e-01
6.526459587944878349e-01
1.559374895360734689e-02
5.051254696316189730e-01
7.125475141737196427e-01
1.358925369050767717e-01
1.437847243414984710e+00
4.949410226609971541e-01
7.878665924072265625e-01
-2.100829415851169224e-01
2.934727138943142299e-01
6.913023524814181364e-01
2.652951346503363839e-01
nan
nan
nan
nan
1.047446356879340179e+00
3.711435794830322266e-01
9.541228612263997766e-01
1.165329085456000335e+00
3.325036101871066685e-01
8.557480573654174805e-02
1.522759543524847992e+00
1.075406869252522740e-01
6.948775715298123323e-01
1.637456787957085602e+00
1.011789533827039955e+00
3.768297831217448102e-01
6.347757975260416297e-01
7.228447596232095984e-01
1.025584114922417633e+00
1.218034850226508148e+00
5.105871094597710380e-01
6.455104086134169084e-01
3.310129642486572266e-01
-3.934141794840494977e-01
-3.702128993140326729e-01
4.678338368733723773e-01
-4.459426138136121653e-02
-1.060757848951551674e+00
-3.797272046407063617e-01
6.264170010884602402e-02
-3.048160870869954242e-01
3.259367412990993862e-01
nan
nan
nan
nan
1.661970615386962891e-01
1.723760101530286970e-01
1.009543670548333077e-01
3.022616439395480747e-01
5.990350908703274274e-02
1.846908198462592354e-01
1.180216047498914955e+00
1.416383001539442299e+00
-1.917105250888400669e-01
5.853579839070638391e-01
2.055813339021470842e-01
7.471248838636609935e-02
5.415968365139431917e-01
2.104591164324018729e-02
1.081523259480794197e+00
-3.481275505489773159e-01
3.382471402486165180e-01
9.752664566040039062e-01
2.927440272437201729e-01
-6.985806889004178011e-01
1.899870130750868080e+00
-2.400199837154812221e-01
-9.588180118136935270e-01
1.036000887552897209e+00
2.661349508497450334e-01
8.491251203748915177e-01
1.448269208272298103e+00
2.414770391252305803e-01
nan
nan
nan
nan
-2.618623574574788226e-01
-6.028833389282226562e-01
8.702242639329698104e-01
3.559528191884358539e-01
1.570136917961968415e+00
1.193401681052313895e-01
1.030365414089626785e+00
1.301982270346747628e-01
6.002881791856553573e-01
8.347952630784776229e-01
-2.914080089992946987e-01
2.079360352622138253e-01
7.539272838168673552e-01
1.337699042426215179e+00
-5.792320436901516462e-02
-9.065984090169271203e-01
1.460292604234483468e-02
7.588886155022515068e-01
1.066171328226725307e-01
7.250748740302191964e-01
-2.958840264214409599e-01
7.728709644741482698e-01
1.205350557963053459e+00
-9.005355172687107279e-02
1.987934642367892857e-01
7.450926568773057479e-01
1.206122822231716629e+00
2.664835254351298130e-02
nan
nan
nan
nan
-6.292119556003146208e-01
-2.650370862748887557e-01
3.189288775126139508e-01
1.267142189873589508e+00
9.829202625486585521e-02
-2.078127861022949219e-01
7.978241178724501115e-01
-3.534705373975965959e-01
2.334503067864311943e-01
-1.553860108057657785e-01
4.934516482883029576e-01
8.137436972724066964e-01
7.725528081258138391e-01
-1.643736494912041435e-01
-3.161866631772783116e-03
-6.255301502015855886e-02
1.353804058498806473e+00
-3.336964713202582589e-01
-1.013804965549045090e+00
1.099469502766927009e+00
-3.771112230088975448e-01
7.402238316006131136e-01
4.817041291130913505e-01
7.401811811659071427e-01
-7.010358572006225586e-02
-1.794817315207587471e-01
9.955618116590712052e-01
-1.233250564999050503e-01
nan
nan
nan
nan
9.246519936455620536e-01
3.677868578169081193e-01
-6.893889771567450475e-02
1.335122982660929269e-01
8.029200765821669084e-01
6.402057011922200891e-01
1.672474013434516182e-01
4.184065924750434151e-01
9.891704983181424105e-01
1.286228709750705246e+00
5.829097959730360490e-01
2.234278784857856026e-01
2.820715109507243024e-01
-7.590160899692111052e-01
5.552881558736165735e-01
5.469563272264268416e-01
4.137933784061008091e-01
2.193370395236545201e-01
7.494801945156521761e-01
1.078846189710829018e+00
8.144072956509060823e-01
-5.421177215046352887e-02
2.573045624627007255e-01
5.493438508775498885e-01
-7.201416227552626115e-01
-2.836952739291720982e-01
1.204674376381768136e-01
3.196562661064995536e-01
nan
nan
nan
nan
5.283318095737032927e-01
1.310644255744086273e+00
-3.248767587873671037e-01
7.190621693929036828e-01
-1.457489199108547573e-01
2.751079135470920201e-01
9.951744079589843750e-01
-1.588193575541178293e-01
3.000492784712049943e-01
-1.105620000097486677e-01
-8.850684430864122487e-02
6.632795598771837331e-02
1.142633120218912834e+00
6.530191103617349890e-01
2.584061887529160995e-01
5.586567454867892302e-01
-5.346816380818685266e-01
6.183153258429633370e-01
3.805120256212022323e-01
-2.693510055541992188e-01
-3.286786874135335101e-01
2.948538197411431083e-01
7.763323783874511719e-01
2.502494653065999164e-01
-5.481238166491190361e-02
-3.603285882208082103e-02
7.810644573635525667e-01
-1.616825262705484934e-01
nan
nan
nan
nan
1.224069277445475334e+00
9.027009540134005583e-01
4.722242140107684762e-03
-6.503169735272725134e-03
4.255090157190958428e-02
5.963500870598686943e-01
5.393257670932345427e-01
7.321698400709364396e-01
6.935100025600857698e-01
7.262223561604818078e-01
9.997484419080946427e-01
1.195624007119072824e-01
8.677768177456326448e-01
3.368924458821614398e-01
-5.161634021335177458e-01
2.236836155255635464e-02
1.262870470682780022e+00
2.672496769163343680e-02
3.336214224497477399e-01
3.276657793256971818e-01
4.986491203308105469e-01
1.133569187588161942e+00
-3.694508075714111328e-01
3.016615245077345145e-02
7.486981815761990511e-01
3.481680287255181083e-01
3.069250053829616909e-01
-6.823656956354777481e-02
nan
nan
nan
nan
-1.822944316599104178e-02
2.992233965131971818e-01
8.189849853515625000e-01
1.636910862392849442e+00
-6.712036662631564177e-01
1.704492780897352455e+00
3.785240650177001953e-01
-2.276061640845404854e-01
6.600686709086099890e-01
6.210957633124457589e-01
-1.949200365278455915e-01
1.279208607143826004e+00
9.165001975165473214e-01
8.669819831848144531e-01
6.942749553256564177e-01
2.925328943464491349e-01
1.181323051452636719e+00
2.071053610907660492e+00
-1.558735635545518694e-01
6.029099888271755719e-02
6.408961084153916854e-01
1.631957054138183594e+00
-2.746157911088731307e-01
2.983364529079861049e-01
2.276717080010308258e+00
1.374435742696126228e+00
6.742833985222710380e-01
9.825151231553819198e-01
nan
nan
nan
nan
6.793108516269259489e-01
3.628016842736138114e-01
4.546342425876193638e-01
3.587862915462917690e-01
6.218497488233778459e-01
-1.620757182439168387e-01
9.806889428032768974e-01
1.798546261257595535e+00
1.176178190443250893e+00
7.199345164828829802e-01
9.523478613959418526e-01
1.099885940551757812e+00
1.137929810418023102e+00
-4.114726848072475934e-02
3.005699581570095424e-01
9.229282803005642855e-01
7.017023828294541854e-01
1.591442637973361496e+00
8.759173817104763948e-01
1.360141754150390625e+00
9.386846754286024552e-01
-5.979024569193521765e-01
6.441160307990180245e-01
8.652817938062880021e-01
1.226488431294759041e+00
1.401574134826660156e+00
nan
nan
nan
nan
nan
nan
5.414721171061197547e-01
1.030495855543348549e+00
2.100278218587239731e+00
1.193145222134060379e+00
3.424366050296359654e-01
9.097367392645941964e-01
1.330470826890733482e+00
6.654096709357367745e-01
6.145728429158529016e-01
1.999657948811848884e+00
1.745982170104980469e+00
1.526752365960015290e+00
1.169167942470974442e+00
8.863574663798013953e-01
7.713263829549154016e-01
-3.441996574401855469e-01
7.254690064324272880e-01
1.266319486829969643e+00
7.962180773417154578e-01
6.383538246154785156e-01
6.041399637858072547e-01
1.092542966206868416e+00
1.394800715976291183e+00
9.207170274522569198e-01
1.169841978285047768e+00
1.046967400444878571e+00
1.025903595818413727e+00
8.859083387586805802e-01
nan
nan
nan
nan
9.072777430216470984e-01
1.005468792385525223e+00
5.005635685390896761e-01
7.784103817409939730e-01
1.593629201253255134e+00
1.733914799160427567e+00
1.893265830145941742e+00
1.277600818210177902e+00
1.874122831556532143e+00
1.956624772813585045e+00
1.813532087537977455e+00
1.411561648050944084e+00
2.538924535115560044e+00
1.670165803697374107e+00
9.021370146009657365e-01
2.266805436876085267e+00
2.244952943589952454e+00
2.581118689643012054e+00
1.904068628946940178e+00
1.911673439873589508e+00
1.894102944268120758e+00
1.748515976799859040e+00
nan
8.622353341844346541e-01
1.067137718200683594e+00
1.512810813056097992e+00
1.395328415764702790e+00
1.090065532260470871e+00
nan
nan
nan
nan
2.212210337320963394e+00
1.854104148017035492e+00
8.894179662068685266e-01
1.108370145161946541e+00
1.427111201816134933e+00
1.388461536831326004e+00
1.287203258938259598e+00
1.978083292643229241e+00
1.191803508334689621e+00
1.384624057345920090e+00
7.043100727929009486e-02
2.480460060967339508e+00
1.553366661071777344e+00
1.610531595018174889e+00
1.873796886867947098e+00
1.044858826531304352e+00
1.688841501871744866e+00
1.797746446397569420e+00
1.252570470174153572e+00
2.266695870293511383e+00
2.305819617377387054e+00
1.945238325330946205e+00
1.064300007290310379e+00
1.047038714090983147e+00
1.485859870910644531e+00
1.918783823649088616e+00
2.080591201782226562e+00
2.249649683634439956e+00
nan
nan
nan
nan
2.688862058851453796e+00
2.154850853814019196e+00
1.365170054965548996e+00
1.848508834838867188e+00
1.325599458482530357e+00
2.206678602430555358e+00
2.154436111450195312e+00
1.674203024970160492e+00
1.464922799004448883e+00
1.948096593221028572e+00
2.042070812649197098e+00
1.282710817125108482e+00
1.602348009745280022e+00
1.759119563632541183e+00
1.660463015238444084e+00
1.389689975314670090e+00
1.400244818793402679e+00
9.723527696397569198e-01
nan
1.406772931416829353e+00
2.478948805067274108e+00
1.373300022549099442e+00
2.191646152072482590e+00
1.583476596408420090e+00
2.163826624552408706e+00
1.371467166476779465e+00
1.206657515631781585e+00
1.624883439805772545e+00
nan
nan
nan
nan
1.584348360697428459e+00
1.690474298265245201e+00
2.129603068033854019e+00
9.599598778618706474e-01
1.307612631056043861e+00
8.650787141587998885e-01
2.032260047064887054e+00
2.533944659762912277e+00
1.884874767727322098e+00
2.273884243435329910e+00
1.998236974080403572e+00
1.743166605631510491e+00
1.837705824110243080e+00
1.499054484897189621e+00
7.139291233486599886e-01
1.139767540825737946e+00
2.415120230780707367e+00
1.688232103983561272e+00
1.465489917331271652e+00
1.229814317491319420e+00
2.133119371202257142e+00
1.586808628506130692e+00
7.368498378329806364e-01
1.395549350314670090e+00
1.479967753092447991e+00
1.254525608486599442e+00
9.896451102362738839e-01
1.243721856011284821e+00
nan
nan
