nan
nan
3.471600711345672607e-01
-4.530684053897857666e-01
6.763744354248046875e-01
2.996408343315124512e-01
9.690812826156616211e-01
1.323048710823059082e+00
-1.393356919288635254e-01
5.234931707382202148e-01
1.913076937198638916e-01
4.339167773723602295e-01
2.821154594421386719e-01
5.053830146789550781e-01
1.707414835691452026e-01
1.015054941177368164e+00
-2.870062291622161865e-01
-5.133380368351936340e-02
6.673309206962585449e-02
-1.147607207298278809e+00
4.304812848567962646e-01
6.970117092132568359e-01
1.034662127494812012e+00
8.414548039436340332e-01
2.240678966045379639e-01
-1.425399631261825562e-01
-1.468225717544555664e-01
1.004107221961021423e-01
9.804770350456237793e-01
3.313855230808258057e-01
nan
nan
nan
nan
1.507167220115661621e-01
-4.995598196983337402e-01
7.894914746284484863e-01
5.876287221908569336e-01
2.486836314201354980e-01
4.670307040214538574e-01
-3.560159355401992798e-02
6.783706545829772949e-01
6.046293377876281738e-01
1.621085107326507568e-01
4.782260060310363770e-01
7.870094776153564453e-01
2.420339137315750122e-01
4.785165190696716309e-01
2.533907592296600342e-01
1.269825696945190430e+00
-2.065594941377639771e-01
-3.488913476467132568e-01
-3.892963826656341553e-01
9.075781702995300293e-01
-2.294628024101257324e-01
5.994110107421875000e-01
6.693740934133529663e-02
1.000983938574790955e-01
4.063220024108886719e-01
7.140950113534927368e-02
4.627286195755004883e-01
2.509475052356719971e-01
nan
nan
nan
nan
-1.712378710508346558e-01
3.178789839148521423e-02
5.899265408515930176e-01
6.984856128692626953e-01
3.903943002223968506e-01
-1.475704908370971680e-01
-1.245809644460678101e-01
-2.861092388629913330e-01
-1.586560159921646118e-01
-1.219993457198143005e-01
9.496748447418212891e-02
7.606990933418273926e-01
2.457237802445888519e-02
8.397458791732788086e-01
3.412836492061614990e-01
2.617903053760528564e-01
9.350708723068237305e-01
4.945822954177856445e-01
4.005750119686126709e-01
7.694343924522399902e-01
1.014206409454345703e+00
1.099660873413085938e+00
2.329958826303482056e-01
-9.274344891309738159e-02
4.906767010688781738e-01
1.725742667913436890e-01
-1.902135461568832397e-01
4.796275198459625244e-01
nan
nan
nan
nan
3.796411454677581787e-01
-2.040416747331619263e-01
-6.766008734703063965e-01
4.140728414058685303e-01
5.884423851966857910e-01
7.012808322906494141e-01
1.048917174339294434e+00
1.564093232154846191e-01
-2.415241450071334839e-01
-6.211685761809349060e-02
5.875003337860107422e-01
5.458628535270690918e-01
7.726128697395324707e-01
-7.403852343559265137e-01
-5.638374090194702148e-01
-5.416349694132804871e-02
2.489222735166549683e-01
-1.707634478807449341e-01
1.670146584510803223e-01
5.183889269828796387e-01
9.896094799041748047e-01
1.159878969192504883e-01
8.682110309600830078e-01
7.753584384918212891e-01
5.694403052330017090e-01
3.645297586917877197e-01
8.065584897994995117e-01
5.395032465457916260e-02
nan
nan
nan
nan
1.664976239204406738e+00
-7.690728306770324707e-01
2.357611954212188721e-01
1.307392239570617676e+00
6.332482695579528809e-01
9.204301834106445312e-01
9.836901426315307617e-01
1.051077127456665039e+00
2.082561999559402466e-01
-2.298194169998168945e-01
2.408781349658966064e-01
7.606143355369567871e-01
5.597048401832580566e-01
8.720812201499938965e-01
7.264461517333984375e-01
-1.992589980363845825e-01
-1.015580177307128906e+00
3.636147379875183105e-01
2.621091902256011963e-01
7.351318001747131348e-01
5.000708103179931641e-01
3.913702070713043213e-01
7.295034527778625488e-01
4.269727170467376709e-01
7.464930415153503418e-01
-4.072352126240730286e-02
9.947373867034912109e-01
4.229262843728065491e-02
nan
nan
nan
nan
3.938972204923629761e-02
7.714398503303527832e-01
4.031311571598052979e-01
-2.116073854267597198e-02
1.501882672309875488e+00
2.982554137706756592e-01
1.073020935058593750e+00
8.367094397544860840e-02
3.286579996347427368e-02
9.908548593521118164e-01
9.920353889465332031e-01
5.454479455947875977e-01
-9.837799519300460815e-02
1.256085991859436035e+00
4.098048806190490723e-01
-4.494270682334899902e-01
2.482778280973434448e-01
-4.395712167024612427e-02
3.946577906608581543e-01
1.845631897449493408e-01
-2.774419188499450684e-01
6.991529464721679688e-01
4.511460065841674805e-01
-3.410674259066581726e-02
8.159816861152648926e-01
8.663032650947570801e-01
1.211341500282287598e+00
4.781788289546966553e-01
nan
nan
nan
nan
2.913494110107421875e-01
-8.170341700315475464e-02
9.976504445075988770e-01
1.368560075759887695e+00
-9.856049418449401855e-01
-7.585158199071884155e-02
3.122238814830780029e-01
7.624795436859130859e-01
-4.972046315670013428e-01
8.441001176834106445e-01
6.773717999458312988e-01
6.440402269363403320e-01
-6.758603453636169434e-01
1.073488831520080566e+00
-2.112993597984313965e-01
-1.412360668182373047e-01
3.385008871555328369e-01
5.975037813186645508e-02
1.213116645812988281e-01
1.275779366493225098e+00
1.627793014049530029e-01
-2.726516723632812500e-01
4.654920995235443115e-01
4.615756273269653320e-01
9.343248009681701660e-01
-1.577420346438884735e-02
-4.188229441642761230e-01
-4.562905430793762207e-01
nan
nan
nan
nan
8.636916279792785645e-01
-6.124348044395446777e-01
5.127557516098022461e-01
1.030072212219238281e+00
-1.750356145203113556e-02
6.696870923042297363e-01
4.856506586074829102e-01
6.248616576194763184e-01
1.894685626029968262e+00
1.565551757812500000e-01
7.591105103492736816e-01
-3.318154513835906982e-01
-3.388462960720062256e-01
8.106920123100280762e-01
2.507096529006958008e-01
1.150783658027648926e+00
1.478846788406372070e+00
7.998520135879516602e-01
-1.199281513690948486e-01
7.996571660041809082e-01
7.625294923782348633e-01
1.659230470657348633e+00
3.769661486148834229e-01
-4.710913822054862976e-02
1.571998119354248047e+00
6.470841169357299805e-01
1.410992503166198730e+00
9.973841309547424316e-01
nan
nan
nan
nan
1.696662545204162598e+00
9.853590726852416992e-01
9.786809682846069336e-01
1.127756595611572266e+00
1.139470934867858887e+00
7.891194820404052734e-01
1.265444517135620117e+00
1.657973289489746094e+00
1.955096721649169922e+00
8.165581226348876953e-01
1.264049768447875977e+00
1.998071670532226562e+00
1.454244375228881836e+00
9.471217989921569824e-01
1.118111252784729004e+00
6.144258379936218262e-01
7.354560494422912598e-01
2.466229438781738281e+00
1.985689043998718262e+00
9.602222442626953125e-01
1.703731536865234375e+00
1.188469648361206055e+00
1.332592248916625977e+00
1.093083858489990234e+00
2.113926649093627930e+00
1.239079713821411133e+00
1.638469576835632324e+00
1.639077186584472656e+00
nan
nan
nan
nan
9.717331528663635254e-01
1.765314698219299316e+00
1.839560985565185547e+00
1.671292781829833984e+00
7.608174681663513184e-01
2.347150564193725586e+00
2.327522039413452148e+00
1.234619736671447754e+00
7.749857902526855469e-01
1.651210546493530273e+00
1.486682653427124023e+00
1.670059084892272949e+00
1.191003799438476562e+00
1.720549583435058594e+00
2.248406171798706055e+00
1.259078502655029297e+00
1.719424724578857422e+00
2.216547727584838867e+00
1.491799354553222656e+00
2.323956966400146484e+00
1.489035844802856445e+00
1.791939854621887207e+00
1.211259603500366211e+00
1.812983155250549316e+00
2.315805196762084961e+00
9.988418221473693848e-01
1.541418671607971191e+00
1.767995715141296387e+00
nan
nan
nan
nan
1.791251420974731445e+00
1.542477965354919434e+00
1.981992721557617188e+00
2.226150989532470703e+00
3.137525796890258789e+00
1.605539917945861816e+00
1.538401007652282715e+00
1.843509674072265625e+00
2.248795509338378906e+00
2.236985206604003906e+00
1.640253186225891113e+00
1.232476353645324707e+00
1.966876983642578125e+00
2.987865209579467773e+00
2.683465242385864258e+00
2.551767587661743164e+00
3.223646640777587891e+00
3.383935928344726562e+00
2.306788921356201172e+00
3.520057678222656250e+00
3.237318992614746094e+00
3.518765211105346680e+00
3.885342121124267578e+00
3.003573656082153320e+00
3.414299726486206055e+00
3.661863565444946289e+00
2.772032737731933594e+00
2.395445346832275391e+00
nan
nan
nan
nan
2.149957656860351562e+00
2.659384489059448242e+00
2.771872043609619141e+00
3.927770853042602539e+00
2.802208423614501953e+00
3.244372367858886719e+00
1.843696832656860352e+00
2.530590534210205078e+00
1.834247589111328125e+00
2.149324417114257812e+00
2.705032825469970703e+00
2.956744194030761719e+00
2.898832321166992188e+00
1.931456685066223145e+00
1.894222497940063477e+00
2.566100597381591797e+00
1.945666790008544922e+00
2.928742408752441406e+00
2.689909934997558594e+00
1.576720595359802246e+00
1.868781566619873047e+00
2.421065330505371094e+00
6.920661926269531250e-01
1.617996215820312500e+00
1.923141479492187500e+00
4.415981173515319824e-01
7.477557659149169922e-01
1.433308482170104980e+00
nan
nan
nan
nan
1.919496297836303711e+00
1.752959489822387695e+00
9.555887579917907715e-01
1.348089456558227539e+00
1.638506412506103516e+00
2.040020942687988281e+00
2.106481552124023438e+00
1.299418568611145020e+00
1.673621892929077148e+00
1.376506090164184570e+00
1.227638483047485352e+00
1.436732530593872070e+00
1.244042590260505676e-01
1.362413644790649414e+00
1.879350543022155762e+00
1.274000763893127441e+00
1.652484297752380371e+00
1.265667200088500977e+00
1.263675332069396973e+00
9.914467334747314453e-01
3.737723529338836670e-01
8.366332054138183594e-01
1.961052417755126953e+00
1.356733083724975586e+00
2.373823642730712891e+00
8.036991953849792480e-01
1.347848325967788696e-01
6.214507222175598145e-01
nan
nan
nan
nan
2.128698587417602539e+00
2.326171636581420898e+00
1.012113094329833984e+00
1.362538814544677734e+00
1.043269276618957520e+00
1.717568039894104004e+00
1.092391610145568848e+00
1.372808456420898438e+00
1.112243413925170898e+00
1.109430670738220215e+00
1.095956802368164062e+00
1.329104304313659668e+00
1.826556324958801270e-01
9.281034767627716064e-02
1.608062863349914551e+00
1.270217537879943848e+00
4.370858073234558105e-01
1.454444766044616699e+00
1.776482939720153809e+00
3.408682346343994141e-01
3.566604554653167725e-01
1.126459121704101562e+00
4.875299036502838135e-01
9.679605960845947266e-01
1.855607986450195312e+00
9.701017737388610840e-01
2.049156904220581055e+00
1.616973042488098145e+00
nan
nan
nan
nan
4.847151935100555420e-01
1.612160563468933105e+00
9.548857212066650391e-01
1.101786971092224121e+00
1.845441937446594238e+00
-5.149001954123377800e-04
9.410500526428222656e-01
3.417529463768005371e-01
5.750120282173156738e-01
1.055166840553283691e+00
1.113869309425354004e+00
5.212976336479187012e-01
7.836174368858337402e-01
2.815263986587524414e+00
1.561879277229309082e+00
6.685602068901062012e-01
5.897257328033447266e-01
-4.086602330207824707e-01
7.294822335243225098e-01
6.925062835216522217e-02
4.734711647033691406e-01
7.664516568183898926e-01
1.485989093780517578e+00
8.246573805809020996e-01
3.746836781501770020e-01
1.086038231849670410e+00
3.585670590400695801e-01
3.516684472560882568e-01
nan
nan
nan
nan
-3.434029221534729004e-01
-1.399893462657928467e-01
1.462167263031005859e+00
5.867612957954406738e-01
6.119413375854492188e-01
1.353697776794433594e+00
6.847642660140991211e-01
9.666255712509155273e-01
1.266300439834594727e+00
1.506062746047973633e+00
6.982901096343994141e-01
9.035320878028869629e-01
-8.800563216209411621e-02
2.324378341436386108e-01
1.270964592695236206e-01
8.780997991561889648e-01
1.188045740127563477e+00
1.291123628616333008e+00
4.792098999023437500e-01
2.593107461929321289e+00
1.126367568969726562e+00
1.901409506797790527e+00
7.250186800956726074e-01
8.420190811157226562e-01
1.653169989585876465e+00
8.252740502357482910e-01
1.991584777832031250e+00
1.459404587745666504e+00
nan
nan
nan
nan
-3.820636495947837830e-02
-5.265074595808982849e-02
9.295640587806701660e-01
6.149715185165405273e-01
1.281966567039489746e+00
8.641130924224853516e-01
6.960760354995727539e-01
1.209345817565917969e+00
1.769102096557617188e+00
1.017220973968505859e+00
1.154322624206542969e+00
1.165639638900756836e+00
8.463884592056274414e-01
5.305508971214294434e-01
1.548081517219543457e+00
1.262598395347595215e+00
1.327730894088745117e+00
1.645068645477294922e+00
-8.656211197376251221e-02
-1.261809319257736206e-01
8.345186710357666016e-02
-3.894900977611541748e-01
6.106646060943603516e-01
9.974020719528198242e-01
1.552941560745239258e+00
6.066245436668395996e-01
1.823558211326599121e+00
1.986975312232971191e+00
nan
nan
nan
nan
1.041205286979675293e+00
1.409084558486938477e+00
8.752143979072570801e-01
1.195739150047302246e+00
1.013705730438232422e+00
8.380455374717712402e-01
1.689216613769531250e+00
1.053555846214294434e+00
1.087615787982940674e-01
1.114905595779418945e+00
1.802478909492492676e+00
1.903577089309692383e+00
6.831218600273132324e-01
1.025428414344787598e+00
1.476078867912292480e+00
1.285544514656066895e+00
9.125471115112304688e-01
9.174869656562805176e-01
1.505327343940734863e+00
3.193947553634643555e+00
1.119465470314025879e+00
2.055369853973388672e+00
2.254440307617187500e+00
7.251706719398498535e-01
2.181743860244750977e+00
1.541907548904418945e+00
2.158210277557373047e+00
1.122756242752075195e+00
nan
nan
nan
nan
1.766862750053405762e+00
1.515888929367065430e+00
1.113660097122192383e+00
2.177254199981689453e+00
2.487766742706298828e+00
2.319068431854248047e+00
2.419602632522583008e+00
1.996233224868774414e+00
2.477333545684814453e+00
2.487283229827880859e+00
2.462528705596923828e+00
1.899647116661071777e+00
3.487308740615844727e+00
2.122575044631958008e+00
2.759759187698364258e+00
2.036711275577545166e-01
2.418721653521060944e-02
-3.243511617183685303e-01
2.709711313247680664e+00
2.444090127944946289e+00
3.013992547988891602e+00
2.516561269760131836e+00
3.178380489349365234e+00
2.650469541549682617e+00
3.628405570983886719e+00
1.951426267623901367e+00
nan
nan
nan
nan
nan
nan
2.292130231857299805e+00
3.910633563995361328e+00
3.813002109527587891e+00
3.012492656707763672e+00
7.874193787574768066e-02
2.478044271469116211e+00
3.256897449493408203e+00
3.817829847335815430e+00
2.931854248046875000e+00
3.021376848220825195e+00
3.694995880126953125e+00
3.651263236999511719e+00
3.590467691421508789e+00
3.598911523818969727e+00
3.252710103988647461e+00
3.876920223236083984e+00
3.547627210617065430e+00
5.161070346832275391e+00
3.160289764404296875e+00
3.421714544296264648e+00
4.767034053802490234e+00
4.358251571655273438e+00
3.914630174636840820e+00
3.454408884048461914e+00
2.660824060440063477e+00
2.788270473480224609e+00
3.446769952774047852e+00
3.550879716873168945e+00
nan
nan
nan
nan
2.729944467544555664e+00
1.963274836540222168e+00
-1.333755552768707275e-01
8.764186501502990723e-01
3.050006628036499023e+00
4.276862144470214844e+00
3.764976501464843750e+00
3.890895843505859375e+00
3.923530101776123047e+00
3.779572010040283203e+00
3.350328445434570312e+00
3.339881658554077148e+00
3.031428813934326172e+00
4.211088657379150391e+00
3.789222955703735352e+00
4.359242916107177734e+00
5.171566009521484375e+00
4.597949981689453125e+00
5.058698177337646484e+00
4.600843906402587891e+00
4.148777484893798828e+00
4.966482162475585938e+00
nan
4.493523120880126953e+00
5.802017211914062500e+00
6.318784236907958984e+00
6.041906356811523438e+00
5.746498107910156250e+00
nan
nan
nan
nan
2.584958314895629883e+00
4.792272567749023438e+00
5.511654376983642578e+00
5.571231842041015625e+00
5.735556602478027344e+00
5.803445816040039062e+00
4.860467433929443359e+00
5.213720321655273438e+00
5.200418472290039062e+00
4.785001277923583984e+00
1.365779161453247070e+00
4.677370071411132812e+00
5.688949584960937500e+00
5.923524379730224609e+00
4.435419559478759766e+00
4.940685749053955078e+00
4.733269214630126953e+00
4.691147327423095703e+00
4.630115032196044922e+00
4.738589286804199219e+00
4.752599239349365234e+00
4.509235858917236328e+00
4.539764404296875000e+00
4.343105316162109375e+00
3.638952016830444336e+00
4.255087852478027344e+00
4.043307304382324219e+00
4.875613212585449219e+00
nan
nan
nan
nan
4.788654804229736328e+00
4.177962303161621094e+00
4.947089195251464844e+00
4.086768627166748047e+00
3.886849641799926758e+00
4.662055492401123047e+00
5.150838375091552734e+00
4.763806343078613281e+00
4.229353427886962891e+00
4.937300205230712891e+00
4.669715404510498047e+00
4.662963390350341797e+00
4.723379135131835938e+00
3.669204711914062500e+00
3.939266681671142578e+00
3.739979743957519531e+00
4.307092189788818359e+00
4.415913105010986328e+00
nan
3.928165435791015625e+00
4.226512432098388672e+00
4.775800704956054688e+00
4.394115924835205078e+00
3.830306291580200195e+00
3.950984477996826172e+00
4.413070201873779297e+00
4.007467746734619141e+00
4.406398773193359375e+00
nan
nan
nan
nan
4.710894584655761719e+00
3.895376205444335938e+00
3.732070684432983398e+00
4.681730270385742188e+00
3.909268379211425781e+00
4.902318477630615234e+00
3.647239446640014648e+00
4.981554031372070312e+00
4.955660820007324219e+00
4.327852249145507812e+00
4.435402870178222656e+00
4.679429531097412109e+00
4.850314140319824219e+00
4.443522930145263672e+00
4.622352123260498047e+00
5.572546958923339844e+00
4.419282436370849609e+00
4.866849422454833984e+00
4.059159755706787109e+00
4.612406253814697266e+00
4.707219123840332031e+00
4.851340770721435547e+00
5.046497821807861328e+00
5.464562892913818359e+00
5.624890804290771484e+00
5.054478645324707031e+00
5.633247852325439453e+00
4.752902030944824219e+00
nan
nan
