nan
nan
1.260568201541900635e-01
-4.551511406898498535e-01
-5.776298642158508301e-01
-6.682822704315185547e-01
-3.063239157199859619e-01
3.967252671718597412e-01
-2.207367569208145142e-01
-1.914314180612564087e-01
3.554355204105377197e-01
4.080477654933929443e-01
8.570992946624755859e-02
-3.113463521003723145e-01
3.625380098819732666e-01
6.010593771934509277e-01
3.895309865474700928e-01
5.053305253386497498e-02
2.857650220394134521e-01
-4.022573232650756836e-01
-3.924988210201263428e-01
-2.031448930501937866e-01
1.432875245809555054e-01
-1.378405541181564331e-01
6.127943992614746094e-01
3.143731504678726196e-02
-4.208934009075164795e-01
-1.996330022811889648e-01
1.794107258319854736e-01
1.346392333507537842e-01
nan
nan
nan
nan
-4.689789414405822754e-01
1.732049882411956787e-01
9.535693377256393433e-02
-8.716873526573181152e-01
2.433982491493225098e-01
-4.641860127449035645e-01
-2.488885670900344849e-01
2.720652222633361816e-01
1.519442647695541382e-01
3.820644915103912354e-01
-5.214797258377075195e-01
3.421361446380615234e-01
-2.289341390132904053e-01
-2.040633857250213623e-01
6.144751310348510742e-01
-7.371237277984619141e-01
7.300482988357543945e-01
8.390017151832580566e-01
8.904843330383300781e-01
1.461280941963195801e+00
-8.997818827629089355e-01
-4.393928349018096924e-01
-6.201097965240478516e-01
-1.907578557729721069e-01
-5.334118604660034180e-01
-5.518523454666137695e-01
-1.436046212911605835e-01
-9.339552372694015503e-03
nan
nan
nan
nan
1.807857453823089600e-01
2.537554502487182617e-01
6.096287965774536133e-01
7.146821022033691406e-01
-6.973475962877273560e-02
1.772818714380264282e-01
-3.511158227920532227e-01
-5.379371047019958496e-01
-2.007194794714450836e-02
8.494907617568969727e-01
-1.733102649450302124e-01
3.508121371269226074e-01
-1.617680490016937256e-01
6.543638110160827637e-01
2.721827328205108643e-01
-5.150138139724731445e-01
-4.989879727363586426e-01
3.516016155481338501e-02
-3.766983449459075928e-01
-2.186153233051300049e-01
9.000174403190612793e-01
6.343613862991333008e-01
-2.950963564217090607e-02
-5.346954241394996643e-02
4.846519827842712402e-01
1.139169096946716309e+00
2.802486717700958252e-01
-2.826523482799530029e-01
nan
nan
nan
nan
-4.019839167594909668e-01
-7.503350973129272461e-01
-2.459595799446105957e-01
-4.966940283775329590e-01
-1.458321362733840942e-01
-7.174217104911804199e-01
-9.842279553413391113e-02
3.902531862258911133e-01
-1.026312112808227539e-01
-2.417097240686416626e-01
-1.694836765527725220e-01
-7.013361454010009766e-01
5.302404761314392090e-01
1.734030544757843018e-01
-6.001511812210083008e-01
2.759502828121185303e-01
-1.773466914892196655e-01
-2.999468147754669189e-01
-8.521375060081481934e-02
-2.673954963684082031e-01
5.929616093635559082e-01
-1.869925707578659058e-01
-1.300181001424789429e-01
6.046950221061706543e-01
1.688235104084014893e-01
-4.626322984695434570e-01
1.037489902228116989e-02
-7.963938266038894653e-02
nan
nan
nan
nan
5.214769765734672546e-02
-3.846544027328491211e-02
-9.456586837768554688e-02
-4.533913731575012207e-01
1.996720768511295319e-02
4.738399386405944824e-02
1.734763681888580322e-01
3.076901733875274658e-01
2.800366580486297607e-01
1.369628459215164185e-01
-6.015939116477966309e-01
1.379093378782272339e-01
4.078555107116699219e-01
-8.701316714286804199e-01
-1.125684082508087158e-01
-4.252241849899291992e-01
-2.326609045267105103e-01
-3.414554297924041748e-01
3.119727671146392822e-01
7.996352910995483398e-01
2.450177073478698730e-01
-1.129378914833068848e+00
-2.284805029630661011e-01
2.058402001857757568e-01
-5.473231673240661621e-01
-1.062855243682861328e+00
9.913419485092163086e-01
4.796417057514190674e-01
nan
nan
nan
nan
-8.716171979904174805e-01
1.866623908281326294e-01
-1.719501465559005737e-01
-3.010234832763671875e-01
-5.176034569740295410e-01
6.912711262702941895e-01
-1.140201210975646973e+00
3.461052477359771729e-01
6.404742002487182617e-01
3.012116253376007080e-01
-1.005746051669120789e-01
1.235206365585327148e+00
-3.626098334789276123e-01
-4.542118310928344727e-01
4.402133822441101074e-01
-7.883993387222290039e-01
-3.041145503520965576e-01
-2.089180797338485718e-01
5.216221213340759277e-01
5.032509565353393555e-01
2.155680358409881592e-01
-1.765840947628021240e-01
-5.147159472107887268e-02
1.375130563974380493e-01
-2.750619947910308838e-01
-2.379924505949020386e-01
-3.582145273685455322e-01
-2.611164748668670654e-01
nan
nan
nan
nan
7.043759226799011230e-01
7.138828635215759277e-01
3.822355717420578003e-02
-5.909352004528045654e-02
6.485942006111145020e-01
8.700378239154815674e-03
3.155174553394317627e-01
8.854757547378540039e-01
5.173915028572082520e-01
6.062377095222473145e-01
3.261330723762512207e-01
-3.024685084819793701e-01
5.922128558158874512e-01
6.791037917137145996e-01
-2.022975683212280273e-01
2.783894836902618408e-01
3.497699797153472900e-01
-2.952045798301696777e-01
2.524406909942626953e-01
4.305507838726043701e-01
-1.519560664892196655e-01
-8.635844588279724121e-01
-2.888388745486736298e-02
2.615069150924682617e-01
8.420822620391845703e-01
2.716631889343261719e-01
-2.926051616668701172e-01
3.275455236434936523e-01
nan
nan
nan
nan
-6.176681816577911377e-02
-1.429564505815505981e-01
5.973794460296630859e-01
2.457289248704910278e-01
2.031627893447875977e-01
-4.346881806850433350e-01
-3.255901932716369629e-01
-2.397012151777744293e-02
7.778936624526977539e-01
-1.201706100255250931e-02
-5.267152190208435059e-01
2.241554558277130127e-01
-7.760456204414367676e-01
-2.388522922992706299e-01
2.976375073194503784e-02
-4.917411208152770996e-01
5.051364898681640625e-01
3.348872363567352295e-01
5.766243934631347656e-01
-1.136490464210510254e+00
-2.806457281112670898e-01
5.229207500815391541e-02
9.613620042800903320e-01
6.325807571411132812e-01
-4.989543557167053223e-02
-5.552138090133666992e-01
-7.171732783317565918e-01
2.239075899124145508e-01
nan
nan
nan
nan
-4.498722404241561890e-02
-4.576947391033172607e-01
-8.859037756919860840e-01
3.889164626598358154e-01
-1.567331552505493164e-01
-4.387120306491851807e-01
-9.055994451045989990e-03
1.603098809719085693e-01
-2.066417485475540161e-01
-3.913073986768722534e-02
-6.561458706855773926e-01
3.901468515396118164e-01
7.632241249084472656e-01
-4.249514937400817871e-01
1.071056127548217773e-01
2.819131612777709961e-01
2.182005941867828369e-01
3.289434313774108887e-01
5.909886956214904785e-01
-3.581399917602539062e-01
-3.949780166149139404e-01
2.646262347698211670e-01
-6.161133646965026855e-01
3.830539882183074951e-01
4.768261313438415527e-01
5.513423085212707520e-01
8.557073473930358887e-01
4.196842312812805176e-01
nan
nan
nan
nan
-4.711287915706634521e-01
-9.611077308654785156e-01
9.526250511407852173e-02
-3.267859667539596558e-02
7.471485137939453125e-01
1.229787588119506836e+00
-8.750353008508682251e-02
1.694114655256271362e-01
9.311713278293609619e-02
4.542126059532165527e-01
-6.334973871707916260e-02
-7.549820840358734131e-02
8.937122821807861328e-01
3.565141558647155762e-02
2.574114203453063965e-01
1.270898699760437012e+00
-5.206434726715087891e-01
1.210489422082901001e-01
5.133833885192871094e-01
-2.068777382373809814e-01
-7.474839091300964355e-01
-4.782384932041168213e-01
3.235381841659545898e-01
-6.837324500083923340e-01
9.588220715522766113e-01
3.072191029787063599e-02
3.081187903881072998e-01
-6.119732856750488281e-01
nan
nan
nan
nan
2.630122303962707520e-01
2.219686210155487061e-01
7.961298227310180664e-01
-4.110066890716552734e-01
-3.043837787117809057e-04
3.359636962413787842e-01
2.353413254022598267e-01
-1.196064233779907227e+00
-4.512162506580352783e-01
-5.367521047592163086e-01
5.015333294868469238e-01
3.167972266674041748e-01
-5.273652672767639160e-01
-6.139343976974487305e-01
1.509650498628616333e-01
-1.629734188318252563e-01
-4.013990759849548340e-01
-1.669921427965164185e-01
1.444176118820905685e-02
-6.483271718025207520e-01
8.110720664262771606e-02
1.112462580204010010e-01
4.573084414005279541e-01
9.286664724349975586e-01
9.540641903877258301e-01
-2.771908044815063477e-01
-5.522466897964477539e-01
-9.713592939078807831e-03
nan
nan
nan
nan
3.772950768470764160e-01
-3.439556062221527100e-01
2.018726617097854614e-01
-1.496834903955459595e-01
-8.197255134582519531e-01
-3.798554241657257080e-01
-2.377953082323074341e-01
8.452718257904052734e-01
6.739383935928344727e-02
-2.425288707017898560e-01
4.925321638584136963e-01
3.868052444886416197e-04
-1.752817928791046143e-01
-1.681803017854690552e-01
6.051016449928283691e-01
8.335422873497009277e-01
4.068220853805541992e-01
-1.074879646301269531e+00
-6.270319819450378418e-01
-2.400417476892471313e-01
3.084440529346466064e-01
-3.857700228691101074e-01
-1.181590408086776733e-01
2.435475140810012817e-01
-8.723601698875427246e-02
2.174060493707656860e-01
-1.006766855716705322e-01
6.182710528373718262e-01
nan
nan
nan
nan
9.434984326362609863e-01
2.989837825298309326e-01
1.762993931770324707e-01
-8.175532817840576172e-01
4.523665010929107666e-01
-5.959467291831970215e-01
2.962786890566349030e-02
-3.729467988014221191e-01
5.952140092849731445e-01
4.126601815223693848e-01
-1.659610867500305176e-01
1.919322609901428223e-01
1.152289882302284241e-01
1.744767874479293823e-01
-6.268573999404907227e-01
5.770708667114377022e-04
-7.122234907001256943e-03
-6.270248889923095703e-01
4.684042930603027344e-01
-3.930463492870330811e-01
-3.585327267646789551e-01
8.299153447151184082e-01
-4.016231372952461243e-02
1.795630455017089844e-01
-6.007323786616325378e-02
1.906699240207672119e-01
-5.110938549041748047e-01
-2.810989916324615479e-01
nan
nan
nan
nan
-1.033186197280883789e+00
7.931559085845947266e-01
4.148667752742767334e-01
-3.386292755603790283e-01
1.091899815946817398e-02
1.028319671750068665e-01
-8.302499353885650635e-02
2.437057197093963623e-01
1.069866716861724854e-01
-5.127525329589843750e-01
-3.240418434143066406e-01
7.866020202636718750e-01
-6.056227684020996094e-01
1.430153250694274902e-01
3.085255324840545654e-01
-2.107094228267669678e-01
-5.239470601081848145e-01
-4.173175990581512451e-01
-6.156652569770812988e-01
1.182994484901428223e+00
5.201291441917419434e-01
-6.200960278511047363e-01
-6.476944088935852051e-01
7.556359767913818359e-01
1.368838846683502197e-01
1.449318230152130127e-01
-6.343654990196228027e-01
-6.214052438735961914e-01
nan
nan
nan
nan
5.240085721015930176e-01
5.228592157363891602e-01
3.938947618007659912e-01
-6.803242117166519165e-02
-1.187260508537292480e+00
-3.731648325920104980e-01
2.847923934459686279e-01
9.118849635124206543e-01
5.545258522033691406e-01
4.921449720859527588e-01
1.011635899543762207e+00
2.484924793243408203e-01
-3.746404498815536499e-02
7.964990101754665375e-03
-4.290104210376739502e-01
-8.745226263999938965e-01
-2.836124002933502197e-01
1.506274580955505371e+00
8.106779456138610840e-01
-4.678449928760528564e-01
3.851380571722984314e-02
-2.353740483522415161e-01
-4.154217243194580078e-01
4.006932079792022705e-01
-1.588094532489776611e-01
-1.517052352428436279e-01
3.097823858261108398e-01
-2.652111649513244629e-01
nan
nan
nan
nan
-1.648188978433609009e-01
-9.661589264869689941e-01
-3.969484940171241760e-02
-9.493809938430786133e-01
1.833396106958389282e-01
-4.118270706385374069e-03
3.163268566131591797e-01
4.732632339000701904e-01
-1.027801871299743652e+00
8.755266666412353516e-02
1.106551885604858398e-01
-3.911227583885192871e-01
-2.852530777454376221e-01
-1.083479300141334534e-01
1.651503145694732666e-01
-7.264924049377441406e-01
8.022816181182861328e-01
4.578747153282165527e-01
-3.722867667675018311e-01
-1.939545869827270508e-01
-6.487395763397216797e-01
-1.481096297502517700e-01
-3.182360827922821045e-01
2.136099040508270264e-01
5.445043444633483887e-01
5.503274798393249512e-01
-1.294456794857978821e-02
-5.357795357704162598e-01
nan
nan
nan
nan
-8.065292239189147949e-01
-2.191551728174090385e-03
-2.985080778598785400e-01
-2.559855580329895020e-01
-1.423662006855010986e-01
2.277111411094665527e-01
5.485041141510009766e-01
-6.724005341529846191e-01
-5.560783147811889648e-01
-1.090390980243682861e-01
-1.234265863895416260e-01
-3.074169158935546875e-02
4.460595250129699707e-01
7.714582085609436035e-01
-7.788568735122680664e-01
3.499634861946105957e-01
3.603183031082153320e-01
4.904465377330780029e-01
2.198712676763534546e-01
-1.032112538814544678e-01
-1.441618323326110840e+00
-1.820584237575531006e-01
-4.713708758354187012e-01
7.223313450813293457e-01
-8.938965201377868652e-01
-2.139547020196914673e-01
-5.653237104415893555e-01
5.077732205390930176e-01
nan
nan
nan
nan
-2.916163206100463867e-02
-6.058903336524963379e-01
-2.785391733050346375e-02
-4.291741847991943359e-01
1.666032969951629639e-01
-3.691405951976776123e-01
2.096837460994720459e-01
-5.592184886336326599e-02
-3.344350457191467285e-01
-3.328473567962646484e-01
1.073259636759757996e-01
-4.883792698383331299e-01
3.304287791252136230e-01
-4.670244157314300537e-01
2.437634468078613281e-01
-9.030516147613525391e-01
2.024514973163604736e-01
7.219842672348022461e-01
-1.197127103805541992e-01
-1.427540481090545654e-01
5.379255414009094238e-01
-1.335313767194747925e-01
-1.857740283012390137e-01
-1.886378675699234009e-01
3.600704967975616455e-01
9.061367064714431763e-02
3.726455271244049072e-01
4.400028586387634277e-01
nan
nan
nan
nan
2.343311458826065063e-01
-1.435952186584472656e-01
1.508145630359649658e-01
9.839389920234680176e-01
-1.961676776409149170e-02
4.752547666430473328e-02
-5.343545675277709961e-01
2.297275140881538391e-02
-5.458942055702209473e-01
-9.329383969306945801e-01
-8.976628780364990234e-01
-8.558515310287475586e-01
3.948921263217926025e-01
-5.591757297515869141e-01
-5.739594697952270508e-01
-1.766803711652755737e-01
-4.087809026241302490e-01
-3.965895175933837891e-01
7.141461968421936035e-02
6.636890769004821777e-01
7.742316722869873047e-01
1.999448984861373901e-01
1.649895757436752319e-01
2.486587874591350555e-02
2.178510278463363647e-01
3.985555469989776611e-02
nan
nan
nan
nan
nan
nan
7.772599458694458008e-01
4.229001998901367188e-01
1.318684220314025879e-01
9.194805026054382324e-01
1.107363104820251465e-01
-2.119970619678497314e-01
-1.092208266258239746e+00
1.034693047404289246e-01
-2.554515600204467773e-01
8.269816040992736816e-01
6.566717028617858887e-01
3.229255378246307373e-01
-1.106625497341156006e-01
-9.466321766376495361e-02
3.537900149822235107e-01
5.607109665870666504e-01
-2.555986046791076660e-01
-5.741622447967529297e-01
-2.761557102203369141e-01
2.237984538078308105e-01
-4.282397627830505371e-01
3.191093727946281433e-02
1.002407222986221313e-01
8.424273133277893066e-02
-5.084967985749244690e-02
3.227068483829498291e-02
-7.736607193946838379e-01
-7.971199750900268555e-01
nan
nan
nan
nan
1.709397882223129272e-01
-4.586408436298370361e-01
-1.000677227973937988e+00
6.763648986816406250e-01
-5.207925438880920410e-01
6.405059695243835449e-01
-4.795946478843688965e-01
-4.308132231235504150e-01
1.970377415418624878e-01
-7.669981122016906738e-01
-6.593274474143981934e-01
3.327966034412384033e-01
6.113083362579345703e-01
8.730812370777130127e-02
4.259774982929229736e-01
-9.184134006500244141e-02
3.454032540321350098e-01
4.688865318894386292e-02
-4.408535659313201904e-01
2.177688628435134888e-01
-2.881406843662261963e-01
5.127695798873901367e-01
nan
-3.278187811374664307e-01
-3.354910314083099365e-01
6.182574108242988586e-02
3.340128362178802490e-01
1.384029388427734375e-01
nan
nan
nan
nan
-1.383665297180414200e-02
-1.054832935333251953e+00
-4.316209256649017334e-01
7.139700651168823242e-02
7.207438349723815918e-01
3.203142881393432617e-01
3.636354506015777588e-01
4.621773064136505127e-01
1.267085075378417969e-01
-2.633420825004577637e-01
4.768482446670532227e-01
-4.149667546153068542e-02
6.664282083511352539e-01
2.782572805881500244e-01
4.445657432079315186e-01
-5.774664282798767090e-01
-2.455185204744338989e-01
2.638071477413177490e-01
-5.585666894912719727e-01
2.704425752162933350e-01
-2.074323296546936035e-01
-2.420628815889358521e-01
3.000585436820983887e-01
4.372406601905822754e-01
-1.074226737022399902e+00
9.895876049995422363e-01
-5.122542977333068848e-01
-2.052388638257980347e-01
nan
nan
nan
nan
-1.058772683143615723e+00
3.621509969234466553e-01
-7.990899085998535156e-01
1.484849750995635986e-01
7.886477112770080566e-01
-2.613270282745361328e-01
-1.463852524757385254e+00
-2.887620031833648682e-01
-8.403028249740600586e-01
-2.249598801136016846e-01
-5.694355964660644531e-01
7.255558967590332031e-01
-3.322996795177459717e-01
-7.855417132377624512e-01
-9.755812883377075195e-01
-2.581520676612854004e-01
2.945523560047149658e-01
-2.322248667478561401e-01
nan
3.326531052589416504e-01
-5.704477429389953613e-01
-4.389693588018417358e-02
2.469906061887741089e-01
2.731773853302001953e-01
2.635308504104614258e-01
-3.110264837741851807e-01
-3.812041878700256348e-01
-3.705974221229553223e-01
nan
nan
nan
nan
-5.213615298271179199e-01
-3.667652308940887451e-01
-1.198980882763862610e-01
5.179682970046997070e-01
-2.679606080055236816e-01
-3.234141469001770020e-01
-1.164409816265106201e-01
3.613294959068298340e-01
3.244897127151489258e-01
-7.970362156629562378e-02
-3.216161578893661499e-02
-5.738043189048767090e-01
5.079476833343505859e-01
-5.238722562789916992e-01
-7.312829792499542236e-02
-1.951399594545364380e-01
-3.983627855777740479e-01
-4.157598912715911865e-01
3.021526634693145752e-01
6.729157269001007080e-02
1.507617384195327759e-01
-3.287289738655090332e-01
-2.069124877452850342e-01
2.362700253725051880e-01
9.679704308509826660e-01
-3.246788978576660156e-01
-4.604592323303222656e-01
1.466447412967681885e-01
nan
nan
