nan
nan
1.936595290899276733e-01
-1.907206177711486816e-01
1.844200044870376587e-01
3.253640234470367432e-01
1.057801023125648499e-01
-2.962166666984558105e-01
-5.976017117500305176e-01
-7.877991199493408203e-01
-5.749602615833282471e-02
3.613733649253845215e-01
2.510831654071807861e-01
-5.948438644409179688e-01
3.089275360107421875e-01
4.878164231777191162e-01
3.406352698802947998e-01
3.029485344886779785e-01
-3.376609086990356445e-02
4.183258414268493652e-01
2.002758234739303589e-01
8.204078674316406250e-01
-5.044889450073242188e-01
3.197733759880065918e-01
8.198189139366149902e-01
2.814439535140991211e-01
-1.088683605194091797e-01
-1.937120556831359863e-01
6.554504036903381348e-01
-3.380790054798126221e-01
nan
nan
nan
nan
2.222185209393501282e-02
-7.555356621742248535e-02
-1.978240162134170532e-01
2.341821193695068359e-01
5.073089003562927246e-01
-3.123627603054046631e-01
-8.539840579032897949e-01
3.343329727649688721e-01
1.083202585577964783e-01
4.800198078155517578e-01
3.560027852654457092e-02
4.689402282238006592e-01
9.054581522941589355e-01
5.523307919502258301e-01
-2.890095710754394531e-01
-7.175874710083007812e-02
8.602511286735534668e-01
-7.433475255966186523e-01
1.331820785999298096e-01
5.150156617164611816e-01
-3.813840150833129883e-01
2.145953625440597534e-01
1.096570730209350586e+00
4.181680977344512939e-01
-1.055537536740303040e-01
4.202361218631267548e-03
1.094226613640785217e-01
-2.846659719944000244e-01
nan
nan
nan
nan
4.554663598537445068e-01
1.193814635276794434e+00
2.473298273980617523e-02
1.658662706613540649e-01
-1.416860669851303101e-01
1.827442497014999390e-01
-8.680785298347473145e-01
-3.810251355171203613e-01
-8.152153491973876953e-01
-4.185886383056640625e-01
-4.869545400142669678e-01
1.258722186088562012e+00
-1.516495347023010254e-01
2.460325807332992554e-01
7.259359359741210938e-01
-9.549884796142578125e-01
4.061769321560859680e-02
-5.986784100532531738e-01
-4.795052707195281982e-01
-2.519347965717315674e-01
-7.444456815719604492e-01
-5.475314259529113770e-01
-6.697958111763000488e-01
2.523731254041194916e-02
3.939594924449920654e-01
7.878400683403015137e-01
-9.161861538887023926e-01
1.382191479206085205e-01
nan
nan
nan
nan
-5.608968138694763184e-01
2.753374278545379639e-01
5.750904679298400879e-01
1.078952550888061523e-01
4.406990110874176025e-01
-4.916911199688911438e-02
-1.259497553110122681e-01
6.511635780334472656e-01
5.139199495315551758e-01
-3.229599297046661377e-01
6.112709641456604004e-01
1.416911482810974121e+00
-4.499897956848144531e-01
7.764872908592224121e-01
-8.915386795997619629e-01
-6.191867589950561523e-01
4.949875473976135254e-01
4.375692903995513916e-01
5.413559675216674805e-01
5.261172056198120117e-01
-5.475546717643737793e-01
-6.265764832496643066e-01
1.108609512448310852e-01
-7.576031684875488281e-01
-3.820578753948211670e-02
6.374259591102600098e-01
1.418107450008392334e-01
5.482110753655433655e-02
nan
nan
nan
nan
4.499104246497154236e-02
1.608267128467559814e-01
3.847211599349975586e-02
-3.333775401115417480e-01
1.059463694691658020e-01
-3.304131329059600830e-01
-3.569149598479270935e-02
-2.264733761548995972e-01
-1.940112262964248657e-01
1.691372245550155640e-01
-4.456909596920013428e-01
-4.283965826034545898e-01
-1.121772527694702148e-01
1.726110130548477173e-01
5.051885843276977539e-01
2.957936227321624756e-01
3.076178431510925293e-01
-1.018972516059875488e+00
-4.975530207157135010e-01
5.171335935592651367e-01
1.199420928955078125e+00
4.555113315582275391e-01
5.560094118118286133e-01
1.478451192378997803e-01
7.912629842758178711e-01
3.445490449666976929e-02
-4.753626883029937744e-01
9.934250712394714355e-01
nan
nan
nan
nan
5.503127574920654297e-01
7.978340983390808105e-01
-3.465741872787475586e-01
-3.452179729938507080e-01
-1.412269175052642822e-01
1.435801267623901367e+00
-4.205359220504760742e-01
1.074127435684204102e+00
-4.752314984798431396e-01
1.746086329221725464e-01
-9.400311112403869629e-02
7.688595056533813477e-01
-2.864511907100677490e-01
8.746711164712905884e-02
-5.321567058563232422e-01
8.105974793434143066e-01
3.582294881343841553e-01
-6.211138963699340820e-01
2.448105514049530029e-01
8.117528557777404785e-01
1.024769246578216553e-01
2.402262091636657715e-01
2.157932668924331665e-01
1.727683097124099731e-01
-7.986010313034057617e-01
-2.233729362487792969e-01
6.487758159637451172e-01
-8.232176899909973145e-01
nan
nan
nan
nan
1.357090622186660767e-01
-4.131834506988525391e-01
-6.150254979729652405e-02
5.763769149780273438e-01
-2.358892709016799927e-01
2.893486320972442627e-01
1.186434507369995117e+00
1.326187968254089355e+00
1.019919812679290771e-01
-1.382098793983459473e-01
9.209298491477966309e-01
1.024281978607177734e+00
2.404995709657669067e-01
-8.571717739105224609e-01
4.100753366947174072e-01
4.196583330631256104e-01
6.556412577629089355e-01
-2.804584205150604248e-01
6.288477182388305664e-01
4.119337797164916992e-01
8.041340708732604980e-01
2.975051105022430420e-01
-8.925455212593078613e-01
1.155800223350524902e+00
-2.808417081832885742e-01
1.360227018594741821e-01
-1.206420287489891052e-01
1.905357539653778076e-01
nan
nan
nan
nan
8.629361540079116821e-02
2.785283923149108887e-01
1.355719327926635742e+00
-2.585665881633758545e-01
1.593370921909809113e-02
-1.753503978252410889e-01
3.953256607055664062e-01
8.024506568908691406e-01
1.928695440292358398e-01
1.350155949592590332e+00
4.458964169025421143e-01
8.763218522071838379e-01
4.183904230594635010e-01
1.601593382656574249e-02
1.039282530546188354e-01
-8.057057261466979980e-01
-2.055500298738479614e-01
4.665150642395019531e-01
2.782884240150451660e-01
2.505500614643096924e-01
9.064199924468994141e-01
1.815242767333984375e-01
1.390147656202316284e-01
-2.734637856483459473e-01
5.550943017005920410e-01
6.773585081100463867e-01
-3.332430869340896606e-02
7.155607938766479492e-01
nan
nan
nan
nan
4.239026606082916260e-01
7.439813762903213501e-02
6.560836434364318848e-01
8.809259533882141113e-01
4.678595662117004395e-01
6.673530340194702148e-01
-1.472427994012832642e-01
9.330226778984069824e-01
-1.655864878557622433e-03
-4.240151941776275635e-01
1.664041429758071899e-01
1.118387341499328613e+00
-4.022018015384674072e-01
-6.438050419092178345e-02
5.620098114013671875e-01
1.686531543731689453e+00
3.716032505035400391e-01
1.317926406860351562e+00
1.053336381912231445e+00
3.887116611003875732e-01
6.019965410232543945e-01
-5.452381372451782227e-01
-3.837747871875762939e-02
8.457340002059936523e-01
1.352184057235717773e+00
1.488724052906036377e-01
-4.639496207237243652e-01
9.420858323574066162e-02
nan
nan
nan
nan
7.253524065017700195e-01
4.938812255859375000e-01
1.526634842157363892e-01
7.986241579055786133e-01
2.379042804241180420e-01
-6.215807795524597168e-01
-2.157210558652877808e-01
4.285626411437988281e-01
-1.770515441894531250e-01
2.936824560165405273e-01
5.405936837196350098e-01
-5.971520543098449707e-01
1.468090891838073730e+00
1.351400256156921387e+00
6.307379603385925293e-01
9.141120910644531250e-01
-6.533841788768768311e-02
4.637603163719177246e-01
6.697779297828674316e-01
7.865238189697265625e-01
1.083875298500061035e+00
5.829399228096008301e-01
1.477283358573913574e+00
6.469939947128295898e-01
5.366637706756591797e-01
8.048673272132873535e-01
2.912196815013885498e-01
3.955086767673492432e-01
nan
nan
nan
nan
1.181056737899780273e+00
3.713404238224029541e-01
-1.417383998632431030e-01
6.601033806800842285e-01
2.364930808544158936e-01
1.268624186515808105e+00
1.981492340564727783e-01
-1.400258541107177734e-01
-4.578034207224845886e-02
1.557318121194839478e-01
-3.591268062591552734e-01
1.461423993110656738e+00
7.234759926795959473e-01
4.176490008831024170e-01
-3.441947400569915771e-01
3.360102176666259766e-01
5.522639751434326172e-01
9.808607101440429688e-01
-2.710973918437957764e-01
5.094988942146301270e-01
-6.446619629859924316e-01
9.671000242233276367e-01
5.032865330576896667e-02
7.255616188049316406e-01
2.916639149188995361e-01
4.647544622421264648e-01
8.993157148361206055e-01
4.313161075115203857e-01
nan
nan
nan
nan
1.024713516235351562e+00
4.750074148178100586e-01
1.886122107505798340e+00
5.673260688781738281e-01
6.793527603149414062e-01
7.723172903060913086e-01
1.257365345954895020e+00
1.458235502243041992e+00
2.780894339084625244e-01
1.645781397819519043e+00
-2.030803263187408447e-01
-5.539517477154731750e-02
9.191382527351379395e-01
4.304307401180267334e-01
4.679855704307556152e-01
-4.531475007534027100e-01
-7.596375346183776855e-01
-2.558960616588592529e-01
-2.910452485084533691e-01
9.340683817863464355e-01
2.169083505868911743e-01
2.597065269947052002e-01
-4.554542601108551025e-01
-1.152941510081291199e-01
6.285013258457183838e-02
4.397289454936981201e-01
7.659261673688888550e-02
7.211982011795043945e-01
nan
nan
nan
nan
-5.026242136955261230e-01
1.397854208946228027e+00
8.075369596481323242e-01
5.299003124237060547e-01
4.556548297405242920e-01
1.103564977645874023e+00
6.860597133636474609e-01
3.348934054374694824e-01
2.850293815135955811e-01
3.844661414623260498e-01
1.371358633041381836e+00
1.097134351730346680e+00
-1.445691287517547607e-01
1.035980820655822754e+00
2.904310822486877441e-01
1.500839367508888245e-03
8.086998462677001953e-01
2.900817692279815674e-01
4.002132713794708252e-01
2.571093738079071045e-01
-9.142542839981615543e-04
8.510538339614868164e-01
9.901188015937805176e-01
2.591223120689392090e-01
9.977809190750122070e-01
4.491580128669738770e-01
-1.901324689388275146e-01
4.370360374450683594e-01
nan
nan
nan
nan
7.311013340950012207e-01
8.556573987007141113e-01
1.053689956665039062e+00
8.529675751924514771e-02
9.991471767425537109e-01
4.960379898548126221e-01
6.515791416168212891e-01
3.685482144355773926e-01
8.791133016347885132e-02
2.188456505537033081e-01
3.345056474208831787e-01
2.069887937977910042e-03
-1.667913943529129028e-01
-6.429939717054367065e-02
1.270769476890563965e+00
-6.549836397171020508e-01
1.522607076913118362e-02
4.441640973091125488e-01
-3.778359293937683105e-01
-1.996291875839233398e-01
-2.454534620046615601e-01
9.018973447382450104e-03
1.461250185966491699e+00
8.218053579330444336e-01
1.785673350095748901e-01
5.838882327079772949e-01
1.170607566833496094e+00
2.114546447992324829e-01
nan
nan
nan
nan
-9.200617671012878418e-02
8.219003677368164062e-01
1.043830275535583496e+00
5.518618822097778320e-01
7.930452823638916016e-01
-5.837502479553222656e-01
1.410271674394607544e-01
1.066830873489379883e+00
1.225289583206176758e+00
6.799279451370239258e-01
1.367698431015014648e+00
-6.706295013427734375e-01
7.406377792358398438e-01
1.429564833641052246e+00
1.206766843795776367e+00
-2.583000957965850830e-01
9.098617434501647949e-01
1.200296401977539062e+00
8.761806488037109375e-01
1.202604696154594421e-01
9.971418380737304688e-01
4.167305529117584229e-01
2.737034857273101807e-01
1.076740980148315430e+00
8.283704519271850586e-01
-1.880725324153900146e-01
1.114825725555419922e+00
6.473242640495300293e-01
nan
nan
nan
nan
3.278407156467437744e-01
3.829613924026489258e-01
1.431421637535095215e-01
1.619789600372314453e+00
4.040365293622016907e-02
3.124758601188659668e-01
7.103255391120910645e-01
4.887682795524597168e-01
4.579139947891235352e-01
6.895728707313537598e-01
3.030151128768920898e-01
5.251718759536743164e-01
2.777799069881439209e-01
4.818103611469268799e-01
7.933214306831359863e-01
8.751707077026367188e-01
3.147993385791778564e-01
5.912680625915527344e-01
6.332413852214813232e-02
2.204294919967651367e+00
-3.452493250370025635e-01
1.516175150871276855e+00
6.012118235230445862e-02
9.228584170341491699e-01
9.403321743011474609e-01
6.445727944374084473e-01
1.196144938468933105e+00
9.149460196495056152e-01
nan
nan
nan
nan
1.041104435920715332e+00
1.537873744964599609e-01
4.416547715663909912e-01
1.408798933029174805e+00
1.014775395393371582e+00
7.693752050399780273e-01
2.460792362689971924e-01
2.363382130861282349e-01
-7.310357689857482910e-01
2.417347133159637451e-01
1.792863011360168457e+00
6.840226054191589355e-01
6.105532050132751465e-01
2.078220397233963013e-01
1.505000352859497070e+00
1.888199523091316223e-02
1.147732019424438477e+00
4.848859608173370361e-01
1.038695096969604492e+00
1.946765035390853882e-01
1.669822573661804199e+00
5.275644659996032715e-01
5.501440763473510742e-01
-2.177408486604690552e-01
1.031919121742248535e+00
7.909669876098632812e-01
4.744650721549987793e-01
7.368565797805786133e-01
nan
nan
nan
nan
2.331849336624145508e-01
2.268468737602233887e-01
-2.783301174640655518e-01
-6.422168612480163574e-01
2.577892318367958069e-02
1.280047774314880371e+00
7.884966731071472168e-01
4.513648748397827148e-01
6.132065653800964355e-01
5.324875712394714355e-01
3.076908588409423828e-01
1.428945779800415039e+00
1.512802243232727051e+00
6.033620238304138184e-01
3.874813914299011230e-01
5.326302647590637207e-01
-1.089368909597396851e-01
7.511223554611206055e-01
2.403096705675125122e-01
1.328075051307678223e+00
8.921822309494018555e-01
8.009446263313293457e-01
2.932153344154357910e-01
1.201579213142395020e+00
6.494500637054443359e-01
5.518056750297546387e-01
5.125513672828674316e-01
7.539122104644775391e-01
nan
nan
nan
nan
8.221957683563232422e-01
5.373560786247253418e-01
7.706903219223022461e-01
4.982332289218902588e-01
8.383568525314331055e-01
1.583699941635131836e+00
1.013238072395324707e+00
7.523993849754333496e-01
7.933819890022277832e-01
1.474727511405944824e+00
2.510944306850433350e-01
9.057976603507995605e-01
6.033356785774230957e-01
4.847802817821502686e-01
7.560033202171325684e-01
9.418846368789672852e-01
1.343816995620727539e+00
6.574688553810119629e-01
5.162690281867980957e-01
1.022334098815917969e+00
1.082524180412292480e+00
1.164148926734924316e+00
5.270724892616271973e-01
1.533656954765319824e+00
1.043369174003601074e+00
1.317787647247314453e+00
nan
nan
nan
nan
nan
nan
8.601415753364562988e-01
1.657683014869689941e+00
-4.367830157279968262e-01
1.261942505836486816e+00
5.946484804153442383e-01
1.133736371994018555e+00
1.235155344009399414e+00
1.552686095237731934e+00
9.602600336074829102e-01
1.587774515151977539e+00
1.692394733428955078e+00
1.786318778991699219e+00
1.522547960281372070e+00
1.312168478965759277e+00
6.205323338508605957e-01
1.383442640304565430e+00
1.108533143997192383e+00
5.769222378730773926e-01
1.723331809043884277e+00
1.148511409759521484e+00
1.615688085556030273e+00
1.315797567367553711e+00
1.010803103446960449e+00
1.609547138214111328e+00
1.115100383758544922e+00
1.085886001586914062e+00
1.188075423240661621e+00
1.208271861076354980e+00
nan
nan
nan
nan
2.053081512451171875e+00
6.646531224250793457e-01
1.123840883374214172e-01
-1.126368716359138489e-01
1.007113218307495117e+00
1.849757552146911621e+00
2.344106674194335938e+00
2.124935865402221680e+00
2.254982471466064453e+00
2.549260616302490234e+00
2.307812452316284180e+00
6.579781770706176758e-01
2.239755392074584961e+00
8.307113647460937500e-01
1.132277607917785645e+00
1.400536060333251953e+00
1.376928091049194336e+00
6.242358088493347168e-01
8.677663207054138184e-01
2.087236166000366211e+00
1.564159750938415527e+00
1.688818454742431641e+00
nan
2.138526678085327148e+00
1.295244097709655762e+00
2.140388011932373047e+00
2.496893882751464844e+00
2.253293752670288086e+00
nan
nan
nan
nan
2.003050088882446289e+00
2.146669864654541016e+00
1.421802759170532227e+00
1.828035712242126465e+00
1.849852204322814941e+00
1.919987201690673828e+00
2.307985544204711914e+00
2.598711967468261719e+00
1.522315263748168945e+00
1.834128022193908691e+00
1.003656387329101562e+00
1.366711020469665527e+00
1.496472120285034180e+00
1.580702304840087891e+00
1.578221678733825684e+00
2.412800073623657227e+00
2.357688903808593750e+00
2.595622301101684570e+00
2.603902816772460938e+00
1.881655454635620117e+00
1.392994880676269531e+00
2.383471965789794922e+00
2.468327283859252930e+00
2.780088186264038086e+00
2.394266366958618164e+00
2.143791913986206055e+00
2.663349628448486328e+00
1.829914927482604980e+00
nan
nan
nan
nan
1.876317739486694336e+00
2.931645393371582031e+00
2.131071805953979492e+00
2.643953084945678711e+00
2.987308979034423828e+00
2.468468666076660156e+00
1.782984256744384766e+00
2.520380020141601562e+00
5.606986880302429199e-01
1.900237441062927246e+00
1.842119812965393066e+00
1.539895653724670410e+00
1.551548123359680176e+00
1.983873367309570312e+00
1.737214207649230957e+00
1.721294522285461426e+00
2.330378055572509766e+00
1.505604028701782227e+00
nan
1.457273364067077637e+00
3.333489418029785156e+00
1.854131460189819336e+00
2.693330287933349609e+00
2.137428045272827148e+00
1.642511367797851562e+00
1.455264449119567871e+00
2.158298492431640625e+00
1.953698635101318359e+00
nan
nan
nan
nan
2.014261007308959961e+00
2.820029973983764648e+00
2.088551998138427734e+00
1.708655595779418945e+00
1.464542269706726074e+00
2.419541358947753906e+00
2.459303140640258789e+00
2.567539930343627930e+00
1.168975472450256348e+00
1.695742011070251465e+00
2.485318660736083984e+00
2.457788467407226562e+00
2.298801660537719727e+00
1.377742767333984375e+00
2.642021656036376953e+00
1.841091275215148926e+00
1.649201750755310059e+00
2.040616989135742188e+00
2.389442443847656250e+00
1.616930842399597168e+00
1.087680697441101074e+00
2.458678245544433594e+00
1.707908749580383301e+00
1.847834587097167969e+00
2.736083745956420898e+00
1.736710667610168457e+00
1.557477355003356934e+00
1.362450838088989258e+00
nan
nan
