nan
nan
-5.578619837760925293e-01
3.266458213329315186e-01
-1.210863813757896423e-01
-5.392848253250122070e-01
7.937810420989990234e-01
1.632875949144363403e-01
-3.156445920467376709e-01
-2.368726730346679688e-01
5.791418552398681641e-01
-2.274657189846038818e-01
5.618082880973815918e-01
4.016979932785034180e-01
6.792150735855102539e-01
5.519568920135498047e-01
-1.464648395776748657e-01
6.873292326927185059e-01
-7.923740148544311523e-01
4.212926030158996582e-01
7.102623581886291504e-01
-4.362056031823158264e-02
-9.047200083732604980e-01
1.542087048292160034e-01
9.394388794898986816e-01
-7.998490333557128906e-01
-8.696967363357543945e-01
-9.324139952659606934e-01
-1.934451162815093994e-01
1.296131610870361328e+00
nan
nan
nan
nan
1.145368660218082368e-04
5.949715524911880493e-02
6.270303130149841309e-01
-3.235325515270233154e-01
3.200501799583435059e-01
-1.194409374147653580e-02
8.807502985000610352e-01
1.327294111251831055e-01
8.541110903024673462e-02
8.089739829301834106e-02
4.457671344280242920e-01
1.893149465322494507e-01
1.012517977505922318e-02
-9.353646039962768555e-01
-9.174276143312454224e-02
2.287839651107788086e-01
8.159478902816772461e-01
-7.765293121337890625e-01
-1.661812514066696167e-01
4.018935933709144592e-02
1.753453463315963745e-01
-2.390836328268051147e-01
-1.323918849229812622e-01
3.178673237562179565e-02
7.131649255752563477e-01
-4.108087420463562012e-01
4.198891222476959229e-01
-1.071635708212852478e-01
nan
nan
nan
nan
5.016424655914306641e-01
-1.193853020668029785e-01
-3.090895116329193115e-01
-2.932702898979187012e-01
-1.544578224420547485e-01
1.930755823850631714e-01
-4.019962847232818604e-01
3.786676824092864990e-01
1.986508816480636597e-01
6.020710468292236328e-01
-7.898831367492675781e-01
5.078700557351112366e-02
-1.103983163833618164e+00
2.739983201026916504e-01
2.519679069519042969e-02
-3.786222659982740879e-04
3.590052425861358643e-01
5.438373684883117676e-01
2.750715315341949463e-01
-2.541425526142120361e-01
-3.996180891990661621e-01
-1.354266703128814697e-01
5.877835154533386230e-01
-1.723055839538574219e-01
3.614425063133239746e-01
5.175512656569480896e-02
1.234384775161743164e+00
1.813933402299880981e-01
nan
nan
nan
nan
9.977132081985473633e-02
-2.605360448360443115e-01
7.495201230049133301e-01
6.147087812423706055e-01
9.871733784675598145e-01
-5.571976900100708008e-01
-5.051450133323669434e-01
4.629402980208396912e-02
1.121026277542114258e+00
3.961813449859619141e-01
6.713190674781799316e-01
1.190344244241714478e-01
1.225078940391540527e+00
-1.378985762596130371e+00
2.824020981788635254e-01
-9.029682278633117676e-01
-4.346096888184547424e-02
5.844667553901672363e-01
-5.782571434974670410e-01
-2.382573038339614868e-01
8.500757217407226562e-01
6.491804029792547226e-03
-3.438736498355865479e-01
1.237638711929321289e+00
5.186408162117004395e-01
-4.522345066070556641e-01
-2.376202046871185303e-01
1.830801814794540405e-01
nan
nan
nan
nan
-5.941926836967468262e-01
-2.733171172440052032e-02
4.034509882330894470e-03
5.772244334220886230e-01
-6.444020867347717285e-01
-2.426887899637222290e-01
-1.270818412303924561e-01
5.588401556015014648e-01
-5.486177206039428711e-01
-1.012358546257019043e+00
-5.151662826538085938e-01
-7.973863929510116577e-02
1.641731411218643188e-01
-7.684407383203506470e-02
1.635202616453170776e-01
5.577318370342254639e-02
-1.062209829688072205e-01
4.250347316265106201e-01
6.406713277101516724e-02
3.668982684612274170e-01
1.155642569065093994e-01
-3.718545287847518921e-02
-3.043339550495147705e-01
5.958751440048217773e-01
-5.037370920181274414e-01
-1.129136443138122559e+00
-1.186134889721870422e-01
-8.016140013933181763e-02
nan
nan
nan
nan
-2.123921364545822144e-01
2.056815624237060547e-01
1.992012262344360352e-01
7.705186307430267334e-02
-1.583186089992523193e-01
-3.582209050655364990e-01
-3.513120859861373901e-02
2.610646486282348633e-01
5.760866999626159668e-01
1.201005652546882629e-01
7.317076921463012695e-01
5.339313745498657227e-01
7.010495662689208984e-01
8.088412880897521973e-01
-2.278059720993041992e-01
-5.291799902915954590e-01
3.724736273288726807e-01
-4.218617081642150879e-01
-1.687761768698692322e-02
2.301254123449325562e-01
-2.571529448032379150e-01
-8.729068189859390259e-02
9.446492195129394531e-01
-9.438231587409973145e-01
-3.047513663768768311e-01
-2.008677572011947632e-01
3.266905546188354492e-01
1.936629265546798706e-01
nan
nan
nan
nan
-6.756056845188140869e-02
8.909788131713867188e-01
8.627051860094070435e-02
-1.647319048643112183e-01
-9.513154029846191406e-01
-1.665365695953369141e-01
8.536239862442016602e-01
1.661542356014251709e-01
-3.643637523055076599e-02
-6.481739878654479980e-01
5.613986402750015259e-02
1.880974024534225464e-01
-3.099061548709869385e-01
-2.584189474582672119e-01
-6.165300607681274414e-01
1.354464888572692871e-02
6.351324915885925293e-01
-6.052640676498413086e-01
-4.998159110546112061e-01
-4.334644675254821777e-01
1.163648724555969238e+00
-1.277616024017333984e-01
7.537188380956649780e-02
5.242954492568969727e-01
7.992379069328308105e-01
-4.536812305450439453e-01
-1.097770109772682190e-01
2.474718987941741943e-01
nan
nan
nan
nan
-5.525712966918945312e-01
2.580959200859069824e-01
-8.294703811407089233e-02
-6.643249392509460449e-01
6.458033919334411621e-01
5.838581174612045288e-02
9.367151260375976562e-01
3.975470066070556641e-01
-2.477956712245941162e-01
-2.730503082275390625e-01
1.595825850963592529e-01
3.612415194511413574e-01
6.190800666809082031e-01
3.912534117698669434e-01
3.571448326110839844e-01
1.795327216386795044e-01
8.484332263469696045e-02
1.167373359203338623e-01
-1.426463872194290161e-01
7.813887670636177063e-03
-2.321418374776840210e-02
-3.990995585918426514e-01
3.673248589038848877e-01
8.456014990806579590e-01
-1.170573160052299500e-01
-1.296399235725402832e+00
5.895320773124694824e-01
1.270664930343627930e+00
nan
nan
nan
nan
7.673718333244323730e-01
9.046100378036499023e-01
8.746999502182006836e-02
3.658265769481658936e-01
-1.274306774139404297e+00
-5.908707976341247559e-01
-1.536681652069091797e-01
8.130388855934143066e-01
-1.531192958354949951e-01
2.889859080314636230e-01
3.272569477558135986e-01
-2.145675569772720337e-01
-7.090364694595336914e-01
1.400047540664672852e-01
6.285562515258789062e-01
3.340026438236236572e-01
5.180003866553306580e-02
4.347965121269226074e-01
-6.585988402366638184e-02
1.213599741458892822e-01
6.551703065633773804e-02
3.735025525093078613e-01
-2.575013637542724609e-01
-1.789108961820602417e-01
7.339797914028167725e-02
-5.772048607468605042e-02
-2.928237318992614746e-01
-5.193078517913818359e-01
nan
nan
nan
nan
-5.183910727500915527e-01
-1.036641359329223633e+00
4.074410200119018555e-01
-5.146742463111877441e-01
5.083021521568298340e-01
-5.182753801345825195e-01
-2.191995456814765930e-02
-8.379710465669631958e-02
4.056791365146636963e-01
-6.544532775878906250e-01
5.831388831138610840e-01
5.824202299118041992e-01
-4.019964337348937988e-01
3.574493825435638428e-01
-2.527880072593688965e-01
-2.121942192316055298e-01
4.775723516941070557e-01
-9.260398149490356445e-02
-6.913098692893981934e-01
-4.204483628273010254e-01
-5.156134366989135742e-01
1.117317825555801392e-01
4.966817200183868408e-01
6.968685239553451538e-02
-5.719261169433593750e-01
1.747684367001056671e-02
-3.503561485558748245e-03
-3.503836095333099365e-01
nan
nan
nan
nan
4.728224277496337891e-01
1.865163818001747131e-02
1.120950937271118164e+00
-2.191370427608489990e-01
5.735878348350524902e-01
-2.776611149311065674e-01
-4.855870902538299561e-01
-5.008817315101623535e-01
-1.120057463645935059e+00
-1.604170203208923340e-01
-1.669024825096130371e-01
-4.491150081157684326e-01
-1.909236311912536621e-01
-2.769947052001953125e-01
-5.756691470742225647e-02
3.056061454117298126e-02
-2.233591377735137939e-01
7.516597956418991089e-02
-2.218242436647415161e-01
4.901268053799867630e-03
7.514114975929260254e-01
2.253857403993606567e-01
-1.171901702880859375e+00
1.229682713747024536e-01
1.346682757139205933e-01
6.222137212753295898e-01
-1.577956974506378174e-01
5.757869482040405273e-01
nan
nan
nan
nan
1.253004968166351318e-01
-1.098993867635726929e-01
6.203646659851074219e-01
-4.083569645881652832e-01
-5.103114247322082520e-01
-1.963751763105392456e-01
-2.667459775693714619e-04
-4.864917695522308350e-01
-1.323621068149805069e-02
1.679977178573608398e-01
6.320253014564514160e-01
-7.745783329010009766e-01
-3.305152654647827148e-01
-2.639296278357505798e-02
2.098657041788101196e-01
-1.006797403097152710e-01
2.749983668327331543e-01
-2.962636947631835938e-01
2.776077389717102051e-01
3.189584612846374512e-01
-9.983983635902404785e-01
-4.745258390903472900e-01
2.205540835857391357e-01
4.627915620803833008e-01
3.320893645286560059e-01
7.773389667272567749e-02
3.683633208274841309e-01
-3.627123832702636719e-01
nan
nan
nan
nan
5.268527269363403320e-01
2.833491563796997070e-01
-2.209389656782150269e-01
1.682867258787155151e-01
8.461126685142517090e-01
-6.632561981678009033e-02
7.156944274902343750e-02
-9.819234013557434082e-01
5.273017883300781250e-01
7.328300476074218750e-01
-2.531518042087554932e-01
1.004850745201110840e+00
-7.310016751289367676e-01
3.811862170696258545e-01
-4.255002140998840332e-01
-3.866031467914581299e-01
-7.163327187299728394e-02
-2.811016142368316650e-01
-3.920470178127288818e-01
-1.337602585554122925e-01
7.189790606498718262e-01
-5.975656509399414062e-01
-6.587552428245544434e-01
-6.167322397232055664e-01
7.198999524116516113e-01
-2.214871346950531006e-01
-2.228545248508453369e-01
-6.696223616600036621e-01
nan
nan
nan
nan
-7.229137420654296875e-01
1.115517020225524902e+00
-6.029824018478393555e-01
1.027146056294441223e-01
-5.858382582664489746e-01
1.960269361734390259e-01
-1.928625851869583130e-01
-1.731381416320800781e-01
6.409134864807128906e-01
-5.573810935020446777e-01
6.765425205230712891e-02
4.489606246352195740e-02
-8.609468340873718262e-01
1.238399967551231384e-01
-5.170293450355529785e-01
-7.647027969360351562e-01
-1.714956462383270264e-01
-7.478541731834411621e-01
2.894221246242523193e-01
6.779806613922119141e-01
7.796614170074462891e-01
-8.601874858140945435e-02
-4.423138499259948730e-01
-3.514912426471710205e-01
2.502003312110900879e-01
-8.669324219226837158e-02
-7.906582951545715332e-01
-1.229713678359985352e+00
nan
nan
nan
nan
4.115199148654937744e-01
3.573540225625038147e-02
2.915166914463043213e-01
3.160840868949890137e-01
5.178275704383850098e-01
-2.668288350105285645e-01
-5.913670733571052551e-02
4.435127973556518555e-01
2.284375131130218506e-01
-3.078771941363811493e-02
1.181795477867126465e+00
-4.746398031711578369e-01
9.264483302831649780e-02
-3.710966408252716064e-01
8.495955467224121094e-01
-2.544490993022918701e-01
4.081374406814575195e-01
4.050084650516510010e-01
-2.777821421623229980e-01
-9.484495520591735840e-01
-6.456884741783142090e-01
1.565490216016769409e-01
5.787246227264404297e-01
-8.394636511802673340e-01
2.272983193397521973e-01
1.839888691902160645e-01
-5.439813137054443359e-01
5.046604201197624207e-02
nan
nan
nan
nan
-7.310810685157775879e-01
-7.311855554580688477e-01
-4.089801609516143799e-01
-1.853300184011459351e-01
-2.597420513629913330e-01
5.522810388356447220e-03
-2.636867575347423553e-02
2.191933430731296539e-02
-8.367063403129577637e-01
1.693714857101440430e-01
-5.276091098785400391e-01
2.246937155723571777e-01
-1.144053936004638672e-01
-1.282086491584777832e+00
4.680686891078948975e-01
-7.856997102499008179e-02
-5.099760293960571289e-01
-1.250828623771667480e+00
-9.717220067977905273e-02
3.785533905029296875e-01
5.714643001556396484e-01
-1.145979017019271851e-01
-1.153054088354110718e-01
6.603519320487976074e-01
5.148238539695739746e-01
2.072934359312057495e-01
-4.234338998794555664e-01
-3.893238604068756104e-01
nan
nan
nan
nan
4.100101441144943237e-02
1.151920914649963379e+00
-5.230213999748229980e-01
9.660331904888153076e-02
6.835756897926330566e-01
-2.052779681980609894e-02
1.898355334997177124e-01
-1.309188902378082275e-01
-2.164817750453948975e-01
-1.365345597267150879e+00
2.805507183074951172e-01
-4.636930525302886963e-01
-7.338287234306335449e-01
9.911969304084777832e-01
-1.271098732948303223e+00
-2.027258276939392090e-01
-9.325252175331115723e-01
-1.377591848373413086e+00
6.302193403244018555e-01
2.664900422096252441e-01
-2.100880295038223267e-01
3.732540011405944824e-01
-6.755238771438598633e-02
-1.179635897278785706e-02
-5.411013960838317871e-02
-6.305843591690063477e-01
1.341423094272613525e-01
-2.866132557392120361e-01
nan
nan
nan
nan
2.359476387500762939e-01
6.473975777626037598e-01
-5.841864943504333496e-01
-2.334533780813217163e-01
1.977124065160751343e-02
8.484470099210739136e-02
-1.237462684512138367e-01
1.314715147018432617e-01
5.731959342956542969e-01
5.037114024162292480e-01
-8.870727419853210449e-01
1.044835925102233887e+00
-4.551789909601211548e-02
4.660810232162475586e-01
1.140949875116348267e-01
5.005266666412353516e-01
-3.470855355262756348e-01
-7.466090470552444458e-02
1.661574542522430420e-01
5.021826624870300293e-01
4.135458767414093018e-01
-4.617807269096374512e-01
-1.289110779762268066e+00
-8.670793175697326660e-01
4.996413588523864746e-01
-1.209074705839157104e-01
-6.076296567916870117e-01
-8.803519010543823242e-01
nan
nan
nan
nan
5.632797479629516602e-01
1.950767450034618378e-02
3.154185712337493896e-01
-5.285726189613342285e-01
2.284790873527526855e-01
-5.971152782440185547e-01
4.305768907070159912e-01
3.744817078113555908e-01
-1.274353712797164917e-01
-5.586808919906616211e-01
-4.173474311828613281e-01
1.867119595408439636e-02
-6.493381261825561523e-01
-1.073080897331237793e+00
-8.201230764389038086e-01
-6.968455314636230469e-01
4.670801758766174316e-01
1.298778355121612549e-01
6.310781836509704590e-01
-4.828919470310211182e-01
-5.542568564414978027e-01
-1.140565723180770874e-01
2.343072593212127686e-01
-9.270554184913635254e-01
6.598738431930541992e-01
2.970861792564392090e-01
nan
nan
nan
nan
nan
nan
-1.672983318567276001e-01
1.396340966224670410e+00
-1.816748976707458496e-01
-3.737685382366180420e-01
4.631090164184570312e-02
-2.628419101238250732e-01
-1.196185499429702759e-02
3.118149042129516602e-01
8.219131827354431152e-01
1.258491873741149902e+00
-1.372336000204086304e-01
-1.002011537551879883e+00
6.922069936990737915e-03
-2.131031751632690430e-01
6.804970502853393555e-01
2.744099497795104980e-01
3.028344810009002686e-01
1.053290724754333496e+00
8.291871845722198486e-02
4.798332750797271729e-01
9.410839080810546875e-01
4.561556577682495117e-01
5.572439432144165039e-01
2.717789411544799805e-01
-5.313130617141723633e-01
4.268025457859039307e-01
2.169492840766906738e-01
-1.525454372167587280e-01
nan
nan
nan
nan
-5.696550607681274414e-01
-2.997738718986511230e-01
7.081805467605590820e-01
9.003924131393432617e-01
-1.350285708904266357e-01
5.414418578147888184e-01
-6.185904145240783691e-01
5.874705910682678223e-01
-6.016555801033973694e-02
-3.614459931850433350e-01
-1.140734434127807617e+00
7.500595450401306152e-01
-4.507312551140785217e-02
3.570671975612640381e-01
-3.152047842741012573e-02
-3.794301450252532959e-01
8.326062560081481934e-02
-2.971512079238891602e-01
-5.268170833587646484e-01
2.052446901798248291e-01
8.003192543983459473e-01
-1.864074021577835083e-01
nan
-6.660635024309158325e-02
9.237439036369323730e-01
7.800964117050170898e-01
-3.120375573635101318e-01
-3.510881960391998291e-01
nan
nan
nan
nan
5.834562182426452637e-01
2.240925878286361694e-01
7.115550637245178223e-01
-6.782604008913040161e-02
2.606800496578216553e-01
4.159007966518402100e-01
-9.780524969100952148e-01
-1.054392457008361816e-01
1.165249824523925781e+00
4.993833899497985840e-01
1.058665275573730469e+00
5.844764113426208496e-01
2.545790374279022217e-01
3.580834269523620605e-01
-6.292601227760314941e-01
2.725650370121002197e-01
1.114835023880004883e+00
-1.574954986572265625e-01
3.822889924049377441e-01
4.528757557272911072e-02
-8.003686070442199707e-01
4.665119946002960205e-01
3.480512499809265137e-01
1.828815042972564697e-01
-9.529771804809570312e-01
2.010553926229476929e-01
1.379535198211669922e-01
-7.378949522972106934e-01
nan
nan
nan
nan
1.665413528680801392e-01
-4.896105825901031494e-01
-5.892478302121162415e-02
7.395774722099304199e-01
-2.193194627761840820e-01
-4.387247562408447266e-01
-4.018727242946624756e-01
5.820854902267456055e-01
-8.027509599924087524e-02
-1.361087858676910400e-01
6.168105006217956543e-01
8.127468824386596680e-01
-1.510360598564147949e+00
3.573348224163055420e-01
-2.122700214385986328e-01
-2.740291655063629150e-01
-2.838026583194732666e-01
3.301910683512687683e-02
nan
-4.995520710945129395e-01
-6.416803002357482910e-01
4.027426242828369141e-01
-1.033433318138122559e+00
-9.056488275527954102e-01
5.191954374313354492e-01
-4.759716391563415527e-01
5.977970361709594727e-01
-2.355835214257240295e-02
nan
nan
nan
nan
4.034536182880401611e-01
-1.131442785263061523e+00
-9.569752812385559082e-01
-8.093495965003967285e-01
3.988683223724365234e-01
-8.292711973190307617e-01
1.896941065788269043e-01
5.306671187281608582e-02
-1.885156780481338501e-01
-8.233543634414672852e-01
-8.000397682189941406e-02
8.432678580284118652e-01
-4.167163074016571045e-01
-8.737611770629882812e-02
-7.670511603355407715e-01
4.411984682083129883e-01
3.674625754356384277e-01
9.973165392875671387e-02
9.328246116638183594e-02
2.356457412242889404e-01
-1.450954675674438477e-01
-7.539429515600204468e-02
4.274537563323974609e-01
-1.956604123115539551e-01
2.525507211685180664e-01
-7.891709208488464355e-01
-5.792358517646789551e-02
-2.194527089595794678e-01
nan
nan
