nan
nan
3.524932563304901123e-01
-1.911357194185256958e-01
-2.285088002681732178e-01
-1.778324991464614868e-01
-7.845883369445800781e-01
-4.723689556121826172e-01
-8.519683480262756348e-01
1.772786021232604980e+00
-3.746404051780700684e-01
-5.947610735893249512e-02
3.396315574645996094e-01
2.204309254884719849e-01
3.676889836788177490e-01
-2.070537656545639038e-01
3.786872923374176025e-01
-1.495465189218521118e-01
1.829076558351516724e-01
1.021007299423217773e-01
-8.488820493221282959e-02
-3.032790720462799072e-01
8.927084207534790039e-01
3.061223328113555908e-01
-1.551634073257446289e-01
4.746368229389190674e-01
3.112110495567321777e-01
-7.037044167518615723e-01
8.312569260597229004e-01
4.769731163978576660e-01
nan
nan
nan
nan
-2.840338349342346191e-01
-2.083808928728103638e-01
-1.947595775127410889e-01
-6.848127841949462891e-01
6.711309552192687988e-01
8.578958511352539062e-01
1.317034512758255005e-01
1.811119727790355682e-02
-3.544754534959793091e-02
8.206418901681900024e-02
-4.217187687754631042e-02
-3.454204201698303223e-01
-1.979041397571563721e-01
-4.011631309986114502e-01
-7.218952178955078125e-01
-1.215549930930137634e-01
-2.274506986141204834e-01
6.613020300865173340e-01
5.587637424468994141e-01
-5.599442124366760254e-01
-3.151524066925048828e-01
3.536713123321533203e-01
4.029024541378021240e-01
-6.319053173065185547e-01
7.355657815933227539e-01
1.290912747383117676e+00
-4.304566979408264160e-01
-7.560719847679138184e-01
nan
nan
nan
nan
2.519021034240722656e-01
-5.328993797302246094e-01
4.834636151790618896e-01
-3.506808280944824219e-01
8.744321763515472412e-03
-3.181698024272918701e-01
-7.430462241172790527e-01
2.941967919468879700e-02
2.175910025835037231e-01
-2.953995764255523682e-01
1.487220674753189087e-01
4.815004765987396240e-01
2.135620266199111938e-01
5.088089108467102051e-01
-6.026713922619819641e-02
1.122720122337341309e+00
-8.943392038345336914e-01
-5.382750630378723145e-01
-5.788038969039916992e-01
-1.608850061893463135e-01
1.316852331161499023e+00
-6.602687835693359375e-01
7.915057539939880371e-01
8.551918864250183105e-01
3.221142292022705078e-01
-5.106715559959411621e-01
1.773134022951126099e-01
-4.034669697284698486e-02
nan
nan
nan
nan
-5.820680856704711914e-01
1.124841496348381042e-01
9.110110998153686523e-01
2.658559083938598633e-01
-2.713330686092376709e-01
3.790178596973419189e-01
-4.102748632431030273e-01
4.038965404033660889e-01
9.185325354337692261e-03
-2.802615463733673096e-01
-1.492360681295394897e-01
3.978934288024902344e-01
-1.918114423751831055e-01
1.989616453647613525e-01
-2.882933914661407471e-01
-2.449374943971633911e-01
3.351156413555145264e-01
-6.316180229187011719e-01
-5.687703937292098999e-02
-6.518792510032653809e-01
2.597904950380325317e-02
2.028820663690567017e-02
8.177232742309570312e-01
-5.928941369056701660e-01
6.767622232437133789e-01
7.761006802320480347e-02
7.638669610023498535e-01
2.867811620235443115e-01
nan
nan
nan
nan
-2.727625370025634766e-01
6.791495680809020996e-01
7.736816406250000000e-01
-4.777705073356628418e-01
7.046130299568176270e-01
4.990251958370208740e-01
-3.829997777938842773e-01
7.412790060043334961e-01
2.386855483055114746e-01
-6.971087306737899780e-02
6.124769449234008789e-01
-1.381740719079971313e-01
-1.084941104054450989e-01
1.380680561065673828e+00
2.977557480335235596e-01
2.181793004274368286e-01
-2.307025045156478882e-01
3.722309693694114685e-02
-3.097327947616577148e-01
6.019386053085327148e-01
-3.294073045253753662e-01
3.409047126770019531e-01
-6.229782477021217346e-03
4.505845531821250916e-02
-3.901326060295104980e-01
1.336944848299026489e-01
6.932974457740783691e-01
5.417723581194877625e-02
nan
nan
nan
nan
8.014136552810668945e-01
5.229233503341674805e-01
-1.556972712278366089e-01
3.745489120483398438e-01
5.656073689460754395e-01
-5.179067254066467285e-01
-1.250094324350357056e-01
-1.282620191574096680e+00
-3.192854821681976318e-01
5.363109111785888672e-01
-3.246203958988189697e-01
1.547650992870330811e-01
-5.064879059791564941e-01
-3.428080379962921143e-01
4.765590727329254150e-01
-4.977818727493286133e-01
-5.805212855339050293e-01
-3.381473124027252197e-01
-5.144535899162292480e-01
1.952045410871505737e-01
1.023590803146362305e+00
-6.378631591796875000e-01
-4.262298047542572021e-01
2.151167243719100952e-01
6.594739556312561035e-01
-8.011165261268615723e-01
-2.370458245277404785e-01
2.698260247707366943e-01
nan
nan
nan
nan
-3.773742318153381348e-01
-5.072152242064476013e-02
4.773188233375549316e-01
-1.497438848018646240e-01
-5.510872695595026016e-03
3.879175186157226562e-01
1.475661277770996094e+00
6.886847317218780518e-02
9.062870740890502930e-01
5.264069437980651855e-01
1.617639884352684021e-02
5.102541446685791016e-01
7.196034491062164307e-02
3.244336843490600586e-01
4.418372809886932373e-01
-5.633284524083137512e-02
1.806198209524154663e-01
1.364944338798522949e+00
3.395282328128814697e-01
3.011265695095062256e-01
-1.434266090393066406e+00
1.858548261225223541e-02
4.378351867198944092e-01
-1.117589250206947327e-01
-5.292230248451232910e-01
-1.401156187057495117e-01
-7.415882498025894165e-02
1.375001549720764160e+00
nan
nan
nan
nan
-4.698719978332519531e-01
6.238937377929687500e-01
-2.846533656120300293e-01
-9.131067246198654175e-02
1.480887532234191895e-01
-1.223382711410522461e+00
8.116754293441772461e-01
2.039019465446472168e-01
-4.761047661304473877e-02
4.901863038539886475e-01
5.114154219627380371e-01
5.869052410125732422e-01
3.212409317493438721e-01
-1.682377904653549194e-01
-5.209111571311950684e-01
-2.840855419635772705e-01
-4.240748882293701172e-01
1.922907680273056030e-01
-5.338692665100097656e-01
-1.478271126747131348e+00
-2.877569496631622314e-01
-5.283110961318016052e-02
3.511841595172882080e-01
7.669268846511840820e-01
-3.109411150217056274e-02
2.588552236557006836e-01
-3.783508017659187317e-02
2.501193583011627197e-01
nan
nan
nan
nan
-1.923633813858032227e-01
3.143241703510284424e-01
-4.448972940444946289e-01
-9.201683104038238525e-02
9.239127039909362793e-01
-5.823729634284973145e-01
-3.777672946453094482e-01
-8.443583548069000244e-02
9.448905289173126221e-02
-1.360848248004913330e-01
-3.913435339927673340e-01
3.218639791011810303e-01
-5.140334367752075195e-01
6.537610888481140137e-01
4.336648285388946533e-01
-5.066032409667968750e-01
4.158292412757873535e-01
6.921981573104858398e-01
4.257923662662506104e-01
3.820935487747192383e-01
-7.725407481193542480e-01
-3.964546024799346924e-01
2.590932548046112061e-01
-5.706244111061096191e-01
-3.298172354698181152e-01
8.071704208850860596e-02
1.934281433932483196e-03
-8.629741668701171875e-01
nan
nan
nan
nan
4.231653511524200439e-01
5.262219160795211792e-02
9.170337319374084473e-01
3.155495040118694305e-03
2.502745091915130615e-01
-7.298107743263244629e-01
1.940812915563583374e-01
4.684745371341705322e-01
-9.836512207984924316e-01
-1.994726061820983887e-01
-3.717227578163146973e-01
3.861732408404350281e-02
-6.319045424461364746e-01
4.722516536712646484e-01
8.432439565658569336e-01
1.043014526367187500e+00
-1.668972223997116089e-01
-2.282156497240066528e-01
-1.426666617393493652e+00
-9.648087620735168457e-02
9.217185378074645996e-01
-9.165006875991821289e-02
-4.685885310173034668e-01
3.622147440910339355e-01
1.455182135105133057e-01
-1.109506964683532715e+00
7.015548348426818848e-01
-1.306110024452209473e+00
nan
nan
nan
nan
2.008946537971496582e-01
-8.257028460502624512e-02
3.552459776401519775e-01
7.833611965179443359e-01
4.469485580921173096e-01
6.111091971397399902e-01
-7.712899446487426758e-01
5.551910400390625000e-02
1.938709914684295654e-01
-3.923073709011077881e-01
-1.587598323822021484e-01
-1.010787636041641235e-01
-4.884665608406066895e-01
-3.160900175571441650e-01
-9.731252193450927734e-01
-1.077319622039794922e+00
4.755021929740905762e-01
-7.034268975257873535e-01
-1.941627711057662964e-01
-1.771388798952102661e-01
-3.351542949676513672e-01
-6.299462318420410156e-01
3.631910085678100586e-01
5.056333541870117188e-01
2.871958911418914795e-01
-4.378100037574768066e-01
-4.943750202655792236e-01
2.743534147739410400e-01
nan
nan
nan
nan
1.813020184636116028e-02
-6.978511065244674683e-02
1.347909271717071533e-01
1.527396738529205322e-01
-5.862953066825866699e-01
-5.202412009239196777e-01
3.580870106816291809e-02
-3.378269970417022705e-01
-7.243916392326354980e-01
5.942490100860595703e-01
-1.014933824539184570e+00
3.741896450519561768e-01
4.236787259578704834e-01
-7.997869700193405151e-02
-8.803540468215942383e-02
-1.205898880958557129e+00
1.519791632890701294e-01
-4.548409581184387207e-01
-2.818730175495147705e-01
5.738292634487152100e-02
-1.728889648802578449e-03
-2.453054189682006836e-01
1.105991244316101074e+00
3.969577252864837646e-01
-7.476413249969482422e-01
-1.170076522976160049e-02
2.279117107391357422e-01
-4.257158637046813965e-01
nan
nan
nan
nan
-3.033195436000823975e-01
5.609204173088073730e-01
-8.255380988121032715e-01
4.268538057804107666e-01
-3.471904993057250977e-01
8.712845295667648315e-02
1.267842352390289307e-01
-8.282172679901123047e-01
-1.959790885448455811e-01
-9.362069368362426758e-01
-1.187783181667327881e-01
2.801034413278102875e-02
-3.026733100414276123e-01
1.150494694709777832e+00
2.064211517572402954e-01
-2.007694691419601440e-01
-1.319534182548522949e-01
-1.804474443197250366e-01
-3.749525547027587891e-01
1.153603553771972656e+00
-2.037238329648971558e-01
-2.074499875307083130e-01
-2.353885322809219360e-01
-8.556644916534423828e-01
-3.340241312980651855e-02
-3.659634292125701904e-01
-3.657527863979339600e-01
-3.910251855850219727e-01
nan
nan
nan
nan
8.294165730476379395e-01
-5.274308919906616211e-01
1.254988908767700195e+00
4.211414605379104614e-02
-6.190755367279052734e-01
3.379806280136108398e-01
-2.218394875526428223e-01
-6.471651792526245117e-01
-1.399671882390975952e-01
-4.187866300344467163e-02
7.170255780220031738e-01
4.691293537616729736e-01
-9.918919205665588379e-01
6.250178813934326172e-01
9.019612669944763184e-01
1.687547415494918823e-01
-7.228887677192687988e-01
1.026443839073181152e-01
-4.238378107547760010e-01
-2.172596156597137451e-01
7.273803353309631348e-01
4.282609373331069946e-02
-4.479619562625885010e-01
-7.161930948495864868e-02
-1.671256721019744873e-01
1.883558928966522217e-01
5.205383896827697754e-01
1.294237077236175537e-01
nan
nan
nan
nan
5.146675705909729004e-01
5.861375927925109863e-01
-4.053970873355865479e-01
5.327041149139404297e-01
-1.172240301966667175e-01
-2.526814937591552734e-01
-5.751483440399169922e-01
-6.197393536567687988e-01
1.439363509416580200e-01
-2.022643983364105225e-01
1.206317186355590820e+00
-3.044990599155426025e-01
-9.406434893608093262e-01
5.602939128875732422e-01
-2.646577954292297363e-01
-2.758452296257019043e-01
-5.122021436691284180e-01
-3.842625021934509277e-01
-4.630655646324157715e-01
2.738198041915893555e-01
-1.961681991815567017e-01
2.232264280319213867e-01
2.132424116134643555e-01
1.497636288404464722e-01
-2.372035831212997437e-01
5.589273571968078613e-01
1.020743623375892639e-01
8.593462109565734863e-01
nan
nan
nan
nan
4.663363397121429443e-01
6.120393872261047363e-01
-1.215666458010673523e-01
7.511135339736938477e-01
-8.419610261917114258e-01
-3.319259285926818848e-01
4.156115651130676270e-02
-2.251267135143280029e-01
-1.532704979181289673e-01
1.326862573623657227e-01
6.307266354560852051e-01
-6.908383965492248535e-01
-1.199233531951904297e-01
3.665226399898529053e-01
-4.585788846015930176e-01
3.348016738891601562e-01
-4.077495038509368896e-01
2.247303128242492676e-01
-1.411551237106323242e-01
-5.007615089416503906e-01
-1.647630482912063599e-01
9.373568929731845856e-03
-8.248194456100463867e-01
7.341949641704559326e-02
-4.014262855052947998e-01
2.433586306869983673e-02
-6.395089030265808105e-01
8.427122831344604492e-01
nan
nan
nan
nan
3.429770469665527344e-01
-2.117758244276046753e-01
3.916631042957305908e-01
-6.436683535575866699e-01
1.429554522037506104e-01
5.327383279800415039e-01
8.102990984916687012e-01
-7.598229646682739258e-01
7.942872643470764160e-01
-9.511530995368957520e-01
1.978647261857986450e-01
-2.384971976280212402e-01
3.587244078516960144e-02
-1.827366203069686890e-01
-6.732885837554931641e-01
-3.827702403068542480e-01
-2.212177366018295288e-01
1.011759638786315918e+00
-1.143920183181762695e+00
3.140588523820042610e-03
2.580392360687255859e-01
-2.767629027366638184e-01
3.274938166141510010e-01
-8.428191393613815308e-02
3.626549243927001953e-01
-2.318302989006042480e-01
3.689966499805450439e-01
-1.548790931701660156e-01
nan
nan
nan
nan
1.007605433464050293e+00
2.267465889453887939e-01
-8.744210600852966309e-01
-3.431146740913391113e-01
9.175546169281005859e-01
-7.220712304115295410e-01
-9.327683448791503906e-01
-7.724050432443618774e-02
2.946453392505645752e-01
4.256369769573211670e-01
-7.717832326889038086e-01
1.829378008842468262e-01
1.601874381303787231e-01
-6.406918764114379883e-01
2.661774754524230957e-01
-8.513687849044799805e-01
-2.703230977058410645e-01
-4.135347902774810791e-02
8.612257242202758789e-02
7.482190728187561035e-01
-6.754130721092224121e-01
7.090892195701599121e-01
1.584719270467758179e-01
1.940298229455947876e-01
6.132745184004306793e-03
1.059240818023681641e+00
-6.938445568084716797e-02
6.859618425369262695e-01
nan
nan
nan
nan
-3.583387136459350586e-01
3.818468451499938965e-01
2.259536981582641602e-01
-2.438617050647735596e-01
-6.801968812942504883e-01
5.996126532554626465e-01
-5.167802572250366211e-01
-2.359061390161514282e-01
1.029673218727111816e+00
1.101500034332275391e+00
-7.568745613098144531e-01
4.724083468317985535e-02
-4.245861470699310303e-01
1.864590644836425781e-01
1.948066949844360352e-01
-5.379031896591186523e-01
3.481083512306213379e-01
-2.121426910161972046e-01
2.271559089422225952e-01
-9.140377044677734375e-01
6.234412193298339844e-01
1.755352914333343506e-01
7.857635617256164551e-01
-2.220360040664672852e-01
3.662295639514923096e-01
4.552219510078430176e-01
nan
nan
nan
nan
nan
nan
-6.087461709976196289e-01
2.568869292736053467e-01
-9.851795434951782227e-01
-1.333085060119628906e+00
-9.779037907719612122e-03
-1.776631921529769897e-01
-1.431661285459995270e-02
6.585437059402465820e-01
3.064141571521759033e-01
4.441609978675842285e-01
5.720584988594055176e-01
1.095022678375244141e+00
2.977856695652008057e-01
2.540760934352874756e-01
3.112957775592803955e-01
-9.749602079391479492e-01
-8.431226015090942383e-01
-2.298827283084392548e-02
4.854573607444763184e-01
8.276754617691040039e-01
-3.330910205841064453e-01
-5.602499246597290039e-01
2.330145388841629028e-01
-3.486558794975280762e-01
-1.409191191196441650e-01
5.309441685676574707e-02
2.632511258125305176e-01
-1.440575003623962402e+00
nan
nan
nan
nan
2.629366517066955566e-01
-3.046229481697082520e-01
-6.141404509544372559e-01
-3.343726694583892822e-01
-3.074613809585571289e-01
4.005123674869537354e-01
1.539766192436218262e+00
5.903992056846618652e-01
2.581538856029510498e-01
3.795108795166015625e-01
5.479960441589355469e-01
-5.795620083808898926e-01
-4.364440739154815674e-01
-1.021992564201354980e+00
3.465739786624908447e-01
1.565182507038116455e-01
7.470589280128479004e-01
1.306880861520767212e-01
-4.270228743553161621e-01
-2.887186706066131592e-01
-1.010215878486633301e-01
4.849176406860351562e-01
nan
-3.765294551849365234e-01
2.818934321403503418e-01
9.893861413002014160e-02
-5.246964469552040100e-02
1.065671920776367188e+00
nan
nan
nan
nan
1.423757314682006836e+00
5.551531314849853516e-01
4.619131088256835938e-01
-3.880376815795898438e-01
-5.315369963645935059e-01
3.589122295379638672e-01
-2.114866673946380615e-01
1.369998604059219360e-01
1.893942952156066895e-01
-6.323010921478271484e-01
-4.831313490867614746e-01
3.693007826805114746e-01
1.386349558830261230e+00
4.817642271518707275e-01
-6.492612957954406738e-01
7.857131958007812500e-01
-3.861265182495117188e-01
-4.912740886211395264e-01
-4.064697325229644775e-01
-3.949788510799407959e-01
-1.003183841705322266e+00
-2.582774162292480469e-01
4.070393145084381104e-01
-2.343085110187530518e-01
2.285723686218261719e-01
-6.491513550281524658e-02
3.049291372299194336e-01
-1.778027862310409546e-01
nan
nan
nan
nan
-4.251882731914520264e-01
-2.852573990821838379e-01
6.849454343318939209e-02
3.333249092102050781e-01
-7.897071838378906250e-01
-1.031644701957702637e+00
4.366561770439147949e-01
2.085458338260650635e-01
-3.379072546958923340e-01
3.730507940053939819e-02
9.302988648414611816e-01
-2.690202593803405762e-01
7.357891798019409180e-01
3.104969561100006104e-01
-8.307167887687683105e-01
-1.558187723159790039e+00
-4.136351943016052246e-01
1.080388665199279785e+00
nan
2.029681801795959473e-01
7.458271980285644531e-01
1.405581682920455933e-01
5.632044672966003418e-01
-1.249549090862274170e-01
2.359509319067001343e-01
-1.185112297534942627e-01
3.169148266315460205e-01
1.369984984397888184e+00
nan
nan
nan
nan
5.584055185317993164e-02
-3.375070989131927490e-01
-2.283021658658981323e-01
3.570261299610137939e-01
-4.458858966827392578e-01
9.101870656013488770e-01
2.413810193538665771e-01
3.163359463214874268e-01
-1.913036406040191650e-01
6.725095957517623901e-02
8.794072866439819336e-01
-5.991805791854858398e-01
2.470379322767257690e-01
1.012280732393264771e-01
3.503241240978240967e-01
1.122338976711034775e-02
1.992023363709449768e-02
9.061039686203002930e-01
-1.630538702011108398e-01
-7.886713743209838867e-01
1.137896403670310974e-01
-4.238572716712951660e-01
-2.386385649442672729e-01
1.818512976169586182e-01
9.136683940887451172e-01
-1.869314312934875488e-01
-4.812251403927803040e-02
-4.855721592903137207e-01
nan
nan
