nan
nan
-9.819268518024021342e-02
-1.320583158069186802e-01
-1.061722569995456333e-01
-5.523766411675347099e-01
-7.420903311835395089e-01
-1.987002955542670479e-01
1.111717647976345535e+00
-4.692454338073730469e-01
-1.255068249172634598e+00
4.379993809594048271e-01
-6.349235640631781807e-01
-4.917324384053547992e-01
-5.280831125047471541e-01
5.038080215454101562e-01
5.065854390462239953e-01
-5.175186263190375557e-01
-1.192002826266818638e-01
-2.581898901197645646e-01
2.961813873714870815e-01
-4.424174096849229354e-01
-5.920891231960720980e-01
6.387633217705620536e-01
-3.308536741468641740e-01
-8.408420880635579797e-01
-1.870314810011121931e-01
-4.428893460167778739e-01
1.467111508051554269e-01
-9.309550391303168526e-01
nan
nan
nan
nan
5.529034137725830078e-02
3.135493331485324497e-01
-1.421338187323676117e+00
-4.676116307576497211e-01
7.220655547247992745e-01
1.952186557981702986e-01
3.646917806731329870e-02
3.017481168111165180e-01
-1.422713862525092354e-01
-5.035501586066352120e-01
6.506789525349935266e-01
-2.982081042395697823e-01
-6.136403613620333708e-01
-1.222371525234646317e+00
4.018481837378607979e-01
-2.712100081973605747e-01
2.851169109344482422e-01
-4.109479586283366070e-01
7.348914676242404020e-01
-2.600388791826035995e-01
3.754776053958469029e-01
1.831665833791097098e-01
-3.316034475962321149e-01
7.765238020155165177e-01
-2.132680151197645368e-01
1.751685308085547399e-02
-4.457328584459092635e-01
-4.531578487820095424e-01
nan
nan
nan
nan
-1.556294759114583426e-01
-7.446664174397786828e-01
1.500363747278849191e-01
-1.342723634507921038e-01
-3.319323062896728516e-01
-6.643793318006727677e-01
9.396011564466688615e-01
3.374574449327256698e-01
2.386139498816596261e-01
1.026383929782443527e+00
2.753680811987982979e-01
6.832384400897556498e-02
-3.145214186774359932e-01
-1.201825141906738281e-01
1.575253142250908622e-01
-2.752785947587754745e-01
9.490588506062825891e-01
-2.164802551269531250e-01
5.648903316921658480e-01
5.391769409179687500e-01
-2.324417233467102051e-02
1.542524496714274031e-02
3.773826360702514648e-02
-1.550395223829481306e-01
4.167951477898491908e-02
6.613194147745767859e-01
-3.965063095092773438e-01
-1.997916168636745815e-01
nan
nan
nan
nan
8.497689829932318639e-02
-8.448070949978299105e-01
-2.759990427229139787e-01
1.309437857733832367e+00
-7.663578987121582031e-01
-1.112422413296169754e+00
6.064994070265028459e-01
-2.301421165466308594e-01
-7.816568348142835521e-02
-1.755959060457017717e-01
8.440105120340983536e-02
4.048080709245469588e-01
-1.946308347913953962e-01
5.699696011013455355e-01
6.572189595964220143e-02
1.018026338683234305e-01
-1.820012993282741909e-01
8.322030173407660714e-01
5.632589128282334823e-01
-3.301573461956448102e-02
6.254394319322373885e-01
-1.781768136554294224e-01
1.682484944661458426e-01
4.551426569620768414e-01
-3.498682975769042969e-01
-6.370068656073676339e-01
6.838185522291395646e-01
-1.530478530459933872e-01
nan
nan
nan
nan
-3.354923195309109096e-01
-6.890907287597656250e-01
-4.122042920854356307e-01
7.362478574117025110e-01
7.034271955490112305e-02
-3.720817565917968750e-01
1.368588291936450457e-02
-5.409532123141818083e-01
-1.815779871410793667e-01
-7.350755400127834127e-02
4.197607570224338169e-01
5.866109000311957589e-01
1.521522634559207415e-02
8.359284533394707728e-02
-3.076820108625624162e-01
-3.712536493937174664e-01
5.008644858996073174e-02
4.687730471293131695e-01
3.985307216644287109e-01
-2.180582781632741177e-02
-4.105013211568196430e-01
2.544513278537326451e-01
-6.110999319288465959e-01
-5.143624411688910714e-01
4.281062020195854911e-01
3.410497771369086495e-01
2.746647728814018974e-01
6.380596160888671875e-01
nan
nan
nan
nan
-5.420330829090542341e-02
-7.024064593844943083e-01
-3.292507330576578961e-01
3.117246429125468052e-02
4.970104959275987166e-01
6.096902953253852120e-01
2.596955829196506138e-01
-3.437477019098070241e-02
3.120570977528889789e-01
-2.288597159915500279e-01
-8.383106125725640068e-01
3.198317421807183036e-01
-4.121508863237169362e-02
1.500325865215725307e-01
2.747255696190727958e-01
7.271727985805935823e-01
-5.632423294915093193e-01
2.585981248153580367e-03
-2.333244747585720424e-01
3.417172696855332870e-01
-2.934827274746364956e-01
-1.716906362109714146e-01
5.485887527465820312e-01
1.313316292232937221e-01
7.185451189676920203e-01
-6.102445390489366073e-01
6.542810863918728792e-01
8.534793059031169082e-02
nan
nan
nan
nan
-6.184442175759209681e-02
3.542552789052327289e-01
7.281389236450195312e-01
-6.657072703043619422e-01
3.579003016153971539e-01
4.738272031148274555e-01
3.447271453009711495e-01
-3.777694039874606585e-02
1.999647418657938755e-02
4.606578085157606584e-01
5.830010308159722099e-01
4.833778805202907924e-01
7.740743425157334823e-01
5.597034030490450895e-01
-7.419937451680501672e-01
8.467512130737304688e-01
-5.038128958808051339e-01
-8.026007016499837610e-01
3.402132193247477399e-01
-5.467433929443359375e-01
-4.122016429901123047e-01
-4.782545301649305802e-01
2.271299097273084822e-01
-4.911475181579589844e-01
-2.919165293375651157e-02
-2.035894393920898438e-01
9.389312532212998885e-01
-3.470369709862602958e-01
nan
nan
nan
nan
8.405879868401421318e-01
1.261750939819547904e-02
-3.934569888644748326e-01
2.858894136216905135e-01
8.433291117350260047e-01
-1.570451789432101841e-01
7.730849583943685266e-01
1.639278895325130964e-02
4.829220771789550781e-01
-2.887956301371256695e-01
-1.943306922912597656e-01
2.297117710113525391e-01
1.740576161278618583e-01
2.783185376061333427e-01
-3.477283318837483539e-01
-1.006993717617458817e+00
8.676317003038194753e-02
7.833246125115288505e-01
-1.203504668341742606e-01
-3.279994063907199497e-01
4.272717634836832867e-01
-9.308936860826280135e-01
-1.303402715259128208e-01
-4.979570706685384346e-02
8.286007245381672714e-02
5.922783215840657922e-01
-7.096668349372016182e-01
9.450109137429131556e-02
nan
nan
nan
nan
5.690654118855794641e-01
3.473199208577473773e-01
-2.061587174733479910e-01
-9.424940745035806922e-01
-4.976724518669976005e-01
5.403272840711805802e-01
-3.839871618482801896e-01
-2.498381402757432757e-01
5.382006963094075891e-01
2.896233068572150182e-02
-5.579964849683973771e-01
-3.421522246466742745e-01
6.787234412299262276e-01
-7.602426211039224890e-01
3.273042572869194755e-01
-1.670839124255710240e-01
6.485874123043483541e-02
6.271136601765950891e-01
5.422150823805067521e-01
3.142297532823350448e-01
1.526015732023451033e-01
9.177443186442056922e-01
5.359695222642686385e-01
-5.412940449184842073e-01
2.317295074462890625e-01
2.730666531456841239e-01
3.115135033925374164e-01
-5.884794129265679130e-01
nan
nan
nan
nan
2.991349539823002189e-03
-4.950648943583170758e-01
5.811477237277560270e-01
-2.897445095909966239e-01
-4.234690666198730469e-01
1.262169546551174526e-01
4.974096082150936127e-04
9.552796681722005578e-01
7.428170839945474890e-01
6.599310371610853099e-02
3.832871649000380021e-01
6.510719193352593193e-01
1.864127053154839286e-01
3.369578785366482143e-01
-5.585834715101454240e-01
-4.564836290147569198e-01
4.008023738861083984e-01
1.305068863762749665e+00
-1.058369106716579910e+00
-4.160646597544352399e-01
-3.995768229166666852e-01
1.056019253200954910e+00
8.983132044474283484e-01
-2.278130054473876953e-01
1.932068003548516044e-01
7.171438799964056920e-02
-3.250569767422146344e-02
1.147791014777289398e+00
nan
nan
nan
nan
5.841945542229546318e-01
-1.007284257147047224e-01
-5.003262625800238839e-01
1.659646961424085798e-01
-1.303299135631985073e-01
3.206416236029731026e-01
7.557098733054266881e-02
-5.582729975382486609e-01
-3.266158898671467914e-01
4.858978589375813617e-01
3.690315352545844307e-01
9.008824825286865234e-02
1.426000992457071848e-01
1.400674819946289062e+00
1.027588420444064621e+00
-7.571794191996256140e-01
1.415257453918457031e+00
1.633733510971069336e-01
1.260752783881293304e+00
-4.185842408074272880e-01
5.282052887810601005e-01
-5.247235827975802458e-01
4.201260142856174107e-01
1.057929780748155357e+00
1.311253229777018303e+00
7.979740036858452568e-01
-3.924194176991780414e-01
-4.372929996914333706e-01
nan
nan
nan
nan
-6.397553549872504464e-01
1.609634160995483398e-01
9.459475411309136161e-01
6.921284728580051615e-02
7.994404898749457589e-01
1.986748112572563896e-01
-3.034285704294840680e-01
3.633979161580403461e-01
9.390622244940863839e-01
-9.071730507744683036e-01
-5.365918477376302453e-01
5.362061394585503349e-01
-8.719385994805229911e-01
-1.927320294910007115e-01
7.590172025892469310e-02
-2.575191921657986049e-01
-2.158957454893324079e-01
9.697479671902127230e-01
-2.088766230477226982e-01
-4.036020172966851005e-01
-7.407105763753255578e-01
-3.843314647674560547e-01
2.153654091267122133e-04
-3.998602761162651786e-01
-1.019368171691894531e+00
-3.936831951141357422e-01
-8.513342671924167826e-02
-1.463210847642686663e-01
nan
nan
nan
nan
-7.105339368184407922e-01
7.378689448038736609e-01
-6.807910601298013953e-01
3.071898089514838448e-01
-3.118498325347900391e-01
5.877248446146646904e-02
1.131568087471856027e-01
9.869663450453016740e-01
-8.252869711981879186e-02
8.648722701602512553e-02
-8.112121158175997770e-01
-6.445923911200629464e-01
-3.334495756361219865e-01
8.476603825887044641e-01
-1.010827276441786049e+00
-3.735740449693467635e-01
-4.408896234300401229e-01
7.086800999111599886e-01
9.088987774319119417e-01
3.604508505927191964e-01
2.523788876003689174e-01
-1.511531405978732701e-01
-7.903945181104872209e-01
9.831704033745659599e-01
-9.033342997233072547e-01
6.878805243306689889e-03
-9.140966203477647323e-01
8.416495323181152344e-01
nan
nan
nan
nan
-1.702366272608439035e-01
-1.056874381171332367e+00
6.378054089016385042e-01
-1.925318903393215542e-01
4.470993147956000557e-01
3.532407813602023716e-01
-6.000640127393934709e-01
8.798779381646050224e-01
2.475451595253414655e-02
5.194422403971353797e-01
-1.017004436916775223e+00
4.368816216786702289e-01
-4.765562481350368862e-01
6.744223700629340401e-01
1.592099004321628208e-01
-2.266955375671386719e-01
-2.360630035400390625e-01
-9.828198750813802453e-01
-2.611848248375786552e-01
-1.934091647466023856e-01
1.675166686375935965e-01
2.130118211110433035e-01
-1.334851847754584542e-01
4.264936182234022599e-01
-4.212133884429931641e-01
-8.047785229153103792e-01
-3.150174617767333984e-01
-3.162216345469157086e-01
nan
nan
nan
nan
2.777801354726155414e-01
-3.195994098981221748e-02
-1.448819054497612946e+00
1.815661191940307617e-01
2.283468776279025669e-01
6.727351612514920198e-01
-4.701833724975585938e-01
-3.104589780171712055e-01
4.862648646036784039e-01
6.607547733518812083e-02
4.460113313462998885e-01
-3.652405209011501674e-01
-2.859773238499959194e-02
2.090154753790961495e-01
4.815720452202690849e-01
-2.785973548889160156e-01
3.664171364572313405e-02
-4.570552508036295758e-01
-9.923924340142143974e-01
3.034319877624511719e-01
6.753098699781630021e-01
-5.895032352871365511e-01
6.637537744310166854e-01
-8.839676115247938060e-02
-1.082766532897949219e+00
-1.419643296135796540e+00
7.923054165310330355e-01
-9.128037426206800364e-02
nan
nan
nan
nan
-2.668868170844184151e-01
-3.581875893804761790e-02
-2.666134834289550781e-01
9.425384733412001115e-01
8.058028088675605119e-03
-1.230975680881076340e+00
-7.108408610026041297e-01
-1.383426560295952790e+00
-2.444383303324381418e-01
1.487180709838867188e+00
-1.328831911087036133e-01
-4.982532925075954799e-01
-1.073436948988172768e+00
9.559884601169161833e-01
-4.471835560268825893e-01
-1.132032738791571708e-01
1.405065536499023438e+00
-2.331512239244249163e-01
2.729031774732801896e-01
-2.638773653242323380e-01
6.045689582824707031e-01
1.133336491054958817e+00
3.245570129818386440e-01
7.852231131659613839e-01
8.034994867112901784e-02
4.852239820692274552e-01
9.655276272031995677e-02
3.513636324140760880e-01
nan
nan
nan
nan
-5.420992639329698104e-01
-9.707816441853841516e-01
-3.248853153652614956e-01
-1.601244343651665458e-01
-2.124239206314086914e-01
-1.174310843149821010e-01
-2.738258308834499721e-01
6.824874877929687500e-01
-4.388326803843180524e-01
8.831160333421494979e-01
-4.463858074612087612e-01
1.519603199428982143e-01
-9.232825173272026786e-01
1.481278604931301479e-01
-4.412297738922967005e-02
-5.210669305589463729e-01
1.435508198208279018e-01
3.587192694346110211e-01
-3.978096114264594307e-01
-1.607207788361443568e-02
-2.501092751820881976e-01
-1.032292644182841029e-01
-1.963338057200113840e-01
-4.162014590369330636e-01
-8.924670351876153040e-02
-3.765735096401638393e-01
-1.248311678568522209e+00
-2.233960363599989118e-01
nan
nan
nan
nan
-5.030780368381075895e-01
3.040588961707221261e-01
-2.844296031528049107e-01
-1.263396157158745758e+00
9.885374042722913646e-02
7.151122623019747770e-01
-5.952377319335937500e-01
7.556389172871907922e-01
9.130369292365179967e-02
6.663144297069972799e-02
1.250538825988769531e+00
-3.521000014411078682e-01
3.725297451019287109e-01
-1.738542185889350167e-01
-3.650135464138454799e-01
8.600996335347493860e-01
-6.270141071743435823e-01
-2.359801398383246651e-01
-2.513219780392116909e-01
-1.200016207165188198e-01
3.724369737837049943e-01
-7.288906309339735490e-01
-2.587688631481594587e-02
7.246745957268608818e-01
7.468886375427246094e-01
-1.564758088853624163e-01
-9.121296140882703685e-02
1.838770839903089704e-01
nan
nan
nan
nan
1.926896837022569420e+00
-5.350792076852586843e-02
-5.941419071621365511e-01
-6.564090516832139510e-01
-5.328456560770670203e-01
-2.284627225663926897e-01
8.916774325900607145e-01
-9.047088623046875000e-01
-9.441167778438991354e-02
-1.832535134421454659e-01
-8.165801895989311943e-01
-2.137871318393283482e-01
1.860087182786729632e-01
1.464470757378472099e-01
4.321740203433566685e-01
-3.532260788811577568e-01
8.076794942220052453e-01
5.142623053656684151e-01
1.036321255895826521e-01
-1.049126413133409264e+00
-7.681398391723632812e-01
-1.994069417317708218e-02
-1.099274105495876785e+00
-5.516076617770724333e-01
-7.547767957051594589e-02
-2.999816470675998326e-01
nan
nan
nan
nan
nan
nan
3.293751080830891742e-01
5.303060213724771765e-01
8.361790974934896203e-01
-9.450852076212564734e-01
2.402425077226426897e-01
-2.845656077067057477e-01
-3.372191588083903180e-01
1.589468717575073242e-01
7.863171895345051621e-02
-1.229823430379231697e+00
-5.732439359029134485e-01
2.359581523471408482e-01
-3.255503972371419086e-01
-1.859624253378974190e-01
-3.912220001220703125e-01
8.289007610744900667e-01
3.004752265082465401e-01
1.104748977555169015e-01
-8.494564162360297432e-01
1.373029020097520647e-01
7.387540605333116073e-01
-2.840385966830783482e-01
-4.804408285352919084e-01
3.635046217176649552e-01
5.642946031358506698e-01
5.580912695990668526e-01
-1.514250304963853655e-01
4.205863475799560547e-01
nan
nan
nan
nan
-2.313024202982584543e-01
1.302106380462646484e-01
1.426871617635091238e-01
2.241639296213785715e-01
4.526324735747443151e-02
-3.723817136552598495e-01
3.461985323164198380e-01
2.089762687683105469e-01
8.179214265611436385e-01
4.088693459828694476e-01
-6.997351116604275667e-01
-3.002138137817382812e-01
7.992723782857259485e-01
-1.623953183492024832e-01
6.706853707631428574e-02
-2.080570591820610771e-01
-4.986603524949815291e-01
-1.250340143839518137e-01
1.436163849300808315e-01
9.813677469889322547e-01
-5.641504393683539620e-01
-8.586902088589137838e-02
nan
2.590435081058078404e-01
-5.702579816182454797e-01
1.663330694039662563e-02
-4.944981469048393974e-01
8.342128660943772672e-03
nan
nan
nan
nan
1.080855925877888951e-01
3.597236341900295759e-02
-5.041707356770833703e-01
-9.125406477186415177e-01
2.503739462958441686e-02
2.304720083872477121e-01
-3.302817874484591937e-02
-8.159427642822265625e-01
-7.704902754889594307e-01
-1.109203166431850796e-01
2.817444536421034318e-01
-1.103996038436889648e-01
-3.995113107893202287e-01
4.566236601935492745e-01
4.075309634208679199e-02
1.034383508894178572e-01
2.267472214168972378e-01
-1.817587110731336830e+00
2.067074378331502371e-01
1.114551623662312779e-01
-5.510518285963270646e-01
9.792499409781561803e-02
-3.582421673668755302e-01
5.459071265326606026e-01
1.199153582255045647e+00
1.706433693567911691e-01
1.077146848042805916e+00
-6.323203510708279573e-01
nan
nan
nan
nan
4.146481619940863839e-01
-5.939388275146484375e-01
-1.072403695848253014e+00
3.657234774695502511e-01
-2.971483336554633370e-01
-7.358329163657294225e-02
2.983068625132243024e-01
9.087968534893459127e-02
1.226663483513726227e+00
4.904682768715752650e-02
-2.777743869357638951e-01
-4.545408354865180245e-01
5.284213489956326448e-01
2.636835840013291854e-01
-8.638042343987358818e-01
2.821760707431369419e-01
-2.630504767100016461e-01
-4.312003453572590961e-01
nan
6.025870641072591516e-01
1.110447115368313198e-01
-1.977588468127780552e-01
5.000907050238715401e-01
9.587309095594618302e-01
8.337406052483452568e-01
3.653594652811686383e-01
7.850602467854818078e-01
-3.491777719722853526e-04
nan
nan
nan
nan
1.201769510904947963e-01
5.350382063123915177e-01
1.345034069485134598e+00
2.209866709179348354e-01
-7.346057891845703125e-01
5.488439069853888463e-02
-1.084760626157124791e-01
1.903785599602593193e-01
-1.702466858757866852e+00
8.239201439751518974e-01
3.996290365854899274e-01
-1.060936715867784264e+00
-2.031237416797214146e-01
4.085054662492539901e-01
4.614970948961045760e-01
4.810182915793524694e-02
-9.429365793863931922e-01
-2.365096410115559988e-01
1.162089506785074916e-01
1.708049244350857143e-01
8.240941895378960380e-01
2.771366702185736886e-01
1.246175898445977120e-01
-8.094975683424208146e-01
3.507912688785129185e-01
-2.811461024814181919e-01
5.050557454427083703e-01
-3.524542649586995258e-01
nan
nan
