nan
nan
1.749028778076171797e-01
5.483047866821288974e-01
-3.970363998413086182e-01
1.191834640502929643e+00
3.033293914794921720e-01
3.001029586791992276e-01
-9.816411018371581920e-02
-1.033559608459472673e-01
5.707530212402344150e-01
7.254217529296874689e-01
2.711873435974120894e-01
5.540741348266601252e-01
7.998526763916015137e-01
-1.481425285339355580e-01
8.377486419677734331e-01
1.781165161132812536e+00
1.062082824707031303e+00
-3.744494628906249734e-01
-1.441417217254638561e-01
2.576994895935058594e-01
2.926843261718750089e-01
1.186691131591796955e+00
-2.625544548034667858e-01
2.778385925292968794e-01
-1.268643736839294468e-02
4.273684310913086204e-01
5.226609039306641113e-01
1.072911758422851580e+00
nan
nan
nan
nan
1.151133270263671848e+00
-3.228882217407226807e-01
-1.484991931915283225e-01
4.280514526367187322e-01
1.073858947753906223e+00
1.617502746582031303e+00
7.385469055175781783e-01
-3.313366317749023571e-01
9.416300654411315779e-03
4.788806152343749734e-01
-6.648622131347656783e-01
4.042689800262451449e-02
4.364051818847656250e-01
4.533006286621093506e-01
-6.317992401123047053e-01
3.063482284545898660e-01
5.546183776855468928e-01
1.261807346343994107e-01
8.081597137451171919e-01
5.004738998413086337e-01
1.321640014648437500e+00
-1.679459190368652322e-01
1.128461380004882830e+00
5.357585144042968928e-01
1.683563537597656312e+00
5.596839904785155806e-01
-2.201873016357421831e-01
1.125831069946289009e+00
nan
nan
nan
nan
-1.921414375305175726e-01
1.453802394866943459e-01
-8.568079376220703036e-01
1.192646789550781267e-01
1.608278274536132924e-01
4.186738204956054754e-01
-3.101206398010253884e-01
2.846138381958007724e-01
5.633351898193359464e-01
3.049527740478515381e-01
1.078508300781249929e+00
7.546495056152343617e-01
1.231448745727539151e+00
2.259802436828613204e-01
1.993303489685058494e-01
1.031447677612304714e+00
7.974607849121093661e-01
-2.558576583862304799e-01
5.009132003784180220e-01
8.168663787841796697e-01
3.246141052246093728e-01
4.059170150756836182e-01
8.378260040283203036e-01
1.005317230224609393e+00
3.122577857971191584e-01
-1.134236240386962830e-01
1.239505920410156170e+00
-2.747739076614379855e-02
nan
nan
nan
nan
-3.386944961547851407e-01
1.495277047157287514e-02
-4.940223312377929887e-01
6.294409942626952859e-01
-2.812844038009643458e-02
1.465612792968750133e-01
-3.217670679092407560e-02
9.147847747802734242e-01
2.851854515075683549e-01
1.276088905334472612e-01
-1.935466384887695179e-01
3.915637588500976429e-01
4.176276016235351829e-01
6.241031646728515403e-01
1.982060241699218628e-01
5.556341552734375133e-01
2.458137321472168013e-01
5.083775329589843572e-01
2.364854049682617310e-01
3.374212646484375244e-01
2.606774330139159934e-01
-2.094853401184081920e-01
1.108291816711425848e-01
1.237188186645507892e+00
1.403088989257812447e+00
-8.664668083190918413e-02
8.559230041503905762e-01
4.369552230834961026e-01
nan
nan
nan
nan
-3.956368637084961004e-01
6.978368377685546520e-01
7.327250671386719150e-01
-2.966344833374023326e-01
5.078207397460937633e-01
-4.134265136718749956e-01
4.881369400024413996e-01
3.773225021362304754e-01
1.129838275909423873e-01
2.452583312988281250e-01
1.047419204711913965e+00
-1.600586891174316517e-01
7.345195770263671653e-01
-6.358637809753417414e-02
-2.440483665466308683e-01
3.341309356689453058e-01
-2.927262115478515558e-01
4.006063461303711049e-01
8.762996673583984819e-01
-3.187980079650878928e-01
1.135279464721679621e-01
8.284750938415527677e-02
7.697251892089843617e-01
1.979701995849609264e-01
1.973359680175781339e-01
1.486327819824218688e+00
5.297065734863281028e-01
7.210652923583984464e-01
nan
nan
nan
nan
9.938593292236328480e-01
-2.476220321655273338e-01
2.756210327148437278e-01
2.493253135681152421e-01
6.173966598510741699e-01
1.905882835388183483e-01
1.037380599975585849e+00
1.388231506347656241e+00
1.864655914306640572e+00
6.640562438964843217e-01
1.173025970458984268e+00
3.165019416809082275e-01
2.635935020446777410e-01
1.518507537841796928e+00
2.196481323242187589e-01
-5.459502792358398304e-01
5.966848373413086160e-01
4.932602691650390669e-01
8.337273406982421697e-01
1.293291015624999929e+00
8.099379730224609553e-01
9.852699279785155639e-02
9.609120941162109242e-01
1.289783191680908270e-01
9.159747314453124956e-01
-1.952058315277099484e-02
3.528672790527343506e-01
7.748559570312499867e-01
nan
nan
nan
nan
-2.671578407287597545e-01
1.428387298583984277e+00
1.055747795104980402e-01
4.962199020385742454e-01
1.089149169921874938e+00
-3.935188674926757835e-01
8.231843566894531117e-01
1.758112030029296946e+00
-3.553526401519775668e-02
1.283246612548828214e+00
5.258169174194335938e-01
7.213761901855468839e-01
5.681983566284179998e-01
-5.876556396484374778e-01
2.260322570800781250e-01
7.267713928222656605e-01
5.270325469970703613e-01
1.228538417816162076e-01
1.100255584716796964e+00
1.061111450195312556e-01
1.324884948730468803e+00
1.663433790206909207e-02
3.981377410888671808e-01
1.278231201171875053e+00
4.711907577514648504e-01
4.259636306762695224e-01
5.200070142745971506e-03
1.526215362548828169e+00
nan
nan
nan
nan
5.859132003784179865e-01
6.449034118652343661e-01
7.736963653564452592e-01
-3.522672653198242326e-02
1.344275512695312536e+00
4.434222793579101762e-01
1.298044738769531303e+00
1.065424823760986323e-01
-1.679198455810546886e-01
1.207439651489257804e+00
7.457775115966797097e-01
1.280600738525390636e-01
9.351659393310547408e-01
7.674915313720702681e-01
1.167238082885742267e+00
7.154487609863281472e-01
5.468389511108397993e-01
7.751528930664062234e-01
4.905376434326171875e-01
1.204147109985351571e+00
1.124319305419921866e+00
8.288750457763671697e-01
-2.677650451660156319e-02
1.639935302734375044e+00
-6.182545852661133212e-01
1.135584640502929732e+00
9.664639282226562544e-01
9.610169982910156117e-01
nan
nan
nan
nan
1.002277221679687580e+00
1.485721588134765625e+00
4.281143951416015447e-01
5.458974838256835938e-01
2.061800689697265820e+00
3.404861450195312278e-01
1.688642272949218759e+00
8.174799346923827814e-01
1.489645080566406321e+00
1.437717437744140625e+00
3.664466094970703081e-01
1.471817779541015669e+00
4.665400695800780984e-01
8.077091217041015847e-01
2.639363527297973466e-02
-3.447250366210937583e-02
1.697362670898437509e+00
5.856837081909179732e-01
7.792569637298583929e-02
5.773560714721679421e-01
1.557539520263671928e+00
9.668039703369140092e-01
6.461359405517578258e-01
1.010395965576171839e+00
1.524754638671875107e+00
7.229601287841797008e-01
-1.618404769897461015e-01
1.465523071289062562e+00
nan
nan
nan
nan
1.098013610839843723e+00
1.668713836669921902e+00
2.166726226806640732e+00
1.973313751220703072e+00
2.126982116699218661e+00
1.166112442016601580e+00
1.743069610595703089e+00
9.013874053955077681e-01
2.450127105712890607e+00
7.217053222656250044e-01
2.205339050292968839e+00
8.458255767822265847e-01
1.602293701171874973e+00
1.702451782226562571e+00
1.123863906860351536e+00
1.936970367431640527e+00
1.685582427978515652e+00
1.781542510986328098e+00
2.448243713378906339e+00
1.258074722290039027e+00
1.433268280029296848e+00
2.239769287109374840e+00
1.724886627197265598e+00
1.737835693359375044e+00
1.831011352539062553e+00
2.179636840820312393e+00
2.069949035644531143e+00
1.671925354003906294e+00
nan
nan
nan
nan
1.851991729736328196e+00
2.207215423583984482e+00
1.714287872314453232e+00
2.269981994628906374e+00
1.691809234619140678e+00
1.189758148193359455e+00
2.201882781982421822e+00
1.370910339355468688e+00
1.707671051025390518e+00
2.633022155761718608e+00
2.190249786376953001e+00
2.563577880859375213e+00
2.587636108398437607e+00
1.965084838867187544e+00
1.427526092529296964e+00
2.954803771972656090e+00
2.648820800781249929e+00
1.304774932861328063e+00
1.836058502197265518e+00
3.186585083007812624e+00
2.730908508300781357e+00
2.414552154541015572e+00
1.869936981201171911e+00
2.701725463867187482e+00
2.386482849121093874e+00
1.664367675781250000e+00
2.763445129394531463e+00
2.448812713623047088e+00
nan
nan
nan
nan
1.846331176757812553e+00
1.703059844970703063e+00
2.006839752197265625e+00
1.397660217285156214e+00
1.579718170166015678e+00
1.962126770019531286e+00
1.871694793701171866e+00
2.703400878906249805e+00
1.800007171630859437e+00
2.204094085693359517e+00
1.585009613037109411e+00
2.250872039794921786e+00
2.038736572265625213e+00
1.882736968994140669e+00
2.047886657714843572e+00
2.009795227050781286e+00
1.971586151123046804e+00
2.024206237792968821e+00
1.980896148681640545e+00
2.235143432617187287e+00
2.109735717773437713e+00
2.637785949707031286e+00
1.803365173339843697e+00
2.051004180908202912e+00
2.278396911621093590e+00
1.589087524414062536e+00
1.806919097900390625e+00
2.432597656250000018e+00
nan
nan
nan
nan
2.382567901611328143e+00
2.087338256835937322e+00
1.500780944824218643e+00
2.241631317138671697e+00
2.254490509033203249e+00
2.306372680664062536e+00
1.793501129150390616e+00
1.020427551269531330e+00
1.661299438476562473e+00
1.401385498046874956e+00
1.568102111816406241e+00
2.479241790771484322e+00
2.197118530273437287e+00
1.063436965942382795e+00
2.371474761962890643e+00
1.702498931884765643e+00
2.161248626708984322e+00
1.959279327392578152e+00
1.168564300537109357e+00
1.357905120849609348e+00
1.649831848144531321e+00
9.915374755859375222e-01
2.562628784179687536e+00
1.373622589111328063e+00
2.018036193847656090e+00
1.233136215209960973e+00
6.865274047851562811e-01
1.223184509277343679e+00
nan
nan
nan
nan
8.532501220703124778e-01
1.461641998291015598e+00
9.670857238769531294e-01
1.451385192871093688e+00
1.506681518554687571e+00
2.348725585937499805e+00
6.394118118286132857e-01
7.441107177734375133e-01
1.080588531494140581e+00
1.030914611816406312e+00
7.133247375488280806e-01
1.685737609863281250e+00
1.707714385986328187e+00
1.288418731689453089e+00
8.136578369140624600e-01
4.769203186035156361e-01
1.195921859741210902e+00
1.854299163818359464e+00
5.961495208740233975e-01
7.089409637451171697e-01
1.341855316162109402e+00
1.503508300781249973e+00
1.415815887451171928e+00
1.077176971435546804e+00
7.155548858642578613e-01
1.531447296142578018e+00
1.671611633300781330e+00
1.066781005859374964e+00
nan
nan
nan
nan
1.054540863037109366e+00
1.346991729736328081e+00
1.108795318603515545e+00
4.769498443603515381e-01
4.649312019348144503e-02
4.737064361572265736e-01
6.497088623046874956e-01
-1.291249155998230001e-02
9.013792419433593883e-01
2.586923408508300937e-01
1.098181228637695295e+00
6.502059173583983887e-01
-1.936516571044921975e-01
1.481985473632812411e+00
9.837097930908202947e-01
6.672064971923827859e-01
1.971736145019531150e-01
8.185569763183593306e-01
8.877648925781249645e-01
4.263966751098632879e-01
3.710900878906249756e-01
-1.725290298461913951e-01
8.805982971191406161e-01
9.424491882324218528e-01
1.074980926513671858e-01
1.380199050903320179e-01
-1.530908966064453147e-01
4.915502929687500244e-01
nan
nan
nan
nan
1.890136909484863292e-01
-1.353994941711425815e-01
1.099250030517578081e+00
1.289491882324218741e+00
1.687433776855468803e+00
5.061440277099609197e-01
4.594360351562499778e-01
9.434837341308593972e-01
6.208488845825195224e-01
7.560678863525390758e-01
1.566724491119384777e-01
7.351181030273437056e-01
6.227857971191406161e-01
7.670502662658691684e-02
1.110479259490966819e-01
1.033233413696289071e+00
3.796916961669921653e-01
1.231559219360351509e+00
5.379303741455078169e-01
7.518753814697265447e-01
8.750569915771484464e-01
5.246542739868164107e-01
-1.643565893173217721e-03
7.244565010070801170e-02
4.864898300170898415e-01
8.423697662353515359e-01
1.231233749389648358e+00
4.481549835205078103e-01
nan
nan
nan
nan
7.745072174072266113e-01
8.308782196044921520e-01
8.999295043945312322e-01
6.864464569091797141e-01
7.117491912841796831e-01
5.936891937255859286e-01
4.660549163818359375e-01
4.853646087646484308e-01
-1.638064002990722579e-01
5.630638885498047141e-01
6.493285369873046387e-01
2.510288047790527610e-01
9.377072906494140492e-01
8.934628295898437988e-01
7.167855834960937811e-01
9.985608673095702770e-01
1.129720764160156321e+00
1.699746398925781277e+00
7.903484344482422097e-01
5.906892776489257590e-01
1.273952484130859375e+00
1.321961364746093714e+00
8.171985626220702736e-02
1.571375885009765661e+00
3.683370590209961160e-01
7.334877777099609863e-01
1.030915222167968714e+00
1.016136627197265607e+00
nan
nan
nan
nan
1.048887710571289045e+00
6.494979095458984775e-01
9.835233306884765270e-01
1.760262870788574241e-01
1.050132904052734295e+00
2.136537170410156283e-01
1.773042144775390572e+00
1.081755218505859428e+00
1.078053283691406294e+00
5.214642715454101962e-01
1.457382049560546955e+00
1.248418579101562509e+00
1.329372253417968830e+00
8.833024597167968839e-01
3.632763671875000044e-01
6.439304351806640625e-01
6.143466949462890181e-01
8.627735137939452903e-01
8.992789459228515137e-01
1.025372314453125044e+00
8.369252014160156738e-01
1.277499923706054696e+00
1.201726226806640652e+00
2.350212478637695446e-01
8.834814453124999467e-01
8.812633514404296653e-01
1.190040054321289009e+00
1.286331634521484357e+00
nan
nan
nan
nan
5.130286407470703303e-01
1.607927551269531241e+00
1.045953598022461017e+00
6.718188476562499956e-01
5.993664932250976074e-01
2.228719520568847590e-01
9.789045715332030939e-01
8.739147186279296875e-01
1.419511871337890696e+00
7.457457733154296831e-01
5.837306594848632457e-01
8.847315216064453036e-01
6.248986053466797363e-01
4.708993911743163951e-01
4.695435333251953280e-01
1.830434036254882935e-01
2.335774993896484464e-01
6.504676818847656694e-01
5.558115005493163840e-01
2.482737541198730413e-01
1.271270465850830034e-01
7.564198303222656738e-01
7.479569244384766113e-01
2.865782356262207009e-01
1.228439331054687500e+00
3.749213409423828303e-01
nan
nan
nan
nan
nan
nan
4.180516433715820157e-01
7.062460327148437633e-01
1.944105682373046928e+00
6.119547271728515980e-01
9.892866516113281161e-01
6.245525741577148127e-01
8.867147064208984464e-01
8.778165435791015492e-01
3.308019638061523438e-01
9.102882385253906194e-02
7.858286285400390980e-01
1.412280578613281268e+00
3.649058532714843928e-01
7.695352172851562811e-01
8.331964111328125089e-01
1.273262786865234419e+00
6.379708862304687145e-01
1.197975692749023491e+00
5.849377059936523571e-01
4.706787872314452947e-01
9.853176879882812322e-01
6.560561370849609109e-01
8.160067749023437456e-01
1.631230163574218794e+00
7.956018829345703480e-01
1.038718032836914107e+00
7.776020812988281294e-01
1.153340988159179625e+00
nan
nan
nan
nan
7.672263336181640581e-01
5.428225708007812234e-01
-1.635752105712890703e-01
6.236419200897216908e-02
7.856879425048828303e-01
6.945258331298828081e-01
7.721846008300781161e-01
1.351140747070312509e+00
6.955558776855468306e-01
8.195848846435547230e-01
8.128576660156250355e-01
1.032933197021484339e+00
9.774980926513672230e-01
7.123848724365234863e-01
7.063701629638672319e-01
3.938845062255859619e-01
1.298817138671874982e+00
5.659000778198242099e-01
6.218975067138672319e-01
1.025355682373046973e+00
8.832880401611328258e-01
1.365139007568359375e+00
nan
6.711577606201172275e-01
1.289712371826171822e+00
1.132719879150390518e+00
1.383635711669921831e+00
1.629591674804687473e+00
nan
nan
nan
nan
1.233556900024413983e+00
4.654167175292968639e-01
6.465818023681640936e-01
1.152439575195312482e+00
5.307616424560547275e-01
8.272047424316406605e-01
7.957991027832030939e-01
7.251121520996093306e-01
1.438766632080078045e+00
1.338841705322265652e+00
3.111148262023925581e-01
7.477880096435547408e-01
4.791191864013671919e-01
8.323642730712890181e-01
1.534904022216796893e+00
2.887263870239257790e-01
6.597148895263671431e-01
1.409289550781249956e+00
8.697437286376953347e-01
1.010974960327148509e+00
6.261600112915038929e-01
1.028542938232421822e+00
2.618408775329589822e-01
6.980559539794921609e-01
7.279944610595703303e-01
9.316398620605468306e-01
1.440722045898437553e+00
1.185194396972656161e+00
nan
nan
nan
nan
1.193347854614257741e+00
8.203490447998046387e-01
1.029015121459960991e+00
1.107513275146484455e+00
1.581064910888671848e+00
1.172279891967773491e+00
1.404563751220703205e+00
1.602648315429687553e+00
1.462655334472656277e+00
9.781481170654297008e-01
9.170824432373047008e-01
1.030580520629882812e+00
8.997610473632812189e-01
8.833134460449219016e-01
7.995967102050781650e-01
9.967721557617187367e-01
1.740923156738281241e+00
9.580895233154297363e-01
nan
1.049693756103515563e+00
1.208782348632812420e+00
7.027308654785155984e-01
1.195076675415039036e+00
5.376615905761719105e-01
1.564845123291015661e+00
1.388687286376953045e+00
1.826194610595703205e+00
1.692013397216796777e+00
nan
nan
nan
nan
1.500352630615234384e+00
8.469834136962890447e-01
1.825975036621093839e+00
1.708153991699218777e+00
1.605538330078124964e+00
1.599829254150390678e+00
1.589946441650390563e+00
1.114473114013671884e+00
1.609490814208984322e+00
2.267616882324218874e+00
1.598781890869140687e+00
1.919382476806640536e+00
1.090248107910156250e+00
1.083240737915039054e+00
1.729878387451171839e+00
1.309624633789062464e+00
1.800016784667968661e+00
1.652986297607421884e+00
1.424655151367187456e+00
1.922006225585937589e+00
1.533929290771484322e+00
1.379603271484374893e+00
2.198665313720703285e+00
1.759319763183593732e+00
2.184017486572265465e+00
2.296882629394531250e+00
1.976084594726562393e+00
1.810706787109374938e+00
nan
nan
