nan
nan
-5.693587660789489746e-01
-8.080758154392242432e-02
-4.013742879033088684e-02
8.204691410064697266e-01
-6.362425684928894043e-01
5.468929409980773926e-01
2.168613821268081665e-01
9.261044859886169434e-01
-8.746261000633239746e-01
-3.819358050823211670e-01
-1.728787571191787720e-01
-4.536882042884826660e-02
1.310157328844070435e-01
1.326083898544311523e+00
-4.416779428720474243e-02
-2.846879661083221436e-01
-8.141476511955261230e-01
8.394318222999572754e-01
1.031824350357055664e+00
-5.761696696281433105e-01
-8.696734160184860229e-02
5.648588538169860840e-01
4.343033432960510254e-01
-2.973553240299224854e-01
6.617932915687561035e-01
7.516094446182250977e-01
5.633143186569213867e-01
4.724074006080627441e-01
nan
nan
nan
nan
3.732553422451019287e-01
7.186558842658996582e-02
-4.939172565937042236e-01
3.512731492519378662e-01
4.050446748733520508e-01
-4.017683565616607666e-01
7.358614802360534668e-01
2.967042624950408936e-01
3.469091653823852539e-01
-9.718851447105407715e-01
-3.987785279750823975e-01
7.863273620605468750e-01
4.510790109634399414e-01
-3.084153532981872559e-01
7.651486396789550781e-01
-6.846848130226135254e-01
-2.895342409610748291e-01
-1.342712193727493286e-01
1.062870919704437256e-01
-4.272032082080841064e-01
-4.582862555980682373e-01
-2.687426805496215820e-01
6.951889991760253906e-01
-4.861913621425628662e-01
-4.546885490417480469e-01
2.638166248798370361e-01
-1.718699187040328979e-01
1.008126020431518555e+00
nan
nan
nan
nan
-1.277740597724914551e-01
-7.388330101966857910e-01
-6.874258071184158325e-02
-8.167405724525451660e-01
-2.750347852706909180e-01
-2.100644707679748535e-01
2.325295507907867432e-01
4.656272232532501221e-01
5.981349349021911621e-01
-1.480265855789184570e-01
-8.273255079984664917e-03
-5.809148550033569336e-01
1.010608971118927002e-01
1.736989617347717285e-02
-3.398953676223754883e-01
-5.478451251983642578e-01
-9.245721101760864258e-01
-1.470872998237609863e+00
-3.693149983882904053e-01
2.699240110814571381e-02
3.671846389770507812e-01
-7.008177042007446289e-01
7.716971635818481445e-01
-6.899867653846740723e-01
-2.848466038703918457e-01
-5.544751286506652832e-01
1.323401808738708496e+00
-5.690638422966003418e-01
nan
nan
nan
nan
-6.716266870498657227e-01
4.576934278011322021e-01
2.989985942840576172e-01
-1.688244342803955078e-01
6.415499448776245117e-01
2.671386599540710449e-01
-1.880360245704650879e-01
1.805138736963272095e-01
5.036827176809310913e-02
-5.192627310752868652e-01
2.733557224273681641e-01
-3.155247569084167480e-01
-4.606262743473052979e-01
3.293257951736450195e-01
5.551167726516723633e-01
7.697280645370483398e-01
1.229333043098449707e+00
3.306236267089843750e-01
-9.865665435791015625e-01
-1.729874908924102783e-01
3.030146472156047821e-02
-2.002171277999877930e-01
-5.340686440467834473e-01
6.090563535690307617e-01
-7.724590599536895752e-02
-2.516477108001708984e-01
-1.455213278532028198e-01
2.912075817584991455e-01
nan
nan
nan
nan
6.313652992248535156e-01
-8.842685073614120483e-02
-8.333270251750946045e-02
-3.852098286151885986e-01
1.187179833650588989e-01
-6.674790978431701660e-01
-1.193617284297943115e-01
-8.945313096046447754e-01
-1.257850229740142822e-01
-3.298931121826171875e-01
1.558044552803039551e-01
-8.015479147434234619e-02
-1.970061063766479492e-01
6.993716210126876831e-02
-5.860753590241074562e-04
-1.766275614500045776e-01
2.252896279096603394e-01
-1.921992897987365723e-01
-3.704350590705871582e-01
5.261156558990478516e-01
-5.940967202186584473e-01
2.427859008312225342e-01
-1.405535787343978882e-01
4.931202530860900879e-01
1.439804136753082275e-01
-1.506673932075500488e+00
-6.600271165370941162e-02
7.444557547569274902e-01
nan
nan
nan
nan
9.533813595771789551e-02
9.378486126661300659e-02
-3.457572758197784424e-01
2.474146634340286255e-01
-1.318442076444625854e-01
8.287158012390136719e-01
1.053594946861267090e+00
1.108655110001564026e-01
8.579274266958236694e-02
7.852413654327392578e-01
-1.195005774497985840e-01
-5.052976012229919434e-01
-8.261988759040832520e-01
-2.120798230171203613e-01
-1.324318200349807739e-01
1.173046469688415527e+00
3.715943992137908936e-01
-1.721411012113094330e-02
6.360754966735839844e-01
2.274488508701324463e-01
-6.239811182022094727e-01
6.232587695121765137e-01
6.848562359809875488e-01
2.376090437173843384e-01
-2.691628783941268921e-02
3.681095540523529053e-01
3.979431092739105225e-01
3.239800930023193359e-01
nan
nan
nan
nan
2.116628438234329224e-01
-4.382011890411376953e-01
-8.438467383384704590e-01
-3.364491760730743408e-01
1.545681655406951904e-01
-5.732071027159690857e-02
-1.129123941063880920e-02
-5.298057198524475098e-01
7.979505658149719238e-01
1.911660842597484589e-02
-2.447843849658966064e-01
-7.605588436126708984e-01
6.954371929168701172e-02
1.610727310180664062e-01
7.324941158294677734e-01
-1.587443649768829346e-01
6.153243184089660645e-01
8.838629126548767090e-01
-6.978974342346191406e-01
-1.612202227115631104e-01
-7.295088469982147217e-02
2.495504021644592285e-01
-4.771669209003448486e-01
-3.775250911712646484e-01
-8.045541048049926758e-01
-5.738304257392883301e-01
-6.310460716485977173e-02
3.654978573322296143e-01
nan
nan
nan
nan
-3.087858669459819794e-02
3.951726257801055908e-01
-6.470417380332946777e-01
-5.676693916320800781e-01
-2.543437667191028595e-02
-4.603635370731353760e-01
-5.333136916160583496e-01
-6.429266184568405151e-02
-3.148685768246650696e-02
-9.916879236698150635e-02
7.941868156194686890e-02
-1.605603933334350586e+00
-3.638692498207092285e-01
4.105723500251770020e-01
-3.391508162021636963e-01
-1.478038132190704346e-01
-6.246610283851623535e-01
-6.104316115379333496e-01
2.775323390960693359e-01
-6.810395717620849609e-01
-1.131835207343101501e-01
-1.532026976346969604e-01
-4.184323251247406006e-01
1.456325888633728027e+00
3.219068348407745361e-01
1.266217589378356934e+00
1.338170026428997517e-03
4.219002127647399902e-01
nan
nan
nan
nan
2.276813834905624390e-01
2.911906838417053223e-01
-4.357304051518440247e-02
-6.432518362998962402e-01
-6.420876979827880859e-01
5.083345174789428711e-01
2.354015558958053589e-01
5.294511467218399048e-02
4.186260998249053955e-01
-1.142551377415657043e-02
-5.486838221549987793e-01
-1.290235072374343872e-01
2.718836441636085510e-02
1.299835085868835449e+00
-2.191366106271743774e-01
-7.261375188827514648e-01
4.878301322460174561e-01
-4.474265575408935547e-01
-1.204460188746452332e-01
-8.757299780845642090e-01
4.191693961620330811e-01
5.960757136344909668e-01
-2.175000905990600586e-01
1.330712288618087769e-01
3.619153201580047607e-01
3.977678120136260986e-01
-5.789017677307128906e-01
2.329496592283248901e-01
nan
nan
nan
nan
1.868180036544799805e-01
-6.411796212196350098e-01
-3.081034719944000244e-01
1.135425865650177002e-01
-1.132481247186660767e-01
-7.128570079803466797e-01
-5.080522298812866211e-01
2.248255759477615356e-01
8.480229377746582031e-01
-7.460598945617675781e-01
1.174554079771041870e-01
3.362079262733459473e-01
-1.401073038578033447e-01
1.238713145256042480e+00
-8.968043327331542969e-02
8.107115328311920166e-02
3.419058620929718018e-01
-2.915216982364654541e-01
-8.558824658393859863e-01
-2.202998101711273193e-01
-5.814144015312194824e-01
4.442276358604431152e-01
1.496017128229141235e-01
-4.099851250648498535e-01
-2.590481936931610107e-01
-2.778687775135040283e-01
-8.327172696590423584e-02
-1.815489232540130615e-01
nan
nan
nan
nan
-4.939822852611541748e-01
-9.386231899261474609e-01
1.061561480164527893e-01
4.502089619636535645e-01
2.991454303264617920e-01
5.386765003204345703e-01
-7.124691605567932129e-01
-2.840189635753631592e-01
-3.140431940555572510e-01
-1.255470812320709229e-01
-3.255770206451416016e-01
1.791781187057495117e-01
3.384321928024291992e-01
2.240411192178726196e-01
4.448664486408233643e-01
-2.121760100126266479e-01
-4.892368614673614502e-01
-1.257776618003845215e+00
-5.000928044319152832e-01
3.607084453105926514e-01
-3.441068232059478760e-01
-1.628719866275787354e-01
5.786359310150146484e-01
-9.427441954612731934e-01
3.308521807193756104e-01
9.287003427743911743e-02
-2.428236305713653564e-01
-6.473528742790222168e-01
nan
nan
nan
nan
-1.412438750267028809e+00
-9.946798086166381836e-01
-2.008907645940780640e-01
-3.898890316486358643e-01
5.186098441481590271e-02
5.810530781745910645e-01
-3.541021943092346191e-01
-7.159843444824218750e-01
-4.403709173202514648e-01
-8.794552087783813477e-02
5.609528422355651855e-01
7.301769256591796875e-01
-4.359433427453041077e-02
6.230135560035705566e-01
-1.174101084470748901e-01
5.750334262847900391e-01
-8.954235352575778961e-03
2.881242334842681885e-01
5.518808364868164062e-01
-5.692291855812072754e-01
-1.769072860479354858e-01
-9.080108255147933960e-02
1.014037609100341797e+00
5.268468260765075684e-01
-6.357616931200027466e-02
6.296061724424362183e-02
-1.255785703659057617e+00
1.984249353408813477e-01
nan
nan
nan
nan
7.508112788200378418e-01
2.833829820156097412e-01
1.594261266291141510e-02
-6.533320546150207520e-01
-1.481238156557083130e-01
-1.191413044929504395e+00
4.746483862400054932e-01
5.716301798820495605e-01
-2.236570045351982117e-02
-3.943966925144195557e-01
-3.847217261791229248e-01
3.303599357604980469e-02
1.803075335919857025e-02
-2.161027938127517700e-01
3.480680584907531738e-01
2.856745123863220215e-01
3.437207639217376709e-01
4.198474809527397156e-02
7.525417804718017578e-01
-8.499296903610229492e-01
7.430216670036315918e-01
7.184660434722900391e-01
-5.680615305900573730e-01
6.514530777931213379e-01
-6.025521755218505859e-01
4.830421805381774902e-01
1.879084110260009766e-01
-3.805058300495147705e-01
nan
nan
nan
nan
3.527368605136871338e-01
-2.509277760982513428e-01
-5.228496789932250977e-01
-7.141287624835968018e-02
-1.471477597951889038e-01
4.624364674091339111e-01
1.373959779739379883e+00
1.007362641394138336e-02
-1.397470682859420776e-01
-4.341112375259399414e-01
6.180840134620666504e-01
6.319511532783508301e-01
-3.466170728206634521e-01
-2.459989190101623535e-01
-2.819635570049285889e-01
1.274689733982086182e-01
6.998208165168762207e-01
5.585377216339111328e-01
-4.788089692592620850e-01
-5.963659882545471191e-01
-4.780814647674560547e-01
-4.487957432866096497e-02
6.395645439624786377e-02
-6.444067955017089844e-01
8.568552136421203613e-02
9.209835529327392578e-02
-1.321807354688644409e-01
4.327872991561889648e-01
nan
nan
nan
nan
1.484819769859313965e+00
-8.799765110015869141e-01
3.850405216217041016e-01
-4.153261780738830566e-01
-6.421159505844116211e-01
7.129331231117248535e-01
-4.124218523502349854e-01
4.603824913501739502e-01
-3.728049620985984802e-02
8.039500713348388672e-01
-4.726192727684974670e-02
5.638747215270996094e-01
-2.584565877914428711e-01
3.982842862606048584e-01
3.022626638412475586e-01
1.047816038131713867e+00
-7.734053134918212891e-01
1.390673220157623291e-01
5.316556096076965332e-01
6.065997481346130371e-02
1.101900357753038406e-02
-2.493448555469512939e-02
-3.485095500946044922e-01
-7.268797606229782104e-02
-1.282087445259094238e+00
3.618154823780059814e-01
-3.300579488277435303e-01
-3.352853953838348389e-01
nan
nan
nan
nan
2.847732901573181152e-01
8.333219289779663086e-01
4.612683951854705811e-01
7.238832116127014160e-01
3.752710297703742981e-02
-4.407258033752441406e-01
3.204097151756286621e-01
6.248335242271423340e-01
-2.736126072704792023e-02
1.507851958274841309e+00
3.656308054924011230e-01
-1.794690340757369995e-01
-7.686697840690612793e-01
-3.357082009315490723e-01
1.125578135251998901e-01
-3.425726592540740967e-01
5.452604889869689941e-01
-3.482432365417480469e-01
7.410343289375305176e-01
-8.156532049179077148e-01
4.346894919872283936e-01
-2.727841138839721680e-01
6.244296431541442871e-01
9.455802440643310547e-01
-2.495603263378143311e-01
-7.003020644187927246e-01
-3.647966384887695312e-01
8.137601613998413086e-01
nan
nan
nan
nan
-3.421922624111175537e-01
-3.143240809440612793e-01
-1.669988036155700684e-01
-5.822368860244750977e-01
6.668970733880996704e-02
-7.199395913630723953e-03
-4.417859315872192383e-01
-2.445804774761199951e-01
7.713003456592559814e-02
-7.181849479675292969e-01
1.345544159412384033e-01
-1.106483582407236099e-02
-1.429273486137390137e-01
5.938298106193542480e-01
-3.412709534168243408e-01
5.748258829116821289e-01
8.471660017967224121e-01
7.163172364234924316e-01
4.565275907516479492e-01
-9.353052973747253418e-01
3.834418356418609619e-01
5.059233307838439941e-01
1.665621697902679443e-01
4.868795573711395264e-01
-7.155316472053527832e-01
3.552697002887725830e-01
6.695473790168762207e-01
7.645713686943054199e-01
nan
nan
nan
nan
-7.578175663948059082e-01
-1.156642362475395203e-01
-3.995155990123748779e-01
-7.872466444969177246e-01
4.213432967662811279e-01
-1.020388156175613403e-01
-2.592670023441314697e-01
8.563566207885742188e-01
-3.124019801616668701e-01
-1.447377819567918777e-02
-6.251673400402069092e-02
4.152702093124389648e-01
-7.484042048454284668e-01
-6.415148973464965820e-01
2.067286372184753418e-01
-4.246771335601806641e-01
7.106404304504394531e-01
-3.659639358520507812e-01
-6.678670048713684082e-01
6.845414042472839355e-01
-3.852391541004180908e-01
5.204620957374572754e-01
-6.681239604949951172e-02
-5.124962329864501953e-01
-7.752376049757003784e-02
2.342440634965896606e-01
-3.667178153991699219e-01
-4.673507809638977051e-01
nan
nan
nan
nan
-9.357783198356628418e-01
-3.328838944435119629e-01
-9.223241358995437622e-02
-4.236692488193511963e-01
-6.698914766311645508e-01
-1.022526502609252930e+00
-5.378909111022949219e-01
-1.723213642835617065e-01
2.915078103542327881e-01
-5.082001090049743652e-01
3.628975749015808105e-01
-6.844169497489929199e-01
8.121399283409118652e-01
-9.230547547340393066e-01
3.718369007110595703e-01
-5.992452800273895264e-02
-2.798277139663696289e-01
-7.689176201820373535e-01
2.019275873899459839e-01
-1.257267892360687256e-01
1.148812890052795410e+00
3.365093171596527100e-01
2.039529979228973389e-01
-2.113307267427444458e-01
3.913003802299499512e-01
4.611232876777648926e-01
nan
nan
nan
nan
nan
nan
-3.638113141059875488e-01
2.787517607212066650e-01
-7.520735859870910645e-01
1.878566741943359375e-01
2.301928848028182983e-01
-1.701547354459762573e-01
-1.301463395357131958e-01
6.878283619880676270e-01
8.179003000259399414e-01
7.213402986526489258e-01
-1.352439820766448975e-01
7.491400837898254395e-01
-6.953890919685363770e-01
2.615484893321990967e-01
5.442391633987426758e-01
-4.148844182491302490e-01
-1.782625317573547363e-01
-1.595987752079963684e-02
-9.347180128097534180e-01
-3.415832817554473877e-01
-4.672516584396362305e-01
-8.813686668872833252e-02
-5.169007778167724609e-01
3.753423988819122314e-01
-5.594661831855773926e-01
-8.479902148246765137e-02
2.731989622116088867e-01
4.416960775852203369e-01
nan
nan
nan
nan
2.345959693193435669e-01
-8.285751342773437500e-01
1.179306864738464355e+00
-4.888489842414855957e-01
8.967241644859313965e-01
-1.886103868484497070e+00
3.522972390055656433e-02
8.961564302444458008e-01
-1.022056192159652710e-01
-2.943609952926635742e-01
1.520203500986099243e-01
1.453734189271926880e-01
5.740433335304260254e-01
5.226257070899009705e-02
1.872651726007461548e-01
-6.963596343994140625e-01
-4.416197910904884338e-02
-8.922531008720397949e-01
3.543202280998229980e-01
1.704304069280624390e-01
-5.071154832839965820e-01
-1.407146930694580078e+00
nan
-1.861085556447505951e-02
-1.598135232925415039e+00
8.283653259277343750e-01
-6.786475777626037598e-01
1.639433056116104126e-01
nan
nan
nan
nan
-1.482842415571212769e-01
-4.388216137886047363e-01
-5.088902711868286133e-01
9.155732393264770508e-01
6.125817075371742249e-02
7.474530935287475586e-01
7.669107317924499512e-01
2.402336597442626953e-01
9.730313718318939209e-02
-3.905883431434631348e-01
-4.492474794387817383e-01
3.090435266494750977e-01
-9.085248112678527832e-01
1.419240713119506836e+00
-1.561958342790603638e-01
3.359856903553009033e-01
3.280818462371826172e-01
5.296254996210336685e-03
1.880935728549957275e-01
2.840407788753509521e-01
6.712266802787780762e-01
-1.897878050804138184e-01
-2.278262078762054443e-01
5.569119453430175781e-01
-2.102804929018020630e-01
-7.303733825683593750e-01
-3.993314802646636963e-01
-4.970031976699829102e-01
nan
nan
nan
nan
-1.860980838537216187e-01
5.768299698829650879e-01
1.410262137651443481e-01
-7.356213331222534180e-01
-1.088312864303588867e+00
2.938356399536132812e-01
-2.123933285474777222e-01
8.260816335678100586e-01
-7.404294610023498535e-01
2.437982410192489624e-01
1.575457751750946045e-01
-2.804062962532043457e-01
1.240718483924865723e+00
-2.915605604648590088e-01
-1.250055246055126190e-02
1.084467768669128418e+00
-8.674732595682144165e-02
4.431850314140319824e-01
nan
-1.399875134229660034e-01
-1.400614231824874878e-01
2.212617397308349609e-01
5.524361729621887207e-01
-2.898486554622650146e-01
4.913978576660156250e-01
-4.473241567611694336e-01
-2.919797785580158234e-02
7.506318092346191406e-01
nan
nan
nan
nan
-7.955351471900939941e-02
6.092467904090881348e-02
8.993370532989501953e-01
-4.828238487243652344e-01
-1.633709669113159180e-01
-9.281004220247268677e-02
-6.245766878128051758e-01
-2.146015614271163940e-01
-1.221490427851676941e-01
-2.852813601493835449e-01
2.966371476650238037e-01
-9.409868717193603516e-01
4.758785665035247803e-01
5.315838009119033813e-02
1.958576887845993042e-01
-1.035366654396057129e+00
7.173573225736618042e-02
-8.248400092124938965e-01
3.694645464420318604e-01
9.125973284244537354e-02
-1.011882305145263672e+00
-3.808138892054557800e-02
-9.231279492378234863e-01
-8.708345293998718262e-01
-2.363794445991516113e-01
-5.347193479537963867e-01
-3.941317796707153320e-01
-2.753034234046936035e-01
nan
nan
