nan
nan
-1.714083909988403320e+00
-7.612720876932144165e-02
-5.942584276199340820e-01
-7.581115961074829102e-01
4.612514376640319824e-01
1.936396658420562744e-01
-2.485907673835754395e-01
1.828546524047851562e-01
8.658345937728881836e-01
-9.346225261688232422e-01
7.441498637199401855e-01
-8.881886005401611328e-01
5.071091651916503906e-01
3.224578499794006348e-01
-7.044280879199504852e-03
-3.088034689426422119e-01
3.501673638820648193e-01
4.967563152313232422e-01
1.085333108901977539e+00
1.423772454261779785e+00
-2.265656441450119019e-01
-1.903281658887863159e-01
1.499125361442565918e-01
-5.726491212844848633e-01
-1.753114461898803711e-01
6.112490966916084290e-02
1.605326980352401733e-01
-6.548865884542465210e-02
nan
nan
nan
nan
4.625934660434722900e-01
9.538100957870483398e-01
-2.985320985317230225e-01
-2.473550140857696533e-01
-7.685511708259582520e-01
-6.894808411598205566e-01
6.191053986549377441e-01
1.032885443419218063e-02
-2.275710180401802063e-02
7.251778244972229004e-01
2.537998259067535400e-01
5.503293871879577637e-01
6.553434133529663086e-01
6.890658736228942871e-01
-4.678926765918731689e-01
1.521580107510089874e-02
2.162457406520843506e-01
2.178172916173934937e-01
4.593291580677032471e-01
9.120075702667236328e-01
8.384708166122436523e-01
-6.075379997491836548e-02
7.994602322578430176e-01
7.331739366054534912e-02
5.516430735588073730e-02
-3.667010664939880371e-01
-8.534677624702453613e-01
-3.825930356979370117e-01
nan
nan
nan
nan
3.002416789531707764e-01
1.044311001896858215e-01
8.731344938278198242e-01
-3.420504033565521240e-01
9.574326872825622559e-01
-4.009987711906433105e-01
-8.572276234626770020e-01
3.151251673698425293e-01
-5.613678693771362305e-01
1.611793875694274902e+00
-6.717187762260437012e-01
4.230704307556152344e-01
-1.966739147901535034e-01
-2.337243407964706421e-01
-1.540309842675924301e-02
-7.282766103744506836e-01
-1.357062160968780518e-01
-3.086646459996700287e-02
-3.656904101371765137e-01
1.400035619735717773e+00
-2.831186354160308838e-01
-1.850775927305221558e-01
5.074176788330078125e-01
4.853602945804595947e-01
-1.585430502891540527e-01
5.722613930702209473e-01
-8.458679914474487305e-01
-1.994502842426300049e-01
nan
nan
nan
nan
6.849815845489501953e-01
7.993789315223693848e-01
-6.472870111465454102e-01
6.423809528350830078e-01
3.708694279193878174e-01
5.121535062789916992e-02
-5.421011447906494141e-01
-7.470986247062683105e-01
-5.303651690483093262e-01
4.951367676258087158e-01
1.912537217140197754e-01
4.953678548336029053e-01
-1.019373238086700439e-01
-9.260208010673522949e-01
8.503524065017700195e-01
2.875919640064239502e-01
1.110193729400634766e+00
9.487013220787048340e-01
4.853115677833557129e-01
4.679579734802246094e-01
-1.541073769330978394e-01
-4.997313022613525391e-01
-4.820205867290496826e-01
-9.930393844842910767e-02
-1.781191676855087280e-01
1.278818726539611816e+00
6.188398599624633789e-01
6.090100407600402832e-01
nan
nan
nan
nan
-1.073654554784297943e-02
-2.358187437057495117e-01
-1.024294719099998474e-01
3.978596031665802002e-01
-6.987687200307846069e-02
7.488607168197631836e-01
-4.061342403292655945e-02
1.062050759792327881e-01
2.617900669574737549e-01
-6.742261648178100586e-01
4.175799787044525146e-01
2.306195199489593506e-01
2.305985391139984131e-01
1.995859026908874512e+00
6.754648685455322266e-01
-5.564783811569213867e-01
-1.372785449028015137e+00
7.525999844074249268e-02
2.940567433834075928e-01
-3.227048739790916443e-02
-6.826155185699462891e-01
-1.384551763534545898e+00
-4.713107943534851074e-01
-2.089230865240097046e-01
4.849984645843505859e-01
1.561891436576843262e-01
-4.939217120409011841e-02
-7.681466937065124512e-01
nan
nan
nan
nan
6.449831128120422363e-01
3.569785952568054199e-01
-8.719366043806076050e-02
-7.671516388654708862e-02
3.844242095947265625e-01
3.023849427700042725e-01
8.204257488250732422e-02
7.123363018035888672e-01
-3.027127087116241455e-01
1.413914114236831665e-01
-6.375849246978759766e-01
-1.721308082342147827e-01
4.648612737655639648e-01
-1.251321285963058472e-01
7.552892565727233887e-01
-2.289739549160003662e-01
-5.950508117675781250e-01
1.561219543218612671e-01
3.433288931846618652e-01
-4.289110377430915833e-02
3.743544816970825195e-01
-4.850396811962127686e-01
3.222327530384063721e-01
6.854929924011230469e-01
5.645150542259216309e-01
-4.769267737865447998e-01
-4.836048185825347900e-01
-6.602963060140609741e-02
nan
nan
nan
nan
-4.159777164459228516e-01
7.441892623901367188e-01
6.939254999160766602e-01
6.702550500631332397e-02
-3.185845017433166504e-01
2.836743183434009552e-02
-1.718559980392456055e+00
-5.059519410133361816e-01
-2.276995927095413208e-01
9.852234274148941040e-02
-8.478077650070190430e-01
7.480774521827697754e-01
9.080454707145690918e-01
2.511550188064575195e-01
8.901534676551818848e-01
4.000462889671325684e-01
-9.857292771339416504e-01
1.743061095476150513e-01
-7.051483541727066040e-02
1.477588266134262085e-01
-9.058784693479537964e-02
1.060962378978729248e-01
-9.134382009506225586e-02
-1.693321168422698975e-01
-5.400108695030212402e-01
-7.732630968093872070e-01
6.031124591827392578e-01
2.216389924287796021e-01
nan
nan
nan
nan
4.763984680175781250e-01
1.040803864598274231e-01
-1.319437772035598755e-01
-3.978351652622222900e-01
6.360013037919998169e-02
-3.076701760292053223e-01
3.121707141399383545e-01
5.272746831178665161e-02
1.767402440309524536e-01
-4.085905253887176514e-01
2.161508202552795410e-01
4.948128759860992432e-01
6.423550657927989960e-03
-1.116314306855201721e-01
3.789084255695343018e-01
2.250653803348541260e-01
1.671689152717590332e-01
-5.523913502693176270e-01
-2.506957761943340302e-02
9.183909296989440918e-01
-8.715036511421203613e-01
6.183545589447021484e-01
-4.548344910144805908e-01
5.587696433067321777e-01
-3.399217873811721802e-02
-5.224919915199279785e-01
4.146987199783325195e-01
-5.415675640106201172e-01
nan
nan
nan
nan
7.623099535703659058e-02
1.385506391525268555e+00
-4.147753715515136719e-01
-4.606658220291137695e-01
8.381778001785278320e-01
4.871118068695068359e-01
-3.142558932304382324e-01
-2.858735024929046631e-01
7.787725925445556641e-01
2.248696237802505493e-01
3.551540970802307129e-01
3.072022795677185059e-01
1.505385935306549072e-01
5.354709625244140625e-01
-3.708468377590179443e-01
-1.711270660161972046e-01
3.106957077980041504e-01
1.984251290559768677e-01
-3.877775073051452637e-01
5.193969011306762695e-01
-2.672938108444213867e-01
4.846134185791015625e-01
1.165345534682273865e-01
5.721791088581085205e-02
-1.286536604166030884e-01
-5.543936491012573242e-01
-4.174198210239410400e-01
-3.980333451181650162e-03
nan
nan
nan
nan
1.246474385261535645e-01
-9.224463701248168945e-01
2.843303680419921875e-01
-1.697244942188262939e-01
7.216954231262207031e-02
9.284705519676208496e-01
5.089059844613075256e-02
7.081398367881774902e-01
-4.958032965660095215e-01
4.389795958995819092e-01
5.196187496185302734e-01
-7.376525551080703735e-02
-8.172628879547119141e-01
3.310792846605181694e-03
-2.626037038862705231e-02
1.505589485168457031e-01
3.145779296755790710e-02
3.087318539619445801e-01
6.532000899314880371e-01
-6.354956030845642090e-01
-1.084416508674621582e-01
-3.907676041126251221e-01
-4.076707065105438232e-01
-2.724210619926452637e-01
-1.543925553560256958e-01
-1.614595949649810791e-01
6.248764395713806152e-01
1.167753338813781738e+00
nan
nan
nan
nan
-9.079290926456451416e-02
1.694992883130908012e-03
-3.468511998653411865e-01
3.526176214218139648e-01
7.952205538749694824e-01
4.928450882434844971e-01
-1.419083118438720703e+00
-1.640315502882003784e-01
-3.316390216350555420e-01
-2.229042798280715942e-01
2.103526890277862549e-01
2.660946547985076904e-01
2.796559631824493408e-01
-8.318032026290893555e-01
4.962391257286071777e-01
-3.579889237880706787e-01
4.376170039176940918e-01
7.952525615692138672e-01
-2.777630984783172607e-01
1.505888551473617554e-01
3.107143938541412354e-01
8.499689698219299316e-01
6.385791897773742676e-01
-7.858227938413619995e-02
5.350232124328613281e-01
1.585597842931747437e-01
1.544319540262222290e-01
1.765459030866622925e-01
nan
nan
nan
nan
-2.274959720671176910e-02
-2.490517199039459229e-01
4.525827467441558838e-01
-2.334690988063812256e-01
1.714353412389755249e-01
-5.835626721382141113e-01
-4.177774190902709961e-01
2.099372595548629761e-01
9.062552452087402344e-02
1.348471403121948242e+00
4.011565148830413818e-01
-4.691930115222930908e-01
3.820367455482482910e-01
2.406278848648071289e-01
9.302725195884704590e-01
-2.238291651010513306e-01
7.422871589660644531e-01
-3.055486679077148438e-01
5.049310922622680664e-01
4.164960384368896484e-01
-8.632259964942932129e-01
2.918672189116477966e-02
2.845624387264251709e-01
3.792408704757690430e-01
-4.738226905465126038e-02
-6.662966609001159668e-01
-2.800762355327606201e-01
8.496889472007751465e-01
nan
nan
nan
nan
-2.422933727502822876e-01
-4.116694256663322449e-02
5.366098880767822266e-01
-2.739542722702026367e-02
3.803226649761199951e-01
2.535117864608764648e-01
-1.847426891326904297e-01
-1.324740171432495117e+00
-3.599340319633483887e-01
2.914348244667053223e-01
4.917500913143157959e-01
5.551487207412719727e-01
1.020351946353912354e-01
-6.710337102413177490e-02
2.274329215288162231e-01
-3.720684647560119629e-01
2.488923072814941406e-01
6.414344906806945801e-01
-2.922102510929107666e-01
-1.401911675930023193e-01
6.517086625099182129e-01
-7.404504716396331787e-02
4.868333637714385986e-01
-4.510280787944793701e-01
4.143885150551795959e-02
4.560465514659881592e-01
2.278495579957962036e-01
1.830724328756332397e-01
nan
nan
nan
nan
1.539714574813842773e+00
7.047420144081115723e-01
-4.212884604930877686e-01
-1.958571374416351318e-01
-3.664878010749816895e-01
-3.582253679633140564e-02
-5.397409200668334961e-01
7.135435342788696289e-01
-1.952912658452987671e-01
5.301076173782348633e-02
5.577073097229003906e-01
-7.584181427955627441e-01
1.715602278709411621e-01
-6.662773489952087402e-01
-6.662775278091430664e-01
4.484616219997406006e-01
6.916186213493347168e-01
-5.486655235290527344e-01
-8.038371801376342773e-01
-8.277298808097839355e-01
6.250457167625427246e-01
3.355897068977355957e-01
3.285825848579406738e-01
3.852903544902801514e-01
7.029275894165039062e-01
5.562964081764221191e-01
-7.285275459289550781e-01
-7.027549743652343750e-01
nan
nan
nan
nan
-3.573751151561737061e-01
2.202491462230682373e-01
7.287269830703735352e-02
1.801660805940628052e-01
-6.680197119712829590e-01
3.867711424827575684e-01
-6.837173700332641602e-01
2.784036397933959961e-01
-3.516976535320281982e-01
-3.143720924854278564e-01
2.021271288394927979e-01
5.075222849845886230e-01
3.123616874217987061e-01
-5.266331434249877930e-01
-7.852242887020111084e-02
2.181666344404220581e-01
5.661330223083496094e-01
-2.760626077651977539e-01
-1.150700375437736511e-01
-1.320651173591613770e-01
3.818638324737548828e-01
-9.251905679702758789e-01
8.573539555072784424e-02
-3.894716501235961914e-01
-1.414404869079589844e+00
-6.363705992698669434e-01
-7.899943590164184570e-01
-7.307433485984802246e-01
nan
nan
nan
nan
1.028392314910888672e+00
-4.067564606666564941e-01
-5.683848261833190918e-01
3.540330231189727783e-01
2.825455367565155029e-01
9.897434711456298828e-02
-1.126724839210510254e+00
1.431226879358291626e-01
3.881538212299346924e-01
-1.574205011129379272e-01
2.600967288017272949e-01
-7.860106229782104492e-01
-3.965399861335754395e-01
-7.283721351996064186e-04
-2.501571476459503174e-01
-2.016027718782424927e-01
-5.697981119155883789e-01
-2.041084319353103638e-01
-2.117730677127838135e-01
2.305625230073928833e-01
3.905659019947052002e-01
5.803285241127014160e-01
-1.168662071228027344e+00
5.649549365043640137e-01
4.447658956050872803e-01
-7.846844792366027832e-01
-2.181843817234039307e-01
-2.243947535753250122e-01
nan
nan
nan
nan
4.102195501327514648e-01
-1.266878247261047363e-01
-2.288120090961456299e-01
-3.654940426349639893e-01
-2.787156701087951660e-01
-1.011023998260498047e+00
-1.362704277038574219e+00
5.136028528213500977e-01
-1.049889530986547470e-02
-8.039461374282836914e-01
2.155383527278900146e-01
-7.206472158432006836e-01
4.104101955890655518e-01
5.358150228857994080e-02
2.588100731372833252e-01
5.874044895172119141e-01
7.835842967033386230e-01
2.024361044168472290e-01
-3.472854793071746826e-01
3.151447325944900513e-02
2.164133489131927490e-01
-6.483566761016845703e-01
1.994322985410690308e-01
-7.823402285575866699e-01
-9.273394942283630371e-01
-1.229995727539062500e+00
-6.568931937217712402e-01
1.532440930604934692e-01
nan
nan
nan
nan
-1.577472537755966187e-01
7.099455595016479492e-02
-3.218624293804168701e-01
-1.439718604087829590e-01
-1.599458903074264526e-01
-9.572296142578125000e-01
8.321970701217651367e-01
6.340284347534179688e-01
-5.832054466009140015e-02
4.069407582283020020e-01
5.996954441070556641e-01
4.034700989723205566e-01
-4.871989488601684570e-01
-8.394689112901687622e-02
-9.529905766248703003e-02
-4.822101891040802002e-01
-4.261832535266876221e-01
-7.913500070571899414e-01
-6.295775175094604492e-01
-1.107984222471714020e-02
-8.046033978462219238e-01
-9.330872297286987305e-01
2.066313624382019043e-01
3.513935506343841553e-01
4.149512052536010742e-01
9.886546730995178223e-01
3.633314669132232666e-01
-5.893952846527099609e-01
nan
nan
nan
nan
-3.494335412979125977e-01
-8.303862810134887695e-01
2.522361576557159424e-01
4.943469762802124023e-01
-3.840073198080062866e-02
4.622287452220916748e-01
-6.187217831611633301e-01
2.500482201576232910e-01
-4.741554856300354004e-01
-4.052606821060180664e-01
-5.159110296517610550e-04
4.586831331253051758e-01
-4.234855994582176208e-02
-9.154995530843734741e-02
-3.098808415234088898e-02
8.296760320663452148e-01
-3.083549439907073975e-01
-8.546677827835083008e-01
1.090051531791687012e+00
7.486224770545959473e-01
1.068195104598999023e+00
2.690199017524719238e-01
-6.710584163665771484e-01
-9.904661029577255249e-02
-4.129825830459594727e-01
4.146335721015930176e-01
nan
nan
nan
nan
nan
nan
-1.079349637031555176e+00
-8.244286477565765381e-02
3.806588351726531982e-01
-2.441280633211135864e-01
2.186696678400039673e-01
-6.314885020256042480e-01
-2.232024669647216797e-01
5.554327964782714844e-01
7.202960848808288574e-01
4.172675013542175293e-01
5.389907360076904297e-01
7.468993663787841797e-01
-1.896522790193557739e-01
-2.013485431671142578e-01
-8.806779980659484863e-01
1.539843827486038208e-01
4.688369333744049072e-01
-1.727545410394668579e-01
6.690036654472351074e-01
-2.312899678945541382e-01
-5.685016512870788574e-01
-5.902832150459289551e-01
2.278029918670654297e-01
-6.652393937110900879e-01
5.245919823646545410e-01
4.366053044795989990e-01
-7.849979400634765625e-01
1.360382437705993652e+00
nan
nan
nan
nan
-1.070121765136718750e+00
-4.868846535682678223e-01
-2.194768637418746948e-01
-5.968997478485107422e-01
1.637945324182510376e-01
6.177210807800292969e-02
5.987223386764526367e-01
5.862535238265991211e-01
8.674952387809753418e-01
1.219138875603675842e-01
2.274938374757766724e-01
-4.324758052825927734e-01
7.797371149063110352e-01
9.663290530443191528e-02
2.899211347103118896e-01
7.565633058547973633e-01
-3.574131727218627930e-01
-4.088847637176513672e-01
4.316285550594329834e-01
-6.061152815818786621e-01
-3.573422431945800781e-01
-8.237801492214202881e-02
nan
-1.915584802627563477e-01
3.447383642196655273e-01
-1.444202661514282227e+00
-1.228795014321804047e-02
-7.181981205940246582e-01
nan
nan
nan
nan
-8.112912997603416443e-03
-1.221691742539405823e-01
3.343034088611602783e-01
-1.654714792966842651e-01
-1.417116075754165649e-01
-3.038759827613830566e-01
3.705239295959472656e-01
1.108559593558311462e-02
-1.248613595962524414e+00
-9.001457691192626953e-01
-3.614876568317413330e-01
1.072767656296491623e-02
2.813821732997894287e-01
-1.530414819717407227e-01
4.410662949085235596e-01
-7.483834028244018555e-01
-3.359570205211639404e-01
2.701892554759979248e-01
4.279725551605224609e-01
1.864547878503799438e-01
5.769139528274536133e-01
3.666821122169494629e-01
-4.285220503807067871e-01
8.733268976211547852e-01
-3.564927577972412109e-01
-6.946043968200683594e-01
-8.559348583221435547e-01
-4.881021678447723389e-01
nan
nan
nan
nan
2.656799554824829102e-01
4.057256281375885010e-01
4.962877333164215088e-01
-4.807357490062713623e-01
2.733977138996124268e-01
-1.140171527862548828e+00
-5.961512215435504913e-04
-9.127654433250427246e-01
4.769126698374748230e-02
-5.251698493957519531e-01
8.189382404088973999e-02
6.085237860679626465e-01
2.106416374444961548e-01
3.727087378501892090e-01
9.515726566314697266e-01
4.652214050292968750e-01
3.638572096824645996e-01
-5.418106541037559509e-02
nan
-1.142226815223693848e+00
3.599376082420349121e-01
1.096160531044006348e+00
8.096550107002258301e-01
4.297970533370971680e-01
-8.109814673662185669e-02
-2.364128082990646362e-01
-1.692220866680145264e-01
6.982139348983764648e-01
nan
nan
nan
nan
2.951756715774536133e-01
1.196126192808151245e-01
-4.402192533016204834e-01
-1.110528349876403809e+00
4.550366401672363281e-01
9.373089671134948730e-01
-9.886871576309204102e-01
4.711075723171234131e-01
1.859636455774307251e-01
-2.529963850975036621e-01
-1.993834227323532104e-01
-5.800755023956298828e-01
-7.162997126579284668e-01
-6.651847958564758301e-01
4.197389781475067139e-01
-1.099547818303108215e-01
-5.323305726051330566e-01
-6.309173703193664551e-01
-6.199337840080261230e-01
1.227380871772766113e+00
3.104878365993499756e-01
-9.652597308158874512e-01
-1.094780206680297852e+00
2.516831159591674805e-01
-9.127081036567687988e-01
9.635066986083984375e-02
-5.939487814903259277e-01
-2.938944101333618164e-01
nan
nan
