nan
nan
-4.007286834716796697e-01
6.402445220947265980e-01
3.976286649703979215e-02
7.044390869140625400e-01
-3.004190063476562256e-01
-4.562340927124023393e-01
-5.456491470336913840e-01
6.617361450195312633e-01
8.387526702880859775e-01
-2.211946010589599734e-02
1.326482295989990165e-02
4.883713912963867365e-01
3.894196701049804643e-01
-8.329640197753905850e-01
-6.626576995849609020e-01
3.256743240356445579e-01
7.419776153564453525e-01
-7.332402801513672186e-01
8.946074676513672275e-01
6.646478271484375089e-01
2.349298286437988270e-01
7.864417266845703525e-01
4.811843490600585804e-01
-4.518615722656250111e-01
-3.374317932128906294e-01
5.121072769165039285e-01
-6.776489257812500222e-01
-5.564602661132812544e-01
nan
nan
nan
nan
5.664061355590820357e-01
-6.664573669433593306e-01
3.267697906494140825e-01
3.574578094482421808e-01
-2.561367750167846836e-03
2.785821723937988437e-01
8.908123779296874822e-01
1.301497650146484497e-01
4.542781829833984486e-01
-1.206990509033203152e+00
-2.022604942321777274e-02
-1.118708724975586044e+00
-3.534953308105468484e-01
4.784030151367187345e-01
-1.246300888061523393e-01
-2.380504035949707053e-01
-5.398497390747070135e-01
1.793894577026367287e-01
4.765020751953125133e-01
3.451652908325195113e-01
-4.414348900318145787e-03
-5.219143390655517356e-02
5.527584075927733931e-01
-1.165757675170898455e+00
1.160823917388916077e-01
-2.349410629272460915e-01
-3.860553741455078347e-01
-4.792048263549804621e-01
nan
nan
nan
nan
-1.426122188568115234e-01
-1.169569587707519481e-01
1.991364598274230832e-02
-2.339278411865234331e-01
-7.039259433746337946e-02
4.403790950775146595e-02
6.355127334594726229e-02
6.990991973876953258e-01
-8.105412292480468350e-01
1.571420383453369096e-01
-7.107150077819823775e-02
-3.609592819213867099e-01
6.271438217163085582e-01
2.245955467224121094e-01
-5.099662399291992054e-01
5.214675521850585804e-01
2.118180656433105435e-01
3.363625335693359308e-01
1.450358200073242065e-01
6.962831020355224332e-02
-3.548239135742187744e-01
-5.332600402832031738e-01
4.764065933227539240e-01
9.252862548828124645e-01
3.623487854003906161e-01
2.674805831909179421e-01
-3.999091720581054443e-01
1.341878318786621227e-01
nan
nan
nan
nan
5.892809677124023482e-01
-1.235777664184570357e+00
3.628139114379883012e-01
4.806284427642822099e-02
-2.816094779968261741e-01
-1.762122535705566428e-01
-6.474017333984375400e-01
-6.863936614990234775e-01
3.325266265869140647e-01
1.093190155029296839e+00
-4.475932312011718928e-01
6.804853057861328658e-01
-3.240299940109252902e-02
8.216361999511718750e-01
-8.346938323974609775e-01
4.215938568115234347e-02
2.473674774169921931e-01
-7.884297847747802346e-02
-4.020340728759765891e-01
5.914167404174804910e-01
-1.048083114624023482e+00
1.370838069915771562e-01
2.867218017578124778e-01
2.721704864501953147e-01
3.546719741821289240e-01
-7.479646301269531339e-01
5.694843292236327903e-01
-6.298550033569335627e-01
nan
nan
nan
nan
4.348194122314453375e-02
-1.179035854339599565e-01
-2.436676597595214822e-01
-2.134195518493652299e-01
-5.999253082275390891e-01
-1.950412559509277222e-01
-2.562828636169433572e-01
-2.633445167541503817e-01
-5.665224456787109064e-01
1.379391098022461071e-01
-7.937365531921386497e-02
-3.506672668457031516e-01
-5.080568313598632368e-01
-1.548313140869140569e-01
-8.728477478027343306e-01
1.343942070007324296e-01
7.907359600067138949e-02
-4.601439476013183261e-02
4.868228912353515514e-01
-1.847314262390136741e-01
5.590628051757812189e-01
-8.314102172851562944e-01
7.077604675292968883e-01
-5.922395229339599831e-02
-3.951641082763671653e-01
1.870509910583496027e-01
2.645835685729980291e-01
-2.492618942260742265e-01
nan
nan
nan
nan
-3.371253585815429665e-01
-7.289594268798827992e-01
5.334013366699218439e-01
-4.238991546630859197e-01
2.939260292053222923e-01
-9.753527069091796342e-01
-8.485107421875000000e-01
6.245204925537108931e-01
-6.385823440551757768e-01
-1.454219627380371194e-01
-9.071195220947265714e-01
3.579338073730468639e-01
-1.173557281494140569e-01
-1.201898574829101535e-01
2.297210693359375000e-01
-1.436911773681640581e+00
-1.001159954071044883e-01
-4.681055831909179954e-01
1.542287349700927623e-01
3.164441871643066673e-01
7.429034423828124734e-01
-2.832246589660644687e-01
3.105566978454589733e-01
-2.527502822875976607e-01
9.417465972900390669e-01
-6.614418506622314620e-02
4.974434661865234641e-01
-4.502999114990234308e-01
nan
nan
nan
nan
-1.983637452125549400e-02
1.261256942749023446e+00
-1.994581794738769509e-01
-7.536258697509765070e-02
-1.646110343933105402e-01
-1.775957870483398371e-01
-9.007176399230956698e-02
-3.194349861145019398e-01
4.458692932128906494e-01
5.917467117309570535e-01
1.130159854888916071e-01
1.945986175537109397e-01
-2.064298057556152310e-01
1.493970108032226518e-01
-1.158959503173828232e+00
8.216632843017578347e-01
-1.287056274414062562e+00
-9.506569671630858975e-01
-4.458411788940429554e-01
-6.135662841796875044e-01
2.366462898254394487e-01
-1.146016464233398535e+00
-3.020488929748534890e-01
-5.253760814666748324e-02
2.227937889099121105e-01
5.593915939331054465e-01
-6.674861907958984375e-01
-1.373977375030517589e-01
nan
nan
nan
nan
4.381789779663086137e-01
5.494939088821411063e-03
8.172823333740234508e-01
5.042702102661132946e-01
-5.823145294189453480e-01
-8.995716094970702681e-01
-3.696105194091796609e-01
5.905569458007812189e-01
1.478232860565185658e-01
6.722758483886718262e-01
2.334478759765624967e-01
-2.935800170898437700e-01
-1.303403091430664074e-01
4.919324111938476740e-01
6.116634750366211071e-01
-5.089717102050781428e-01
-3.359245681762695335e-01
1.740808410644531179e+00
-2.874909973144531006e-01
6.499674224853515536e-01
2.952625274658203167e-02
5.106787109374999467e-01
-1.025488948822021462e-01
-3.444752502441406072e-01
-3.245885848999023326e-01
5.613800811767578613e-01
7.188533020019530762e-01
1.784821128845214822e-01
nan
nan
nan
nan
8.869693756103516069e-01
3.095296478271484242e-01
-3.847638702392577881e-01
1.287794876098632690e-01
-1.256396293640136830e-01
-3.855864524841308427e-02
4.645795822143554688e-01
-5.008469009399414418e-01
5.043282318115234197e-01
1.172080612182617165e-01
9.671884536743163840e-02
9.005519866943359486e-02
6.121621704101563033e-01
1.459566402435302779e-01
-3.030253219604492343e-01
4.178545379638671786e-01
-1.796632003784179588e-01
1.212746334075927718e-01
8.229767799377440962e-02
-7.115454864501953303e-01
-1.422284603118896540e-01
-3.513935089111328014e-01
-6.882784271240234286e-01
-6.815415191650390225e-01
-1.682856178283691495e-01
1.394179382324218786e+00
-9.713538885116577981e-03
-1.030901718139648482e+00
nan
nan
nan
nan
2.296521949768066395e-01
7.108455657958984153e-01
4.884014892578125155e-01
2.214426040649414007e-01
3.255088424682617276e-01
-5.003527450561523482e-01
4.498859024047851540e-01
-6.116414642333984908e-01
1.187208404541015616e+00
-3.411613702774048129e-02
1.273003768920898393e+00
9.295042037963867354e-02
9.231827545166015891e-01
9.825402259826659934e-02
-5.521105957031250400e-01
5.316845703125000488e-01
6.820947265625000311e-01
1.082918930053710926e-01
2.733031654357910289e-01
-8.769127655029297363e-01
6.021909713745117188e-01
-1.618449974060058583e-01
1.308122730255126820e-01
3.650453567504882701e-01
-3.597348022460937766e-01
-3.395841217041015714e-01
-1.096130847930908148e-01
-1.190647048950195241e+00
nan
nan
nan
nan
-1.339028930664062367e-01
-6.773486328125000178e-01
-1.927679061889648326e-01
-6.437562561035156117e-01
-1.421139717102050670e-01
1.021933794021606494e-02
-3.059514808654785201e-01
-7.234646606445312988e-01
2.685108947753906405e-01
2.080208206176757946e-01
1.586913871765136819e-01
1.844443511962890747e-01
-3.668282699584961004e-01
5.139688491821289285e-01
-1.888475227355957131e-01
-1.708357238769531161e-01
-5.976004600524902066e-02
-8.845053863525390581e-01
-3.905830764770507613e-01
-5.710066223144530939e-01
-5.299266052246093262e-01
-3.796570968627929754e-01
-1.491714000701904186e-01
4.221773529052734175e-01
-1.645918579101562473e+00
-2.126478958129882912e-01
7.912419891357421742e-01
-2.118209457397460804e-01
nan
nan
nan
nan
4.778886795043945090e-01
-2.063635253906249967e-01
1.890280842781066895e-02
-4.549834060668945246e-01
-8.083028793334960660e-02
-1.146905517578124950e-01
-3.538516521453857755e-02
-5.933955764770507679e-01
-5.480770587921142412e-02
1.389688110351562367e-01
-1.092184982299804652e+00
-4.602002334594726407e-01
-4.414271163940429732e-01
3.760434722900390381e-01
8.620217323303222545e-02
-1.170772552490234319e-01
-8.699212646484375533e-01
6.702806091308594061e-01
-1.124690780639648446e+00
-5.860564041137695801e-01
6.631128692626953036e-01
2.061996269226074319e-01
2.536648559570312544e-01
-5.539393234252929510e-01
2.125940513610839744e-01
7.057544708251952681e-01
-4.843622589111328258e-01
-1.139127731323242188e+00
nan
nan
nan
nan
-1.978006553649902244e-01
5.333206176757812056e-01
-4.953211307525634544e-02
4.457817840576172030e-01
-6.382619094848632768e-01
-4.443623125553131104e-03
6.603014373779296786e-01
3.673386383056640447e-01
5.160617065429687900e-01
9.483572959899902455e-02
3.920327377319335893e-01
1.893858146667480591e-01
8.005287933349609641e-01
-1.726440238952636763e-01
-5.629429626464843572e-01
1.500620365142822377e-01
6.759642791748047275e-01
-3.012510681152343883e-01
8.167847442626953169e-01
3.354418182373046786e-01
5.666032791137695090e-01
7.122051239013671431e-01
-2.689978837966918931e-02
-3.138506507873535245e-01
-4.826927661895751703e-02
-3.223615264892578103e-01
2.265924453735351507e-01
-7.753567504882812322e-01
nan
nan
nan
nan
-2.177706718444824274e-01
-3.244812011718750111e-01
6.771384239196777399e-02
2.730411052703857547e-02
5.537241363525390314e-01
3.598605346679687456e-01
5.440876388549804599e-01
-3.993129348754883012e-01
3.851072311401367299e-01
4.815035247802734175e-01
5.848182678222656472e-01
-5.867837429046630915e-02
4.518056488037109353e-01
2.479613780975341644e-02
1.152256393432617154e-01
-2.720173454284667836e-01
7.655955505371093706e-01
2.679528427124023282e-01
-6.709003448486328125e-01
-1.313828945159912220e-01
-1.231545639038085921e-01
-6.591191101074218572e-01
-8.683061981201172230e-01
8.445143127441405717e-01
2.083378219604492265e-01
-8.372748565673827637e-01
-1.171506500244140631e-01
3.905252838134765647e-01
nan
nan
nan
nan
2.876104354858398660e-01
-1.226368789672851456e+00
3.034059715270995827e-01
7.260161590576171831e-01
-3.874343872070312722e-01
-7.507639312744140980e-01
6.472212982177734109e-01
-4.018412590026855524e-02
-1.121142120361328098e+00
1.742766571044921942e-01
4.057817077636718950e-01
1.790137863159179665e-01
-4.952384185791015581e-01
3.384847640991210938e-01
4.802922058105468794e-01
-7.122663116455077992e-01
3.765579605102539196e-01
-2.450441360473632757e-01
8.687266540527344150e-01
-9.315601348876953458e-02
-3.700442886352539040e-01
2.773267364501952881e-01
2.612119197845459012e-02
3.451006317138671786e-01
-4.684435653686523371e-01
-6.121405792236328525e-01
-2.518224716186523438e-01
-7.786892414093017634e-02
nan
nan
nan
nan
-9.206114959716796831e-01
-4.203930282592773238e-01
1.640432548522949285e-01
-6.170796966552734020e-01
-4.856692504882812456e-01
-3.252883148193359553e-01
-1.092749404907226579e-01
-1.979452514648437633e-01
8.707501983642578214e-01
-4.604995727539062389e-01
1.280410385131836026e-01
9.939680480957031605e-01
1.690694427490234408e-01
-4.428340530395507568e-01
-5.211898326873778964e-02
4.722520446777343506e-01
3.276553392410277987e-02
5.048168182373047319e-01
4.805245208740234197e-01
-3.230632781982422097e-01
6.239840316772461426e-01
-4.225490570068359264e-01
5.564852142333984730e-01
-3.709399414062499734e-01
-7.800199508666992576e-02
-3.383034133911133057e-01
-5.222452926635742232e-01
1.547235107421874867e-01
nan
nan
nan
nan
5.775685119628906072e-01
-9.263427734375000444e-01
9.782466888427734930e-02
-1.995171165466308461e-01
-8.396988677978515225e-01
-1.021715641021728460e-01
2.012034177780151409e-02
1.414282226562499911e-01
-1.169109115600585946e+00
3.117058563232422141e-01
6.109645080566405984e-01
2.457106399536132801e-01
4.680073547363281516e-01
-1.700586891174316329e-01
-1.451451587677002053e-01
-1.444445800781249956e-01
7.195363998413085993e-02
2.997044181823730336e-01
7.177216339111328613e-01
2.270066833496093839e-01
-7.813738250732421564e-01
-4.397137165069579801e-02
-2.729405021667480336e-01
5.276594161987304688e-01
-2.444211959838867299e-01
-3.884247589111328169e-01
1.678081703186035112e-01
9.695536804199218484e-01
nan
nan
nan
nan
-7.487402915954589899e-02
7.141213226318359197e-01
3.416871643066406450e-01
-9.355117797851562056e-01
-7.361437225341797008e-01
1.407215728759765527e+00
3.927810668945312389e-01
-2.221053886413574263e-01
3.896142578124999756e-01
3.634391403198242165e-01
-7.531304931640625533e-01
-7.083831787109374778e-01
-5.430217361450195845e-01
1.718646621704101596e-01
7.660357475280761552e-02
-6.285128402709960760e-01
6.854953765869140625e-01
4.716411113739013561e-02
-1.006037902832031206e+00
-3.100406837463378640e-01
-2.080696296691894598e-01
-3.890180206298828325e-01
-2.326326847076416043e-02
3.753192520141601651e-01
-1.486919403076171764e-01
7.169683837890624689e-01
-9.217761230468749512e-01
4.194878339767456332e-03
nan
nan
nan
nan
-6.704534149169921742e-01
-1.252440490722656286e+00
-5.558460617065429377e-01
5.425517272949218484e-01
-7.663905334472655984e-01
-4.452629470825195113e-01
6.797084045410156650e-01
-1.832522773742675803e-01
-1.225126266479492188e+00
2.410223007202148549e-01
-8.125198364257812944e-02
9.023273468017578569e-01
-3.054210853576659890e-01
2.444241142272949308e-01
-2.756117630004882857e-01
3.187988758087158259e-02
-4.296451950073242321e-01
2.565396308898925670e-01
4.551189804077148682e-01
-2.904179954528808838e-01
2.699922180175781117e-01
-1.168839797973632910e+00
-6.387438201904296342e-01
7.730053901672363781e-02
3.141600608825683566e-02
-6.894308471679687633e-01
nan
nan
nan
nan
nan
nan
7.844371795654296875e-01
1.474032402038574219e-01
-5.191485977172851651e-01
4.179837036132812433e-01
8.509212493896484153e-01
-2.554839515686035400e-01
7.582398223876952725e-01
3.725537109375000044e-01
3.274731397628784235e-02
9.256903648376464677e-02
6.977402496337891113e-01
1.124559879302978460e-01
-1.219498538970947288e-01
1.705642318725585915e-01
-7.751332855224609686e-01
1.546745967864990301e-01
-2.156885719299316273e-01
4.489734649658203014e-02
1.063409042358398393e+00
2.617161369323730558e-01
5.367147064208984686e-01
3.791950225830078014e-01
-8.040837860107421520e-01
2.018655395507812367e-01
-3.158010101318359242e-01
-9.281804084777832420e-02
-3.694388580322265359e-01
1.499679412841796955e+00
nan
nan
nan
nan
4.009878158569336187e-02
-4.373852252960205161e-02
-6.271660804748535600e-02
4.923432540893554754e-01
5.673261642456054465e-01
1.018506851196289142e+00
3.184288406372070557e-01
2.240216636657714755e-01
-1.428582429885864175e-02
-6.539081573486328347e-01
7.878472900390625089e-01
-1.300528430938720781e-01
-5.475390434265136469e-02
1.028678512573242138e-01
4.752932739257812456e-01
-2.504378128051757968e-01
8.291375732421875089e-01
7.565815448760986051e-02
8.338830566406250089e-01
-5.624689102172851785e-01
2.851344871520996027e-01
-1.496049308776855602e-01
nan
-1.497812080383300881e-01
8.881408691406249556e-01
-4.294575214385986522e-02
6.117463684082031783e-01
7.509014129638671431e-01
nan
nan
nan
nan
2.516729354858398549e-01
3.303524732589721569e-02
2.038137435913085771e-02
2.315681838989257779e-01
-2.136366271972656161e-01
-1.178771209716796831e-01
7.483384704589843839e-01
9.985193610191345215e-03
7.978399658203124689e-01
-1.546278476715087780e-01
-7.571901321411132757e-02
6.553866577148437234e-01
-5.375622749328613087e-02
-4.370016479492187522e-01
1.163518428802490234e-01
5.856354522705078391e-01
-1.029156875610351546e-01
5.435794448852538929e-01
7.735537052154541071e-02
1.847373962402343861e-01
-2.805892181396484331e-01
5.113616180419922053e-01
5.669570922851562278e-01
-4.353426742553710982e-01
4.275988006591797119e-01
4.717277526855468972e-01
3.265852355957031272e-01
-3.265280532836913885e-01
nan
nan
nan
nan
4.892380523681640891e-01
7.895614624023437056e-01
-6.188855171203613142e-02
-5.519631576538085449e-01
-9.407881736755370483e-02
-1.066322402954101634e+00
-9.286698913574218395e-01
4.009629821777343506e-01
3.836301040649414129e-01
-9.609606742858886608e-02
9.673249244689940962e-02
4.529934310913085738e-01
-6.561822509765624645e-01
7.223925781250000178e-01
-6.033221435546874956e-01
7.700569152832030806e-01
-2.248159408569335993e-01
3.931776046752929465e-01
nan
1.087606048583984325e-01
-1.093777160644531232e+00
2.682983589172363015e-01
-2.900450897216796942e-01
-8.656475067138671431e-01
-2.512576293945312234e-01
-1.737245368957519576e-01
5.946011734008789240e-01
-2.135842514038086004e-01
nan
nan
nan
nan
-1.070044403076171768e+00
-3.686360168457031294e-01
-4.916775131225585849e-01
1.744449615478515514e-01
-6.716994476318359775e-01
-1.310181732177734482e+00
-6.852313232421874956e-01
-1.004827194213867125e+00
-8.678915977478027233e-02
3.496050643920898260e-01
4.515090560913085915e-01
4.196693801879882724e-01
-7.247624969482422408e-01
-1.230786056518554661e+00
-2.000992774963378795e-01
7.491894721984863892e-02
6.689595031738281294e-01
-7.178019714355469150e-01
4.299736404418945113e-01
-1.252113103866577155e-02
-1.243217926025390607e+00
-7.389641571044921475e-01
2.491156959533691317e-01
-1.182827186584472640e-01
-2.323372077941894542e-01
-7.526205539703369196e-02
-6.941101837158203391e-01
-6.719635009765625444e-01
nan
nan
