nan
nan
-2.131979076229796252e-02
-1.622244581884267345e-01
2.074250639701376298e-02
2.193002506178252653e-01
1.084555723229233104e+00
1.229083002830038268e-01
5.161877067721620110e-02
1.014080281160315788e+00
1.151518763328085226e+00
-7.834558292311064598e-01
3.439301082066127391e-01
-1.142722733166753012e-02
1.139185379962531913e-01
-4.260133237254862815e-01
nan
4.158454038658920826e-01
7.821211522939254257e-01
1.387170017982015773e-02
-4.647661715137715310e-01
7.592927436439358795e-03
-4.768640946368781774e-01
-4.076189702870894327e-01
3.742977064483019815e-03
-4.568571363176618383e-01
-4.643490849709024371e-01
6.326777010547871560e-01
-2.743227627812599434e-01
2.255740263024154924e-01
nan
nan
nan
nan
3.577484208710339786e-01
-8.600675621811224580e-01
-5.743221360809949022e-02
8.133097084201111604e-02
2.066751207624162867e-01
-3.264255329054229215e-01
2.517054616188516558e-01
6.377265307368064073e-01
-7.298408819704639283e-01
-3.224286643826231868e-01
1.493995510801977122e+00
9.795141220092773438e-02
-3.729579302729392754e-01
-4.069885721012037605e-01
nan
3.434357156558912605e-01
-2.817499005064672546e-01
4.788402635224011661e-01
-2.458465731873804294e-01
1.062369054677535063e+00
1.097133694862832826e-01
-1.350918983926578387e-01
1.735645605593311436e-01
5.310508961580238108e-01
3.180565931359116139e-01
1.375553364656409427e-01
5.356027642074896455e-01
4.888605779531050577e-01
nan
nan
nan
nan
6.861680867720623689e-02
1.082460247740453657e-01
-9.434070392530791160e-02
1.010658809116908419e+00
-5.309535532581562828e-02
-4.833059894795320444e-02
-2.641030136419802443e-01
-2.496315508472676248e-01
3.831960717026068330e-01
4.727746223916812762e-01
6.179041570546676132e-01
-2.121660417439986263e-02
-1.339454962282764727e+00
-7.414474487304687500e-01
nan
-4.332240746945750787e-01
-1.643594080088089937e+00
7.356367549117730394e-03
-1.823716066321548201e-01
-8.857407861826370743e-01
-2.437031220416633337e-01
-1.072598866053989936e-01
7.610866001674107539e-02
4.309478681914660214e-01
7.713792761977837920e-01
-8.761664799281529414e-02
1.059120333924585378e+00
1.436632798642528408e-01
nan
nan
nan
nan
-3.837777741101323081e-01
3.886626885861766412e-01
-2.461992575197803623e-01
-1.598547916023098647e-01
-1.831937128183793173e-01
1.915299357200155317e-01
8.074786127830038129e-01
-6.253882816859653859e-01
-3.561620906907684847e-01
-8.355045707858338444e-01
-1.033116749354771186e-01
7.971600902323819904e-01
-1.590143320511798464e-01
7.041233607700893016e-01
nan
1.699774411259865337e-01
1.244826258445272726e+00
6.366225651332310109e-01
6.029751836037149371e-01
-3.130170666441625671e-01
-6.216155071647799790e-01
-2.066965103149414062e-01
-2.475783095067861095e-01
-6.025317980318653163e-03
5.711358128761758746e-01
-5.128087413554288654e-01
2.166879615005181670e-01
1.976190489165637054e-01
nan
nan
nan
nan
-4.381286465391820983e-01
2.460701222322425052e-01
-2.873788074571259274e-02
-3.157501220703125000e-01
-4.254784875986527548e-01
2.249456522416095339e-01
-3.817803908367546351e-01
-7.032058093012595323e-01
5.783694909543407592e-01
5.361236260861766967e-01
5.639064166010642198e-01
-1.156541182070362356e-01
-7.418926783970424266e-01
3.521287879165337920e-01
nan
-5.111981216742067513e-01
2.804590487966732160e-02
8.454048390291174497e-02
-8.649184557856345323e-01
-3.312295796919841884e-01
8.133011642767458138e-01
8.464402179328762710e-01
-4.505983469437579991e-01
-2.105383970299545549e-01
2.629625553987464115e-01
7.253391499422034983e-01
6.655956190459582089e-01
5.696664537702288422e-01
nan
nan
nan
nan
-4.271016802106584742e-01
1.571155664872150026e-01
-5.510999718490912080e-01
6.567191299127073112e-01
6.493626030123963444e-01
-3.412921282709861504e-01
1.669525613590162605e-01
-1.172184165643185977e-01
-9.310298841826769589e-01
3.564718207534478545e-01
3.499604049994021193e-01
3.668764416052370386e-02
1.634424170669244170e-01
3.062458232957489535e-01
nan
5.674074912557796058e-01
4.004389655833341666e-02
-2.145774413128288538e-01
7.149538215325802748e-03
-6.673256231814014283e-01
6.558398032674983558e-01
-1.001622180549465835e+00
7.420446434799505830e-01
-9.766421026113081272e-02
-3.612236879309829174e-01
5.771195547921317281e-01
-3.390184519242267491e-01
-4.992514629753268540e-01
nan
nan
nan
nan
-7.465994601347009096e-02
-1.114840312879912670e-01
-4.161072945108219012e-01
2.649373229669064744e-01
-1.922551831420587012e-02
-3.041314689480528743e-01
-2.154638329330755830e-01
1.400026301948391616e-01
-3.849496646803252653e-01
2.741345580743283494e-01
-5.162292402617785214e-01
7.344029484962930621e-01
-5.937111523686623427e-01
4.531085734464684323e-01
nan
9.479870115007672793e-02
1.915222479372608311e-01
-2.618663554288903073e-01
-4.522919557532485424e-01
-5.891023752640704991e-01
-9.648196162009725629e-01
6.238878600451410739e-01
-8.441171451490752098e-01
-4.181381147734972714e-01
-2.441819249367227496e-01
-3.874800886426653379e-02
5.385886892980458474e-02
-1.118050886660206106e-01
nan
nan
nan
nan
-1.069830291125239141e-01
-2.935372955945073081e-01
-3.404690489477040782e-01
1.853198226617307209e-01
-1.109268713970573556e-01
-1.356376628486477554e-01
-2.532088221335897504e-01
-6.789609169473453942e-01
9.111825787291234768e-02
1.021622151744608908e-01
4.022124543481943593e-01
-3.872806393370336608e-01
7.751030435367506355e-01
-3.983960443613480673e-01
nan
4.699935134576291307e-01
-1.468249486417186507e-02
-2.258391477623764299e-01
4.172698040397799790e-01
-3.953434301882374213e-01
-2.437765355012854740e-01
-1.996623058708346665e-01
-5.606046744755336340e-03
-4.504045175046336724e-02
-4.811927250453403859e-01
5.678523705930126342e-01
-2.281673392471001982e-01
2.901439472120635465e-01
nan
nan
nan
nan
-5.687160881198182194e-01
3.229320292570153073e-01
2.316307924231704451e-01
-4.053913427858936713e-01
2.402071271623884008e-01
1.547751524010483049e-01
1.743708824624820575e-02
5.900027995206871267e-01
-1.303177580541494018e+00
3.636624083227040782e-01
-2.584224817704181554e-01
8.707902869399712920e-01
1.227983669358856833e+00
-2.565710301301917240e-01
nan
1.384470122201102160e-01
7.547329493931361766e-01
7.569535703075175315e-01
-5.351930345807757172e-01
-3.370494842529296875e-01
-7.591046703105069904e-01
-2.214853520296057865e-01
-2.700522675806162343e-01
5.985107032620177181e-01
2.435384477887834742e-01
-1.301632730328306821e-02
-3.603715312724210806e-02
6.548377445765904414e-02
nan
nan
nan
nan
-1.114093235560825956e+00
4.131462719975685371e-01
1.374843675263073939e+00
5.112914649807677181e-01
-3.913733423972616254e-01
1.271687721719547137e-01
-5.910556948914820197e-01
2.624293152166872756e-01
5.705065435292769882e-01
4.951378569311025157e-01
9.203052520751953125e-02
5.128519486407844274e-01
-7.097582914391342701e-01
-1.075201034545898438e-01
nan
4.265856450917769327e-01
3.473926466338488339e-01
5.462661567999391871e-02
-6.576849489795918435e-01
-5.624179450833067806e-01
-6.797968027543048741e-01
7.885269729458556365e-02
-1.695727328864895522e-01
9.782125511947943330e-01
4.494359152657644851e-01
2.169957647518235833e-01
4.750957489013671875e-01
4.238293316899513496e-01
nan
nan
nan
nan
-5.686337607247488740e-02
4.196322694116709218e-01
-4.253133462399852349e-02
-1.109769879555215638e-01
7.457658417370854886e-01
8.481290389080436976e-02
-8.135762895856585297e-01
-1.692051206316266820e-01
2.463416858595244840e-01
-8.185319705885283348e-01
-6.922908705108019589e-01
7.873592765963807194e-01
5.027204630326251866e-01
8.408141622737962118e-02
nan
-7.073405518823739913e-01
-4.105307909907127129e-01
-4.280235134825414733e-01
4.709148406982421875e-01
3.261921551762794746e-01
-7.170688862703284983e-01
-6.063919164696518482e-02
-2.641105262600645931e-01
1.174414109210578788e-01
2.676448530080367122e-02
2.914636232415023995e-02
3.640602656773158641e-01
-6.549613329829001573e-01
nan
nan
nan
nan
1.802064350673130699e-01
-2.419289374838070050e-01
-1.083109719412667316e+00
-8.013955719616948636e-01
-6.432427776103116779e-01
-6.521113648706552413e-01
6.094531623684630306e-01
-4.155174177520128964e-01
-2.828088098642777548e-01
6.171764451630261661e-01
1.663078385956433258e-01
-2.825774367974728807e-01
-6.117024713633011368e-01
-2.333229415270746954e-01
nan
2.972966602870396047e-01
2.304691587175641820e-01
5.358674574871452601e-01
4.459479974240672662e-01
-8.655124781083087249e-02
-6.732585965370645187e-02
1.661712490782445706e-01
1.208149656957509643e+00
-4.577350227200255306e-01
-9.814580605954539849e-02
-1.963810823401626326e-01
-3.790873313436702863e-01
1.995061757613201536e-01
nan
nan
nan
nan
-2.269941641359912998e-01
7.724811787507972483e-01
1.050054199841557789e+00
8.402811945701131879e-01
-2.421567683317223385e-01
1.607032406086824350e-01
5.558254086241429803e-01
7.765182183713329467e-01
4.245248522077287867e-01
1.554324247399154979e+00
-1.785972361661949948e-01
6.929164030113998951e-01
3.217225561336595208e-01
-3.019875312338070050e-01
nan
6.068577669104751049e-01
4.308331937206034690e-01
3.587381401840521455e-01
3.499634801125039996e-01
-2.368174183125398569e-01
-1.203989885291274764e-01
-2.858247075762067584e-03
-2.478240460765605002e-01
8.288865186730209889e-02
-7.434157546685666862e-01
8.862482187699298741e-01
1.089525222778320312e-01
-5.612167046994579467e-01
nan
nan
nan
nan
1.175381602073202331e-01
8.167354817293128733e-01
-3.565874294358856722e-01
-4.778378934276347190e-01
-7.253534745196906774e-01
-1.296605674587950341e-01
1.115807980907206565e+00
7.239535584741708663e-01
1.108126581931600851e+00
1.654903334014269811e+00
1.296311670420121187e+00
3.424798148018973087e+00
1.820692257005341208e+00
1.415727265027104664e+00
nan
-4.494689240747568593e-01
1.270556780756736392e+00
4.099888315006178230e-01
1.890470543686224580e+00
4.256573424047353171e+00
8.268141454579879257e-01
2.850098901865433798e-01
7.386710692425163538e-02
3.825314580177774371e-01
6.581856863839286031e-01
5.431597573416573344e-01
-1.029024902655153867e-01
-2.863276929271464377e-01
nan
nan
nan
nan
4.455126937554806932e-01
9.429604666573661309e-02
1.616379874093192059e+00
-4.652174151673608982e-02
7.821016895527742319e-02
5.582261450436650473e-03
-1.487556866237095543e-01
4.992964997583506093e-01
1.942802896305006355e+00
2.241731449049346292e+00
1.956710036920041418e+00
1.961106436593192059e+00
-5.542360422562579991e-01
1.154407968326490730e+00
nan
8.602551830058194904e-01
4.361431817619168365e-03
2.403891232548927837e-01
6.332820191675302413e-01
1.581365624252630830e+00
6.022256345165019065e-01
9.662626616808832614e-01
8.112518154844945706e-02
8.035843518315529677e-01
3.069614021145567584e+00
1.326488884127869916e+00
4.083713609345105411e-01
2.218617186254384421e+00
nan
nan
nan
nan
1.891815808354591733e+00
1.224424206480688032e-01
2.668081400345783116e-01
8.151676411531409983e-01
1.166953806974449837e+00
6.686157693668287605e-01
1.208256157077088666e+00
2.105119043466995965e+00
9.598123978595344274e-01
8.688841839225924790e-01
3.931479940609056145e-01
1.188187696495834715e-02
1.513638243383290893e+00
8.622043376066246267e-01
nan
9.961820329938616547e-01
4.589147762376434847e-01
2.520622915151167764e-01
-1.996978059106943593e-01
8.012791069186463166e-02
-1.028361106405452752e+00
1.906284410126355133e-01
-2.409801288526885465e-01
1.882113048008509926e-01
3.815659211606395318e-02
8.143381391252789703e-01
4.660224136041135057e-01
8.325300411302216652e-01
nan
nan
nan
nan
3.051663768534757626e+00
4.233958575190330254e-01
-5.438465853126681245e-03
7.264659648038902517e-01
1.092595314492984748e+00
1.274850339305644065e+00
1.018474053363410819e-01
1.003428634332150793e+00
2.185499035582250393e-01
7.364684902891820428e-01
2.671136038643973087e+00
-3.843137390759526206e-01
5.500437678123006879e-01
-5.281168490040059060e-01
nan
2.574910689373405503e+00
5.545500541219905433e-01
4.422353238475565940e-01
-1.371404589438924848e-01
1.206909335389429128e+00
1.946945657535475105e+00
1.293402613425741476e+00
-1.800119828204719274e-01
-2.926199971413125933e-01
-4.860965573057836331e-02
5.390654583366549790e-01
7.143853635204081565e-01
-8.287762233189174266e-01
nan
nan
nan
nan
-4.481549554941605673e-01
9.797072118642379257e-01
9.467791343221858558e-01
-8.862368914545798448e-02
-1.724552232391980133e-01
2.343142762476084218e-01
-4.269279557831433536e-01
6.273050502854951027e-01
3.745640034578284538e+00
5.985391577895806670e-01
5.902593184490593226e-01
2.529336189737125262e-01
5.171966941989197819e-01
1.150059602698501271e+00
nan
5.566879194609972714e-01
1.927255124461894065e+00
1.164332642847177857e+00
2.815042301100127542e+00
8.153818091567681670e-01
1.409147029020348385e-01
1.526247141312579769e+00
1.016959852101851497e-01
5.842485719797562566e-02
1.553351927776726038e-01
5.562040367904974580e-01
4.739984006297831565e-01
-7.249907668755979362e-01
nan
nan
nan
nan
5.982866871113680096e-01
4.603497836054587511e-02
1.320227175342793435e+00
8.733527514399314073e-01
-3.786455125224833657e-02
1.488430159432547473e-01
3.348762745759925052e-01
3.942007726552534952e-01
4.855129864751075996e-01
2.207223736509984768e-01
8.040994040820063915e-02
1.454952162139269811e+00
2.479218658135861897e-01
5.489197166598572819e-01
nan
-3.077091294891980411e-01
1.226215440399792689e+00
-2.771821313974808798e-01
9.835714223433513759e-01
4.123375094666773322e+00
-1.304089877070212788e-01
1.844483589639469012e-01
-8.020695374936473443e-02
2.688945069604990468e-01
-6.399720250343789996e-01
5.332984924316406250e-01
3.519194855981943593e-01
1.479788955377072668e+00
nan
nan
nan
nan
7.505939250089683767e-01
5.413582860207071246e-01
4.426524882413903073e-01
6.237843571876993121e-01
3.976715087890625000e+00
9.055561143524792911e-01
-3.721552722308100331e-02
2.835299774092070804e-02
-2.700824737548828125e-01
1.012898892772440940e+00
-2.943228896783322557e-01
6.152535652627750817e-01
1.452335435516980189e+00
1.688994427116549790e+00
nan
8.001641254035793960e-01
-1.073307270906409538e+00
3.172858880490672662e-02
-3.234417973732461871e-01
-9.073571964186064598e-01
-4.961213481669523029e-01
-5.489955045738998951e-01
1.203144384890186602e+00
1.092576396708585751e+00
3.036371347855548297e+00
6.203998254269970092e-01
6.225154643156090017e-01
1.869568143572126195e-01
nan
nan
nan
nan
-9.769059784558354886e-01
-2.733158773305464639e-01
1.902191395662268802e-01
1.236407455132932043e+00
1.475841444365832311e+00
9.941167247538663654e-01
6.380909511021205516e-01
7.161226564524125759e-02
-5.390851935561822295e-01
7.683126293883031643e-02
5.125389099121093750e-01
-1.875169909730249607e-01
-6.238080530750508140e-02
-5.224983546198630480e-02
nan
-4.077641623360769851e-01
1.336416127730388981e+00
1.725864955357142794e+00
1.561434375996492374e+00
4.330382833675462395e-01
-6.945535309460698636e-01
1.110558801767777437e+00
4.834270866549744694e-01
6.603999235192123951e-01
1.074495276626275420e+00
2.286776951381138456e+00
-2.042331306301817528e-01
3.885493765071946770e-01
nan
nan
nan
nan
2.400567658093510914e+00
1.349655774174904233e+00
5.574468495894451259e-01
1.434649058750697426e-01
1.663430466943857655e-01
1.994762226026885465e-01
7.090774069027024895e-01
3.690962499501753702e-01
2.694731926431461200e-01
-3.219796005560427443e-01
1.773598807198660809e+00
8.266241112533880830e-01
1.151387973707549417e+00
2.819755087093430923e+00
nan
-5.172449617969746560e-01
-4.633908064997926263e-03
1.160678396419603020e+00
2.802711019710618423e+00
-1.685273112082967817e-01
9.614325542839206040e-01
4.841648802465322032e-01
-3.264269926110092701e-01
-2.465704314562739141e-01
-1.543418120364753628e-02
1.304008717439612663e+00
1.709249457534478545e-01
-3.713273028938137710e-01
nan
nan
nan
nan
4.874380267396265232e-02
-6.195357575708505538e-01
3.933554668815768540e-01
8.330031414421237290e-01
4.411721132239516674e-01
1.894860403878348309e+00
1.140614023013990730e+00
1.332147559341119170e-01
9.243443547462930621e-01
-2.147877946191904461e-02
1.540869109484614086e+00
2.176340064223931670e+00
1.048046228836993776e-01
8.255086626325335297e-01
nan
8.497657775878906250e-01
5.617518522301498951e-01
7.707951604103555621e-01
5.378121745829679279e-01
-4.619223536277303754e-01
1.034977728006791081e-02
-6.319121925198302181e-01
1.216520737628547622e+00
2.779882314253826703e+00
9.707309956453284983e-01
4.624364424724968226e-01
-1.721756214998206302e-01
3.388880904839963182e-01
nan
nan
nan
nan
8.534558354591836871e-01
7.356315768494898322e+00
2.110635095713089715e+00
-1.697622756568753152e-02
1.772728122010522878e+00
9.355858004823023322e-01
8.827443025550063549e-01
3.977694608727280201e-01
1.925996663619060911e-01
5.514693357506577076e-01
1.728343574368223834e+00
3.617288083446269287e+00
2.612693630919164622e+00
3.582673754010881617e-01
nan
-3.487157821655273438e-02
1.555369941555723834e+00
4.924547623614875524e-01
3.406209361796476154e-01
1.279077646683673519e+00
7.693869921625876573e-01
5.949691461057079245e+00
1.309266849439971292e+00
2.107085091727120663e+00
2.600395825444435705e+00
1.155519368697185856e+00
3.325251676598373507e+00
1.420338533362563771e+00
nan
nan
