nan
nan
-1.088653922080993652e+00
-1.087903901934623718e-01
5.275932326912879944e-02
4.131975173950195312e-01
8.882774114608764648e-01
2.868366055190563202e-02
1.149992346763610840e+00
7.199419289827346802e-02
-5.724132657051086426e-01
8.917946219444274902e-01
-2.046189457178115845e-01
-2.416457980871200562e-01
-2.432129979133605957e-01
9.823989123106002808e-03
nan
-2.495733946561813354e-01
5.289428234100341797e-01
-7.633908390998840332e-01
2.094985544681549072e-01
-7.734994292259216309e-01
-3.461514040827751160e-02
-6.640384197235107422e-01
2.678913772106170654e-01
4.272459819912910461e-02
4.252895712852478027e-01
2.235183864831924438e-01
7.836948037147521973e-01
-9.337725490331649780e-02
nan
nan
nan
nan
-7.110365033149719238e-01
5.204877257347106934e-01
2.348646819591522217e-01
2.973767518997192383e-01
-2.319921553134918213e-01
1.073271632194519043e-01
2.669955790042877197e-01
9.052527695894241333e-02
9.234147146344184875e-03
-3.814923465251922607e-01
-1.549858748912811279e-01
-2.275502234697341919e-01
4.910184442996978760e-01
-7.286455035209655762e-01
nan
-2.233721017837524414e-01
5.821151733398437500e-01
-6.397272348403930664e-01
3.973884582519531250e-01
-2.095091529190540314e-02
-2.548174858093261719e-01
2.808675467967987061e-01
7.949391603469848633e-01
-6.359486579895019531e-01
-1.554570943117141724e-01
1.367373764514923096e-01
1.335669606924057007e-01
-2.093803286552429199e-01
nan
nan
nan
nan
3.173750042915344238e-01
-1.002066135406494141e+00
-3.933063745498657227e-01
-1.715325355529785156e+00
-4.944077730178833008e-01
-3.416611850261688232e-01
-1.228616088628768921e-01
6.487075090408325195e-01
3.610484004020690918e-01
8.423305749893188477e-01
-1.729085892438888550e-01
4.209785759449005127e-01
-1.184578910470008850e-01
-4.749043881893157959e-01
nan
-4.093311727046966553e-01
1.604832857847213745e-01
1.934893429279327393e-01
1.247778460383415222e-01
-3.330445885658264160e-01
7.323613166809082031e-01
4.741716980934143066e-01
9.438453316688537598e-01
7.189577221870422363e-01
-1.189676821231842041e-01
2.584079205989837646e-01
2.605858445167541504e-01
-2.364481538534164429e-01
nan
nan
nan
nan
1.032898873090744019e-01
-1.709386259317398071e-01
-1.548642814159393311e-01
3.312678337097167969e-01
1.313401013612747192e-01
-5.473002195358276367e-01
1.278603225946426392e-01
-2.971845492720603943e-02
4.512057304382324219e-01
-1.656892448663711548e-01
4.629803076386451721e-02
-7.478859275579452515e-02
6.193339824676513672e-01
1.795149892568588257e-01
nan
-6.847041845321655273e-02
-2.574355602264404297e-01
-7.605916261672973633e-01
-1.936628073453903198e-01
-7.902569323778152466e-02
-5.749230384826660156e-01
1.876625567674636841e-01
-2.707496583461761475e-01
6.399723291397094727e-01
4.414815902709960938e-01
6.682347655296325684e-01
-2.282524555921554565e-01
-8.059750199317932129e-01
nan
nan
nan
nan
5.229810476303100586e-01
-1.143034219741821289e+00
4.933694005012512207e-01
3.917683660984039307e-01
2.579860389232635498e-01
3.609949946403503418e-01
1.489217728376388550e-01
4.229817390441894531e-01
6.853337883949279785e-01
-2.396375536918640137e-01
9.079590439796447754e-01
-1.435457020998001099e-01
-1.389033794403076172e-01
2.281776666641235352e-01
nan
4.584915041923522949e-01
-1.546155810356140137e-01
-1.870461702346801758e-01
2.695581316947937012e-01
6.483461856842041016e-01
6.122959312051534653e-03
-7.144334316253662109e-01
-1.679278016090393066e-01
6.206097602844238281e-01
1.968013495206832886e-01
3.366346284747123718e-02
-7.945519089698791504e-01
1.377425640821456909e-01
nan
nan
nan
nan
-1.369039118289947510e-01
-2.277743071317672729e-02
-2.444636523723602295e-01
-4.270430281758308411e-02
3.908208012580871582e-01
7.310760021209716797e-01
-2.140957713127136230e-01
6.072744727134704590e-01
-1.377574950456619263e-01
-1.067637443542480469e+00
1.563255935907363892e-01
-2.630472481250762939e-01
-3.896949440240859985e-02
2.187344878911972046e-01
nan
1.294052004814147949e+00
1.966215372085571289e-01
-3.742650449275970459e-01
-5.824435949325561523e-01
2.532872557640075684e-01
-2.686379849910736084e-01
5.100913643836975098e-01
-3.227930963039398193e-01
1.472581863403320312e+00
3.132122755050659180e-01
-6.221311166882514954e-02
3.496657013893127441e-01
-5.230672955513000488e-01
nan
nan
nan
nan
-3.114415109157562256e-01
-2.250694036483764648e-01
7.358233928680419922e-01
1.265371680259704590e+00
1.487116962671279907e-01
4.193432331085205078e-01
-1.023357436060905457e-01
5.528929233551025391e-01
-2.248060330748558044e-02
2.128770053386688232e-01
-3.939350694417953491e-02
-4.980534911155700684e-01
-1.583637595176696777e-01
-3.889338374137878418e-01
nan
1.040494084358215332e+00
-5.144438743591308594e-01
-8.425660133361816406e-01
-4.640284478664398193e-01
-1.151431202888488770e+00
-9.713212847709655762e-01
9.424464106559753418e-01
7.530950307846069336e-01
7.422326207160949707e-01
-4.816078841686248779e-01
2.022994905710220337e-01
-5.629573464393615723e-01
-3.180301785469055176e-01
nan
nan
nan
nan
6.859206557273864746e-01
-1.527239829301834106e-01
-4.089930355548858643e-01
2.692995071411132812e-01
2.409157156944274902e-01
-9.701308608055114746e-01
4.319837689399719238e-01
4.982121661305427551e-02
9.510487318038940430e-02
4.951289296150207520e-01
-8.330959677696228027e-01
7.392594218254089355e-01
3.037790954113006592e-01
2.760049104690551758e-01
nan
-3.674654066562652588e-01
1.902955770492553711e-01
3.804195821285247803e-01
2.662923000752925873e-02
7.345632314682006836e-01
-8.201388269662857056e-02
-9.603648632764816284e-02
4.031113982200622559e-01
1.292066723108291626e-01
-4.415445923805236816e-01
5.584123730659484863e-01
-1.563481390476226807e-01
3.418438509106636047e-02
nan
nan
nan
nan
-4.286415874958038330e-01
-8.044669777154922485e-02
4.260976985096931458e-02
-6.703093051910400391e-01
-4.138060808181762695e-01
1.336183845996856689e-01
1.310972422361373901e-01
-2.657383680343627930e-01
-6.972391605377197266e-01
1.003583669662475586e-01
-6.487508863210678101e-02
5.362966656684875488e-01
-6.539767384529113770e-01
2.656247913837432861e-01
nan
2.514075934886932373e-01
-6.619652360677719116e-02
4.029228389263153076e-01
1.101878955960273743e-01
-4.078793227672576904e-01
6.100717782974243164e-01
1.243716031312942505e-01
4.296236038208007812e-01
2.689996361732482910e-01
-9.964793920516967773e-02
-1.063336804509162903e-01
1.002286076545715332e+00
4.089743196964263916e-01
nan
nan
nan
nan
4.296199977397918701e-01
2.703368067741394043e-01
-3.357827663421630859e-03
5.243784189224243164e-01
-2.035007476806640625e-01
-9.457073360681533813e-02
-1.144599840044975281e-01
-4.924627952277660370e-03
6.322716474533081055e-01
-8.697185665369033813e-02
-1.172401547431945801e+00
-2.066857069730758667e-01
5.651601552963256836e-01
1.086907625198364258e+00
nan
-6.888169646263122559e-01
-1.974907964468002319e-01
3.199246823787689209e-01
2.243912965059280396e-01
9.602100253105163574e-01
1.361118406057357788e-01
4.681909829378128052e-02
-1.578006893396377563e-01
-5.754225850105285645e-01
-3.697639107704162598e-01
1.830303072929382324e-01
7.171182036399841309e-01
-2.579983510076999664e-02
nan
nan
nan
nan
7.236567884683609009e-02
2.855629622936248779e-01
9.573960304260253906e-02
2.356411069631576538e-01
-5.735084414482116699e-01
-5.265797972679138184e-01
3.858755528926849365e-01
-8.213324844837188721e-02
3.524662926793098450e-02
9.938622713088989258e-01
1.431397348642349243e-01
-4.469079971313476562e-01
-1.633492708206176758e-01
1.799675673246383667e-01
nan
9.501920640468597412e-02
-1.981826871633529663e-01
-3.226117491722106934e-01
-4.068219065666198730e-01
1.141580268740653992e-01
-7.820712924003601074e-01
-6.749099493026733398e-01
-1.366205811500549316e-01
-7.036475539207458496e-01
-5.986802577972412109e-01
-8.115293979644775391e-01
7.457911372184753418e-01
6.262440681457519531e-01
nan
nan
nan
nan
-8.653862476348876953e-01
4.512102901935577393e-01
-1.508174687623977661e-01
2.497791498899459839e-01
-3.239463269710540771e-01
-3.176515400409698486e-01
3.593409657478332520e-01
-9.119220376014709473e-01
6.269156932830810547e-02
3.125815689563751221e-01
-8.538556843996047974e-02
-5.097172856330871582e-01
2.226117998361587524e-01
-9.647188782691955566e-01
nan
-5.269261598587036133e-01
-6.257553696632385254e-01
1.302413195371627808e-01
-6.663075089454650879e-01
-8.881239295005798340e-01
3.125239610671997070e-01
4.278956055641174316e-01
-6.657521724700927734e-01
1.974077671766281128e-01
-8.470749258995056152e-01
-7.643095850944519043e-01
-1.082954406738281250e-01
2.374899089336395264e-01
nan
nan
nan
nan
-5.240771174430847168e-01
7.332881093025207520e-01
2.956596203148365021e-02
3.335351645946502686e-01
-2.327598072588443756e-02
7.167607080191373825e-03
1.673452854156494141e-01
1.200402081012725830e-01
2.454844117164611816e-01
1.652481704950332642e-01
9.153693318367004395e-01
6.907598972320556641e-01
-2.062943279743194580e-01
5.429591536521911621e-01
nan
8.482540845870971680e-01
6.593458652496337891e-01
2.462137956172227859e-03
-2.336913198232650757e-01
6.706696152687072754e-01
8.702930063009262085e-02
-9.076944589614868164e-01
1.643085330724716187e-01
-2.647639513015747070e-01
-9.493479877710342407e-02
5.157217383384704590e-01
-1.128030475229024887e-02
-2.625988125801086426e-01
nan
nan
nan
nan
-5.465310811996459961e-01
-8.869362995028495789e-03
2.258757054805755615e-01
1.342268586158752441e-01
-1.378594189882278442e-01
-3.696000277996063232e-01
7.265530228614807129e-01
2.770070135593414307e-01
1.100816056132316589e-01
-4.762080907821655273e-01
-4.426595568656921387e-02
9.322568774223327637e-01
-2.235628664493560791e-01
-5.758719518780708313e-02
nan
-9.610837101936340332e-01
-1.038740158081054688e+00
5.871791839599609375e-01
6.268171668052673340e-01
-5.686506032943725586e-01
4.889106452465057373e-01
5.301870107650756836e-01
5.703366994857788086e-01
-1.470022350549697876e-01
4.750826060771942139e-01
-3.574987947940826416e-01
9.765696525573730469e-01
-1.186817064881324768e-01
nan
nan
nan
nan
9.615920186042785645e-01
-6.293386816978454590e-01
1.362825185060501099e-01
-3.543532788753509521e-01
9.175012111663818359e-01
2.516482174396514893e-01
-8.244326710700988770e-01
-3.042996115982532501e-02
3.691396117210388184e-01
-1.523291021585464478e-01
-1.503989994525909424e-01
3.170417547225952148e-01
3.821969926357269287e-01
-6.724351644515991211e-01
nan
3.922648727893829346e-01
-4.898019134998321533e-01
3.685164153575897217e-01
9.313239455223083496e-01
5.775355100631713867e-01
1.883405447006225586e-01
-2.468299716711044312e-01
8.553179502487182617e-01
-2.886631526052951813e-02
-1.978610605001449585e-01
-1.539987772703170776e-01
-1.755658537149429321e-01
-6.938310265541076660e-01
nan
nan
nan
nan
-4.346899986267089844e-01
7.661534100770950317e-02
8.839672207832336426e-01
1.022015452384948730e+00
-1.668567359447479248e-01
-9.491467475891113281e-02
9.346714019775390625e-01
-5.192744731903076172e-01
-1.910227723419666290e-02
-9.303762316703796387e-01
-7.471425831317901611e-02
-5.013074874877929688e-01
4.947653412818908691e-01
1.837106235325336456e-02
nan
7.683902382850646973e-01
7.223764061927795410e-01
-3.649158775806427002e-01
-7.440752983093261719e-01
-7.073730230331420898e-01
-4.083795845508575439e-01
8.758602142333984375e-01
2.620520070195198059e-02
9.863899946212768555e-01
2.067096382379531860e-01
-5.054723620414733887e-01
-3.011871874332427979e-01
3.874851167201995850e-01
nan
nan
nan
nan
8.805142641067504883e-01
-1.034526526927947998e-01
8.947543054819107056e-02
-3.999038636684417725e-01
9.210011959075927734e-01
3.182272985577583313e-02
2.984075546264648438e-01
6.030853986740112305e-01
3.553197979927062988e-01
-6.098333597183227539e-01
-5.319770574569702148e-01
7.050473690032958984e-01
-5.808955430984497070e-01
-3.058533370494842529e-01
nan
5.887315869331359863e-01
-3.185133635997772217e-01
1.123197197914123535e+00
1.475856006145477295e-01
1.261779665946960449e-01
-2.236538566648960114e-02
-4.723634943366050720e-02
1.783423423767089844e-01
-4.523450732231140137e-01
6.830756068229675293e-01
-2.769295871257781982e-01
-8.170330524444580078e-01
8.464437127113342285e-01
nan
nan
nan
nan
3.454526960849761963e-01
-5.705029368400573730e-01
-1.172237843275070190e-01
7.251007854938507080e-02
-5.902067422866821289e-01
4.770548641681671143e-01
-1.395830810070037842e-01
-1.917184442281723022e-01
-6.470308899879455566e-01
7.618328928947448730e-01
8.213612437248229980e-01
-7.896043658256530762e-01
-1.617999225854873657e-01
2.417541891336441040e-01
nan
-3.279877901077270508e-01
1.789480298757553101e-01
-3.056120276451110840e-01
1.283412724733352661e-01
-2.967588603496551514e-01
4.845080375671386719e-01
-1.229831948876380920e-01
-3.791449964046478271e-02
-1.901955753564834595e-01
-1.960701197385787964e-01
-3.677195012569427490e-01
1.827411055564880371e-01
2.367531806230545044e-01
nan
nan
nan
nan
-5.472838878631591797e-01
-6.570798158645629883e-01
-6.136293411254882812e-01
-2.557762861251831055e-01
-5.975685119628906250e-01
3.034427762031555176e-02
3.532572388648986816e-01
-7.792751789093017578e-01
3.865749537944793701e-01
1.561484038829803467e-01
6.381714940071105957e-01
1.174741625785827637e+00
-1.844961941242218018e-01
1.172372937202453613e+00
nan
-3.595277294516563416e-02
1.983857154846191406e-01
7.018478959798812866e-02
2.143033593893051147e-01
-6.280695647001266479e-02
-1.179201304912567139e-01
-2.425776124000549316e-01
-8.699672818183898926e-01
7.527840137481689453e-01
-3.308818340301513672e-01
-6.918004155158996582e-01
-1.710835285484790802e-02
-2.505614757537841797e-01
nan
nan
nan
nan
-7.050958275794982910e-01
-5.875709000974893570e-03
2.974489927291870117e-01
2.181008085608482361e-02
3.341172337532043457e-01
1.420505344867706299e-01
7.444425225257873535e-01
-3.472075760364532471e-01
-1.077885746955871582e+00
9.301536679267883301e-01
1.514434963464736938e-01
2.254428267478942871e-01
-5.882562398910522461e-01
-5.001260638236999512e-01
nan
-3.336875140666961670e-01
6.460934132337570190e-02
4.003650844097137451e-01
-1.156820178031921387e+00
-7.801871001720428467e-02
-3.538840413093566895e-01
-9.133958071470260620e-02
1.062262505292892456e-01
3.359939754009246826e-01
-4.063033461570739746e-01
-8.319897055625915527e-01
-2.158081829547882080e-01
1.275714188814163208e-01
nan
nan
nan
nan
-7.690361738204956055e-01
6.009325981140136719e-01
-4.064995329827070236e-03
3.279577493667602539e-01
1.019194006919860840e+00
-4.146654605865478516e-01
7.626841068267822266e-01
1.932877063751220703e+00
-4.248110651969909668e-01
1.532849222421646118e-01
-2.478306889533996582e-01
2.572442591190338135e-01
-3.053694963455200195e-01
2.939662635326385498e-01
nan
-9.951534867286682129e-01
-6.528549790382385254e-01
-1.490078270435333252e-01
1.931827664375305176e-01
-9.816940873861312866e-02
1.601239293813705444e-01
1.064741134643554688e+00
4.160977602005004883e-01
-8.031573891639709473e-01
-4.711262881755828857e-01
4.344371557235717773e-01
5.171283483505249023e-01
-4.955313503742218018e-01
nan
nan
nan
nan
5.625358223915100098e-01
-4.114220738410949707e-01
3.741323053836822510e-01
4.220438897609710693e-01
-3.799278736114501953e-01
2.300543338060379028e-01
-1.473762392997741699e-01
-1.889198459684848785e-02
-3.797567188739776611e-01
-5.274658799171447754e-01
5.512162446975708008e-01
3.280772268772125244e-01
-4.919029176235198975e-01
-5.975167155265808105e-01
nan
-3.633718788623809814e-01
-6.487036943435668945e-01
-5.845808386802673340e-01
2.456406354904174805e-01
6.939625740051269531e-02
2.770463228225708008e-01
1.000801444053649902e+00
1.291407737880945206e-03
3.819606602191925049e-01
5.710251331329345703e-01
1.011847555637359619e-01
-4.306441247463226318e-01
6.378081440925598145e-01
nan
nan
nan
nan
-1.088698860257863998e-02
-9.295669198036193848e-01
-2.597303688526153564e-01
5.455360412597656250e-01
3.622419238090515137e-01
-6.465661525726318359e-01
6.802696585655212402e-01
1.291010081768035889e-01
-1.553191393613815308e-01
1.338486433029174805e+00
-9.504494816064834595e-02
2.625456154346466064e-01
-4.835741221904754639e-01
1.243861615657806396e-01
nan
6.005111932754516602e-01
4.730637669563293457e-01
-7.059547901153564453e-01
-6.252830624580383301e-01
1.058826129883527756e-02
-5.031050443649291992e-01
3.248788416385650635e-01
-3.806795179843902588e-01
8.947280049324035645e-02
7.156105339527130127e-02
-2.531682848930358887e-01
-7.114880532026290894e-02
-2.154105752706527710e-01
nan
nan
nan
nan
6.518257856369018555e-01
4.349176883697509766e-01
5.992515087127685547e-01
-1.067511141300201416e-01
6.297610998153686523e-01
1.544274091720581055e-01
4.372597634792327881e-01
-5.576170682907104492e-01
-9.061389416456222534e-02
-3.402360975742340088e-01
-3.500760197639465332e-01
-3.282516598701477051e-01
-4.984945952892303467e-01
8.889570236206054688e-01
nan
-1.711474210023880005e-01
4.521144032478332520e-01
-1.077834367752075195e+00
1.202748417854309082e+00
2.280325889587402344e-01
-8.775900006294250488e-01
5.681540966033935547e-01
-4.107420742511749268e-01
7.058729529380798340e-01
3.000950813293457031e-01
-3.943014740943908691e-01
-3.012774586677551270e-01
-5.442938953638076782e-02
nan
nan
