nan
nan
-8.019694089889526367e-01
-3.375437855720520020e-01
3.090882003307342529e-01
-4.114036858081817627e-01
3.711443841457366943e-01
6.774963438510894775e-02
-2.964117527008056641e-01
-3.432774916291236877e-02
1.323172822594642639e-02
-3.272672295570373535e-01
6.088709831237792969e-01
3.100425563752651215e-02
3.413973748683929443e-01
-2.842218801379203796e-02
nan
1.132444977760314941e+00
2.604994773864746094e-01
6.083682775497436523e-01
2.310621291399002075e-01
-1.276707053184509277e+00
3.661482632160186768e-01
-2.950891256332397461e-01
1.472831070423126221e-01
-4.343541264533996582e-01
1.039955615997314453e+00
-5.171512365341186523e-01
6.219082474708557129e-01
-1.937765330076217651e-01
nan
nan
nan
nan
-1.425250172615051270e-01
1.118145734071731567e-01
8.686012029647827148e-02
8.260415792465209961e-01
1.756955236196517944e-01
-2.890529334545135498e-01
2.164668142795562744e-01
-2.491707950830459595e-01
9.467435069382190704e-03
4.850446879863739014e-01
-4.291653633117675781e-01
4.453325271606445312e-01
4.274435639381408691e-01
7.280746102333068848e-01
nan
7.199345231056213379e-01
3.617873489856719971e-01
-1.698078066110610962e-01
1.301272064447402954e-01
-8.340139985084533691e-01
-4.221996963024139404e-01
2.447261102497577667e-02
4.517938792705535889e-01
1.966861635446548462e-02
-5.009698271751403809e-01
-3.845580220222473145e-01
1.884662210941314697e-01
-6.181877851486206055e-02
nan
nan
nan
nan
7.499866485595703125e-01
1.137738347053527832e+00
6.374239921569824219e-01
5.826449990272521973e-01
4.655763208866119385e-01
-9.539429545402526855e-01
-5.480493307113647461e-01
1.742056338116526604e-03
3.717548251152038574e-01
-1.408974081277847290e-01
7.160058617591857910e-01
3.121123611927032471e-01
1.530605852603912354e-01
1.948836147785186768e-01
nan
2.831781208515167236e-01
-2.414968758821487427e-01
3.230525553226470947e-02
3.086603060364723206e-02
1.470861211419105530e-02
-5.868728160858154297e-01
1.365018010139465332e+00
-1.468535512685775757e-01
-1.018502712249755859e+00
-8.788689970970153809e-02
8.068594336509704590e-01
2.217610359191894531e+00
-1.184486448764801025e-01
nan
nan
nan
nan
-1.072308272123336792e-01
-2.588275969028472900e-01
9.307523816823959351e-02
-5.159121751785278320e-01
2.737856209278106689e-01
2.735998928546905518e-01
4.750282764434814453e-01
-6.400833725929260254e-01
6.552652716636657715e-01
3.152379095554351807e-01
-9.980351924896240234e-01
-4.675087630748748779e-01
6.450771093368530273e-01
6.629124879837036133e-01
nan
2.918007671833038330e-01
-2.021137252449989319e-02
-7.296686619520187378e-02
1.867531687021255493e-01
-1.162558078765869141e+00
-5.162989497184753418e-01
2.603718340396881104e-01
8.488888144493103027e-01
-2.305072247982025146e-01
3.907854855060577393e-01
-1.125634193420410156e+00
1.802272349596023560e-01
-5.668882727622985840e-01
nan
nan
nan
nan
2.979155182838439941e-01
-4.593940824270248413e-02
5.929132699966430664e-01
1.045327037572860718e-01
-2.381788939237594604e-01
3.287852182984352112e-02
-8.602159619331359863e-01
-1.088744878768920898e+00
-5.158241987228393555e-01
-5.077865719795227051e-01
7.990876436233520508e-01
-3.774580061435699463e-01
-2.055911719799041748e-01
-2.725597620010375977e-01
nan
1.938616633415222168e-01
-2.090483754873275757e-01
-8.412730693817138672e-01
-1.315189301967620850e-01
1.864141076803207397e-01
-5.577439665794372559e-01
-1.974636316299438477e-01
2.391445636749267578e-01
3.141703903675079346e-01
-6.074652075767517090e-01
-1.446045935153961182e-01
-6.701774001121520996e-01
1.333879530429840088e-01
nan
nan
nan
nan
9.483312815427780151e-02
-3.018913865089416504e-01
9.053602814674377441e-02
3.485820442438125610e-02
9.715168476104736328e-01
9.072131514549255371e-01
-9.550494700670242310e-02
-4.468384664505720139e-03
2.687159776687622070e-01
-1.077241897583007812e+00
-5.146373510360717773e-01
1.014018416404724121e+00
6.430594921112060547e-01
-9.381537884473800659e-02
nan
-6.049162149429321289e-01
-8.136065602302551270e-01
4.693854749202728271e-01
-4.828057587146759033e-01
1.276506334543228149e-01
-8.137770295143127441e-01
2.303306162357330322e-01
-2.721576392650604248e-01
-6.328479051589965820e-01
5.702417492866516113e-01
-6.491748094558715820e-01
-6.168962717056274414e-01
-1.828658431768417358e-01
nan
nan
nan
nan
6.800941228866577148e-01
-1.216074973344802856e-01
1.021434366703033447e-02
-7.358030676841735840e-01
-2.640306651592254639e-01
-9.060906171798706055e-01
5.282736420631408691e-01
-6.712602972984313965e-01
1.820869445800781250e-01
4.501352310180664062e-01
8.021079301834106445e-01
9.319246560335159302e-02
-2.754021843429654837e-04
-1.077362060546875000e+00
nan
-9.377220273017883301e-02
1.202448368072509766e+00
-2.682126760482788086e-01
1.625103205442428589e-01
-3.042811751365661621e-01
-3.111954331398010254e-01
1.478298455476760864e-01
-5.209532380104064941e-01
3.400515913963317871e-01
5.110064148902893066e-01
-4.005870223045349121e-01
-4.569786041975021362e-02
2.893041074275970459e-01
nan
nan
nan
nan
2.332887649536132812e-01
-3.937925696372985840e-01
1.793228648602962494e-02
-7.386800050735473633e-01
-2.249474823474884033e-01
1.765344440937042236e-01
-3.271856904029846191e-01
-2.680949568748474121e-01
-4.816784262657165527e-01
-5.202670097351074219e-01
4.790499806404113770e-01
-6.614468097686767578e-01
-1.085708379745483398e+00
-7.425539493560791016e-01
nan
-9.305979311466217041e-02
8.224523067474365234e-01
-2.549894154071807861e-01
-5.871866345405578613e-01
2.359868399798870087e-02
-3.233096003532409668e-01
-1.314726829528808594e+00
1.079899907112121582e+00
-3.991235494613647461e-01
2.712631225585937500e-01
2.444546371698379517e-01
-1.201656013727188110e-01
-6.451020240783691406e-01
nan
nan
nan
nan
-3.881792128086090088e-01
-2.880471348762512207e-01
-1.413493156433105469e-01
-9.926985949277877808e-02
-6.608591079711914062e-01
-3.017023503780364990e-01
-2.127966731786727905e-01
-3.018475174903869629e-01
5.169415473937988281e-01
-1.439511775970458984e-01
-1.008417904376983643e-01
6.710556149482727051e-01
-7.712421417236328125e-01
5.553643703460693359e-01
nan
2.480509579181671143e-01
4.288514256477355957e-01
-4.333733022212982178e-01
9.190071374177932739e-02
5.598557591438293457e-01
5.493572950363159180e-01
-2.391117215156555176e-01
5.814125761389732361e-04
3.161159157752990723e-01
-7.660722136497497559e-01
-9.956503510475158691e-01
3.924573212862014771e-02
-5.691329240798950195e-01
nan
nan
nan
nan
6.303771585226058960e-02
3.295075520873069763e-02
1.075461745262145996e+00
2.470289170742034912e-01
-4.640995860099792480e-01
3.931264281272888184e-01
3.116612732410430908e-01
-6.217259764671325684e-01
-2.770355343818664551e-01
-3.039706945419311523e-01
7.313780784606933594e-01
-3.819368779659271240e-01
-3.130604922771453857e-01
-3.792131543159484863e-01
nan
-4.120221734046936035e-01
-5.895773172378540039e-01
-5.305204987525939941e-01
8.291603326797485352e-01
1.056937426328659058e-01
9.317331314086914062e-01
-1.262208819389343262e+00
-1.275620162487030029e-01
-4.505830407142639160e-01
-4.393754154443740845e-02
-5.615291371941566467e-02
-3.181725442409515381e-01
6.085293889045715332e-01
nan
nan
nan
nan
3.698702752590179443e-01
-1.292695999145507812e-01
-2.461331933736801147e-01
2.785594761371612549e-01
-5.413738489151000977e-01
2.407623380422592163e-01
-6.146795153617858887e-01
-1.184310987591743469e-01
9.038226604461669922e-01
-1.465468853712081909e-01
8.110222220420837402e-02
-3.884043395519256592e-01
8.852762579917907715e-01
-1.052755713462829590e+00
nan
-4.325916469097137451e-01
3.146282732486724854e-01
-1.201126933097839355e+00
-6.024940609931945801e-01
1.273341029882431030e-01
1.176639422774314880e-01
-1.203715920448303223e+00
-1.067456007003784180e+00
-8.093039691448211670e-02
-1.225899904966354370e-01
-4.024312496185302734e-01
2.193116769194602966e-02
-1.010605469346046448e-01
nan
nan
nan
nan
1.952102333307266235e-01
1.449395716190338135e-01
9.918647408485412598e-01
-9.806191921234130859e-02
-5.221392214298248291e-02
-4.727120101451873779e-01
-3.194963932037353516e-01
-8.128997087478637695e-01
-5.783218741416931152e-01
5.688660740852355957e-01
2.541961669921875000e-01
3.402158021926879883e-01
-4.558419287204742432e-01
-2.506471425294876099e-02
nan
-5.704333186149597168e-01
5.536265373229980469e-01
3.766610026359558105e-01
2.526946961879730225e-01
-5.288152694702148438e-01
3.107059933245182037e-02
-7.914562523365020752e-02
3.780238330364227295e-01
2.728777527809143066e-01
4.406189024448394775e-01
-6.520758867263793945e-01
-5.467600226402282715e-01
1.971568167209625244e-01
nan
nan
nan
nan
2.249323576688766479e-01
5.778613090515136719e-01
1.767309904098510742e+00
5.729080438613891602e-01
7.006052136421203613e-02
5.298179388046264648e-01
2.170779943466186523e+00
8.748697638511657715e-01
6.305692195892333984e-01
8.999430388212203979e-02
-4.933376312255859375e-01
7.091701775789260864e-02
2.071882486343383789e-01
5.633826851844787598e-01
nan
4.557059705257415771e-01
5.832818895578384399e-02
2.735401988029479980e-01
8.356758356094360352e-01
5.612779036164283752e-02
3.009397387504577637e-01
5.628490447998046875e-01
-3.472069650888442993e-02
-8.634661883115768433e-02
-4.823859632015228271e-01
8.924137353897094727e-01
1.158069849014282227e+00
8.093603253364562988e-01
nan
nan
nan
nan
1.564650237560272217e-01
1.447068005800247192e-01
4.620740413665771484e-01
6.391582489013671875e-01
5.577946305274963379e-01
-5.691580772399902344e-01
7.222688794136047363e-01
1.419852375984191895e-01
-1.013408228754997253e-01
7.629072070121765137e-01
2.094415128231048584e-01
1.727687835693359375e+00
1.569370627403259277e+00
3.518983423709869385e-01
nan
1.338131546974182129e+00
3.585702180862426758e+00
1.623672723770141602e+00
-3.669966161251068115e-01
1.541388988494873047e+00
8.572302013635635376e-02
1.273882985115051270e+00
9.400067925453186035e-01
-1.470418721437454224e-01
4.334211945533752441e-01
7.195578217506408691e-01
7.956900000572204590e-01
-1.579888910055160522e-01
nan
nan
nan
nan
2.500365734100341797e+00
-5.381475687026977539e-01
-2.024544626474380493e-01
1.133980154991149902e+00
5.666006803512573242e-01
6.054633259773254395e-01
1.010950952768325806e-01
-2.114583402872085571e-01
9.172865003347396851e-02
1.775252461433410645e+00
-3.064724802970886230e-01
3.386389017105102539e-01
1.012761592864990234e+00
6.213775873184204102e-01
nan
7.907996177673339844e-01
7.465701103210449219e-01
1.145869374275207520e+00
-5.325018763542175293e-01
1.163486719131469727e+00
1.222395062446594238e+00
1.295474052429199219e+00
1.061307072639465332e+00
1.784799247980117798e-01
1.551707744598388672e+00
1.266676664352416992e+00
-1.254830658435821533e-01
3.629576265811920166e-01
nan
nan
nan
nan
1.841748476028442383e+00
5.440860390663146973e-01
1.509414553642272949e+00
3.720557391643524170e-01
1.630089521408081055e+00
5.010216712951660156e+00
1.861587762832641602e-01
3.899793386459350586e+00
1.341182589530944824e+00
-4.367256760597229004e-01
1.131116628646850586e+00
5.656465888023376465e-01
2.501163005828857422e+00
1.252037584781646729e-01
nan
2.010515145957469940e-02
-4.806079566478729248e-01
6.489044427871704102e-01
-1.657859534025192261e-01
1.875805854797363281e-01
1.116428494453430176e+00
6.198701262474060059e-01
3.926315307617187500e-01
1.619705915451049805e+00
1.028651833534240723e+00
1.075794458389282227e+00
1.198027253150939941e+00
1.736720919609069824e+00
nan
nan
nan
nan
4.136020183563232422e+00
2.108827352523803711e+00
1.236380100250244141e+00
2.344591856002807617e+00
4.675003290176391602e-01
2.354741692543029785e-01
1.886336803436279297e+00
3.042309582233428955e-01
4.846881330013275146e-01
-3.592944443225860596e-01
2.337989091873168945e+00
-4.407119378447532654e-02
4.805981367826461792e-02
8.235252499580383301e-01
nan
1.424026012420654297e+00
8.289163112640380859e-01
-6.615049839019775391e-01
1.183473706245422363e+00
1.571122407913208008e+00
6.458416461944580078e+00
2.492406368255615234e+00
3.894616067409515381e-01
7.248301524668931961e-03
2.985025346279144287e-01
5.956151485443115234e+00
2.629534482955932617e+00
2.085005193948745728e-01
nan
nan
nan
nan
-1.303658336400985718e-01
2.247996926307678223e-01
3.307057321071624756e-01
5.245407819747924805e-01
6.792968511581420898e-02
2.949418425559997559e-01
7.492639422416687012e-01
3.898654222488403320e+00
9.194346427917480469e+00
6.564375877380371094e+00
5.939828157424926758e-01
9.870784878730773926e-01
8.032077550888061523e-02
6.402885168790817261e-02
nan
1.589319109916687012e+00
1.760722279548645020e+00
1.728938579559326172e+00
5.830065250396728516e+00
2.821094989776611328e+00
-1.779462993144989014e-01
1.010346531867980957e+00
-1.375072002410888672e-01
7.190757989883422852e-01
2.059319913387298584e-01
6.461799740791320801e-01
7.053642868995666504e-01
9.342936873435974121e-01
nan
nan
nan
nan
4.717252552509307861e-01
1.600283741950988770e+00
-2.117906510829925537e-01
-1.991774439811706543e-01
9.793201088905334473e-01
-1.821716725826263428e-01
6.103219389915466309e-01
7.078345119953155518e-02
2.544158697128295898e-01
6.695966720581054688e-01
5.223739743232727051e-01
1.248191952705383301e+00
7.518736273050308228e-02
1.065025448799133301e+00
nan
1.584705948829650879e+00
4.869307041168212891e+00
3.108111858367919922e+00
1.008636474609375000e+00
3.652855634689331055e+00
7.638745307922363281e-01
2.205685138702392578e+00
-2.694770395755767822e-01
1.363727807998657227e+00
1.158245205879211426e+00
3.135647773742675781e+00
2.912546157836914062e+00
3.856432199478149414e+00
nan
nan
nan
nan
-1.809598356485366821e-01
-3.204970359802246094e-01
4.868282005190849304e-02
4.370244741439819336e-01
3.846724033355712891e+00
1.776587367057800293e+00
9.174025803804397583e-02
6.177623867988586426e-01
4.730185270309448242e-01
1.695851802825927734e+00
1.439406126737594604e-01
6.941059827804565430e-01
1.468528866767883301e+00
2.421238273382186890e-01
nan
6.376615166664123535e-01
1.405891656875610352e+00
-3.580687940120697021e-02
2.073545753955841064e-01
6.747404336929321289e-01
5.964761376380920410e-01
8.490945100784301758e-01
-1.539273560047149658e-01
-2.633612602949142456e-03
9.223040580749511719e+00
2.334520339965820312e+00
8.340404629707336426e-01
-3.110527992248535156e-01
nan
nan
nan
nan
1.360122114419937134e-01
4.570045948028564453e+00
6.251143932342529297e+00
4.940270423889160156e+00
1.507337570190429688e+00
1.675394296646118164e+00
6.973477005958557129e-01
5.631868913769721985e-02
-5.143839716911315918e-01
-5.454188585281372070e-02
1.170811772346496582e+00
1.011950429528951645e-02
2.198685884475708008e+00
9.599245786666870117e-01
nan
1.898595094680786133e+00
2.440595328807830811e-01
2.402111768722534180e+00
3.069634735584259033e-01
-4.767091274261474609e-01
-2.979909069836139679e-02
3.771586716175079346e-02
-4.383819103240966797e-01
2.128823995590209961e+00
1.318378925323486328e+00
2.692905902862548828e+00
2.226560115814208984e+00
-3.331264555454254150e-01
nan
nan
nan
nan
6.610643863677978516e+00
2.418006181716918945e+00
-2.780071198940277100e-01
1.575766652822494507e-01
-2.919978797435760498e-01
8.883173018693923950e-02
3.282653540372848511e-02
-4.126228690147399902e-01
1.870141625404357910e-01
9.083547592163085938e-01
6.371186733245849609e+00
2.073783874511718750e+00
-1.301560252904891968e-01
9.582359194755554199e-01
nan
1.633567661046981812e-01
5.473522469401359558e-02
3.899452686309814453e+00
6.400417804718017578e+00
1.528518319129943848e+00
4.048419952392578125e+00
9.062450528144836426e-01
-1.280738711357116699e-01
1.069072842597961426e+00
5.587188601493835449e-01
1.912058830261230469e+00
1.051465515047311783e-02
1.253300666809082031e+00
nan
nan
nan
nan
2.841027639806270599e-02
1.323971152305603027e-01
8.175034523010253906e-01
1.474063396453857422e+00
1.532947421073913574e+00
4.750103652477264404e-01
2.308561801910400391e-01
3.398303687572479248e-01
5.366655349731445312e+00
9.158139228820800781e-01
2.673402547836303711e+00
4.079417228698730469e+00
8.519916534423828125e-01
-2.383834123611450195e-02
nan
1.175094842910766602e-01
1.362972378730773926e+00
1.260007023811340332e+00
3.052910327911376953e+00
1.217474341392517090e+00
1.043968558311462402e+00
8.880991339683532715e-01
1.048958659172058105e+00
3.147350549697875977e+00
9.340688586235046387e-01
1.210224032402038574e+00
2.634439170360565186e-01
5.970712900161743164e-01
nan
nan
nan
nan
2.368567466735839844e+00
8.154781341552734375e+00
5.526176452636718750e+00
1.259981751441955566e+00
2.054368734359741211e+00
1.476096510887145996e+00
2.502025842666625977e+00
1.546908020973205566e+00
3.874730765819549561e-01
-1.388534605503082275e-01
3.999912023544311523e+00
6.151727199554443359e+00
3.001053333282470703e+00
8.422963023185729980e-01
nan
-6.226031184196472168e-01
4.575693607330322266e+00
8.590004444122314453e-01
-1.771248131990432739e-01
9.605965018272399902e-02
3.602848768234252930e+00
4.033630847930908203e+00
6.116417884826660156e+00
4.315530300140380859e+00
6.124057769775390625e+00
1.595343589782714844e+00
3.782338142395019531e+00
1.381053924560546875e+00
nan
nan
