nan
nan
8.489531874656677246e-01
-4.172876179218292236e-01
-4.225167632102966309e-02
-3.447305262088775635e-01
4.444026947021484375e-01
4.106771349906921387e-01
3.482715189456939697e-01
-2.883942127227783203e-01
1.242119595408439636e-01
3.034174740314483643e-01
4.620164036750793457e-01
-8.293039798736572266e-01
-8.921687602996826172e-01
3.302413225173950195e-01
nan
2.329326421022415161e-02
-1.470749229192733765e-01
-4.383081793785095215e-01
2.396944761276245117e-01
-2.366275899112224579e-02
6.069630384445190430e-01
7.795274853706359863e-01
1.249098256230354309e-01
-1.054563373327255249e-01
-1.795785427093505859e-01
3.798469528555870056e-02
-9.021621942520141602e-01
7.744143903255462646e-02
nan
nan
nan
nan
1.232427135109901428e-01
5.146294087171554565e-02
1.795833259820938110e-01
1.206446290016174316e+00
1.628722622990608215e-02
-6.035737395286560059e-01
-5.943457484245300293e-01
-5.204190611839294434e-01
-1.650295108556747437e-01
3.278710246086120605e-01
6.962557788938283920e-03
3.230780959129333496e-01
-7.053387761116027832e-01
-2.752010822296142578e-01
nan
1.097610473632812500e+00
5.055489540100097656e-01
-3.776431679725646973e-01
-4.183929860591888428e-01
1.415685415267944336e-01
9.641260504722595215e-01
-3.535845577716827393e-01
-6.292432546615600586e-01
-1.583897471427917480e-01
-5.223379135131835938e-01
-1.496613472700119019e-01
1.583317965269088745e-01
9.269112944602966309e-01
nan
nan
nan
nan
-4.465866982936859131e-01
-8.902020454406738281e-01
2.026794701814651489e-01
-1.112750172615051270e-01
-1.359159946441650391e-01
-8.081985116004943848e-01
3.368947505950927734e-01
-5.578163266181945801e-01
7.951701432466506958e-02
2.981864809989929199e-01
-8.628533035516738892e-02
2.729569971561431885e-01
1.921374797821044922e-01
3.818456828594207764e-01
nan
-1.275478839874267578e+00
-2.125855088233947754e-01
-2.011494785547256470e-01
-5.029302239418029785e-01
-2.865782380104064941e-01
2.399785071611404419e-01
4.571006167680025101e-03
7.885038256645202637e-01
-3.452302217483520508e-01
-1.108356490731239319e-01
-4.148953557014465332e-01
1.509032696485519409e-01
-7.232445478439331055e-02
nan
nan
nan
nan
-7.580703822895884514e-04
2.963742017745971680e-01
-6.057312488555908203e-01
2.004915326833724976e-01
2.704983353614807129e-01
1.665344089269638062e-01
-1.882055252790451050e-01
8.773004263639450073e-02
-3.783449232578277588e-01
-8.928303420543670654e-02
-3.995956182479858398e-01
-2.273499779403209686e-02
-2.988002002239227295e-01
-3.446058630943298340e-01
nan
7.584407925605773926e-01
2.762081921100616455e-01
-4.680938422679901123e-01
8.576703816652297974e-02
-2.941756322979927063e-02
-3.453626930713653564e-01
-2.200919538736343384e-01
9.155306816101074219e-01
-3.943353295326232910e-01
-3.466168344020843506e-01
1.563907414674758911e-01
-2.920540571212768555e-01
-3.669629991054534912e-01
nan
nan
nan
nan
3.379833698272705078e-02
-1.624523103237152100e-01
9.709630012512207031e-01
2.529709637165069580e-01
-6.663197278976440430e-02
-2.524848878383636475e-01
8.261942118406295776e-02
4.049153923988342285e-01
-7.052974104881286621e-01
4.796510338783264160e-01
-3.288167119026184082e-01
-3.149810433387756348e-01
-6.682395935058593750e-01
-1.613918244838714600e-01
nan
-6.997649669647216797e-01
4.676175415515899658e-01
-5.578117370605468750e-01
-4.906241595745086670e-01
-3.432425260543823242e-01
8.140321820974349976e-02
-6.095550656318664551e-01
1.514531373977661133e-01
2.055330872535705566e-01
-1.291099376976490021e-02
5.523880124092102051e-01
-3.319389224052429199e-01
5.687764286994934082e-01
nan
nan
nan
nan
9.305696487426757812e-01
3.050827980041503906e-02
4.276901483535766602e-01
-1.871867626905441284e-01
5.150945782661437988e-01
6.710096597671508789e-01
-7.602061331272125244e-02
2.956279516220092773e-01
-1.212947815656661987e-01
8.350648730993270874e-02
1.084358811378479004e+00
2.034849375486373901e-01
-3.952774405479431152e-01
1.830732636153697968e-02
nan
-1.095223613083362579e-02
-6.812702864408493042e-02
-3.972739577293395996e-01
1.336244195699691772e-01
2.238927781581878662e-01
6.103274822235107422e-01
7.276337742805480957e-01
-8.506415784358978271e-02
-1.913468241691589355e-01
2.261454612016677856e-01
-1.172470211982727051e+00
2.373079396784305573e-02
-4.583475887775421143e-01
nan
nan
nan
nan
-2.042779475450515747e-01
-3.947274684906005859e-01
2.669697701930999756e-01
4.666353017091751099e-02
-5.742047429084777832e-01
-3.282639980316162109e-01
-3.992809355258941650e-01
7.615346312522888184e-01
-5.876870751380920410e-01
-3.455046797171235085e-03
-3.424472212791442871e-01
-1.857009232044219971e-01
2.771878838539123535e-01
6.007932424545288086e-01
nan
3.241274356842041016e-01
6.809020042419433594e-01
-2.531671524047851562e-01
2.587522566318511963e-01
-1.184378623962402344e+00
-5.460309982299804688e-02
-3.857786655426025391e-01
3.432015478610992432e-01
-1.956747611984610558e-03
-6.521590948104858398e-01
4.445707798004150391e-01
-8.081310242414474487e-02
-1.851906627416610718e-01
nan
nan
nan
nan
6.908864378929138184e-01
-6.153953671455383301e-01
2.746747732162475586e-01
-3.567553758621215820e-01
-3.082168102264404297e-01
2.939199805259704590e-01
-2.485836595296859741e-01
-1.334292173385620117e+00
-2.050466835498809814e-01
-5.512489676475524902e-01
4.993196427822113037e-01
3.573356866836547852e-01
4.311620295047760010e-01
5.720518156886100769e-02
nan
6.994790583848953247e-02
-2.664353847503662109e-01
4.227371215820312500e-01
2.180068194866180420e-01
1.110617041587829590e+00
-3.530822396278381348e-01
-4.963982999324798584e-01
9.730486869812011719e-01
1.046462133526802063e-01
7.194432020187377930e-01
-2.036997228860855103e-01
4.556033387780189514e-02
-8.350879698991775513e-02
nan
nan
nan
nan
9.767619967460632324e-01
-2.429513037204742432e-01
3.837842643260955811e-01
1.539911478757858276e-01
-1.267599761486053467e-01
-6.158435940742492676e-01
8.762775361537933350e-02
-3.326560556888580322e-01
-4.345620572566986084e-01
3.082120120525360107e-01
-3.469769284129142761e-02
4.997332096099853516e-01
-3.596159815788269043e-02
3.083213865756988525e-01
nan
7.984304428100585938e-01
-5.589470267295837402e-01
1.454961895942687988e-01
6.164462566375732422e-01
1.854905486106872559e-01
3.740749955177307129e-01
-4.506267011165618896e-01
-4.981004595756530762e-01
-6.948295235633850098e-01
5.569739341735839844e-01
-2.272337079048156738e-01
-8.946727216243743896e-02
-5.590018630027770996e-01
nan
nan
nan
nan
1.647247970104217529e-01
-5.016639232635498047e-01
1.054355502128601074e+00
-4.241639673709869385e-01
-4.688949882984161377e-01
1.772327870130538940e-01
-8.882975578308105469e-01
-1.778955310583114624e-01
3.587765395641326904e-01
-3.742012679576873779e-01
2.892431616783142090e-01
5.195210576057434082e-01
-2.830987274646759033e-01
-9.371442198753356934e-01
nan
-2.664294540882110596e-01
-1.142900064587593079e-01
4.173153638839721680e-02
-2.798773050308227539e-01
4.125972390174865723e-01
3.795762062072753906e-01
-9.429090470075607300e-02
-5.581297874450683594e-01
3.161747157573699951e-01
5.026583671569824219e-01
-3.677783906459808350e-01
5.730727314949035645e-01
-2.728503346443176270e-01
nan
nan
nan
nan
1.986279934644699097e-01
1.564859598875045776e-01
-1.849088221788406372e-01
-3.586881756782531738e-01
2.527736425399780273e-01
-4.918809533119201660e-01
-8.760043978691101074e-02
1.366792559623718262e+00
1.779824048280715942e-01
1.038789823651313782e-01
-3.432592451572418213e-01
-9.134443104267120361e-02
-2.121727466583251953e-01
1.088482961058616638e-01
nan
-2.624835968017578125e-01
-3.038995899260044098e-02
8.324663639068603516e-01
2.316841632127761841e-01
1.993219554424285889e-01
6.564369052648544312e-02
8.446440100669860840e-01
-7.225233316421508789e-01
-1.986238658428192139e-01
1.309159845113754272e-01
2.977571189403533936e-01
-3.033219873905181885e-01
3.559975326061248779e-01
nan
nan
nan
nan
-6.553456187248229980e-01
6.236758455634117126e-02
2.779428958892822266e-01
2.701994776725769043e-01
4.368291050195693970e-02
5.495905280113220215e-01
1.201747804880142212e-01
2.234902381896972656e-01
-2.848026454448699951e-01
-4.270174205303192139e-01
-5.113995075225830078e-01
1.205181851983070374e-01
8.313929438591003418e-01
-5.901332199573516846e-02
nan
6.753950566053390503e-02
-2.154436260461807251e-01
1.603796333074569702e-01
-2.434646934270858765e-01
8.021640181541442871e-01
1.053305640816688538e-01
-3.830489218235015869e-01
5.193181633949279785e-01
1.709720678627490997e-02
-5.584009885787963867e-01
6.334767341613769531e-01
5.651366710662841797e-01
1.472612619400024414e-01
nan
nan
nan
nan
8.863239884376525879e-01
1.560197949409484863e+00
1.173455357551574707e+00
6.943675041198730469e+00
1.892319679260253906e+00
9.459412097930908203e-01
1.032011985778808594e+00
4.296124875545501709e-01
2.343728065490722656e+00
-8.624884486198425293e-02
6.568541526794433594e-01
5.045688152313232422e-01
-2.839225828647613525e-01
-4.766597747802734375e-01
nan
6.273881196975708008e-01
-2.786505520343780518e-01
9.542773365974426270e-01
1.574879884719848633e+00
-1.740431189537048340e-01
6.185874938964843750e-01
1.439934015274047852e+00
4.511390030384063721e-01
4.363313317298889160e-01
5.012082867324352264e-03
-3.273565173149108887e-01
1.929841935634613037e-01
4.000960588455200195e-01
nan
nan
nan
nan
4.816652536392211914e-01
-5.680463314056396484e-01
6.894637942314147949e-01
2.911229133605957031e-01
4.645033925771713257e-02
-1.355364918708801270e-01
1.178083896636962891e+00
1.230043396353721619e-01
6.876111030578613281e-01
1.710492610931396484e+00
5.732906460762023926e-01
1.262886285781860352e+00
-4.128637611865997314e-01
4.419156908988952637e-01
nan
4.715905189514160156e-01
1.170071125030517578e+00
7.435157299041748047e-01
2.135117292404174805e+00
5.007876396179199219e+00
5.904477834701538086e-01
4.744602739810943604e-01
2.154271453619003296e-01
8.796503543853759766e-01
1.286000758409500122e-01
-2.414214797317981720e-02
1.837598085403442383e-01
1.287792176008224487e-01
nan
nan
nan
nan
1.509695291519165039e+00
-1.912047564983367920e-01
9.244874119758605957e-02
8.730590939521789551e-01
1.676653385162353516e+00
-8.530107140541076660e-02
2.740018069744110107e-01
6.176776289939880371e-01
1.339130043983459473e+00
3.449442088603973389e-01
1.325302481651306152e+00
-8.721836842596530914e-03
7.566704750061035156e-01
2.698193304240703583e-02
nan
1.597432017326354980e+00
-2.984780073165893555e-01
9.926878809928894043e-01
1.818786978721618652e+00
1.740474700927734375e+00
1.482302308082580566e+00
-1.604594849050045013e-02
1.111043691635131836e+00
-3.933512568473815918e-01
7.262956500053405762e-01
3.955020606517791748e-01
1.040434911847114563e-01
-1.002790108323097229e-01
nan
nan
nan
nan
2.331820249557495117e+00
4.255768954753875732e-01
5.071144700050354004e-01
4.719434082508087158e-01
5.088227987289428711e-01
1.102473020553588867e+00
3.575880050659179688e+00
9.151647567749023438e+00
4.765430450439453125e+00
5.958148241043090820e-01
1.044007778167724609e+00
2.971959412097930908e-01
4.265524387359619141e+00
6.167976856231689453e-01
nan
3.166296243667602539e+00
6.354904174804687500e-01
-3.765544295310974121e-01
7.491366267204284668e-01
-8.765962123870849609e-01
4.666643142700195312e-01
1.318546980619430542e-01
2.818275690078735352e-01
-4.106549322605133057e-01
4.495189785957336426e-01
7.972216606140136719e-01
1.634559392929077148e+00
3.598963975906372070e+00
nan
nan
nan
nan
4.655950546264648438e+00
8.952569365501403809e-01
1.482671499252319336e+00
6.010571122169494629e-01
2.415956497192382812e+00
9.922496795654296875e+00
5.266667366027832031e+00
-5.281624794006347656e-01
1.679963767528533936e-01
1.103028297424316406e+00
8.003842353820800781e+00
6.003156900405883789e-01
-7.031463384628295898e-01
-5.382423475384712219e-02
nan
1.994084239006042480e+00
1.469389319419860840e+00
5.939449667930603027e-01
3.090223670005798340e-01
1.496228933334350586e+00
6.033436775207519531e+00
1.925852656364440918e+00
6.589592248201370239e-02
-6.348931193351745605e-01
4.207610130310058594e+00
-1.780444234609603882e-01
6.756495952606201172e+00
7.587582468986511230e-01
nan
nan
nan
nan
-7.154798507690429688e-01
-1.874862164258956909e-01
8.916916251182556152e-01
-4.507728219032287598e-01
6.998841762542724609e-01
-1.937743067741394043e+00
9.821604490280151367e-01
6.214107275009155273e-01
6.818299293518066406e+00
1.350973844528198242e+00
6.079685091972351074e-01
2.127151750028133392e-02
8.705671429634094238e-01
1.793447971343994141e+00
nan
9.372525215148925781e-01
-4.240304827690124512e-01
9.554667472839355469e-01
4.763350963592529297e+00
1.736906170845031738e+00
1.518851667642593384e-01
2.186635434627532959e-01
-2.486936002969741821e-01
5.147663950920104980e-01
1.945855915546417236e-01
8.612337708473205566e-01
-7.836237549781799316e-02
3.916407823562622070e-01
nan
nan
nan
nan
5.933359861373901367e-01
3.242943763732910156e+00
-1.651319563388824463e-01
4.844868183135986328e-02
1.185572743415832520e+00
1.187031269073486328e+00
8.484321832656860352e-01
-2.717651724815368652e-01
2.587110102176666260e-01
9.168042540550231934e-01
9.758078455924987793e-01
8.645589351654052734e-01
4.731214642524719238e-01
2.307529449462890625e-01
nan
4.274751842021942139e-01
1.593678355216979980e+00
5.341608524322509766e-01
3.472743511199951172e+00
5.625631332397460938e+00
1.255877017974853516e+00
1.838131785392761230e+00
-4.724989831447601318e-01
-4.414432123303413391e-02
3.009623289108276367e-02
1.068070292472839355e+00
1.013078927993774414e+00
1.806410193443298340e+00
nan
nan
nan
nan
3.674600645899772644e-02
-1.807296425104141235e-01
-1.562325358390808105e-01
4.970526397228240967e-01
4.757218360900878906e+00
9.299304485321044922e-01
3.096175193786621094e-01
4.275057911872863770e-01
-2.815101854503154755e-02
1.504813075065612793e+00
6.911203265190124512e-01
6.058269143104553223e-01
9.607859253883361816e-01
6.779904365539550781e-01
nan
1.114673539996147156e-01
6.838815212249755859e-01
2.279714494943618774e-01
-8.563806414604187012e-01
2.950299978256225586e-01
-4.224073886871337891e-01
8.085160255432128906e-01
4.427238404750823975e-01
2.487274557352066040e-01
2.340529203414916992e+00
7.154268026351928711e-01
9.828874468803405762e-01
7.115164995193481445e-01
nan
nan
nan
nan
5.532540082931518555e-01
1.300361156463623047e+00
2.698683738708496094e+00
8.672602772712707520e-01
7.047419548034667969e-01
9.331278204917907715e-01
1.017304778099060059e+00
-1.444641202688217163e-01
-1.559176743030548096e-01
6.571397185325622559e-01
-1.602995395660400391e-01
1.951942890882492065e-01
-3.561816811561584473e-01
9.215345978736877441e-01
nan
1.219998002052307129e+00
1.171959280967712402e+00
2.239539146423339844e+00
6.835926175117492676e-01
3.694090247154235840e-01
7.854549884796142578e-01
1.366809248924255371e+00
4.117813706398010254e-01
2.593348503112792969e+00
2.502851009368896484e+00
2.420906782150268555e+00
1.489634394645690918e+00
6.093173027038574219e-01
nan
nan
nan
nan
2.596941471099853516e+00
-1.570924967527389526e-01
2.937229871749877930e-01
-4.854793250560760498e-01
2.888870537281036377e-01
7.229236364364624023e-01
6.684411764144897461e-01
9.730562567710876465e-01
5.102130770683288574e-01
-4.848352372646331787e-01
5.305081367492675781e+00
1.483780503273010254e+00
2.346750259399414062e+00
4.977312564849853516e+00
nan
-1.531033664941787720e-01
9.924688935279846191e-01
6.112397193908691406e+00
6.219297409057617188e+00
1.442290902137756348e+00
7.963973522186279297e+00
2.398880958557128906e+00
-1.290949247777462006e-02
-1.814280301332473755e-01
-9.521535038948059082e-02
-6.363484263420104980e-01
-2.646923065185546875e-01
2.054740786552429199e-01
nan
nan
nan
nan
-8.829804509878158569e-02
7.391625046730041504e-01
9.582527875900268555e-01
1.485723018646240234e+00
1.459316015243530273e+00
4.630335271358489990e-01
9.583226442337036133e-01
1.212601304054260254e+00
8.545515060424804688e+00
1.430797815322875977e+00
6.135814785957336426e-01
1.343416810035705566e+00
1.728720426559448242e+00
6.013271212577819824e-01
nan
8.922286629676818848e-01
3.301234245300292969e-01
7.079952359199523926e-01
4.362875461578369141e+00
1.524408459663391113e+00
6.016411185264587402e-01
6.682026982307434082e-01
2.526583671569824219e-01
1.455680012702941895e+00
1.896534085273742676e+00
-1.694772094488143921e-01
-1.130343452095985413e-01
4.446052014827728271e-02
nan
nan
nan
nan
2.093698501586914062e+00
3.210570812225341797e+00
4.675193786621093750e+00
-1.823944002389907837e-01
9.260528683662414551e-01
-4.089108109474182129e-01
1.144009709358215332e+00
7.493716478347778320e-01
5.783988833427429199e-01
1.334239363670349121e+00
4.851294457912445068e-01
4.227594375610351562e+00
2.138992309570312500e+00
3.000598549842834473e-01
nan
1.306374967098236084e-01
7.495551109313964844e+00
1.509552240371704102e+00
1.355119824409484863e+00
-1.360500603914260864e-01
-4.858236312866210938e-01
6.417743206024169922e+00
2.096922159194946289e+00
1.770707130432128906e+00
8.785449862480163574e-01
4.613226950168609619e-01
2.022819519042968750e+00
1.186809837818145752e-01
nan
nan
