nan
nan
-9.501078128814697266e-01
8.908647298812866211e-02
2.987985312938690186e-01
-4.073613323271274567e-03
-4.472465813159942627e-01
1.234812617301940918e+00
-3.831656575202941895e-01
5.925924181938171387e-01
6.679787039756774902e-01
4.324432313442230225e-01
1.589461714029312134e-01
-7.776827812194824219e-01
1.092573046684265137e+00
5.982814431190490723e-01
-5.428727865219116211e-01
-1.280653178691864014e-01
1.310916244983673096e-01
5.333768725395202637e-01
5.465109348297119141e-01
-6.322781443595886230e-01
-7.742144465446472168e-01
4.191423356533050537e-01
2.852681875228881836e-01
-1.769303232431411743e-01
-1.651932746171951294e-01
-6.174945831298828125e-01
8.418914675712585449e-01
3.268968164920806885e-01
nan
nan
nan
nan
5.844688415527343750e-01
9.058703780174255371e-01
1.247363686561584473e-01
-4.135528206825256348e-01
4.565381109714508057e-01
4.348335266113281250e-01
3.994003236293792725e-01
1.451498717069625854e-01
-4.129974544048309326e-01
5.405903235077857971e-02
-4.378100335597991943e-01
-2.271253764629364014e-01
5.006316900253295898e-01
4.134095609188079834e-01
-3.253377377986907959e-01
3.851928114891052246e-01
-2.248621881008148193e-01
-8.160428404808044434e-01
-1.175065398216247559e+00
8.086429834365844727e-01
1.835523098707199097e-01
1.226171374320983887e+00
-5.824279189109802246e-01
7.966514825820922852e-01
1.361489668488502502e-02
-3.915058970451354980e-01
4.736874401569366455e-01
7.840061187744140625e-02
nan
nan
nan
nan
1.590072661638259888e-01
3.533258438110351562e-01
-5.393518209457397461e-01
-3.330201208591461182e-01
-2.705772779881954193e-02
-1.017429903149604797e-01
-4.141532480716705322e-01
-5.511791706085205078e-01
-9.839304685592651367e-01
3.333098888397216797e-01
-8.660693764686584473e-01
-1.756384223699569702e-02
4.903027117252349854e-01
-5.174711346626281738e-01
3.425848484039306641e-01
4.073515236377716064e-01
5.318570137023925781e-01
-3.157338201999664307e-01
-3.873592615127563477e-01
-8.061193227767944336e-01
5.998167395591735840e-01
-5.897414684295654297e-01
1.006393074989318848e+00
-6.242206096649169922e-01
-1.593805551528930664e-01
4.662842452526092529e-01
-4.734488949179649353e-02
1.437919288873672485e-01
nan
nan
nan
nan
4.731741249561309814e-01
-2.302844822406768799e-01
-3.812156319618225098e-01
4.777851328253746033e-02
-2.216492593288421631e-01
4.938105866312980652e-02
2.912721596658229828e-02
-5.388588905334472656e-01
-7.322410941123962402e-01
-5.127880349755287170e-02
-6.950462609529495239e-02
2.194467633962631226e-01
-8.026400208473205566e-01
7.273708581924438477e-01
-3.362152874469757080e-01
-8.372958302497863770e-01
2.404842227697372437e-01
-3.842987865209579468e-02
3.670421838760375977e-01
-6.522560715675354004e-01
-7.231619954109191895e-02
4.481646120548248291e-01
-3.712954521179199219e-01
1.886710375547409058e-01
-9.068164229393005371e-01
1.481759697198867798e-01
7.259283661842346191e-01
-9.220629930496215820e-02
nan
nan
nan
nan
-9.305504709482192993e-02
-1.164513528347015381e-01
-8.707219362258911133e-01
-9.074430912733078003e-02
5.934811234474182129e-01
-1.387422204017639160e+00
-2.251775376498699188e-02
3.621343970298767090e-01
-6.485342383384704590e-01
8.744024038314819336e-01
6.759691238403320312e-02
-9.148342013359069824e-01
-4.225589632987976074e-01
-2.564478218555450439e-01
-9.396026134490966797e-01
-4.785172045230865479e-01
1.730858087539672852e-01
5.661604404449462891e-01
-7.226175665855407715e-01
-2.772266417741775513e-02
-1.979604214429855347e-01
3.449501097202301025e-01
5.580811500549316406e-01
-2.910681664943695068e-01
-9.915534853935241699e-01
1.060818973928689957e-02
5.973320603370666504e-01
4.081159532070159912e-01
nan
nan
nan
nan
-1.252202630043029785e+00
7.553617358207702637e-01
1.768400192260742188e+00
1.632844358682632446e-01
-9.267380237579345703e-01
4.917779266834259033e-01
3.370341956615447998e-01
1.014392018318176270e+00
-3.623248636722564697e-01
8.734317421913146973e-01
5.586583018302917480e-01
9.457172155380249023e-01
-6.932808756828308105e-01
1.618641763925552368e-01
-6.339607387781143188e-02
6.805100440979003906e-01
-3.580385446548461914e-02
-9.404461383819580078e-01
-8.299659192562103271e-02
-9.591400623321533203e-01
-1.476487219333648682e-01
-9.027999639511108398e-01
1.156611800193786621e+00
5.720769166946411133e-01
-7.542946338653564453e-01
7.025682926177978516e-01
1.193173080682754517e-01
-1.733028590679168701e-01
nan
nan
nan
nan
1.417768150568008423e-01
-1.518868952989578247e-01
-2.733712792396545410e-01
7.410510778427124023e-01
-1.885075122117996216e-01
-8.103944063186645508e-01
8.141265511512756348e-01
4.556789398193359375e-01
-5.104925855994224548e-02
-1.086695641279220581e-01
8.739833235740661621e-01
-5.504557490348815918e-01
3.915072083473205566e-01
5.480921268463134766e-02
1.538119316101074219e-01
-9.665482491254806519e-02
1.039858818054199219e+00
-6.190032958984375000e-01
-8.421712517738342285e-01
-3.976565599441528320e-01
-7.460612654685974121e-01
-4.378822445869445801e-01
6.281638741493225098e-01
4.485580921173095703e-01
-4.125711321830749512e-01
9.589405655860900879e-01
1.559186816215515137e+00
1.006935119628906250e+00
nan
nan
nan
nan
-3.258454799652099609e-01
-1.195185855031013489e-01
-3.984874486923217773e-01
-2.418470084667205811e-01
8.177725672721862793e-01
7.518423795700073242e-01
6.270968317985534668e-01
2.640658915042877197e-01
-8.573362976312637329e-02
1.738483309745788574e+00
-1.110474228858947754e+00
1.252675652503967285e-01
-9.952877461910247803e-02
-5.131995081901550293e-01
-4.714237749576568604e-01
-2.517451941967010498e-01
-4.546139836311340332e-01
2.486433684825897217e-01
-5.190907120704650879e-01
-2.851898968219757080e-01
-4.476407766342163086e-01
-3.985811397433280945e-02
-1.319872617721557617e+00
4.131946861743927002e-01
2.250408977270126343e-01
2.238010317087173462e-01
8.623480200767517090e-01
-4.015787839889526367e-01
nan
nan
nan
nan
-1.028540953993797302e-01
1.132790923118591309e+00
4.815436601638793945e-01
9.899059534072875977e-01
-2.921191453933715820e-01
-5.549487471580505371e-01
1.316306233406066895e+00
-1.226555462926626205e-02
-9.453547000885009766e-01
1.361425071954727173e-01
-8.269271254539489746e-01
1.819856166839599609e-01
3.504258990287780762e-01
1.424384117126464844e-01
1.073863387107849121e+00
9.615702927112579346e-02
2.853929996490478516e-01
8.445796370506286621e-01
-3.428680896759033203e-01
-9.941805154085159302e-02
1.111290812492370605e+00
1.212646245956420898e+00
5.589734017848968506e-02
4.565051496028900146e-01
-9.581699222326278687e-02
9.059678316116333008e-01
1.294634044170379639e-01
3.645639121532440186e-01
nan
nan
nan
nan
3.026060760021209717e-01
-7.398381829261779785e-01
-4.452336579561233521e-04
-1.135605424642562866e-01
5.421580672264099121e-01
3.842083737254142761e-02
6.450513601303100586e-01
2.665798664093017578e-01
-5.287913680076599121e-01
4.766218066215515137e-01
-1.046664118766784668e+00
3.481931388378143311e-01
3.103666901588439941e-01
4.723027348518371582e-01
-5.345618128776550293e-01
2.760523743927478790e-02
3.366957604885101318e-01
-2.172550112009048462e-01
-5.399537682533264160e-01
-5.924097895622253418e-01
-4.658713042736053467e-01
-7.118821740150451660e-01
-1.168553829193115234e-01
1.629040390253067017e-01
5.432217717170715332e-01
-1.698624193668365479e-01
-2.641128003597259521e-01
5.602020621299743652e-01
nan
nan
nan
nan
6.755872368812561035e-01
4.304950684309005737e-02
4.004305303096771240e-01
-1.190275400876998901e-01
-9.427597522735595703e-01
3.118650317192077637e-01
-2.902289479970932007e-02
1.396591514348983765e-01
1.954314708709716797e-01
4.698142409324645996e-01
6.890165060758590698e-02
2.750372588634490967e-01
6.248444318771362305e-01
5.490531921386718750e-01
-9.923806041479110718e-02
-6.517376303672790527e-01
-5.872082710266113281e-01
-1.622544527053833008e-01
-1.789638102054595947e-01
1.846223175525665283e-01
5.725989341735839844e-01
1.929922588169574738e-02
-4.180703163146972656e-01
7.930650115013122559e-01
6.991867721080780029e-02
-1.206201687455177307e-01
-6.251951456069946289e-01
1.418453603982925415e-01
nan
nan
nan
nan
-3.712421283125877380e-02
-3.981605172157287598e-02
-1.064686849713325500e-01
4.021151661872863770e-01
4.966532886028289795e-01
6.871075630187988281e-01
-2.120086699724197388e-01
7.208616137504577637e-01
-2.737331092357635498e-01
-5.064957737922668457e-01
1.763447999954223633e+00
-1.835260689258575439e-01
-7.089303731918334961e-01
-3.753936588764190674e-01
5.293336510658264160e-01
-3.058391809463500977e-01
6.820367574691772461e-01
3.758648335933685303e-01
-4.331763386726379395e-01
7.541831135749816895e-01
-6.087727546691894531e-01
2.655494511127471924e-01
-1.319002360105514526e-01
1.287531137466430664e+00
6.060015559196472168e-01
9.091719985008239746e-01
2.011722326278686523e-01
-6.003124117851257324e-01
nan
nan
nan
nan
-7.828970439732074738e-03
-4.842937588691711426e-01
-7.850250005722045898e-01
2.664815187454223633e-01
-7.512918114662170410e-01
2.245341800153255463e-02
-4.598101079463958740e-01
-4.021250009536743164e-01
-2.736979126930236816e-01
8.243171870708465576e-02
-2.001927047967910767e-01
-3.374496698379516602e-01
-3.265512287616729736e-01
2.881893217563629150e-01
-4.184251129627227783e-01
-2.340064495801925659e-01
1.445965766906738281e-01
5.429168790578842163e-02
-3.917074203491210938e-01
2.515511810779571533e-01
-7.969574928283691406e-01
-4.490331411361694336e-01
4.306121766567230225e-01
7.370014190673828125e-01
1.462654322385787964e-01
-2.000624090433120728e-01
-6.992797553539276123e-02
-8.934820890426635742e-01
nan
nan
nan
nan
-2.201482504606246948e-01
3.917084336280822754e-01
6.137406826019287109e-01
4.459946453571319580e-01
-8.442568033933639526e-02
2.877306044101715088e-01
1.426735967397689819e-01
-5.759620070457458496e-01
4.263814538717269897e-02
-2.169239819049835205e-01
2.544771432876586914e-01
5.533442497253417969e-01
-5.797420740127563477e-01
-1.877717226743698120e-01
-7.423172593116760254e-01
2.742830216884613037e-01
1.737898111343383789e+00
5.434730052947998047e-01
-1.438615471124649048e-01
3.777914941310882568e-01
-4.862483143806457520e-01
1.015605449676513672e+00
-6.779792308807373047e-01
1.973060071468353271e-01
-2.124275267124176025e-01
1.167978644371032715e-01
-3.724816739559173584e-01
4.260337352752685547e-01
nan
nan
nan
nan
1.201028108596801758e+00
2.556524276733398438e-01
1.344984471797943115e-01
2.471746057271957397e-01
1.045920968055725098e+00
-6.844328641891479492e-01
4.799278080463409424e-01
3.161222906783223152e-03
1.273148357868194580e-01
1.924332529306411743e-01
4.748276770114898682e-01
7.349708080291748047e-01
-8.922868371009826660e-01
7.619447112083435059e-01
-2.938640676438808441e-02
1.031926631927490234e+00
-9.951174855232238770e-01
-4.070927798748016357e-01
1.942264884710311890e-01
-1.169337183237075806e-01
-1.204890385270118713e-01
2.952640652656555176e-01
-3.597943484783172607e-01
1.816361546516418457e-01
2.762637436389923096e-01
3.597300127148628235e-02
1.024965882301330566e+00
7.413304448127746582e-01
nan
nan
nan
nan
6.543774604797363281e-01
-8.150162696838378906e-01
1.772154308855533600e-02
7.099336981773376465e-01
9.238980710506439209e-02
-8.604957461357116699e-01
2.989790737628936768e-01
1.498492211103439331e-01
3.397396802902221680e-01
-4.665823876857757568e-01
-6.846135854721069336e-01
-1.379062414169311523e+00
-8.703044056892395020e-01
-8.674337267875671387e-01
-2.464549690485000610e-01
7.799469232559204102e-01
-1.079665794968605042e-01
8.995605111122131348e-01
-6.078903563320636749e-03
7.474673390388488770e-01
5.244433879852294922e-02
1.680678278207778931e-01
1.280334591865539551e-01
-5.964092612266540527e-01
8.898016214370727539e-01
1.147718355059623718e-01
-2.807938158512115479e-01
-7.100894451141357422e-01
nan
nan
nan
nan
4.674466252326965332e-01
2.385750878602266312e-03
1.009056806564331055e+00
-6.740438938140869141e-01
5.579459294676780701e-02
3.902528285980224609e-01
4.019773006439208984e-01
2.120841592550277710e-01
6.847957372665405273e-01
5.701535344123840332e-01
-4.469908773899078369e-02
6.410470008850097656e-01
4.205174744129180908e-01
7.723582386970520020e-01
3.967039585113525391e-01
-3.252764940261840820e-01
7.458462119102478027e-01
8.655745387077331543e-01
-7.550207525491714478e-02
3.309333622455596924e-01
-5.335783958435058594e-01
-2.999227344989776611e-01
-3.142244741320610046e-02
-4.643213748931884766e-01
-8.177670836448669434e-01
-1.177221313118934631e-01
-1.166111111640930176e+00
-5.035870671272277832e-01
nan
nan
nan
nan
6.403570771217346191e-01
6.589702367782592773e-01
7.355703711509704590e-01
1.366749107837677002e-01
-3.655713796615600586e-01
3.978931307792663574e-01
1.283697187900543213e-01
-3.047394752502441406e-01
-8.521735668182373047e-01
-2.125991731882095337e-01
9.148922562599182129e-01
2.363305091857910156e-01
3.356043994426727295e-01
-3.137627243995666504e-01
-8.577214479446411133e-01
9.461776614189147949e-01
-6.983659863471984863e-01
7.331522703170776367e-01
9.688164591789245605e-01
-5.182665586471557617e-01
5.865617394447326660e-01
4.528623819351196289e-01
7.824265956878662109e-01
5.548553466796875000e-01
3.849610090255737305e-01
-5.816512107849121094e-01
2.509732246398925781e-01
-8.190638422966003418e-01
nan
nan
nan
nan
7.993355393409729004e-01
-3.918357789516448975e-01
4.731732308864593506e-01
-9.952477812767028809e-01
-6.340408921241760254e-01
-2.590744197368621826e-01
-5.435571670532226562e-01
9.686561822891235352e-01
-1.075809359550476074e+00
-6.328238248825073242e-01
-8.130695223808288574e-01
-1.557299941778182983e-01
7.285115122795104980e-01
-8.394212126731872559e-01
-1.002537012100219727e+00
1.202881485223770142e-01
2.166184596717357635e-02
4.171932935714721680e-01
3.746275305747985840e-01
1.102009654045104980e+00
-7.161544561386108398e-01
-1.120498418807983398e+00
-3.707895278930664062e-01
4.025598242878913879e-02
6.152399182319641113e-01
-1.073173880577087402e-01
nan
6.790860891342163086e-01
nan
nan
nan
nan
8.226909637451171875e-01
1.278078109025955200e-01
-6.984192132949829102e-01
-3.618512451648712158e-01
-2.708733379840850830e-01
6.232147812843322754e-01
-6.602241992950439453e-01
-2.591703236103057861e-01
-2.034063190221786499e-01
-3.483921289443969727e-01
4.662790894508361816e-01
9.187939167022705078e-01
2.422202676534652710e-01
-9.937729239463806152e-01
8.033759593963623047e-01
-7.890875935554504395e-01
-5.766020417213439941e-01
5.985563993453979492e-01
-1.736522279679775238e-02
-9.889069199562072754e-01
1.040737628936767578e-01
1.146256178617477417e-01
4.622812569141387939e-01
-5.332951992750167847e-02
6.294130682945251465e-01
-1.376520544290542603e-01
6.474702358245849609e-01
-1.044915691018104553e-01
nan
nan
nan
nan
7.627604901790618896e-02
4.772761464118957520e-01
nan
-1.006446871906518936e-02
1.102361679077148438e+00
5.484045296907424927e-02
-6.266952306032180786e-02
4.399600625038146973e-01
-5.248541235923767090e-01
-4.572000801563262939e-01
4.116636514663696289e-01
-1.163958191871643066e+00
-4.543779790401458740e-01
-2.278392463922500610e-01
5.388664007186889648e-01
2.911549806594848633e-01
4.411312341690063477e-01
-1.153133735060691833e-01
-3.227043151855468750e-01
1.633051782846450806e-01
1.659870386123657227e+00
-4.404212236404418945e-01
5.046774148941040039e-01
3.953476622700691223e-02
1.087619960308074951e-01
3.293339014053344727e-01
-1.074306368827819824e+00
-2.338761687278747559e-01
nan
nan
nan
nan
1.720345765352249146e-01
4.934760332107543945e-01
-1.006057143211364746e+00
-8.392974734306335449e-01
1.367675215005874634e-01
5.787120386958122253e-02
-4.517655968666076660e-01
4.115102067589759827e-02
3.567815124988555908e-01
1.364211320877075195e+00
1.407697200775146484e+00
-9.686807394027709961e-01
1.072839871048927307e-01
6.620069593191146851e-02
-1.435534507036209106e-01
2.032650709152221680e-01
3.053956925868988037e-01
-7.510952353477478027e-01
-3.283020853996276855e-01
-7.878016680479049683e-02
-1.068467259407043457e+00
-2.992697618901729584e-02
-5.870410203933715820e-01
1.608254387974739075e-02
8.619011044502258301e-01
7.859641313552856445e-01
-6.830805540084838867e-01
-4.046239256858825684e-01
nan
nan
nan
nan
-1.306660589762032032e-03
3.753803670406341553e-01
-2.521262466907501221e-01
-9.224765300750732422e-01
-4.489704966545104980e-01
-8.142422884702682495e-02
4.293415844440460205e-01
5.541122555732727051e-01
2.005575597286224365e-01
4.725713729858398438e-01
1.346959710121154785e+00
-2.225019931793212891e-01
1.286782979965209961e+00
-6.357475519180297852e-01
-7.218591123819351196e-02
-5.439229011535644531e-01
-1.063968092203140259e-01
5.555921196937561035e-01
4.135245084762573242e-01
2.129534631967544556e-01
6.098887324333190918e-01
4.921149909496307373e-01
-5.652251839637756348e-01
-3.398473262786865234e-01
1.023138284683227539e+00
-4.354934990406036377e-01
1.116461515426635742e+00
-3.278025388717651367e-01
nan
nan
nan
nan
5.495139956474304199e-01
1.101857900619506836e+00
7.169973254203796387e-01
-6.090036034584045410e-01
4.834346175193786621e-01
-5.795119404792785645e-01
-3.014662265777587891e-01
3.811526298522949219e-01
-9.213197231292724609e-01
3.968111574649810791e-01
-3.536389172077178955e-01
5.845826268196105957e-01
8.966435790061950684e-01
-7.648512721061706543e-02
-2.803443074226379395e-01
4.795404374599456787e-01
5.088185891509056091e-02
-5.653864145278930664e-01
-8.692026138305664062e-01
-5.797617435455322266e-01
-4.590469002723693848e-01
2.446999549865722656e-01
3.595537245273590088e-01
4.174172878265380859e-01
3.982698321342468262e-01
-5.256305336952209473e-01
-2.377438098192214966e-01
-1.401441395282745361e-01
nan
nan
