nan
nan
5.872628837823867798e-02
1.855686157941818237e-01
-1.535125523805618286e-01
-1.051697731018066406e+00
3.286687433719635010e-01
-5.117778182029724121e-01
-8.166761994361877441e-01
1.229411214590072632e-01
3.264606595039367676e-01
-2.579629048705101013e-02
6.721799969673156738e-01
-1.012375235557556152e+00
1.926129460334777832e-01
-6.529152393341064453e-02
1.604284346103668213e-01
4.537091553211212158e-01
7.096844315528869629e-01
-5.969983339309692383e-01
1.269128918647766113e-01
3.748933672904968262e-01
-5.816903114318847656e-01
-1.088812351226806641e-01
6.077530980110168457e-01
-4.156051576137542725e-01
2.639417946338653564e-01
7.236824631690979004e-01
7.863547801971435547e-01
-1.437425613403320312e-01
nan
nan
nan
nan
5.451685190200805664e-01
-7.370697855949401855e-01
-3.835660219192504883e-02
1.854201033711433411e-02
3.784084022045135498e-01
4.762651622295379639e-01
5.804465413093566895e-01
3.703336119651794434e-01
1.277773678302764893e-01
5.716022849082946777e-01
-3.424630761146545410e-01
-5.029112100601196289e-01
1.608884036540985107e-01
-2.158191055059432983e-01
6.368079781532287598e-01
-8.589878678321838379e-02
3.265715241432189941e-01
-8.401898667216300964e-03
7.661888003349304199e-01
-2.658553421497344971e-01
5.131686329841613770e-01
1.221576690673828125e+00
9.502444863319396973e-01
-4.348502755165100098e-01
2.375527918338775635e-01
1.387566328048706055e-01
-8.539447188377380371e-01
4.792244359850883484e-02
nan
nan
nan
nan
-4.159327149391174316e-01
-1.909340023994445801e-01
-1.833591461181640625e-01
-8.696520924568176270e-01
-4.620012044906616211e-01
1.978133320808410645e-01
6.221579313278198242e-01
1.440426707267761230e-01
-2.101862281560897827e-01
3.134243562817573547e-02
1.347780674695968628e-01
3.759280443191528320e-01
-8.216270804405212402e-01
-1.790906637907028198e-01
-2.201506644487380981e-01
-3.295990526676177979e-01
-2.145265936851501465e-01
1.525194793939590454e-01
-1.489966809749603271e-01
5.153288245201110840e-01
-2.036131471395492554e-01
-5.871468782424926758e-01
4.837673902511596680e-01
6.014495491981506348e-01
5.805280990898609161e-03
-3.256480097770690918e-01
5.382331013679504395e-01
5.550020723603665829e-04
nan
nan
nan
nan
2.355472594499588013e-01
2.927203476428985596e-01
2.922462299466133118e-02
-5.005750656127929688e-01
-3.827538341283798218e-02
-3.032830953598022461e-01
2.259911894798278809e-01
1.675019115209579468e-01
-7.871791124343872070e-01
-6.099386513233184814e-02
3.399812579154968262e-01
-7.276567816734313965e-01
-2.542879432439804077e-02
-3.223803043365478516e-01
2.597125247120857239e-02
7.838189601898193359e-01
-2.498750835657119751e-01
-8.482706546783447266e-02
5.392258167266845703e-01
-3.161688148975372314e-01
2.532390952110290527e-01
-8.795846104621887207e-01
-3.005602657794952393e-01
2.262336462736129761e-01
4.700173139572143555e-01
-9.450650960206985474e-02
-1.761187762022018433e-01
2.881365418434143066e-01
nan
nan
nan
nan
4.281460493803024292e-02
6.654050946235656738e-01
3.177396059036254883e-01
-4.359846413135528564e-01
8.070437312126159668e-01
-2.802863717079162598e-01
-4.736770093441009521e-01
2.537945508956909180e-01
1.688617765903472900e-01
-7.987911105155944824e-01
5.692777037620544434e-01
1.011845096945762634e-01
9.169441461563110352e-01
8.312144316732883453e-03
-2.480223588645458221e-02
-1.747890859842300415e-01
7.207473516464233398e-01
2.515022456645965576e-01
7.335891574621200562e-02
5.564690828323364258e-01
6.020852923393249512e-02
-3.770975023508071899e-02
-5.892421603202819824e-01
-7.970485091209411621e-01
2.619917690753936768e-01
-2.622130326926708221e-02
3.804437518119812012e-01
-3.203791379928588867e-02
nan
nan
nan
nan
2.189830839633941650e-01
3.235542774200439453e-01
2.885091304779052734e-01
-5.783408284187316895e-01
-2.508708834648132324e-01
-4.842656850814819336e-01
-9.988142848014831543e-01
-3.172043561935424805e-01
1.241703629493713379e+00
6.611126065254211426e-01
-7.141375914216041565e-03
-5.012571215629577637e-01
3.889358639717102051e-01
-2.685617506504058838e-01
-4.596716165542602539e-01
4.779579639434814453e-01
-1.855144053697586060e-01
-2.754307985305786133e-01
-1.528796106576919556e-01
4.168472588062286377e-01
-3.584797680377960205e-01
5.792129039764404297e-01
9.505274295806884766e-01
2.157534360885620117e-01
-1.102064102888107300e-01
2.296875119209289551e-01
9.068197757005691528e-02
-5.398786664009094238e-01
nan
nan
nan
nan
9.088478982448577881e-02
-3.121569454669952393e-01
3.885870277881622314e-01
2.203209251165390015e-01
-1.350876688957214355e-01
-2.462448328733444214e-01
1.017864227294921875e+00
7.651273161172866821e-02
1.875630915164947510e-01
-7.636021375656127930e-01
4.825737774372100830e-01
-4.322032034397125244e-01
-1.066819503903388977e-01
-7.887805998325347900e-02
8.023055642843246460e-02
8.509271591901779175e-02
-5.006853342056274414e-01
7.407613396644592285e-01
8.640321493148803711e-01
-3.758797645568847656e-01
2.617244124412536621e-01
2.773036360740661621e-01
3.498337268829345703e-01
-3.546527922153472900e-01
3.085890114307403564e-01
-3.115214109420776367e-01
-5.721129775047302246e-01
6.924443840980529785e-01
nan
nan
nan
nan
-9.907829016447067261e-02
7.653921842575073242e-01
-2.430599182844161987e-01
7.192859798669815063e-02
-3.287793695926666260e-02
1.647113412618637085e-01
-4.182605445384979248e-02
5.865035578608512878e-02
1.116783469915390015e-01
-2.129540145397186279e-01
1.678723841905593872e-01
2.133510708808898926e-01
-3.978823125362396240e-02
3.264157474040985107e-01
-4.666815996170043945e-01
-5.784637331962585449e-01
-8.438116312026977539e-02
5.343140959739685059e-01
-5.533004999160766602e-01
2.567904591560363770e-01
-1.489297896623611450e-01
7.460519671440124512e-01
3.026134073734283447e-01
4.697259962558746338e-01
-3.281758725643157959e-01
-1.940695792436599731e-01
2.802898585796356201e-01
8.686078786849975586e-01
nan
nan
nan
nan
-2.915520370006561279e-01
-2.995086014270782471e-01
2.906362414360046387e-01
-1.406829714775085449e+00
-1.440565735101699829e-01
-8.425138145685195923e-02
-1.755406707525253296e-02
-5.477339625358581543e-01
-1.330439448356628418e-01
1.674879044294357300e-01
7.744189351797103882e-02
-1.581088602542877197e-01
1.877439171075820923e-01
5.041025280952453613e-01
3.619317412376403809e-01
4.612255096435546875e-01
-1.608581542968750000e-01
-3.340687751770019531e-01
4.238834381103515625e-01
-6.266949772834777832e-01
-3.972981274127960205e-01
-3.964184224605560303e-01
2.701928317546844482e-01
3.699930384755134583e-02
5.338812470436096191e-01
-2.257985174655914307e-01
-1.927537173032760620e-01
8.152341246604919434e-01
nan
nan
nan
nan
-3.115226328372955322e-01
-3.972795978188514709e-02
-3.872451838105916977e-03
-1.828860938549041748e-01
-5.757254958152770996e-01
6.670616269111633301e-01
-5.878456234931945801e-01
-2.913425266742706299e-01
-5.996515974402427673e-02
-1.501161605119705200e-02
3.120895922183990479e-01
5.945726856589317322e-02
1.852818429470062256e-01
5.839861035346984863e-01
-3.734875842928886414e-02
-5.217505693435668945e-01
-4.461216330528259277e-01
-2.091522663831710815e-01
-2.337576746940612793e-01
9.217554926872253418e-01
-6.317656636238098145e-01
-7.324004173278808594e-01
1.756856739521026611e-01
-1.914785653352737427e-01
-1.455518752336502075e-01
3.595325350761413574e-01
3.086996078491210938e-01
-5.010548233985900879e-01
nan
nan
nan
nan
-5.473902821540832520e-01
-2.306312024593353271e-01
-3.613027632236480713e-01
1.039392828941345215e+00
9.046906828880310059e-01
-4.789645969867706299e-01
2.404924482107162476e-02
-2.185951471328735352e-01
-9.479495286941528320e-01
2.132821530103683472e-01
-3.053641319274902344e-01
3.617953658103942871e-01
6.548861265182495117e-01
-1.066777929663658142e-01
3.679247498512268066e-01
-6.285151839256286621e-01
1.665088534355163574e-01
5.513572692871093750e-01
2.462410777807235718e-01
-1.849707961082458496e-01
4.977340698242187500e-01
3.087319135665893555e-01
-4.569866359233856201e-01
4.900292158126831055e-01
-4.011667966842651367e-01
-2.980244755744934082e-01
-3.979531526565551758e-01
-1.382073462009429932e-01
nan
nan
nan
nan
-2.715061008930206299e-01
-5.118008852005004883e-01
7.443233579397201538e-02
3.117263913154602051e-01
4.677551388740539551e-01
-3.432911932468414307e-01
6.263254676014184952e-03
-3.389648348093032837e-02
-2.699926197528839111e-01
6.985868513584136963e-02
-3.576097488403320312e-01
-7.044485956430435181e-02
3.076913356781005859e-01
-2.815089225769042969e-01
-7.471773028373718262e-01
1.094857752323150635e-01
1.807845830917358398e-01
1.471497304737567902e-02
-6.234722733497619629e-01
1.488556712865829468e-01
5.333377718925476074e-01
6.260029077529907227e-01
1.803460866212844849e-01
1.124539226293563843e-02
2.618151903152465820e-01
6.804949045181274414e-02
-6.265674531459808350e-02
4.062044024467468262e-01
nan
nan
nan
nan
3.664691001176834106e-02
-1.755376309156417847e-01
1.643984317779541016e-01
-6.268708109855651855e-01
8.817657828330993652e-01
4.621565341949462891e-01
6.414015293121337891e-01
-3.656763732433319092e-01
-4.099275767803192139e-01
2.603880167007446289e-01
-2.485741376876831055e-01
-3.571295142173767090e-01
5.804425105452537537e-02
1.054823517799377441e+00
-1.141012459993362427e-01
2.636914849281311035e-01
-6.763099879026412964e-02
3.591726720333099365e-01
-1.818919181823730469e-01
-3.260112106800079346e-01
1.838768422603607178e-01
2.292851805686950684e-01
2.503671217709779739e-03
-1.105507537722587585e-01
4.550519883632659912e-01
-2.038449496030807495e-01
3.075550682842731476e-02
8.077859878540039062e-02
nan
nan
nan
nan
1.761113107204437256e-01
-3.365612030029296875e-01
1.284435540437698364e-01
7.527112960815429688e-02
6.180385500192642212e-02
-6.210846826434135437e-03
-2.166158258914947510e-01
3.530415594577789307e-01
-1.255325973033905029e-01
9.291391074657440186e-02
-5.162456631660461426e-01
1.140660941600799561e-01
-4.549112617969512939e-01
-3.084620833396911621e-02
-3.497451245784759521e-01
1.097351387143135071e-01
7.003535330295562744e-02
-2.217413485050201416e-01
-4.746317267417907715e-01
2.764764241874217987e-02
-1.548928171396255493e-01
2.127237468957901001e-01
4.772485196590423584e-01
-2.807778418064117432e-01
-7.840539515018463135e-02
2.929523587226867676e-01
7.088652998208999634e-02
2.095579355955123901e-01
nan
nan
nan
nan
5.811517834663391113e-01
-1.019808411598205566e+00
-6.226796507835388184e-01
8.231319189071655273e-01
-4.335985183715820312e-01
-2.743381559848785400e-01
4.403760731220245361e-01
3.205993771553039551e-01
2.935977876186370850e-01
2.071213573217391968e-01
4.664449393749237061e-01
-1.159121751785278320e+00
-8.453930169343948364e-02
-4.508877918124198914e-02
-2.865975499153137207e-01
9.482321143150329590e-01
-2.485624849796295166e-01
-2.418262511491775513e-01
9.356307983398437500e-02
-1.511749476194381714e-01
-4.606483280658721924e-01
3.622333407402038574e-01
-3.412927985191345215e-01
-2.029568701982498169e-01
-6.316943168640136719e-01
-4.550660550594329834e-01
-2.645224332809448242e-01
8.419914841651916504e-01
nan
nan
nan
nan
5.993750095367431641e-01
1.416628062725067139e-01
-1.031155347824096680e+00
3.242579400539398193e-01
5.395828485488891602e-01
-2.933793365955352783e-01
4.470040090382099152e-03
-4.723428785800933838e-01
-8.113039284944534302e-02
-8.396790027618408203e-01
-3.795709609985351562e-01
-4.158299267292022705e-01
-9.573979377746582031e-01
-2.817408442497253418e-01
-5.132725238800048828e-01
-5.743772983551025391e-01
4.442543908953666687e-02
3.216112256050109863e-01
5.406366586685180664e-01
7.310305237770080566e-01
2.509062588214874268e-01
3.712977170944213867e-01
-3.074945509433746338e-01
3.737048208713531494e-01
-1.818821728229522705e-01
-3.203659057617187500e-01
-2.693752944469451904e-01
-2.932298779487609863e-01
nan
nan
nan
nan
-4.201901257038116455e-01
5.963091254234313965e-01
4.591344296932220459e-01
4.450542926788330078e-01
-8.362062573432922363e-01
4.545732438564300537e-01
-3.284239172935485840e-01
-3.325669169425964355e-01
-8.370078802108764648e-01
-1.874580681324005127e-01
6.090152263641357422e-01
-2.673303782939910889e-01
3.001531660556793213e-01
-1.999445408582687378e-01
5.552699416875839233e-02
-4.296443760395050049e-01
5.739827454090118408e-02
-2.364600300788879395e-01
-2.067505419254302979e-01
1.988151520490646362e-01
-4.836638867855072021e-01
-3.416539728641510010e-01
-8.950878679752349854e-02
6.636695265769958496e-01
-7.550660371780395508e-01
4.034015834331512451e-01
7.311106920242309570e-01
6.077032089233398438e-01
nan
nan
nan
nan
-1.000757098197937012e+00
-3.962308168411254883e-01
1.679838001728057861e-01
2.400951385498046875e-01
2.446292638778686523e-01
8.777888417243957520e-01
-1.363531202077865601e-01
-4.791387021541595459e-01
2.237298339605331421e-02
1.657803803682327271e-01
-7.891406863927841187e-02
2.310408204793930054e-01
-7.635071277618408203e-01
1.882950812578201294e-01
3.201389014720916748e-01
-4.638268947601318359e-01
-5.067533850669860840e-01
6.312811970710754395e-01
-2.962929606437683105e-01
-1.505916267633438110e-01
-5.883257836103439331e-02
4.250544011592864990e-01
1.480010449886322021e-01
9.495502114295959473e-01
2.506500342860817909e-03
2.039540112018585205e-01
4.908202290534973145e-01
2.897637486457824707e-01
nan
nan
nan
nan
-2.403406649827957153e-01
-7.542752474546432495e-02
-1.734424084424972534e-01
-3.930432349443435669e-02
1.062637940049171448e-01
2.352380193769931793e-02
-4.190690815448760986e-01
4.922438859939575195e-01
1.830025948584079742e-02
-3.545891940593719482e-01
-2.747616171836853027e-01
1.254512220621109009e-01
-1.192774847149848938e-01
2.350055985152721405e-02
2.912211716175079346e-01
-7.361449003219604492e-01
-3.548625409603118896e-01
-1.379296481609344482e-01
-4.215936958789825439e-01
1.678416579961776733e-01
2.798837721347808838e-01
-1.355084925889968872e-01
5.551424026489257812e-01
-1.954736858606338501e-01
7.647067308425903320e-01
-1.756403446197509766e-01
nan
2.726830244064331055e-01
nan
nan
nan
nan
2.500344216823577881e-01
-3.817401826381683350e-02
-1.562710553407669067e-01
-2.030616700649261475e-01
1.956939697265625000e-02
2.884199917316436768e-01
-3.934392929077148438e-01
1.410704106092453003e-01
6.945664286613464355e-01
5.757550001144409180e-01
-2.667940258979797363e-01
-8.564393967390060425e-03
-4.904108494520187378e-02
-2.834230065345764160e-01
2.390726655721664429e-01
2.840685844421386719e-01
7.070626318454742432e-02
8.302655816078186035e-01
4.531988203525543213e-01
5.253871437162160873e-03
-3.980411961674690247e-02
5.823108926415443420e-02
7.290152907371520996e-01
-1.560765951871871948e-01
1.512477844953536987e-01
-3.609966933727264404e-01
-3.363952338695526123e-01
2.307144105434417725e-01
nan
nan
nan
nan
-1.621404439210891724e-01
8.726519346237182617e-02
nan
-4.796169996261596680e-01
-5.508967116475105286e-02
-2.456077188253402710e-01
-9.927880764007568359e-02
-2.983852922916412354e-01
3.804370015859603882e-02
1.334626525640487671e-01
-9.581400752067565918e-01
4.993974864482879639e-01
3.022882044315338135e-01
-1.565250009298324585e-01
2.726941406726837158e-01
2.901106178760528564e-01
-3.403131961822509766e-01
8.528503030538558960e-02
9.502406418323516846e-02
-1.741407066583633423e-01
-9.208869934082031250e-02
-2.054200172424316406e-01
1.108182668685913086e+00
-4.171370342373847961e-02
6.226929277181625366e-02
4.385397434234619141e-01
-4.737283289432525635e-01
-9.666371345520019531e-02
nan
nan
nan
nan
-4.490259587764739990e-01
5.111356377601623535e-01
-2.440969496965408325e-01
-4.810564815998077393e-01
-3.035153746604919434e-01
1.475164294242858887e-01
6.942474097013473511e-02
6.187132596969604492e-01
1.197063565254211426e+00
1.059928178787231445e+00
-1.743618845939636230e-01
-2.049914300441741943e-01
-4.326716959476470947e-01
-1.321993321180343628e-01
-2.269873321056365967e-01
-2.996988594532012939e-02
-6.692747473716735840e-01
-4.249206781387329102e-01
6.402388215065002441e-02
-5.263676047325134277e-01
-7.452509999275207520e-01
-3.874177634716033936e-01
-4.183831438422203064e-02
-7.122573256492614746e-01
2.681992352008819580e-01
3.384267389774322510e-01
-3.560293614864349365e-01
1.362807005643844604e-01
nan
nan
nan
nan
8.333287835121154785e-01
2.518563568592071533e-01
-9.629310965538024902e-01
2.504416704177856445e-01
1.208503365516662598e+00
2.476162016391754150e-01
5.080457031726837158e-02
5.755472779273986816e-01
1.229840442538261414e-01
6.065834760665893555e-01
7.080034166574478149e-02
-6.390466094017028809e-01
-3.552470207214355469e-01
2.513149082660675049e-01
-5.813826918601989746e-01
3.290279805660247803e-01
5.432696938514709473e-01
-8.669750094413757324e-01
-2.715726494789123535e-01
-1.467486917972564697e-01
8.792039155960083008e-01
5.711216330528259277e-01
-7.124515250325202942e-03
9.441909193992614746e-02
-6.412746310234069824e-01
8.976275473833084106e-02
6.774727702140808105e-01
-2.035485357046127319e-01
nan
nan
nan
nan
-5.931262373924255371e-01
4.869706332683563232e-01
-9.048286676406860352e-01
-8.668164014816284180e-01
3.316187858581542969e-01
4.787045419216156006e-01
-1.405794322490692139e-01
-1.560456305742263794e-02
1.847444623708724976e-01
-7.489198446273803711e-01
5.129071474075317383e-01
-7.385113276541233063e-04
-1.072640419006347656e-01
6.943344473838806152e-01
-3.514155149459838867e-01
-7.833343744277954102e-02
2.068346180021762848e-02
3.848072886466979980e-01
7.023744583129882812e-01
-5.828937888145446777e-01
1.422950476408004761e-01
-8.338009119033813477e-01
-7.123818155378103256e-03
-1.253625564277172089e-02
-1.415220648050308228e-01
7.465091347694396973e-01
1.653862446546554565e-01
4.073354303836822510e-01
nan
nan
