nan
nan
-3.917226940393447876e-02
-3.133912011981010437e-02
-4.414630234241485596e-01
-1.732157319784164429e-01
-6.000642180442810059e-01
-8.970533609390258789e-01
-7.176741957664489746e-02
-2.008439153432846069e-01
-4.870558977127075195e-01
5.097090601921081543e-01
-2.523259520530700684e-01
1.437451243400573730e-01
-6.257972121238708496e-02
-4.404967725276947021e-01
-4.291921108961105347e-02
3.709135651588439941e-01
9.507822990417480469e-02
-4.056171178817749023e-01
-2.511480450630187988e-01
1.010792776942253113e-01
5.030878782272338867e-01
-5.669943094253540039e-01
2.360453158617019653e-01
1.798784732818603516e-01
7.501574754714965820e-01
2.117974609136581421e-01
8.101890087127685547e-01
6.917510628700256348e-01
nan
nan
nan
nan
-5.901188254356384277e-01
3.599450290203094482e-01
7.716759443283081055e-01
5.447736978530883789e-01
1.768919080495834351e-02
-7.818747758865356445e-01
-1.498181223869323730e-01
1.061758399009704590e+00
1.008132174611091614e-01
4.190571978688240051e-02
6.705474853515625000e-01
-1.600543968379497528e-02
-5.754050612449645996e-01
-6.337805390357971191e-01
1.748631298542022705e-01
7.219393253326416016e-01
4.294339716434478760e-01
5.460940003395080566e-01
-5.241262316703796387e-01
1.412325650453567505e-01
-2.112988233566284180e-01
4.989929199218750000e-01
3.902332782745361328e-01
-6.504493355751037598e-01
1.006573200225830078e+00
-3.727742135524749756e-01
-1.855372339487075806e-01
-7.345166057348251343e-02
nan
nan
nan
nan
3.384105563163757324e-01
8.190358877182006836e-01
-2.342757023870944977e-02
-4.995499551296234131e-01
2.186621725559234619e-01
-8.838196843862533569e-02
-7.226463556289672852e-01
1.438847929239273071e-01
-2.394993305206298828e-01
-4.192922636866569519e-02
4.561172425746917725e-01
3.572886586189270020e-01
5.719631910324096680e-01
2.685142494738101959e-02
1.651755571365356445e-01
-1.101593852043151855e+00
4.819062352180480957e-01
4.016539156436920166e-01
-1.623506397008895874e-01
2.792442142963409424e-01
5.848985314369201660e-01
-1.591756492853164673e-01
1.211018711328506470e-01
-2.774311006069183350e-01
8.898862637579441071e-03
1.874638199806213379e-01
-3.067064583301544189e-01
5.096305012702941895e-01
nan
nan
nan
nan
-6.224327683448791504e-01
9.357317537069320679e-02
1.157203614711761475e-01
-4.547038301825523376e-02
2.386417239904403687e-01
-5.574840307235717773e-01
2.951272428035736084e-01
9.184964001178741455e-03
1.593698561191558838e-01
5.069823265075683594e-01
5.893353819847106934e-01
5.654084682464599609e-01
6.068853735923767090e-01
1.145751476287841797e+00
-8.880911469459533691e-01
4.256336987018585205e-01
4.925528168678283691e-01
2.641729414463043213e-01
1.610978990793228149e-01
1.223244890570640564e-01
-2.347147017717361450e-01
-3.270801901817321777e-01
3.072144985198974609e-01
-1.069478869438171387e+00
-3.233792483806610107e-01
-9.679055213928222656e-02
1.249694749712944031e-01
4.452362656593322754e-01
nan
nan
nan
nan
4.044129848480224609e-01
-6.748349070549011230e-01
1.959640830755233765e-01
-1.044133543968200684e+00
6.108796000480651855e-01
1.328060328960418701e-01
-3.305590711534023285e-03
-3.081354498863220215e-02
-2.489864826202392578e-01
4.552095532417297363e-01
-2.558780908584594727e-01
1.811159402132034302e-01
4.505748748779296875e-01
4.632875323295593262e-01
-1.763958781957626343e-01
-5.794551372528076172e-01
-7.956218719482421875e-01
7.148390412330627441e-01
2.865370512008666992e-01
4.708074927330017090e-01
-8.075035214424133301e-01
-4.123184978961944580e-01
-4.869934022426605225e-01
-4.516957700252532959e-01
4.754421710968017578e-01
-3.334159404039382935e-02
-2.709934674203395844e-02
2.416993528604507446e-01
nan
nan
nan
nan
-2.507995069026947021e-02
5.255699157714843750e-01
-1.028986945748329163e-01
-8.476279377937316895e-01
1.043429732322692871e+00
-3.311566412448883057e-01
6.084244847297668457e-01
2.772169411182403564e-01
-1.546693205833435059e+00
6.957083344459533691e-01
6.097195204347372055e-03
6.360250115394592285e-01
2.019737362861633301e-01
-2.973777242004871368e-03
-4.671402275562286377e-02
3.512900471687316895e-01
7.761199474334716797e-01
-4.223120510578155518e-01
8.765138685703277588e-02
-4.066962599754333496e-01
5.493644475936889648e-01
-4.101475775241851807e-01
-2.556694485247135162e-02
4.248916357755661011e-02
1.239917725324630737e-01
-4.058824777603149414e-01
-4.528729021549224854e-01
6.591362357139587402e-01
nan
nan
nan
nan
-3.995657563209533691e-01
1.087135896086692810e-01
-3.928542733192443848e-01
-2.505797743797302246e-01
7.726980000734329224e-02
-1.644086837768554688e-01
1.530570089817047119e-01
1.492126882076263428e-01
3.764315545558929443e-01
8.184551000595092773e-01
-1.093438938260078430e-01
5.493970513343811035e-01
2.457122877240180969e-02
-9.992893785238265991e-03
3.834742605686187744e-01
8.231658339500427246e-01
1.965860091149806976e-02
-9.478744864463806152e-01
-2.751713097095489502e-01
-1.942692846059799194e-01
5.323017835617065430e-01
-2.370970100164413452e-01
-3.326324820518493652e-01
-5.826522707939147949e-01
-1.477175801992416382e-01
-1.072914823889732361e-01
-3.496682643890380859e-01
4.702155292034149170e-01
nan
nan
nan
nan
-3.901945948600769043e-01
1.803210824728012085e-01
-2.564849257469177246e-01
-9.659837484359741211e-01
-9.397762417793273926e-01
-1.965585350990295410e-01
2.096803039312362671e-01
-5.719229578971862793e-01
4.105045795440673828e-01
-3.795422613620758057e-01
-5.709078311920166016e-01
3.522086441516876221e-01
5.120368301868438721e-02
1.946843601763248444e-02
-6.934527158737182617e-01
3.912103176116943359e-01
-4.105726256966590881e-02
7.603444159030914307e-02
-5.640128850936889648e-01
5.754925012588500977e-01
-2.460418045520782471e-01
2.459678351879119873e-01
-4.964652657508850098e-01
-7.902917265892028809e-02
-3.028541505336761475e-01
1.234406903386116028e-01
-5.931940674781799316e-01
1.730442978441715240e-02
nan
nan
nan
nan
1.008930206298828125e+00
1.984739750623703003e-01
7.492762207984924316e-01
-1.123145580291748047e+00
6.095479130744934082e-01
-8.087376505136489868e-02
-1.060712486505508423e-01
-6.244190409779548645e-02
-4.643906056880950928e-01
-7.242205739021301270e-02
-3.208836913108825684e-02
-1.688157469034194946e-01
-3.180381357669830322e-01
5.025706291198730469e-01
3.109884560108184814e-01
5.412307381629943848e-01
-1.078719735145568848e+00
7.102058529853820801e-01
1.916667819023132324e-01
-2.144113481044769287e-01
-5.484336018562316895e-01
1.692204922437667847e-01
9.483447670936584473e-01
2.210167236626148224e-02
-2.350158691406250000e-01
-5.543991923332214355e-02
-8.591024875640869141e-01
1.031896993517875671e-01
nan
nan
nan
nan
1.824659705162048340e-01
-2.319839000701904297e-01
-5.481622815132141113e-01
3.980554640293121338e-01
-3.576663434505462646e-01
-1.231476068496704102e-01
-4.692374169826507568e-01
-9.733217954635620117e-02
-9.186242818832397461e-01
-1.536048054695129395e-01
-9.029247164726257324e-01
1.326639652252197266e-01
-5.241448283195495605e-01
-5.112125277519226074e-01
2.010397166013717651e-01
2.865130007266998291e-01
5.296726822853088379e-01
1.045469343662261963e-01
6.285091042518615723e-01
-8.984133601188659668e-02
1.174722090363502502e-01
4.251680374145507812e-01
-3.586401045322418213e-01
-7.293168306350708008e-01
8.248826116323471069e-02
7.501812577247619629e-01
2.503859400749206543e-01
-4.603440761566162109e-01
nan
nan
nan
nan
9.588409662246704102e-01
4.152348637580871582e-01
-7.227247208356857300e-02
6.040912494063377380e-02
3.810626864433288574e-01
7.082991003990173340e-01
-3.413268923759460449e-01
9.264813661575317383e-01
2.286807447671890259e-01
-1.061591878533363342e-01
1.895823031663894653e-01
2.723206877708435059e-01
9.165056049823760986e-02
4.075776338577270508e-01
-1.632802039384841919e-01
1.492840498685836792e-01
-4.975761771202087402e-01
4.778616428375244141e-01
-2.605894207954406738e-01
7.875635027885437012e-01
5.684387683868408203e-01
1.508665233850479126e-01
3.306505084037780762e-01
7.759025096893310547e-01
5.179163813591003418e-01
1.425240933895111084e-01
-2.830927670001983643e-01
-2.381316274404525757e-01
nan
nan
nan
nan
2.903304100036621094e-01
-5.729548335075378418e-01
3.250984549522399902e-01
2.243827730417251587e-01
-2.742384970188140869e-01
-5.505639314651489258e-01
3.591115474700927734e-01
1.537968963384628296e-01
-1.643191277980804443e-01
-9.566171169281005859e-01
8.679843544960021973e-01
2.127486765384674072e-01
3.621188998222351074e-01
3.288603425025939941e-01
-2.835236489772796631e-01
-2.917710542678833008e-01
2.734680473804473877e-01
-6.631596088409423828e-01
-5.433561205863952637e-01
-1.343875408172607422e+00
-1.131971359252929688e+00
1.342365797609090805e-02
1.671931520104408264e-02
-8.526426553726196289e-01
-5.014729499816894531e-01
-3.997327014803886414e-02
-5.459982156753540039e-01
-5.578726530075073242e-01
nan
nan
nan
nan
8.004061579704284668e-01
7.141053676605224609e-01
4.992213249206542969e-01
-3.515636026859283447e-01
-1.806168109178543091e-01
-1.538711227476596832e-02
3.366825580596923828e-01
7.152551319450139999e-03
-5.299753695726394653e-02
9.178850799798965454e-02
5.812060832977294922e-01
3.512232750654220581e-02
-7.493538260459899902e-01
-4.487456679344177246e-01
-2.154036462306976318e-01
1.478961557149887085e-01
-1.118596553802490234e+00
7.213506102561950684e-01
-1.104086279869079590e+00
1.318892557173967361e-02
-7.916573435068130493e-03
5.502882003784179688e-01
-3.532930314540863037e-01
-3.516207039356231689e-01
-5.626474618911743164e-01
-1.456913053989410400e-01
-1.037524193525314331e-01
-1.816769503057003021e-02
nan
nan
nan
nan
-7.216652035713195801e-01
4.633145332336425781e-01
-1.302017569541931152e+00
4.331699311733245850e-01
-6.815859675407409668e-02
2.672652481123805046e-03
-4.202889800071716309e-01
-1.118453964591026306e-01
-1.553023159503936768e-01
-1.233235120773315430e+00
-4.487859606742858887e-01
9.215980172157287598e-01
-1.845837533473968506e-01
7.179109454154968262e-01
-9.195297956466674805e-03
1.547431945800781250e-01
1.366894394159317017e-01
4.290004819631576538e-02
2.765123248100280762e-01
-2.689472734928131104e-01
4.365412890911102295e-01
4.763832390308380127e-01
1.637077927589416504e-01
2.769960463047027588e-01
8.052529692649841309e-01
-5.527561902999877930e-01
-4.574535489082336426e-01
1.122172027826309204e-01
nan
nan
nan
nan
2.560781836509704590e-01
-3.289602994918823242e-01
-5.626285076141357422e-01
4.177260994911193848e-01
7.785294651985168457e-01
-7.700557708740234375e-01
-8.321579694747924805e-01
-4.246186017990112305e-01
6.944390386343002319e-02
-1.673665791749954224e-01
5.378322601318359375e-01
-6.924328953027725220e-02
3.390518426895141602e-01
7.669619321823120117e-01
-2.340353727340698242e-01
-5.634900927543640137e-01
-8.314831554889678955e-02
-4.074125885963439941e-01
-1.710361838340759277e-01
-2.482483237981796265e-01
-5.570986866950988770e-01
5.092347264289855957e-01
1.402298510074615479e-01
-1.630347371101379395e-01
8.105646371841430664e-01
-1.637267321348190308e-02
-6.643269658088684082e-01
-7.712695002555847168e-01
nan
nan
nan
nan
-9.510947018861770630e-02
2.557479739189147949e-01
-3.876896202564239502e-01
1.995543949306011200e-03
-1.934811025857925415e-01
5.500883609056472778e-02
1.841610074043273926e-01
1.044523119926452637e-01
-6.768016815185546875e-01
1.810859441757202148e-01
7.359784841537475586e-01
6.487295031547546387e-01
-5.165919065475463867e-01
7.131841778755187988e-01
1.685835421085357666e-01
3.960826992988586426e-01
3.269009292125701904e-01
-5.264114141464233398e-01
1.283917069435119629e+00
2.217915654182434082e-01
-3.289667516946792603e-02
5.912656188011169434e-01
2.968646287918090820e-01
2.840315736830234528e-02
2.814503200352191925e-02
3.307293355464935303e-01
-2.731142565608024597e-02
7.856577634811401367e-01
nan
nan
nan
nan
6.863836646080017090e-01
1.147655725479125977e+00
-6.988286972045898438e-02
1.825089156627655029e-01
-6.585912108421325684e-01
-2.265376895666122437e-01
-7.579928040504455566e-01
4.150234460830688477e-01
6.421883106231689453e-01
-4.753573611378669739e-02
-3.260429501533508301e-01
1.370322853326797485e-01
5.348358154296875000e-01
5.752526596188545227e-02
9.706225991249084473e-01
3.835934400558471680e-01
4.816668331623077393e-01
2.764326632022857666e-01
-1.465144455432891846e-01
1.471458971500396729e-01
2.799601554870605469e-01
2.267812490463256836e-01
-1.947134733200073242e-01
3.447583317756652832e-01
1.047402471303939819e-01
2.089228332042694092e-01
-9.914682507514953613e-01
-1.364034414291381836e-01
nan
nan
nan
nan
-1.620045453310012817e-01
-7.740034461021423340e-01
-1.183882281184196472e-01
2.353212684392929077e-01
2.429169565439224243e-01
2.136050760746002197e-01
-3.770146965980529785e-01
1.925326734781265259e-01
-2.670975923538208008e-01
8.790210485458374023e-01
1.878048032522201538e-01
2.273324131965637207e-01
4.799074828624725342e-01
-4.633683264255523682e-01
2.134488672018051147e-01
-2.672096490859985352e-01
-1.101106628775596619e-01
-2.504245340824127197e-01
-5.199550464749336243e-02
6.043545603752136230e-01
-5.473539233207702637e-01
-5.965179577469825745e-02
-3.976070508360862732e-02
-2.458305656909942627e-01
-6.153958439826965332e-01
5.436716675758361816e-01
1.931982338428497314e-01
5.127519965171813965e-01
nan
nan
nan
nan
4.250648021697998047e-01
6.878969669342041016e-01
-3.228413462638854980e-01
-2.011999636888504028e-01
-1.313386410474777222e-01
1.694033294916152954e-01
-6.161574646830558777e-02
4.961259961128234863e-01
-3.611620366573333740e-01
-1.181780695915222168e+00
-6.253303289413452148e-01
6.467022299766540527e-01
-6.020501852035522461e-01
2.584173902869224548e-02
4.353753104805946350e-02
-8.952334523200988770e-03
-2.102610915899276733e-01
4.687586426734924316e-01
-1.061181724071502686e-01
2.700969576835632324e-01
-3.111681342124938965e-01
1.744470745325088501e-01
2.952370345592498779e-01
-2.644977904856204987e-02
-2.684806287288665771e-01
-3.912046179175376892e-02
nan
-1.199296712875366211e-01
nan
nan
nan
nan
-9.554066658020019531e-01
-5.392622202634811401e-02
7.962445169687271118e-02
-2.820161283016204834e-01
-7.814722061157226562e-01
-5.824598670005798340e-01
-1.979585550725460052e-02
-5.194574594497680664e-01
3.370766937732696533e-01
6.117216348648071289e-01
2.458609640598297119e-01
-4.448923170566558838e-01
5.143506452441215515e-02
-1.517461240291595459e-02
-1.942328736186027527e-02
1.135285019874572754e+00
-2.624039947986602783e-01
5.872764587402343750e-01
1.512142062187194824e+00
4.371952414512634277e-01
1.016411110758781433e-01
-6.892823576927185059e-01
6.700202822685241699e-01
-3.569903969764709473e-01
-6.594486832618713379e-01
3.158198595046997070e-01
3.876551687717437744e-01
9.543837308883666992e-01
nan
nan
nan
nan
-1.757840365171432495e-01
9.092281758785247803e-02
nan
-7.870388627052307129e-01
-1.322357952594757080e-01
-8.877137303352355957e-01
1.384222805500030518e-01
-5.751430988311767578e-01
7.287827134132385254e-01
1.104840487241744995e-01
2.703728675842285156e-01
7.135506719350814819e-02
-5.757611989974975586e-01
-4.350219853222370148e-03
9.819930791854858398e-01
2.007080465555191040e-01
-1.156679242849349976e-01
1.720820963382720947e-01
-6.690008044242858887e-01
-5.628830790519714355e-01
-1.772833466529846191e-01
-1.175959825515747070e+00
-1.581917852163314819e-01
8.317941427230834961e-01
5.852441191673278809e-01
3.887638151645660400e-01
1.515192389488220215e-01
4.812347590923309326e-01
nan
nan
nan
nan
-8.614664077758789062e-01
-4.013852477073669434e-01
-7.716057896614074707e-01
-1.204195261001586914e+00
6.127775311470031738e-01
2.783569395542144775e-01
-6.104314923286437988e-01
9.275486320257186890e-02
-5.230986475944519043e-01
-3.810574710369110107e-01
1.412470936775207520e-01
1.031616806983947754e+00
7.713361177593469620e-03
3.079662024974822998e-01
-4.917293488979339600e-01
2.454475685954093933e-02
8.931444287300109863e-01
2.251223474740982056e-01
1.106414437294006348e+00
-2.247415035963058472e-01
-4.038687050342559814e-01
2.212945520877838135e-01
1.332186609506607056e-01
1.255350112915039062e-01
6.168541908264160156e-01
1.519585028290748596e-02
-1.449835300445556641e-01
8.905559778213500977e-02
nan
nan
nan
nan
4.161494076251983643e-01
2.354230284690856934e-01
5.728201866149902344e-01
-7.163504362106323242e-01
-1.317751109600067139e-01
7.937434315681457520e-01
6.425689458847045898e-01
-9.880003929138183594e-01
-1.029946565628051758e+00
9.977462887763977051e-01
1.019045989960432053e-02
1.362163126468658447e-01
-7.177208662033081055e-01
-4.646681845188140869e-01
-1.358006596565246582e-01
-2.296245247125625610e-01
5.630705505609512329e-02
1.068768978118896484e+00
-4.674609005451202393e-01
-5.443577170372009277e-01
-5.662244185805320740e-02
7.759927213191986084e-02
5.165292695164680481e-02
-1.462829113006591797e-01
-3.651314079761505127e-01
-6.220119446516036987e-02
-3.417918458580970764e-02
7.858932614326477051e-01
nan
nan
nan
nan
2.716433405876159668e-01
6.899375319480895996e-01
8.313456177711486816e-02
5.467423200607299805e-01
1.087102651596069336e+00
-5.588800311088562012e-01
-1.492578908801078796e-02
-1.810929179191589355e-01
-2.236396968364715576e-01
-4.163486659526824951e-01
4.015988409519195557e-01
4.752045497298240662e-02
7.214829325675964355e-02
-8.155685663223266602e-01
3.960213661193847656e-01
3.056658059358596802e-02
-1.570422649383544922e-01
3.660533577203750610e-02
-8.052519708871841431e-02
-6.951089948415756226e-02
-7.604694962501525879e-01
-2.019339352846145630e-01
6.536902785301208496e-01
1.651422619819641113e+00
1.324816048145294189e-01
1.087893024086952209e-01
2.160619646310806274e-01
-4.531133472919464111e-01
nan
nan
