nan
nan
-1.027283244662814621e+00
-6.340928077697753906e-01
-1.385932922363281250e+00
6.962508625454373323e-01
4.826510217454698104e-01
5.864494641621907922e-01
-1.625123818715413504e-01
-2.339326540629068918e-01
3.043752776251898995e-01
-4.979295730590820312e-01
-1.217652214898003571e+00
5.169509781731499443e-01
2.037888897789849052e-01
1.571930885314941406e+00
6.008868416150410681e-03
5.645253393385145646e-01
-8.542420466740925644e-02
-3.371761904822455636e-01
1.695913871129353934e-01
-1.409371799892849442e+00
3.304904301961262836e-01
7.935922940572103235e-01
-5.059668752882215959e-01
-2.603433661990695591e-01
4.114984406365288505e-01
-8.697405391269259489e-01
5.442971653408474469e-02
3.094988928900824776e-01
nan
nan
nan
nan
5.527847607930501672e-01
-4.860297838846842633e-01
1.053416781955295090e+00
1.211315128538343611e-01
-9.036860863367716934e-02
9.156584209865994417e-01
-1.014568434821234710e+00
2.600515683492024555e-01
-3.290778530968559989e-01
-8.947659598456488839e-01
-4.327833652496337891e-02
-5.624860127766927453e-01
-1.066261609395344978e+00
-2.473705344729953404e-01
-5.896527502271864396e-01
2.372467517852783203e-01
2.802655696868896484e-01
-3.176293373107910156e-01
1.430792278713650223e+00
5.016375117831759489e-01
9.686891767713758927e-01
-1.198334958818223772e-01
-3.986155721876356584e-01
-3.456526597340901508e-01
-1.261526107788085938e+00
-3.257577286826239538e-02
-4.181461334228515625e-01
7.016983562045626677e-01
nan
nan
nan
nan
-5.441732936435275114e-01
-9.263841840955946427e-01
2.167998207939995758e+00
-1.305107116699218750e+00
-1.018575774298773773e+00
-1.316698127322726841e-01
-7.192663616604275667e-01
-9.998410542805989953e-01
-2.234938144683837891e-01
1.138458649317423549e-01
1.118674212031894183e-02
-8.176161448160806922e-01
8.721431758668687917e-02
-5.001283221774630583e-01
2.603032059139675503e-01
6.898845566643608818e-01
-4.379980299207899552e-01
9.292467965020073661e-01
-9.869116677178276786e-01
9.209763209025064734e-01
-1.472498363918728348e+00
5.762262344360351562e-01
1.558383517795138840e+00
-2.733838558197021484e-01
7.047138611475627090e-02
-4.483924971686469307e-01
-7.422003216213650667e-01
3.907489445474413015e-02
nan
nan
nan
nan
-1.562217500474717857e+00
-1.194912062750922210e+00
-9.510938326517741348e-02
1.160826047261555916e+00
-9.955894682142469865e-01
1.038392278883192299e+00
7.213394906785752791e-01
9.995194541083441964e-01
1.846756617228190178e+00
2.131002346674601144e-01
-5.446414417690701448e-01
-1.315160433451334709e+00
-7.754856215582953682e-01
1.032588322957356697e+00
-2.988390392727321987e-01
5.423124101426866073e-01
-8.759566942850748328e-01
-7.041681607564290735e-01
-7.121408780415853235e-01
-2.086874114142523995e-01
-1.220579041375054352e+00
-7.773416307237412948e-01
8.548387553956773854e-02
-8.225798077053494417e-01
-1.104522599114312165e+00
1.340396139356825056e-01
-1.087857670254177567e+00
6.175496843126084823e-01
nan
nan
nan
nan
-7.400009897020127791e-01
6.916539933946397323e-01
1.769174469841851005e-01
1.099460495842827790e+00
1.080559518602159264e+00
1.956358220842149553e-01
8.274728457132974890e-01
4.230347474416096820e-01
2.753513918982611886e-01
-1.059965663486056808e+00
-7.804959085252549666e-01
-1.003121905856662277e+00
2.827698124779595146e-01
1.553257836235894196e+00
-5.514584316147698451e-02
-1.263099988301594978e+00
1.129677772521972656e+00
1.754176033867730133e+00
1.256222830878363617e+00
1.426237742106119866e+00
-6.570637491014268416e-01
-1.290451818042331333e-01
5.337977409362792969e-01
3.095099396175808315e-01
-4.802894592285156250e-01
1.243276172214084152e+00
1.664612160788642159e-01
4.192021571927600533e-03
nan
nan
nan
nan
6.975018713209364396e-01
-6.226770612928602677e-01
5.982971191406250000e-01
9.345812267727321432e-02
5.676245689392089844e-01
-4.972529941134982701e-01
-1.951459911134507952e-01
-8.965959548950195312e-01
-8.254583146837022323e-01
1.449000040690104241e+00
-6.043258772956000557e-01
-9.240452448527017859e-01
-3.366563320159912109e-01
1.121420860290527344e+00
4.986161655849880581e-01
1.242027150260077567e-01
-4.020010100470648995e-01
5.598662694295247766e-01
-8.954409493340386161e-01
9.120660358005099333e-01
-1.305383708741929827e-01
-8.484751383463541297e-01
2.118184407552083481e+00
-4.303929011027018414e-01
7.430309719509549105e-01
3.253690931532118302e-01
-4.469318389892578125e-01
6.892718209160698661e-01
nan
nan
nan
nan
7.145442962646484375e-01
-6.081506411234537390e-01
8.216955396864149552e-01
-2.323742972479926339e-01
9.114014307657877234e-01
-6.273029786017206462e-04
1.197676128811306473e+00
3.993130260043674107e-01
9.426267411973741073e-01
-6.278989050123426896e-01
8.077710469563802453e-01
6.995024151272244417e-01
-1.014639430575900558e+00
-5.648875236511230469e-01
7.697115474277071989e-01
8.011384540134005583e-01
-2.779113981458876115e-01
-5.520474645826551896e-01
-1.061804771423339844e+00
-2.725374433729383927e-01
1.267057922151353655e-01
-1.606853670544094448e-01
4.815965758429633370e-01
-1.250379880269368582e-01
-6.121813986036512834e-01
-1.049917327033148773e+00
5.629675123426649552e-01
1.414606518215603348e+00
nan
nan
nan
nan
5.998702181710137415e-02
6.846473481920030135e-01
-7.858706050448946989e-01
3.518930011325412388e-01
2.026782300737169085e-01
-8.152409129672579802e-01
9.527068667941623881e-02
6.560853852166069755e-01
4.272240267859565011e-01
-6.142587661743164062e-01
-4.967629644605848771e-01
4.356701374053955078e-01
-2.446258068084716797e-01
-7.727167341444227677e-01
-3.937967618306477680e-01
-1.604508188035753014e+00
-1.434947331746419197e+00
-8.234906196594238281e-02
-1.580139663484361467e-01
-3.895481692420111886e-01
-8.777787420484755021e-01
-3.895617061191135044e-01
1.307352383931477957e-01
-8.516434033711751672e-01
3.546482324600219727e-02
5.063954459296332589e-01
-1.147133509318033900e-01
-4.276517497168647042e-01
nan
nan
nan
nan
-8.118320571051703682e-01
-1.198358668221367745e-01
-3.815831608242458706e-01
5.007676018608940849e-01
6.964720620049370536e-01
-4.817654821607801896e-01
1.111619075139363561e-01
9.742277993096245536e-01
-7.844520277447170065e-02
-2.043444183137681780e-01
-1.027365922927856445e-01
1.640351401435004242e+00
1.658259497748481026e-01
1.577825148900350027e-01
4.746706618203057337e-02
5.965757899814181364e-01
6.697738170623779297e-02
4.397246307796902065e-01
2.444087664286295480e-01
-6.441255675421820870e-01
-2.509515020582411271e-01
1.115622414482964508e+00
8.069916566212971543e-02
6.340124871995713729e-01
-8.981892135408189870e-02
1.123626073201497322e+00
-3.144148985544840680e-01
1.249425676133897545e+00
nan
nan
nan
nan
-1.574138323465983147e+00
-6.444799635145399552e-01
-9.623903698391385042e-01
1.081429918607075963e-01
-5.907654762268066406e-01
2.354653676350911551e-01
2.589590496487087723e+00
-4.909461339314778461e-01
1.432613584730360268e+00
-4.339959091610378628e-01
1.181323793199327288e-01
2.559933397505018693e-01
4.459780057271321430e-01
4.201831022898356305e-01
-7.168581750657823104e-01
9.302493201361762276e-01
-1.230536142985026116e+00
1.322832107543945312e+00
-3.857589827643500557e-01
6.102797720167372209e-01
-1.266321500142415291e+00
3.406645986768934709e-01
1.276791228188408622e-01
-2.534559832678900948e-01
-1.452121734619140625e-01
6.619286537170410156e-02
7.778798739115396765e-01
2.239876058366563616e-01
nan
nan
nan
nan
-1.182963715659247489e-01
-1.479259279039170982e+00
-1.146865632798936607e+00
6.250905990600585938e-01
-4.151712788475884208e-01
8.124904102749295198e-01
-3.339705732133653182e-01
1.058989948696560379e+00
4.995261828104655133e-01
1.683351563082800817e-02
-6.850610176722209121e-02
5.473011334737142297e-01
6.028880543178982698e-01
-6.434888839721679688e-01
-7.076875368754068640e-01
1.497667100694444420e+00
1.458064715067545515e-02
-1.302564806408352260e-01
-1.700445943408542271e-01
-1.016757223341200056e-01
-8.308892779880100443e-02
7.006709443198309850e-02
-1.359743754069010491e+00
5.590872764587402344e-01
-2.345097329881456194e-01
5.417535702387491631e-02
3.383413619465298200e-02
1.329934120178222656e+00
nan
nan
nan
nan
-1.176543765597873326e-01
-4.319860140482584820e-01
-5.484029981825087052e-01
-9.032070371839735490e-01
2.806778748830159320e-01
9.094510608249239958e-01
1.146839565700954910e+00
-6.403345531887478792e-01
4.463435278998481026e-01
-8.817018932766385042e-01
3.504184616936577568e-01
-7.263230747646756136e-01
-4.279880788591172713e-01
1.324121475219726562e+00
-7.068616549173990515e-01
-5.492818090650770646e-01
-4.181250731150309430e-01
-1.769629584418402901e-01
9.847689006063673617e-03
1.090010735723707380e-01
-5.034092267354329797e-01
9.525967703925238839e-01
-7.892605993482801896e-01
2.984806961483425503e-01
6.821901268429225729e-02
3.560349411434597378e-01
5.817352930704752234e-01
-7.419276767306857145e-01
nan
nan
nan
nan
-1.205482482910156250e+00
2.333062224917941685e-01
-2.654289404551188336e-01
-1.275762054655286970e-01
3.044661945766872768e-01
-1.418776194254557366e+00
-2.021677758958604632e-01
-5.265771018134223214e-01
-8.682718806796603239e-01
4.137605296240912667e-01
1.613823440339830217e-01
1.869720882839626785e+00
6.747433344523111609e-01
7.954979472690157927e-01
-2.750330087211397007e-03
5.772818459404839286e-01
2.824076811472575055e-01
-6.361690627204047432e-01
4.002681838141547432e-01
9.794245825873481026e-01
-7.961508962843152903e-02
-4.877698686387803573e-01
8.840991655985513953e-01
3.591241041819254742e-01
8.965870406892564870e-02
-9.056194093492295760e-01
1.966220670276218052e-01
5.853028827243380583e-01
nan
nan
nan
nan
1.055562694867451939e-01
-2.082751592000325669e+00
-1.032867113749186272e+00
-3.595576286315917969e-01
-8.952418300840589427e-02
5.769706832038031807e-01
4.591629240247938615e-01
-6.119761996799044645e-01
5.555974112616645089e-01
-3.908964527977837333e-01
5.330206553141275672e-01
-1.562461058298746652e-01
-1.789920462502373466e-01
8.959296544392904016e-01
4.263917605082194195e-01
8.409334288703070870e-01
-1.737098296483357840e-01
-5.014633602566189730e-01
1.356430901421441071e+00
1.164285129970974442e+00
2.561350133683946151e-01
-3.211623297797309151e-01
-3.315386242336696987e-01
-1.028613117006089983e-01
1.231693903605143303e+00
-4.419318570031059989e-01
-1.108275307549370758e+00
-8.188300000296698522e-02
nan
nan
nan
nan
-6.609230571322970427e-01
-2.834165096282958984e-02
-7.983434465196397323e-01
-1.015383932325575111e+00
1.635350863138834709e+00
2.222501436869303293e-01
1.249104075961642857e-01
1.376416020923190708e-01
1.410060061348809013e-01
1.528428183661566742e+00
-6.546399990717570450e-02
1.440292994181315178e+00
3.157111273871527901e-01
-4.219600889417860490e-01
9.322160482406616211e-02
-6.179539693726433455e-03
-5.704702801174588167e-01
-1.261160002814398773e+00
-5.174583527776929759e-02
1.284902625613742466e-01
-4.374602370791965122e-01
-1.015960799323187835e+00
4.414752059512668247e-01
-1.899306509229871931e-01
-4.631215201483832589e-01
2.202538649241129465e-01
-1.472008360756767997e-01
-8.785501586066352120e-01
nan
nan
nan
nan
-1.209122207429673967e-01
-2.441813945770263672e-01
4.257279502020941964e-01
-7.428892453511556360e-01
3.621803654564751396e-01
-4.521390597025553570e-01
2.070976760652330217e-01
3.615366617838541852e-01
-7.870044708251953125e-01
-1.820072809855143303e+00
-4.969002935621473771e-01
-2.278180652194553013e-01
-6.905402607387967073e-01
-1.044242646959092857e+00
1.470839712354871931e-01
-3.850931061638726005e-01
6.582005288865830916e-01
6.710512903001573104e-01
-7.800936698913574219e-01
9.334495994779798411e-02
-6.222865846421983260e-01
-1.125894228617350334e+00
-1.527575519349839983e-01
-2.985209359063042411e-01
1.145942158169216629e+00
3.813404242197672711e-01
-4.576752450731065291e-01
7.946279976103040599e-02
nan
nan
nan
nan
-1.367181248135036942e+00
-5.688112576802571985e-01
-1.576451301574707031e+00
-3.948312865363227120e-01
-3.898645506964789620e-01
-1.074541303846571205e+00
2.693032688564724331e-01
-1.279071913825140960e+00
-6.426063113742404020e-01
-1.012852880689832924e+00
6.153579288058810270e-01
6.148795021904839286e-01
1.429304546780056473e+00
-1.670683622360229492e-01
-7.266871796713934850e-02
-2.782874107360839844e-01
5.841387642754448661e-01
7.665840784708659317e-02
-1.659183369742499581e-01
4.379471672905815849e-01
-3.637340333726670760e-01
-6.732619073655869979e-01
1.097635057237413170e+00
4.513721466064453125e-01
-8.800627390543619422e-01
-1.669508934020996094e+00
-1.129159609476725334e+00
1.212645954555935379e+00
nan
nan
nan
nan
1.115899191962347992e+00
-2.550366189744737166e-01
-8.425609800550672990e-01
8.445906109280056917e-01
1.231954574584960938e+00
3.067346149020724888e-01
-5.978460311889648438e-01
-1.438723776075575111e+00
-8.860188722610473633e-02
4.444814787970648995e-01
1.952363881799909842e-02
4.685300721062554130e-01
1.394803159766726947e-02
7.708573341369628906e-02
3.758708635965983258e-01
2.375249067942301340e-01
-9.812179141574435270e-01
-3.546315762731763743e-02
-3.434136178758409041e-01
-7.995944552951388395e-01
1.149954160054524666e+00
2.998648749457465401e-01
-1.311869833204481361e+00
6.491285562515258789e-02
-5.032031403647528600e-02
1.146270963880750893e+00
2.653202911218007290e-02
-6.540182431538900110e-01
nan
nan
nan
nan
-5.044566260443793526e-01
9.778322643703885042e-01
3.614926338195800781e-01
4.272423055436875838e-01
4.882292615042792272e-02
-9.228724373711479911e-01
7.766676478915743864e-01
-4.286527103847927456e-01
-2.510605653127034320e-01
-3.456706470913357143e-01
9.715714984469943083e-01
-6.496965090433756140e-01
-2.642359998491075057e-01
4.166350099775526505e-01
-1.133721801969740095e-01
3.848442766401502513e-02
-4.690439502398172783e-02
-1.567722956339518137e-01
3.549891842736138114e-01
8.322978549533419645e-01
4.234720865885416852e-01
-1.102103021409776451e+00
3.898964987860785714e-01
2.542048825158013114e-01
4.586853981018066406e-01
-1.032011376486884208e-01
-4.841219716601901507e-02
1.010619905259874107e+00
nan
nan
nan
nan
1.826505661010742188e+00
-5.410030682881673547e-01
1.124570899539523716e-01
-4.380016061994764787e-01
9.417184193929036828e-01
1.177354653676350865e-01
-9.547625647650824776e-01
8.014181454976400110e-01
1.316527366638183594e+00
1.633254024717542829e-01
-2.167032427257961635e-01
2.565835052066379185e-01
2.441625860002305803e-01
-1.003571086459689621e+00
-1.896588007609049553e+00
-1.436334504021538727e+00
7.177225748697916297e-01
5.370754135979546318e-01
1.856760236952039955e+00
-1.612507237328423271e-01
-1.766635179519653320e-01
3.570307890574137555e-01
3.503432803683810826e-01
3.446293671925862445e-01
-1.606712871127658482e-01
3.222252262963188896e-01
-4.444660610622829799e-01
1.070634192890591030e-01
nan
nan
nan
nan
-4.298339684804280414e-01
1.423540777630276088e-01
1.132452328999837166e+00
-8.261416223314073104e-01
-6.196043756273057479e-01
4.336067040761311664e-01
1.614141596688164482e-01
-1.813967757754855747e-01
-1.350429058074951172e-01
-7.179817093743218193e-01
-4.144321282704671039e-01
-3.827297687530517578e-02
5.058667394849989396e-01
-5.078658527798123323e-01
-1.643876075744628906e+00
-6.041669315761990511e-01
5.656710730658637276e-01
4.489841461181640625e-01
4.052999019622802734e-01
7.605588701036241073e-01
-9.905762970447540283e-03
3.422342406378852120e-01
-4.664642545912001115e-01
-1.351933744218614397e-01
-7.237086296081542969e-01
-1.446982065836588616e+00
-1.166413731045193192e+00
-5.809320343865288505e-01
nan
nan
nan
nan
1.322212749057345871e+00
1.225288814968533035e+00
7.891417079501681364e-01
3.747624158859252930e-02
3.429137865702311383e-01
9.130903879801431922e-01
-5.846869150797525672e-01
-3.554424444834391461e-01
-1.200739860534667969e+00
1.163828372955322266e-01
1.051044397883945103e-01
4.471564822726779576e-01
8.035624821980794641e-01
-5.877915488349066964e-01
-8.523645930820040739e-01
1.276190121968587166e+00
3.891662226782904854e-01
-3.269734382629394531e-01
1.670103073120117188e+00
-3.062924014197455636e-01
9.337455696529811666e-02
7.321999867757161828e-01
-4.830445713467068081e-01
1.047477192348904129e+00
-5.394556787278916854e-01
1.169801923963758705e+00
-5.582989586724175224e-01
-3.266326321495903739e-01
nan
nan
nan
nan
-8.764184845818413505e-01
2.681805524561140311e-02
-1.196317778693305023e+00
1.341208616892496652e-01
-2.855548328823513393e-01
1.111295488145616295e+00
-1.751452419492933454e-01
4.251197973887125836e-01
-1.284942732916937835e+00
6.634155909220377234e-01
8.975538677639431917e-01
8.427005873786078682e-01
8.681120342678494417e-01
2.839316791958279018e-01
-1.453025605943467857e+00
4.940754572550455914e-01
-5.634409056769477120e-01
2.664591736263698940e-01
-2.666075759463840122e-01
1.445697360568576340e+00
-9.892063140869140625e-01
1.691756513383653460e-01
6.771759457058377230e-01
-8.386806911892361605e-01
-8.101125293307833708e-01
-1.206029123730129604e-01
1.577322483062744141e-01
-9.385130140516493302e-01
nan
nan
nan
nan
1.776135232713487444e-01
1.511647171444363003e-01
7.586377991570366630e-01
3.252487712436252232e-01
8.992628521389431917e-01
nan
7.451140615675184709e-01
8.483277956644693640e-01
-1.833205487993028460e-01
8.963404761420356026e-01
1.571574211120605469e-01
-4.421943823496500836e-01
2.745035489400227680e-01
-4.206982188754611607e-01
5.836556752522786828e-01
-8.077727953592935828e-01
3.580764134724934711e-01
4.448405371771918526e-01
6.586837768554687500e-01
2.494757440355089007e-01
-2.161968019273546038e-01
-2.947659757402207870e-01
-8.400687244203355886e-02
4.797696537441677456e-01
-5.184852812025282365e-01
-9.666933483547635042e-01
-5.303274790445963172e-01
-8.539662758509318496e-02
nan
nan
