nan
nan
1.887851238250732422e+00
7.600222229957580566e-01
-6.445611715316772461e-01
-1.622351646423339844e+00
4.379778206348419189e-01
-4.230232536792755127e-01
1.611775159835815430e+00
6.690736860036849976e-03
3.804941177368164062e-01
-1.010208010673522949e+00
-7.757918834686279297e-01
-7.136715650558471680e-01
2.791188657283782959e-01
-1.118607878684997559e+00
-3.331526219844818115e-01
-9.099255204200744629e-01
-1.856399297714233398e+00
1.374668162316083908e-02
-8.010379672050476074e-01
1.600443720817565918e+00
-5.968731641769409180e-02
-1.486779093742370605e+00
-3.840092718601226807e-01
-1.810037046670913696e-01
-5.295979380607604980e-01
1.804530918598175049e-01
9.822217822074890137e-01
-5.165112614631652832e-01
nan
nan
nan
nan
-4.188261330127716064e-01
4.104336500167846680e-01
6.667820364236831665e-02
-3.897799849510192871e-01
5.595375299453735352e-01
-7.497999072074890137e-02
1.848053745925426483e-02
1.590538382530212402e+00
-1.347800970077514648e+00
1.303074240684509277e+00
1.234245181083679199e+00
5.159323215484619141e-01
1.892957091331481934e-01
-1.022422790527343750e+00
-1.269904822111129761e-01
3.439930081367492676e-01
9.633795171976089478e-02
-2.304850704967975616e-02
-1.081458806991577148e+00
1.379584372043609619e-01
1.490474939346313477e-01
9.915683865547180176e-01
1.239329218864440918e+00
-9.010202288627624512e-01
-1.149417683482170105e-01
-1.352019235491752625e-02
1.130522489547729492e+00
4.911598563194274902e-01
nan
nan
nan
nan
8.408915400505065918e-01
5.727992653846740723e-01
-3.967756032943725586e-01
1.301904559135437012e+00
2.757614552974700928e-01
3.160929381847381592e-01
-8.212725520133972168e-01
1.476308345794677734e+00
1.113712906837463379e+00
1.248899221420288086e+00
3.195554018020629883e-01
-4.296728670597076416e-01
1.520272642374038696e-01
1.332099795341491699e+00
-5.015930533409118652e-01
-5.400564670562744141e-01
4.619767367839813232e-01
-1.683815568685531616e-01
-2.068482935428619385e-01
2.484552562236785889e-01
-3.717506527900695801e-01
6.758758425712585449e-01
-1.263265252113342285e+00
-5.494131445884704590e-01
8.501902818679809570e-01
3.925240337848663330e-01
3.749923408031463623e-01
-1.631606370210647583e-01
nan
nan
nan
nan
1.040648579597473145e+00
2.407014369964599609e-01
7.550058960914611816e-01
2.505213618278503418e-01
5.360020399093627930e-01
-1.177878379821777344e+00
-1.303765773773193359e+00
-2.144698619842529297e+00
-1.036528587341308594e+00
5.662794783711433411e-02
-1.140780746936798096e-01
1.569561362266540527e+00
5.792132616043090820e-01
2.500787973403930664e-01
5.295779109001159668e-01
-3.553057312965393066e-01
8.738744258880615234e-01
-3.428828716278076172e-01
8.737818598747253418e-01
6.613429188728332520e-01
3.227061033248901367e-01
8.616927862167358398e-01
1.405984401702880859e+00
2.022596359252929688e+00
1.238561153411865234e+00
4.453183338046073914e-02
1.586458981037139893e-01
-3.504784107208251953e-01
nan
nan
nan
nan
-3.537900745868682861e-01
-1.079157367348670959e-01
1.742764115333557129e-01
8.399426937103271484e-02
-4.271562099456787109e-01
5.876019001007080078e-01
-9.268277883529663086e-01
-6.055677533149719238e-01
1.714977622032165527e-01
1.251045107841491699e+00
-6.797566413879394531e-01
1.640204340219497681e-01
3.895228505134582520e-01
-1.794194459915161133e+00
5.240630507469177246e-01
3.380351662635803223e-01
-1.125921607017517090e+00
-5.612825751304626465e-01
-4.865909740328788757e-02
-2.869671285152435303e-01
8.024361133575439453e-01
-8.217116445302963257e-02
-1.211787760257720947e-01
-1.997744105756282806e-02
-1.628242373466491699e+00
-1.925312519073486328e+00
1.077039957046508789e+00
5.127876400947570801e-01
nan
nan
nan
nan
1.298903375864028931e-01
5.591408610343933105e-01
-3.073235154151916504e-01
1.224840998649597168e+00
5.337565541267395020e-01
-5.689065456390380859e-01
1.237136960029602051e+00
2.646062672138214111e-01
5.368643403053283691e-01
-1.232472419738769531e+00
-7.424309849739074707e-01
2.432532459497451782e-01
-1.036390423774719238e+00
-1.283114314079284668e+00
-1.253354907035827637e+00
1.998350173234939575e-01
1.167228937149047852e+00
-7.547681331634521484e-01
-9.978116303682327271e-02
1.535771638154983521e-01
6.629778742790222168e-01
-7.245671153068542480e-01
-1.327145546674728394e-01
-4.762543141841888428e-01
-4.925737380981445312e-01
7.723792195320129395e-01
-6.665730476379394531e-01
-1.436630964279174805e+00
nan
nan
nan
nan
-7.635012269020080566e-01
5.187179520726203918e-02
-2.447139739990234375e+00
-3.906708955764770508e-01
-3.481005728244781494e-01
8.464099168777465820e-01
-1.346669048070907593e-01
1.404012799263000488e+00
-1.211292386054992676e+00
1.198318749666213989e-01
5.802611112594604492e-01
-1.176470756530761719e+00
-1.061431467533111572e-01
1.513627290725708008e+00
-1.070982336997985840e+00
-4.524874389171600342e-01
-1.986085921525955200e-01
-7.698921561241149902e-01
1.275861740112304688e+00
-1.733241796493530273e+00
2.699207961559295654e-01
-1.702016741037368774e-01
-4.953645765781402588e-01
-1.146552115678787231e-01
6.833727955818176270e-01
3.021686375141143799e-01
-6.317808032035827637e-01
-1.799628496170043945e+00
nan
nan
nan
nan
-1.753227561712265015e-01
-8.687809109687805176e-01
4.992434084415435791e-01
-1.310335695743560791e-01
3.554660975933074951e-01
-2.994445264339447021e-01
-1.097901225090026855e+00
3.536612093448638916e-01
5.776976346969604492e-01
4.860865473747253418e-01
4.723283648490905762e-01
3.789186179637908936e-01
7.749930769205093384e-02
-5.242744088172912598e-01
-6.215399503707885742e-01
1.684694528579711914e+00
9.866455793380737305e-01
-1.628386229276657104e-01
1.079462289810180664e+00
1.430262207984924316e+00
1.492292284965515137e-01
-1.007711514830589294e-01
-1.418724656105041504e+00
5.746508240699768066e-01
-3.152892589569091797e-01
3.943687677383422852e-01
-5.998089909553527832e-01
5.041953921318054199e-01
nan
nan
nan
nan
9.342128634452819824e-01
9.186790585517883301e-01
5.299271941184997559e-01
4.320765845477581024e-03
-7.702353000640869141e-01
-1.599761098623275757e-02
-1.048387512564659119e-01
-9.873381257057189941e-01
3.573597371578216553e-01
1.055964469909667969e+00
-1.098288297653198242e+00
8.321624994277954102e-02
-5.168142914772033691e-02
1.223759651184082031e+00
-1.340028762817382812e+00
-5.278581976890563965e-01
3.038761913776397705e-01
-8.519653081893920898e-01
5.197560191154479980e-01
-7.533824443817138672e-01
-2.869158983230590820e-01
-1.914708018302917480e+00
-7.379335165023803711e-01
2.798837423324584961e-01
-6.773571372032165527e-01
-4.881025552749633789e-01
-2.895316667854785919e-02
6.395036578178405762e-01
nan
nan
nan
nan
-6.360026001930236816e-01
3.151663839817047119e-01
-2.018332332372665405e-01
-8.908107876777648926e-01
9.618241190910339355e-01
8.070594817399978638e-02
-2.232954263687133789e+00
-2.725655436515808105e-01
-1.034081801772117615e-01
-1.701914072036743164e-01
-5.200109258294105530e-02
-6.027169227600097656e-01
-1.264980077743530273e+00
-1.936326503753662109e+00
3.873783051967620850e-01
-7.910482883453369141e-01
2.371221065521240234e+00
3.246964812278747559e-01
-5.609018802642822266e-01
-1.848742485046386719e+00
1.906482502818107605e-02
-4.174427986145019531e-01
-5.684698820114135742e-01
-4.464140906929969788e-02
1.248694807291030884e-01
-1.359595298767089844e+00
-7.548700571060180664e-01
-3.310421407222747803e-01
nan
nan
nan
nan
6.277482509613037109e-01
6.642304658889770508e-01
-6.395239233970642090e-01
-7.323494553565979004e-01
7.748509049415588379e-01
-1.109251022338867188e+00
1.613583564758300781e-01
-5.571179986000061035e-01
1.075508892536163330e-01
1.570845209062099457e-02
3.377746343612670898e-01
-6.602477431297302246e-01
-1.590481281280517578e+00
5.806712508201599121e-01
1.101346492767333984e+00
-1.487292885780334473e+00
-4.042029082775115967e-01
2.697899937629699707e-01
4.067373573780059814e-01
-1.426114559173583984e+00
1.083054780960083008e+00
-1.916430830955505371e+00
8.061276078224182129e-01
1.151009649038314819e-01
6.575969457626342773e-01
-3.682552278041839600e-01
9.050478935241699219e-01
-1.387052893638610840e+00
nan
nan
nan
nan
2.327273190021514893e-01
-1.705505512654781342e-02
-6.887366771697998047e-01
-1.028641223907470703e+00
1.122025728225708008e+00
-6.791133284568786621e-01
-1.676522374153137207e+00
9.572088122367858887e-01
2.049292922019958496e-01
-4.972128868103027344e-01
-1.192954421043395996e+00
1.249995827674865723e+00
-3.650051653385162354e-01
-1.195008635520935059e+00
5.773169994354248047e-01
-9.778794646263122559e-02
4.065414965152740479e-01
1.881276667118072510e-01
1.000870823860168457e+00
-1.378834396600723267e-01
7.390473037958145142e-02
5.581118464469909668e-01
4.254079163074493408e-01
-1.689226984977722168e+00
-3.283759355545043945e-01
9.350597858428955078e-02
-3.254697620868682861e-01
-1.381550449877977371e-02
nan
nan
nan
nan
1.433750510215759277e+00
-5.847284793853759766e-01
-8.861816525459289551e-01
-8.290932774543762207e-01
-1.013695836067199707e+00
1.558639764785766602e+00
-1.398157000541687012e+00
7.615249752998352051e-01
6.314725279808044434e-01
6.949391961097717285e-02
-7.971406579017639160e-01
-2.000684022903442383e+00
-9.556328058242797852e-01
-8.813878893852233887e-01
-2.411941885948181152e-01
-2.307635098695755005e-01
-2.133207917213439941e-01
-9.018454551696777344e-01
3.335307836532592773e-01
1.377333849668502808e-01
-4.715557023882865906e-02
6.447481513023376465e-01
-1.859153270721435547e+00
-1.618245989084243774e-01
8.536226153373718262e-01
5.446731671690940857e-02
-1.087573528289794922e+00
-6.505608558654785156e-02
nan
nan
nan
nan
1.212024807929992676e+00
4.171828627586364746e-01
2.819841206073760986e-01
1.008893013000488281e+00
1.285993307828903198e-01
-3.960650414228439331e-02
-9.665722846984863281e-01
-5.444073677062988281e-01
-1.143116712570190430e+00
-2.594626247882843018e-01
2.708411812782287598e-01
-4.555826783180236816e-01
-1.565724968910217285e+00
-5.217092037200927734e-01
-4.909268617630004883e-01
-1.001113355159759521e-01
-3.714369833469390869e-01
3.053934872150421143e-01
-8.672326803207397461e-01
-3.197345137596130371e-01
2.915648818016052246e-01
1.037953972816467285e+00
1.215232163667678833e-01
-5.431302785873413086e-01
1.725043356418609619e-01
-5.794594883918762207e-01
6.206858158111572266e-01
-8.168235421180725098e-01
nan
nan
nan
nan
-1.430173218250274658e-02
-8.525501489639282227e-01
-4.848934412002563477e-01
-5.213848352432250977e-01
-2.524413466453552246e-01
4.618784189224243164e-01
5.581843256950378418e-01
1.052269339561462402e+00
6.463033556938171387e-01
-4.381091296672821045e-01
5.155736804008483887e-01
-1.115633964538574219e+00
-1.336391091346740723e+00
-4.556676745414733887e-01
1.013171076774597168e+00
3.254623711109161377e-02
-4.293715655803680420e-01
7.906547188758850098e-01
-6.504093110561370850e-02
-9.203522205352783203e-01
9.777942895889282227e-01
7.896825075149536133e-01
9.760066866874694824e-02
-1.106307148933410645e+00
5.325136780738830566e-01
3.637115955352783203e-01
2.431491762399673462e-01
6.816854476928710938e-01
nan
nan
nan
nan
-5.925909280776977539e-01
2.327555865049362183e-01
3.069950044155120850e-01
4.579529464244842529e-01
-2.826586961746215820e-01
1.726613402366638184e+00
5.137096643447875977e-01
-5.903364419937133789e-01
7.702276110649108887e-01
1.753729343414306641e+00
1.188934564590454102e+00
-3.106899857521057129e-01
9.369958937168121338e-02
-6.819839775562286377e-02
-7.361877560615539551e-01
8.803273439407348633e-01
-1.245695710182189941e+00
8.114981055259704590e-01
1.466391444206237793e+00
-6.162635684013366699e-01
-6.137896776199340820e-01
2.559651136398315430e-01
-1.235815733671188354e-01
7.804858684539794922e-01
-1.136920809745788574e+00
-5.904259532690048218e-02
1.548960655927658081e-01
-4.386244118213653564e-01
nan
nan
nan
nan
-7.855738997459411621e-01
1.013134360313415527e+00
-1.551189720630645752e-01
-1.607778295874595642e-02
-1.389683485031127930e-01
-5.803022533655166626e-02
-1.028974577784538269e-01
6.461820602416992188e-01
2.864016033709049225e-02
9.885939210653305054e-02
8.673965930938720703e-01
-7.379428744316101074e-01
-5.186530351638793945e-01
1.463968157768249512e+00
-2.825036644935607910e-01
-1.023292303085327148e+00
-1.175360083580017090e+00
8.188612014055252075e-02
9.983245730400085449e-01
1.988282203674316406e-01
-3.095297813415527344e-01
-1.220854401588439941e+00
7.117996215820312500e-01
-2.350433915853500366e-01
2.146921634674072266e+00
-3.505168259143829346e-01
6.858307719230651855e-01
-7.508147358894348145e-01
nan
nan
nan
nan
-4.773230254650115967e-01
5.679406523704528809e-01
-2.273866236209869385e-01
1.251108646392822266e+00
-1.201855421066284180e+00
3.094039857387542725e-03
2.130972594022750854e-01
2.152503728866577148e+00
-9.122852981090545654e-02
-1.168870702385902405e-01
-6.130981445312500000e-01
-1.602633833885192871e+00
2.035231590270996094e+00
3.258851170539855957e-01
1.626918315887451172e-01
-5.500971674919128418e-01
-3.929614126682281494e-01
5.974337458610534668e-02
5.010554939508438110e-02
8.861307501792907715e-01
-9.810700416564941406e-01
8.661371655762195587e-03
7.653893828392028809e-01
2.684085629880428314e-02
4.707011580467224121e-01
-4.062817394733428955e-01
-2.549112141132354736e-01
2.630208386108279228e-03
nan
nan
nan
nan
-5.314351320266723633e-01
-3.794679343700408936e-01
-3.587285578250885010e-01
4.945640265941619873e-01
3.595219925045967102e-02
-3.883337974548339844e-02
-9.077666997909545898e-01
3.643435835838317871e-01
7.957737147808074951e-02
1.926608830690383911e-01
-1.114532947540283203e+00
3.400294184684753418e-01
2.690432369709014893e-01
-1.613252401351928711e+00
-1.684197187423706055e-01
8.389407396316528320e-01
3.060528635978698730e-01
-9.141739010810852051e-01
8.342206478118896484e-02
-6.013000011444091797e-01
-1.350525319576263428e-01
1.096749067306518555e+00
4.523809254169464111e-01
1.276028007268905640e-01
9.674835801124572754e-01
-9.562076628208160400e-02
-4.884586334228515625e-01
-4.918312132358551025e-01
nan
nan
nan
nan
-6.440590023994445801e-01
-3.431677520275115967e-01
-9.237949848175048828e-01
-1.430970191955566406e+00
-4.370021522045135498e-01
-8.606466650962829590e-01
-3.343805968761444092e-01
-6.470034122467041016e-01
6.725637912750244141e-01
-9.359182715415954590e-01
-7.329372316598892212e-02
1.049321055412292480e+00
-2.140447264537215233e-03
-6.649329662322998047e-01
2.290704727172851562e+00
5.105305910110473633e-01
-2.702175378799438477e-01
-2.025527000427246094e+00
-4.083771407604217529e-01
7.314473390579223633e-01
-8.279114961624145508e-01
-4.438512325286865234e-01
-9.326035976409912109e-01
1.647811532020568848e+00
4.404807388782501221e-01
1.151639223098754883e-02
2.745678722858428955e-01
3.831143677234649658e-01
nan
nan
nan
nan
-3.252045214176177979e-01
1.888843417167663574e+00
-5.319692492485046387e-01
7.465900182723999023e-01
-8.537065982818603516e-01
3.458562791347503662e-01
-6.243187189102172852e-01
-4.961878359317779541e-01
-6.087330579757690430e-01
-5.207832455635070801e-01
-4.574796184897422791e-02
-4.504476189613342285e-01
1.093436717987060547e+00
2.025948911905288696e-01
6.446639299392700195e-01
1.304522901773452759e-01
-7.651222497224807739e-02
3.677599132061004639e-01
4.366191625595092773e-01
-4.078662395477294922e-01
-3.588198721408843994e-01
-2.539396286010742188e-01
3.642770051956176758e-01
-4.601806998252868652e-01
-3.255548179149627686e-01
7.891432046890258789e-01
-7.547491788864135742e-01
-9.128854274749755859e-01
nan
nan
nan
nan
7.892253398895263672e-01
-6.939057111740112305e-01
-5.094326734542846680e-01
2.719104588031768799e-01
-8.545650839805603027e-01
-4.867203831672668457e-01
5.560835599899291992e-01
6.624238491058349609e-01
7.290886044502258301e-01
-7.957791686058044434e-01
4.444762468338012695e-01
-4.813542962074279785e-01
2.975300848484039307e-01
-4.678140580654144287e-02
-2.764526307582855225e-01
2.743167877197265625e-01
2.449304312467575073e-01
9.409704208374023438e-01
2.172314375638961792e-01
5.403752923011779785e-01
2.309659242630004883e+00
-6.935206651687622070e-01
6.955062747001647949e-01
-1.668982952833175659e-01
7.890908718109130859e-01
-3.444289267063140869e-01
3.668985366821289062e-01
8.776326775550842285e-01
nan
nan
nan
nan
3.165248036384582520e-02
3.749901652336120605e-01
-1.804682612419128418e-02
4.095711410045623779e-01
1.533794254064559937e-01
-1.539778470993041992e+00
1.530998945236206055e+00
-3.886348009109497070e-02
9.119914174079895020e-01
-3.405287563800811768e-01
-6.544874310493469238e-01
-2.819034084677696228e-02
-3.044096827507019043e-01
2.024956941604614258e-01
1.554377079010009766e+00
-2.444027513265609741e-01
6.519820094108581543e-01
4.214229285717010498e-01
6.409933790564537048e-03
2.318001836538314819e-01
7.826548069715499878e-02
2.928492426872253418e-01
5.863411426544189453e-01
9.303856492042541504e-01
8.520414829254150391e-01
-3.868232667446136475e-01
1.070066809654235840e+00
1.280835509300231934e+00
nan
nan
nan
nan
1.236661314964294434e+00
3.105182051658630371e-01
-8.161391615867614746e-01
-9.609428793191909790e-02
5.030441284179687500e-01
nan
6.395937204360961914e-01
-9.877955913543701172e-01
-3.614205718040466309e-01
-8.991850018501281738e-01
7.731130123138427734e-01
-5.991866588592529297e-01
-4.077398777008056641e-01
6.336078643798828125e-01
-1.091541767120361328e+00
2.158955782651901245e-01
9.240371733903884888e-02
-2.713906019926071167e-02
-3.657378852367401123e-01
-2.201329320669174194e-01
4.618178308010101318e-01
-8.903415203094482422e-01
-3.584797084331512451e-01
1.024325728416442871e+00
5.316735506057739258e-01
6.178188920021057129e-01
-2.128459066152572632e-01
-8.761405348777770996e-01
nan
nan
