nan
nan
5.781015157699584961e-01
8.270086348056793213e-02
-2.068838924169540405e-01
6.111197471618652344e-01
-1.066086411476135254e+00
-2.347261160612106323e-01
6.249872446060180664e-01
-4.837502539157867432e-01
2.706142961978912354e-01
1.321876764297485352e+00
-2.300115860998630524e-02
-2.224543690681457520e-01
5.237296968698501587e-02
1.118673756718635559e-01
-8.128934353590011597e-02
1.264505386352539062e+00
-1.807239055633544922e-01
1.383619308471679688e+00
5.662266612052917480e-01
3.734252452850341797e-01
7.899740934371948242e-01
1.757722139358520508e+00
-7.282766047865152359e-03
5.841491818428039551e-01
-8.581553101539611816e-01
-1.041746020317077637e+00
6.252247095108032227e-01
-2.320945858955383301e-01
nan
nan
nan
nan
7.973782420158386230e-01
-6.440529972314834595e-02
-1.643812894821166992e+00
-1.061322093009948730e+00
-1.641207575798034668e+00
6.799814105033874512e-01
1.557901620864868164e+00
1.155037581920623779e-01
3.773137629032135010e-01
5.876619815826416016e-01
3.336982727050781250e-01
-6.600633263587951660e-01
-4.964507222175598145e-01
2.683742642402648926e-01
-8.896888494491577148e-01
-7.187532633543014526e-02
-6.279371380805969238e-01
-2.454531751573085785e-02
9.900289773941040039e-02
9.065867066383361816e-01
-3.614650666713714600e-02
7.703984379768371582e-01
-2.182836979627609253e-01
2.333468645811080933e-01
7.302034497261047363e-01
3.514388203620910645e-01
-1.336815595626831055e+00
-1.548084169626235962e-01
nan
nan
nan
nan
-4.202642142772674561e-01
5.629001259803771973e-01
-8.295606970787048340e-01
-1.099805116653442383e+00
-3.023788332939147949e-01
3.859684467315673828e-01
-7.115172743797302246e-01
1.986468434333801270e+00
3.012143373489379883e-01
5.656115412712097168e-01
3.279322385787963867e-02
7.419419288635253906e-02
4.359706342220306396e-01
1.407743096351623535e+00
6.580222249031066895e-01
4.735156595706939697e-01
-5.478698015213012695e-01
2.101021409034729004e-01
1.791519641876220703e+00
5.657212734222412109e-01
8.905380368232727051e-01
-1.540826410055160522e-01
1.796118766069412231e-01
-2.071540802717208862e-02
-4.620318412780761719e-01
-1.663158684968948364e-01
-2.897097468376159668e-01
1.241337418556213379e+00
nan
nan
nan
nan
-4.377828836441040039e-01
-8.156408071517944336e-01
2.476828843355178833e-01
4.162785410881042480e-01
5.745227932929992676e-01
-6.235145926475524902e-01
-6.131725013256072998e-02
1.421509236097335815e-01
-4.162307083606719971e-01
-5.406460762023925781e-01
5.124207139015197754e-01
-1.768101006746292114e-01
1.745412051677703857e-01
1.085886359214782715e+00
2.673137187957763672e-01
4.844532907009124756e-01
-9.370899796485900879e-01
-3.112922906875610352e-01
3.407989069819450378e-02
-5.131859779357910156e-01
-9.836283922195434570e-01
1.312291979789733887e+00
2.095149010419845581e-01
4.476443231105804443e-01
-6.044892072677612305e-01
-5.251471996307373047e-01
2.386350929737091064e-02
1.031251072883605957e+00
nan
nan
nan
nan
-1.008833289146423340e+00
-6.733694672584533691e-01
-5.578899979591369629e-01
1.488532543182373047e+00
7.341396212577819824e-01
9.145145118236541748e-02
9.369335770606994629e-01
1.308730095624923706e-01
-8.983707427978515625e-01
3.134631514549255371e-01
-2.025011330842971802e-01
-4.793848097324371338e-02
-3.815779685974121094e-01
6.793870329856872559e-01
5.167018771171569824e-01
9.945337772369384766e-01
-1.374268889427185059e+00
-5.510030314326286316e-02
5.343740582466125488e-01
2.395820468664169312e-01
5.764186978340148926e-01
-1.404429078102111816e+00
-8.879205584526062012e-01
-1.343723773956298828e+00
1.725693225860595703e+00
1.150012850761413574e+00
-5.478248000144958496e-01
1.183668613433837891e+00
nan
nan
nan
nan
-1.003631353378295898e+00
4.331742525100708008e-01
2.260829061269760132e-01
-4.113060235977172852e-01
8.942890763282775879e-01
1.629687428474426270e+00
-3.358772695064544678e-01
8.016129732131958008e-01
9.755285382270812988e-01
-7.131134271621704102e-01
9.153994917869567871e-01
-6.996796131134033203e-01
8.241615295410156250e-01
1.913521766662597656e+00
-2.323930561542510986e-01
9.298905134201049805e-01
-2.256704807281494141e+00
9.096959233283996582e-01
-5.020855665206909180e-01
1.500959515571594238e+00
8.712501823902130127e-02
2.153037860989570618e-02
3.721713125705718994e-01
-1.099447369575500488e+00
-1.422808170318603516e+00
6.935013532638549805e-01
-1.872173845767974854e-01
1.212318167090415955e-01
nan
nan
nan
nan
-3.393799066543579102e-01
-3.391245007514953613e-01
1.043968081474304199e+00
4.758187830448150635e-01
-4.732649773359298706e-02
6.097968220710754395e-01
-1.275242567062377930e-01
3.917120993137359619e-01
-1.197539195418357849e-01
1.558721959590911865e-01
-1.035260677337646484e+00
-1.067001461982727051e+00
-1.482227444648742676e-01
1.415138006210327148e+00
-3.594274818897247314e-01
-3.178898692131042480e-01
-8.731549978256225586e-02
6.625679135322570801e-01
-1.170764207839965820e+00
1.296458393335342407e-01
-2.274009212851524353e-02
6.567876040935516357e-02
-7.733850479125976562e-01
1.100571632385253906e+00
1.665370106697082520e+00
-3.314017355442047119e-01
-3.809323608875274658e-01
-1.586204953491687775e-02
nan
nan
nan
nan
-9.484469890594482422e-01
-7.098878026008605957e-01
6.560171246528625488e-01
-3.398043215274810791e-01
2.498037219047546387e-01
-1.699386984109878540e-01
-9.501436948776245117e-01
7.306925654411315918e-01
4.969590008258819580e-01
-5.441662073135375977e-01
-1.036007404327392578e+00
3.296874463558197021e-01
-3.185191154479980469e-01
6.953592300415039062e-01
-1.571896970272064209e-01
-9.255185723304748535e-02
2.522193193435668945e-01
3.122422611340880394e-03
1.078210711479187012e+00
-4.686802029609680176e-01
1.103590726852416992e+00
8.326051235198974609e-01
-5.607888102531433105e-01
8.966419696807861328e-01
-1.017604589462280273e+00
3.001434803009033203e-01
2.134303748607635498e-01
5.716897919774055481e-02
nan
nan
nan
nan
-1.105945855379104614e-01
1.476411104202270508e+00
1.587031967937946320e-02
8.822965025901794434e-01
-3.386184573173522949e-01
8.055243492126464844e-01
1.203992128372192383e+00
-5.709182024002075195e-01
-3.220042586326599121e-01
9.788177609443664551e-01
6.713555455207824707e-01
-9.524784684181213379e-01
1.756605207920074463e-01
1.020019292831420898e+00
-6.753803491592407227e-01
2.933125197887420654e-01
4.603193402290344238e-01
-2.506915628910064697e-01
4.389404952526092529e-01
7.488206773996353149e-02
2.144538313150405884e-01
8.536843210458755493e-02
1.136280179023742676e+00
3.552154600620269775e-01
6.576614379882812500e-01
-6.356641650199890137e-01
-4.135146737098693848e-01
6.770403385162353516e-01
nan
nan
nan
nan
9.408643245697021484e-01
1.205614209175109863e+00
7.076002955436706543e-01
-4.081363081932067871e-01
8.246161341667175293e-01
5.532521605491638184e-01
4.239499270915985107e-01
-2.558193206787109375e-01
-2.063623070716857910e-02
-2.521101534366607666e-01
9.411723613739013672e-01
-1.767607331275939941e-01
4.433542788028717041e-01
-3.121548295021057129e-01
4.451853632926940918e-01
1.020462870597839355e+00
1.313968181610107422e+00
4.601200819015502930e-01
8.792530894279479980e-01
5.870956778526306152e-01
1.358726859092712402e+00
-2.053705453872680664e-01
-4.839813411235809326e-01
9.050006270408630371e-01
1.873208582401275635e-01
2.767902910709381104e-01
-1.659044772386550903e-01
-1.213859438896179199e+00
nan
nan
nan
nan
7.339057326316833496e-01
8.814563155174255371e-01
-9.269423484802246094e-01
-1.122760549187660217e-01
-4.862146973609924316e-01
1.318409800529479980e+00
-7.048131823539733887e-01
4.647517502307891846e-01
1.429375112056732178e-01
4.883799850940704346e-01
6.699686050415039062e-01
-1.832937955856323242e+00
-1.494563221931457520e+00
-1.437629014253616333e-01
-1.224241495132446289e+00
-1.575011610984802246e-01
-2.299075722694396973e-01
-1.165368795394897461e+00
8.959556818008422852e-01
-7.938002347946166992e-01
-9.225717782974243164e-01
2.345666140317916870e-01
1.625478714704513550e-01
-1.840937435626983643e-01
-4.474503397941589355e-01
6.082097291946411133e-01
3.504465818405151367e-01
-9.065857529640197754e-01
nan
nan
nan
nan
9.943050742149353027e-01
-6.550819873809814453e-01
-7.107836604118347168e-01
6.808344721794128418e-01
-7.154873609542846680e-01
1.266672909259796143e-01
-8.104300498962402344e-01
9.855576157569885254e-01
-2.143524885177612305e-01
-5.153547525405883789e-01
-2.283332645893096924e-01
1.088346719741821289e+00
1.373355507850646973e+00
5.856280326843261719e-01
-1.018101096153259277e+00
-4.089918434619903564e-01
1.045422554016113281e+00
1.265295594930648804e-02
-4.513593614101409912e-01
7.878512144088745117e-02
-4.376085996627807617e-01
-1.399685740470886230e+00
-3.674948513507843018e-01
9.071207046508789062e-01
3.610433340072631836e-01
1.529422998428344727e-01
-1.011405229568481445e+00
1.452578067779541016e+00
nan
nan
nan
nan
-4.911824688315391541e-02
-9.790096282958984375e-01
-4.640783369541168213e-01
-1.511010229587554932e-01
9.628202319145202637e-01
-8.854470252990722656e-01
4.348497092723846436e-01
-1.367332458496093750e+00
-5.541489720344543457e-01
-9.580057263374328613e-01
5.691091716289520264e-02
-7.456598430871963501e-02
3.721356689929962158e-01
1.536282420158386230e+00
-1.365557789802551270e+00
6.763614416122436523e-01
1.255802392959594727e+00
-4.428726434707641602e-01
6.941835880279541016e-01
-2.400393486022949219e-01
-1.451948642730712891e+00
-4.349218606948852539e-01
1.852360218763351440e-01
6.807618141174316406e-01
-5.831415057182312012e-01
-6.296468973159790039e-01
-7.189459800720214844e-01
-3.874706029891967773e-01
nan
nan
nan
nan
-4.710911214351654053e-01
-1.277454614639282227e+00
-4.205932319164276123e-01
6.853842735290527344e-02
4.020753130316734314e-02
-5.607093498110771179e-02
-6.092769503593444824e-01
4.726747572422027588e-01
7.003321498632431030e-02
1.647922024130821228e-02
-4.164807870984077454e-02
3.078083693981170654e-01
3.001063130795955658e-02
-6.608414649963378906e-01
-9.520602822303771973e-01
4.316892027854919434e-01
1.866032779216766357e-01
7.726874947547912598e-02
1.692984342575073242e+00
-9.366818517446517944e-02
-1.208264708518981934e+00
-9.129157662391662598e-02
-1.347337603569030762e+00
2.338203936815261841e-01
-7.378391921520233154e-02
-2.417660057544708252e-01
9.157850742340087891e-01
9.343206286430358887e-01
nan
nan
nan
nan
3.082197010517120361e-01
1.013200879096984863e+00
1.422689855098724365e-01
8.648638129234313965e-01
-2.909790575504302979e-01
2.765617966651916504e-01
-9.715440869331359863e-01
-2.479396462440490723e-01
1.707601398229598999e-01
5.763850212097167969e-01
-3.383966982364654541e-01
-2.043742418289184570e+00
-6.852114200592041016e-01
6.265227794647216797e-01
8.388687372207641602e-01
1.518323719501495361e-01
-5.102826952934265137e-01
3.604516759514808655e-02
3.963537216186523438e-01
-1.196579813957214355e+00
-8.610561490058898926e-01
9.274508804082870483e-02
3.871963024139404297e-01
-3.179553151130676270e-01
1.064027070999145508e+00
5.185091495513916016e-01
5.271704196929931641e-01
-3.447712361812591553e-01
nan
nan
nan
nan
-4.477730095386505127e-01
4.403105974197387695e-01
4.446601271629333496e-01
-9.639598727226257324e-01
8.505343794822692871e-01
-7.051408886909484863e-01
-1.831699252128601074e+00
3.358747661113739014e-01
-2.210740596055984497e-01
-4.210844039916992188e-01
1.035658642649650574e-01
7.638681530952453613e-01
9.534968435764312744e-02
-3.291978836059570312e-01
-7.740698009729385376e-02
1.215235114097595215e+00
5.135347843170166016e-01
2.244289875030517578e+00
8.681803345680236816e-01
9.264553785324096680e-01
9.742130637168884277e-01
-1.706533581018447876e-01
-3.190661668777465820e-01
-1.226465821266174316e+00
1.835068017244338989e-01
9.698908030986785889e-02
1.685600638389587402e+00
-7.352766394615173340e-01
nan
nan
nan
nan
1.094466209411621094e+00
3.278188407421112061e-01
7.325467467308044434e-02
2.304894104599952698e-02
-1.184284925460815430e+00
7.596118450164794922e-01
2.962336838245391846e-01
-2.616055011749267578e-01
1.255255460739135742e+00
-1.088734567165374756e-01
4.307375848293304443e-01
-1.162110924720764160e+00
6.411716938018798828e-01
3.144443929195404053e-01
5.950567126274108887e-01
1.396568417549133301e-01
-7.021653056144714355e-01
3.229455351829528809e-01
8.592548370361328125e-01
-1.514029651880264282e-01
1.524861454963684082e+00
5.394533872604370117e-01
-2.050402313470840454e-01
7.685056924819946289e-01
6.804826259613037109e-01
1.709344685077667236e-01
-1.245432376861572266e+00
-5.410697460174560547e-01
nan
nan
nan
nan
-2.295534824952483177e-03
-5.849335789680480957e-01
-1.925285309553146362e-01
9.796234965324401855e-01
1.290649533271789551e+00
1.113334521651268005e-01
-5.008594393730163574e-01
1.354362666606903076e-01
-5.977710485458374023e-01
-2.661690302193164825e-02
-9.705047011375427246e-01
-8.317174315452575684e-01
-2.638848423957824707e-01
-1.860657036304473877e-01
-1.030667781829833984e+00
1.277517080307006836e-01
1.261750936508178711e+00
-5.809391736984252930e-01
9.815680980682373047e-02
6.454189121723175049e-02
2.088590711355209351e-01
-8.922894597053527832e-01
-9.149608612060546875e-01
-5.852537751197814941e-01
7.262600064277648926e-01
-3.278181254863739014e-01
-1.042839884757995605e+00
4.271708726882934570e-01
nan
nan
nan
nan
5.621308684349060059e-01
3.915755748748779297e-01
-7.853842973709106445e-01
2.003650180995464325e-02
-5.240976065397262573e-02
-7.335844635963439941e-01
-7.082355618476867676e-01
1.160170674324035645e+00
7.218632102012634277e-01
2.913827300071716309e-01
2.455849885940551758e+00
-1.117426872253417969e+00
5.158628225326538086e-01
-6.230946779251098633e-01
4.492825269699096680e-01
-3.492914140224456787e-01
-4.144605696201324463e-01
-2.012392580509185791e-01
-8.065041303634643555e-01
-7.492116689682006836e-01
5.283081531524658203e-02
2.492571026086807251e-01
-1.308365702629089355e+00
-5.827411413192749023e-01
6.939353942871093750e-01
3.747840970754623413e-02
-6.119819879531860352e-01
-7.405159622430801392e-02
nan
nan
nan
nan
2.078404724597930908e-01
8.629484772682189941e-01
9.592620134353637695e-01
-1.469319343566894531e+00
-1.937888711690902710e-01
1.359879493713378906e+00
4.749536812305450439e-01
-1.369450241327285767e-02
3.489436209201812744e-01
-1.033748090267181396e-01
-1.168069601058959961e+00
1.749522089958190918e-01
5.668815970420837402e-01
-4.281530976295471191e-01
3.080664575099945068e-01
1.709761023521423340e+00
4.166254401206970215e-01
7.148487567901611328e-01
-1.330528855323791504e+00
1.231274455785751343e-01
-9.807722270488739014e-02
-6.880035996437072754e-01
1.079998388886451721e-01
-3.305862247943878174e-01
1.883856505155563354e-01
4.169114828109741211e-01
6.046800017356872559e-01
-1.152444258332252502e-01
nan
nan
nan
nan
1.148577872663736343e-02
8.620181083679199219e-01
nan
-2.230359017848968506e-01
6.162058711051940918e-01
-7.196160405874252319e-02
-2.432460039854049683e-01
-4.960270226001739502e-01
1.912143379449844360e-01
1.287474632263183594e+00
-9.759537577629089355e-01
-6.749682873487472534e-02
-2.503674924373626709e-01
-1.493842482566833496e+00
1.098811104893684387e-01
-1.047924757003784180e+00
5.981061458587646484e-01
-2.410373464226722717e-02
5.529984831809997559e-01
1.243273019790649414e+00
7.663423418998718262e-01
-1.383479237556457520e+00
1.207219958305358887e+00
-7.223685383796691895e-01
7.686516642570495605e-01
-4.968487024307250977e-01
-6.041112542152404785e-01
-2.549404203891754150e-01
nan
nan
nan
nan
1.163349866867065430e+00
-1.944263726472854614e-01
-1.435063481330871582e-01
-6.038061380386352539e-01
-2.927940189838409424e-01
-6.970904469490051270e-01
1.320311874151229858e-01
8.450720310211181641e-01
1.464998442679643631e-02
4.717985391616821289e-01
1.765186190605163574e-01
-6.713879704475402832e-01
1.603007614612579346e-01
-5.403178334236145020e-01
-4.921136498451232910e-01
1.106898427009582520e+00
1.717967540025711060e-01
2.564761638641357422e-01
-1.412624493241310120e-02
-1.393405646085739136e-01
8.419480323791503906e-01
-4.240292012691497803e-01
3.084542453289031982e-01
-8.729921579360961914e-01
7.117211073637008667e-02
-1.243405342102050781e+00
7.595241069793701172e-01
4.543449282646179199e-01
nan
nan
nan
nan
-7.336367368698120117e-01
1.058001160621643066e+00
-7.394706010818481445e-01
1.354535226710140705e-03
8.671299815177917480e-01
5.829707384109497070e-01
-1.344303637742996216e-01
-2.893207669258117676e-01
4.391504526138305664e-01
1.155562475323677063e-01
-1.725804805755615234e-01
3.205325305461883545e-01
6.668762862682342529e-02
1.620420098304748535e+00
-1.717891216278076172e+00
-4.811978042125701904e-01
3.124991953372955322e-01
1.101649776101112366e-01
-4.681066572666168213e-01
-2.785947620868682861e-01
2.423103004693984985e-01
-6.144696963019669056e-04
-1.740093231201171875e-01
4.973989427089691162e-01
2.152774855494499207e-02
-1.907625198364257812e-01
-3.579483330249786377e-01
-6.580397486686706543e-01
nan
nan
nan
nan
3.278041481971740723e-01
2.994323670864105225e-01
-8.310147374868392944e-02
4.852336347103118896e-01
1.775840222835540771e-01
nan
8.140233159065246582e-02
-5.394865274429321289e-01
9.956007599830627441e-01
-1.207382798194885254e+00
4.830537438392639160e-01
1.523023009300231934e+00
3.048802316188812256e-01
1.699413180351257324e+00
1.283376574516296387e+00
-4.336744174361228943e-02
1.279828310012817383e+00
1.226401254534721375e-01
3.315035626292228699e-02
1.400091648101806641e+00
-6.540945768356323242e-01
3.181326091289520264e-01
6.095665693283081055e-01
4.357923567295074463e-01
2.136160433292388916e-01
9.849836230278015137e-01
1.345448613166809082e+00
3.305531442165374756e-01
nan
nan
