nan
nan
1.027313828468322754e+00
-6.274188309907913208e-02
1.358136057853698730e+00
4.052625000476837158e-01
-1.702312231063842773e-01
1.334010601043701172e+00
-3.721812963485717773e-01
1.335783749818801880e-01
-7.545939683914184570e-01
-1.569991558790206909e-01
3.243780136108398438e-01
2.744426950812339783e-02
8.214052915573120117e-01
5.861508846282958984e-01
-4.958547353744506836e-01
-2.052682399749755859e+00
-2.886132001876831055e-01
-1.861760258674621582e+00
-9.978184103965759277e-01
3.697291612625122070e-01
1.346418023109436035e+00
-9.125180244445800781e-01
-9.854672551155090332e-01
-1.272380590438842773e+00
-8.637769818305969238e-01
-1.237810015678405762e+00
-4.388805627822875977e-01
-1.282652139663696289e+00
nan
nan
nan
nan
1.055626749992370605e+00
-7.508475333452224731e-02
5.518074631690979004e-01
-1.733229160308837891e-01
-1.941843926906585693e-01
5.803191065788269043e-01
1.590711832046508789e+00
8.795293569564819336e-01
1.526705622673034668e-01
-4.798731803894042969e-01
3.852137029170989990e-01
6.103898584842681885e-02
-1.227179095149040222e-01
-1.141312360763549805e+00
-1.778552532196044922e-01
2.127727568149566650e-01
1.282599925994873047e+00
-1.639885306358337402e+00
1.543056778609752655e-02
1.421449035406112671e-01
-6.034598946571350098e-01
5.222141146659851074e-01
1.828293800354003906e-01
-1.193717479705810547e+00
1.719200462102890015e-01
-1.574846267700195312e+00
1.098739624023437500e+00
3.061515688896179199e-01
nan
nan
nan
nan
-5.233584046363830566e-01
-6.898511201143264771e-02
8.467640876770019531e-01
-1.168949723243713379e+00
-1.245147466659545898e+00
3.912071585655212402e-01
1.005344152450561523e+00
6.966194510459899902e-01
-1.714145988225936890e-01
1.676251530647277832e+00
1.359231710433959961e+00
-1.749512434005737305e+00
-2.218492329120635986e-01
6.613335609436035156e-01
8.739743232727050781e-01
-7.016456127166748047e-01
6.440349221229553223e-01
4.864026010036468506e-01
8.095087409019470215e-01
-1.204403042793273926e+00
-1.441419839859008789e+00
2.025151401758193970e-01
-1.017237603664398193e-01
5.733924508094787598e-01
-5.155338048934936523e-01
2.708572447299957275e-01
-1.512507677078247070e+00
9.474336504936218262e-01
nan
nan
nan
nan
-4.006272554397583008e-01
-1.366141736507415771e-01
-1.820128560066223145e-01
7.296903133392333984e-01
4.844370782375335693e-01
-3.106522560119628906e-01
-6.191028282046318054e-02
-5.346448421478271484e-01
3.866611719131469727e-01
-5.326680541038513184e-01
1.659868657588958740e-02
-1.079511176794767380e-02
1.271180033683776855e+00
2.363599777221679688e+00
-2.352334409952163696e-01
4.441350400447845459e-01
2.549422159790992737e-02
1.003681942820549011e-01
6.573153138160705566e-01
-1.008008867502212524e-01
-1.080891489982604980e+00
7.429859042167663574e-01
7.787073254585266113e-01
-7.520213127136230469e-01
-4.042806029319763184e-01
-5.580250173807144165e-03
2.328297048807144165e-01
6.942860484123229980e-01
nan
nan
nan
nan
-1.630920171737670898e+00
8.290033936500549316e-01
1.181934714317321777e+00
6.779469251632690430e-01
1.092115283012390137e+00
4.138984978199005127e-01
1.458659619092941284e-01
5.764698982238769531e-01
1.454701870679855347e-01
-8.296824097633361816e-01
-7.506364583969116211e-01
-1.367584466934204102e+00
-1.304168581962585449e+00
4.128935039043426514e-01
7.241313457489013672e-01
4.362872838973999023e-01
2.255579084157943726e-01
1.742997884750366211e+00
2.615202367305755615e-01
1.361777186393737793e+00
1.801053993403911591e-02
-1.341546773910522461e+00
5.079286098480224609e-01
-6.499773859977722168e-01
4.587890505790710449e-01
-1.154764056205749512e+00
1.545993089675903320e+00
2.482695877552032471e-02
nan
nan
nan
nan
2.233307212591171265e-01
-2.783845663070678711e-01
7.127655148506164551e-01
1.203454375267028809e+00
-6.110329031944274902e-01
7.829200625419616699e-01
1.730968654155731201e-01
2.131239920854568481e-01
-7.305453419685363770e-01
-6.699734330177307129e-01
-4.474558532238006592e-01
-4.213181734085083008e-01
-1.843565702438354492e-01
-1.151530265808105469e+00
7.606099843978881836e-01
8.664182424545288086e-01
-2.797467447817325592e-02
3.366421163082122803e-01
-7.556492090225219727e-01
1.420222222805023193e-01
-9.742472767829895020e-01
6.867879629135131836e-01
2.944490015506744385e-01
-1.866098791360855103e-01
1.134932637214660645e+00
-1.209149882197380066e-01
4.050311446189880371e-01
1.044617056846618652e+00
nan
nan
nan
nan
3.028451502323150635e-01
-1.116998046636581421e-01
1.898138046264648438e+00
1.186355352401733398e+00
1.553619652986526489e-02
-3.451761305332183838e-01
1.846883893013000488e+00
-8.846227824687957764e-02
-5.605608820915222168e-01
2.613510787487030029e-01
-7.451483607292175293e-01
2.331695258617401123e-01
-3.799245953559875488e-01
-1.551682114601135254e+00
2.166398018598556519e-01
-3.682908117771148682e-01
-1.118893384933471680e+00
2.969467639923095703e-01
1.028794169425964355e+00
9.776236116886138916e-02
1.460267901420593262e+00
1.568971753120422363e+00
2.508245706558227539e+00
9.289236664772033691e-01
-4.173332750797271729e-01
6.325087547302246094e-01
-3.486087918281555176e-01
1.471692323684692383e+00
nan
nan
nan
nan
1.783125638961791992e+00
-5.200011730194091797e-01
-1.232258915901184082e+00
2.231565266847610474e-01
5.246665477752685547e-01
-2.059101760387420654e-01
5.952883362770080566e-01
1.542810648679733276e-01
-3.741818964481353760e-01
2.856262028217315674e-01
-8.638973832130432129e-01
-5.359935164451599121e-01
-9.928525686264038086e-01
5.891502499580383301e-01
-7.888462543487548828e-01
-2.863372266292572021e-01
1.438194990158081055e+00
5.159847810864448547e-02
-9.750241637229919434e-01
-3.643610179424285889e-01
4.994121193885803223e-02
-1.802130341529846191e-01
6.895202994346618652e-01
-1.316166639328002930e+00
6.913091987371444702e-02
8.629946708679199219e-01
3.524783551692962646e-01
6.643064618110656738e-01
nan
nan
nan
nan
6.548177450895309448e-02
-1.508574560284614563e-02
6.014714241027832031e-01
3.964692354202270508e-01
-6.792349815368652344e-01
2.808998823165893555e-01
8.469105362892150879e-01
-1.542969942092895508e-01
-2.559911608695983887e-01
-4.285913407802581787e-01
-8.740321546792984009e-02
1.911405622959136963e-01
3.422959744930267334e-01
-1.155541762709617615e-01
7.530952095985412598e-01
1.395812779664993286e-01
-4.646992683410644531e-01
1.039346456527709961e+00
-8.979804515838623047e-01
2.476041555404663086e+00
1.157948732376098633e+00
-1.649241209030151367e+00
1.638121306896209717e-01
-3.263624384999275208e-02
8.490526676177978516e-01
-5.407555699348449707e-01
4.262343347072601318e-01
-1.561992883682250977e+00
nan
nan
nan
nan
1.898954510688781738e-01
-8.371668308973312378e-02
4.177439212799072266e-01
-2.142220437526702881e-01
1.569051146507263184e+00
7.960749268531799316e-01
-4.607046842575073242e-01
5.799820423126220703e-01
1.075353264808654785e+00
-1.114354848861694336e+00
-5.224611163139343262e-01
-1.425911206752061844e-02
1.456674188375473022e-01
9.403037428855895996e-01
2.108862638473510742e+00
1.296180844306945801e+00
-5.009114742279052734e-01
7.892721891403198242e-02
-8.567134737968444824e-01
5.680128931999206543e-01
3.663003444671630859e-01
9.128614664077758789e-01
7.579606771469116211e-01
8.408389091491699219e-01
2.192510068416595459e-01
-4.072718024253845215e-01
9.756775498390197754e-01
-5.487992763519287109e-01
nan
nan
nan
nan
-2.358129322528839111e-01
-1.818294376134872437e-01
1.038082242012023926e+00
1.291135191917419434e+00
5.892009139060974121e-01
8.259526491165161133e-01
6.940988898277282715e-01
-5.210047960281372070e-01
5.338914394378662109e-01
1.791960746049880981e-02
-5.267703533172607422e-01
-3.342869579792022705e-01
1.820477992296218872e-01
-2.878384888172149658e-01
1.842112243175506592e-01
-5.726020932197570801e-01
-9.036441445350646973e-01
9.173702001571655273e-01
7.493627071380615234e-01
1.556165575981140137e+00
-8.887122869491577148e-01
1.320993185043334961e+00
-1.803609848022460938e+00
-5.469963327050209045e-02
-4.646203517913818359e-01
-3.336809575557708740e-01
2.902299351990222931e-02
-1.009114027023315430e+00
nan
nan
nan
nan
9.516219496726989746e-01
-1.450112462043762207e+00
-6.612928211688995361e-02
-1.581236869096755981e-01
2.687530815601348877e-01
5.596647262573242188e-01
3.601359426975250244e-01
-6.126480698585510254e-01
1.169124692678451538e-01
4.127631783485412598e-01
3.689150512218475342e-01
1.296921968460083008e-01
-4.886453747749328613e-01
-4.748476296663284302e-02
1.026431322097778320e+00
-7.944205403327941895e-01
-8.145166188478469849e-02
-6.842175871133804321e-02
-8.232661485671997070e-01
-6.180486679077148438e-01
8.677005767822265625e-01
1.149575352668762207e+00
1.445778459310531616e-01
-4.218199849128723145e-01
-5.849835276603698730e-01
-4.991444647312164307e-01
7.493762969970703125e-01
3.657467961311340332e-01
nan
nan
nan
nan
-7.406051158905029297e-01
9.615337848663330078e-02
4.454559087753295898e-01
-5.763537883758544922e-01
4.746386706829071045e-01
-1.689577102661132812e-01
5.476183295249938965e-01
9.525592923164367676e-01
-5.381528735160827637e-01
-1.154691934585571289e+00
1.264592111110687256e-01
3.968164324760437012e-01
-4.991503804922103882e-02
-1.756734102964401245e-01
-5.407317280769348145e-01
-7.937111854553222656e-01
1.480205655097961426e-01
-1.073111891746520996e+00
-1.310703158378601074e+00
1.430190205574035645e+00
1.581319689750671387e+00
1.785689145326614380e-01
1.589843332767486572e-01
1.421910643577575684e+00
1.144756436347961426e+00
7.031732201576232910e-01
5.775383710861206055e-01
8.108901977539062500e-01
nan
nan
nan
nan
2.653925418853759766e-01
-5.497812852263450623e-02
1.084918737411499023e+00
-9.505621194839477539e-01
-1.584281206130981445e+00
-1.169763565063476562e+00
6.063917279243469238e-01
2.559906244277954102e-01
3.742226958274841309e-01
-3.794940710067749023e-01
-2.227676510810852051e-01
1.113631367683410645e+00
1.766159385442733765e-01
1.526121497154235840e+00
-1.341894030570983887e+00
1.747151166200637817e-01
-6.840456724166870117e-01
-4.755236208438873291e-01
8.098996877670288086e-01
4.312665164470672607e-01
4.160347860306501389e-03
4.968844056129455566e-01
4.669667780399322510e-01
-9.474896192550659180e-01
6.142746806144714355e-01
-8.126318454742431641e-01
-4.143244922161102295e-01
1.165952309966087341e-01
nan
nan
nan
nan
8.456090092658996582e-01
-5.806964635848999023e-01
5.210908055305480957e-01
6.628895401954650879e-01
-2.089933156967163086e+00
-2.851615548133850098e-01
6.666704416275024414e-01
-1.112310051918029785e+00
1.380393207073211670e-01
-2.859126031398773193e-01
-2.660748064517974854e-01
-5.678479671478271484e-01
5.735656619071960449e-01
1.428510099649429321e-01
5.933151841163635254e-01
-1.222862958908081055e+00
-1.386874467134475708e-01
4.277454316616058350e-01
5.821215510368347168e-01
1.292055487632751465e+00
5.306116938591003418e-01
-1.358572673052549362e-02
-8.432188630104064941e-01
5.403794050216674805e-01
-5.044527649879455566e-01
3.468359708786010742e-01
2.455553114414215088e-01
-4.950751066207885742e-01
nan
nan
nan
nan
7.829783558845520020e-01
4.731971323490142822e-01
2.588267326354980469e-01
-1.007210016250610352e+00
1.292429327964782715e+00
4.077814519405364990e-01
-7.715967893600463867e-01
3.255733549594879150e-01
1.270911574363708496e+00
1.786367177963256836e+00
3.135960102081298828e-01
-4.797353446483612061e-01
5.872639417648315430e-01
-7.568992376327514648e-01
-1.211271286010742188e+00
1.650171428918838501e-01
1.916552037000656128e-01
-8.393309265375137329e-02
1.694002747535705566e-01
-3.452567756175994873e-01
-4.593234509229660034e-02
-1.226574540138244629e+00
9.693791270256042480e-01
1.725767999887466431e-01
1.571238398551940918e+00
5.344184637069702148e-01
-1.265930891036987305e+00
1.238804936408996582e+00
nan
nan
nan
nan
1.278909683227539062e+00
-2.069434672594070435e-01
6.095563173294067383e-01
3.250642418861389160e-01
5.580315589904785156e-01
6.993535757064819336e-01
-6.599112749099731445e-01
-1.020682137459516525e-02
-3.286991715431213379e-01
-5.106875300407409668e-01
4.971653223037719727e-01
9.543880224227905273e-01
5.675895214080810547e-01
-1.223078295588493347e-01
-7.596506476402282715e-01
2.696437835693359375e-01
3.745506405830383301e-01
-1.328759342432022095e-01
1.546080410480499268e-01
-2.698177993297576904e-01
-8.636292219161987305e-01
1.867632269859313965e-01
1.829154610633850098e+00
-6.846665143966674805e-01
4.652267098426818848e-01
-7.381723523139953613e-01
2.591975033283233643e-01
-5.178849101066589355e-01
nan
nan
nan
nan
-1.576811075210571289e-01
7.970484346151351929e-02
-7.965681701898574829e-02
-5.713437795639038086e-01
-1.046120405197143555e+00
-1.266928911209106445e-01
-9.410732388496398926e-01
-4.175073653459548950e-02
7.885624766349792480e-01
1.619182527065277100e-01
1.732206225395202637e+00
-8.333586901426315308e-02
6.110869435360655189e-05
1.136046171188354492e+00
-9.888766705989837646e-02
6.459879279136657715e-01
3.095656335353851318e-01
5.763855576515197754e-01
-8.897111564874649048e-02
-1.671677678823471069e-01
-1.635687053203582764e-01
2.107016444206237793e-01
-1.290645897388458252e-01
7.974553704261779785e-01
6.557574272155761719e-01
-5.535328388214111328e-01
1.269931197166442871e+00
-1.180411815643310547e+00
nan
nan
nan
nan
6.195331811904907227e-01
9.123540520668029785e-01
1.225484609603881836e+00
3.138387948274612427e-02
-2.409412115812301636e-01
1.354348897933959961e+00
3.276813328266143799e-01
1.616958141326904297e+00
-3.015064001083374023e-01
-1.679847240447998047e-01
1.063709929585456848e-01
1.132582068443298340e+00
8.312084078788757324e-01
-1.677656054496765137e+00
-4.198557138442993164e-01
4.360163211822509766e-01
-5.438932776451110840e-02
4.539802074432373047e-01
-2.725259959697723389e-01
-6.562427878379821777e-01
-9.876769781112670898e-01
2.664473652839660645e-01
9.257392883300781250e-01
9.945637583732604980e-01
-1.139022469520568848e+00
-6.348290443420410156e-01
-4.400451779365539551e-01
3.467334210872650146e-01
nan
nan
nan
nan
4.309036582708358765e-02
2.630076408386230469e-01
-1.820684671401977539e-01
-2.099810838699340820e-01
6.452739238739013672e-03
5.585969686508178711e-01
-6.510758996009826660e-01
1.507162332534790039e+00
-5.269436836242675781e-01
-1.044343352317810059e+00
1.227498054504394531e+00
4.021747708320617676e-01
-6.868854165077209473e-01
6.816576719284057617e-01
-8.956441879272460938e-01
-4.181847572326660156e-01
4.083617925643920898e-01
-1.972286403179168701e-01
-9.841203689575195312e-02
7.128920555114746094e-01
5.741415172815322876e-02
1.040403366088867188e+00
5.667406320571899414e-01
-2.791332304477691650e-01
6.555126905441284180e-01
7.018536925315856934e-01
-8.016759157180786133e-01
2.468086183071136475e-01
nan
nan
nan
nan
1.113196015357971191e+00
-4.447660744190216064e-01
-2.991909384727478027e-01
-3.990171849727630615e-01
-3.357194364070892334e-02
-1.954677104949951172e-01
3.343451768159866333e-02
-9.880311489105224609e-01
-2.417591959238052368e-01
3.740747869014739990e-01
-9.432001709938049316e-01
-3.880480527877807617e-01
2.682651579380035400e-01
1.117078900337219238e+00
1.019123911857604980e+00
-4.824336767196655273e-01
-2.283454313874244690e-02
1.932605504989624023e-01
3.581611812114715576e-01
-5.876868963241577148e-01
-1.732123494148254395e-01
-1.662571169435977936e-02
6.375532746315002441e-01
4.517025351524353027e-01
-8.506549596786499023e-01
-8.183227479457855225e-02
1.478214859962463379e-01
2.062480211257934570e+00
nan
nan
nan
nan
5.448371171951293945e-01
1.205342561006546021e-01
-1.113148808479309082e+00
-1.120170950889587402e+00
-4.165651798248291016e-01
7.246403098106384277e-01
-1.306289792060852051e+00
-6.738407611846923828e-01
1.214827179908752441e+00
-3.928380608558654785e-01
-7.267601788043975830e-02
7.601931095123291016e-01
-5.057359337806701660e-01
-1.111433267593383789e+00
-1.289912939071655273e+00
-8.635119199752807617e-01
-1.718947738409042358e-01
-5.536641478538513184e-01
1.396804749965667725e-01
-2.572246193885803223e-01
-8.328047990798950195e-01
-1.166659951210021973e+00
1.066615343093872070e+00
4.447747468948364258e-01
2.619704008102416992e-01
-1.311050541698932648e-02
-8.911404013633728027e-01
-8.952638506889343262e-02
nan
nan
nan
nan
6.242518126964569092e-02
3.549328744411468506e-01
-1.002663373947143555e+00
1.372524201869964600e-01
1.787570267915725708e-01
-1.011788368225097656e+00
5.320940613746643066e-01
3.955111205577850342e-01
-1.086704015731811523e+00
-2.079532444477081299e-01
-3.305288255214691162e-01
-1.367475032806396484e+00
-4.970790445804595947e-02
5.572636127471923828e-01
-2.950290776789188385e-02
6.632610559463500977e-01
1.087451696395874023e+00
-3.204174935817718506e-01
-3.598892986774444580e-01
-5.299708247184753418e-01
3.076659739017486572e-01
1.701815366744995117e+00
-4.645278751850128174e-01
5.097663402557373047e-01
1.070538401603698730e+00
-6.874399185180664062e-01
3.821730911731719971e-01
-3.298135995864868164e-01
nan
nan
nan
nan
5.799634456634521484e-01
1.675782799720764160e+00
-7.320377826690673828e-01
-4.349064826965332031e-01
-1.443521618843078613e+00
nan
-1.073477745056152344e+00
1.505689602345228195e-02
-1.112669706344604492e+00
-6.119864583015441895e-01
-2.160897552967071533e-01
-7.620144486427307129e-01
-9.310132861137390137e-01
-6.070224046707153320e-01
-8.904908299446105957e-01
-3.448745608329772949e-02
7.944059967994689941e-01
3.956194818019866943e-01
-3.121318221092224121e-01
7.077586054801940918e-01
-2.715587019920349121e-01
6.672502160072326660e-01
1.911162436008453369e-01
-7.786614298820495605e-01
-1.524044275283813477e-01
-2.957063019275665283e-01
-4.547674953937530518e-01
-2.192876338958740234e-01
nan
nan
