nan
nan
1.230087518692016602e+00
-5.083224177360534668e-01
1.654598712921142578e-01
-9.111735969781875610e-02
-6.311432272195816040e-02
-1.325224280357360840e+00
1.659100293181836605e-03
-9.754865169525146484e-01
-3.425981998443603516e-01
8.486193418502807617e-01
8.523443937301635742e-01
-5.487961173057556152e-01
8.449957370758056641e-01
7.041766047477722168e-01
6.113315820693969727e-01
2.211109399795532227e-01
-5.711180567741394043e-01
1.214902281761169434e+00
-2.103402167558670044e-01
-6.481931209564208984e-01
3.231119215488433838e-01
1.795171260833740234e+00
1.857322752475738525e-01
9.475688338279724121e-01
-2.594682872295379639e-01
-3.304360508918762207e-01
-6.371740251779556274e-02
-3.882322609424591064e-01
nan
nan
nan
nan
5.317554473876953125e-01
1.441388279199600220e-01
-9.099605679512023926e-01
-4.866280257701873779e-01
-1.068900704383850098e+00
-2.789963781833648682e-02
4.524462223052978516e-01
-1.602468341588973999e-01
7.774393558502197266e-01
-7.566022127866744995e-02
-3.261978626251220703e-01
6.100473403930664062e-01
5.885547995567321777e-01
-3.403900265693664551e-01
-4.444595575332641602e-01
-8.073462247848510742e-01
6.336007714271545410e-01
4.903661012649536133e-01
-1.511079907417297363e+00
-1.181414872407913208e-01
5.429084300994873047e-01
-6.288494467735290527e-01
4.283016920089721680e-02
2.760719656944274902e-01
1.118407011032104492e+00
-3.701699674129486084e-01
-1.420487880706787109e+00
-1.624212861061096191e-01
nan
nan
nan
nan
-2.918599247932434082e-01
1.396192461252212524e-01
-5.349254012107849121e-01
-1.607874870300292969e+00
-9.667089581489562988e-02
1.759402602910995483e-01
-8.642367124557495117e-01
9.952144026756286621e-01
1.571540832519531250e-01
1.271854192018508911e-01
8.865492343902587891e-01
9.405657052993774414e-01
-6.101682782173156738e-02
-5.587699413299560547e-01
2.083114147186279297e+00
1.216142699122428894e-01
-1.094426274299621582e+00
9.278160333633422852e-01
1.145865321159362793e+00
3.032151162624359131e-01
2.433206290006637573e-01
-5.906084179878234863e-01
-1.375702470541000366e-01
-8.262851238250732422e-01
3.346377313137054443e-01
6.270335912704467773e-01
-7.228670120239257812e-01
8.740896582603454590e-01
nan
nan
nan
nan
-1.282656431198120117e+00
-1.076824903488159180e+00
-1.567414879798889160e+00
-1.843362301588058472e-01
1.275869905948638916e-01
2.304719686508178711e-01
1.052515983581542969e+00
-9.988922476768493652e-01
-3.093000054359436035e-01
4.567806124687194824e-01
4.052877724170684814e-01
6.263661384582519531e-01
-2.236012667417526245e-01
2.762375473976135254e-01
8.315007686614990234e-01
3.920394480228424072e-01
-1.049281477928161621e+00
-1.220536470413208008e+00
-5.156412720680236816e-01
3.811829909682273865e-02
2.502158880233764648e-01
1.484561324119567871e+00
5.937041640281677246e-01
1.449413061141967773e+00
-7.053594589233398438e-01
5.034781694412231445e-01
-1.006293147802352905e-01
1.670549869537353516e+00
nan
nan
nan
nan
-8.081189990043640137e-01
-4.573841765522956848e-02
9.658913612365722656e-01
5.152389779686927795e-02
1.097845956683158875e-01
1.608021616935729980e+00
1.432568192481994629e+00
-4.055387973785400391e-01
3.508604168891906738e-01
1.702670706436038017e-03
-4.374012947082519531e-01
-4.819195270538330078e-01
-7.255188822746276855e-01
8.946667909622192383e-01
-7.501797676086425781e-01
1.240626335144042969e+00
-7.115112543106079102e-01
-3.870936036109924316e-01
1.453810214996337891e+00
7.240676879882812500e-01
3.375065028667449951e-01
-1.055675268173217773e+00
-2.837162315845489502e-01
6.296933889389038086e-01
4.622975587844848633e-01
1.352755427360534668e+00
4.469506442546844482e-01
1.643181800842285156e+00
nan
nan
nan
nan
-3.074182569980621338e-01
7.443100214004516602e-01
1.810364127159118652e-01
4.340796470642089844e-01
8.285567760467529297e-01
6.869153380393981934e-01
1.124037384986877441e+00
7.637506723403930664e-01
-2.483350923284888268e-03
-5.444992780685424805e-01
6.343390792608261108e-02
-1.657399386167526245e-01
1.020476222038269043e+00
2.397364854812622070e+00
-3.498530387878417969e-01
2.028646133840084076e-02
-2.175144910812377930e+00
1.569598615169525146e-01
-7.079184055328369141e-01
4.990418627858161926e-02
9.732516407966613770e-01
-1.572050154209136963e-01
2.702945657074451447e-02
-1.383424043655395508e+00
-1.068055391311645508e+00
1.432586669921875000e+00
-4.484572261571884155e-02
5.887160301208496094e-01
nan
nan
nan
nan
-5.639127492904663086e-01
4.400929808616638184e-01
-3.419776260852813721e-01
1.752714440226554871e-02
8.343740366399288177e-03
8.992393612861633301e-01
-3.188957571983337402e-01
-3.297462761402130127e-01
8.700940608978271484e-01
7.998822927474975586e-01
-4.397628605365753174e-01
-1.687240362167358398e+00
-5.089144706726074219e-01
4.473304450511932373e-01
3.776117265224456787e-01
4.574036300182342529e-01
-1.305641412734985352e+00
1.060529470443725586e+00
-5.079326629638671875e-01
1.608120203018188477e-01
4.975458681583404541e-01
-1.241810023784637451e-01
-8.882942795753479004e-01
-5.889886617660522461e-01
-3.373769521713256836e-01
3.987107872962951660e-01
1.257023930549621582e+00
-7.666965723037719727e-01
nan
nan
nan
nan
-1.021876692771911621e+00
-5.470461845397949219e-01
1.014811545610427856e-01
-1.201855778694152832e+00
5.416580438613891602e-01
2.198645472526550293e-01
-6.551856994628906250e-01
-1.816471219062805176e-01
3.223241567611694336e-01
5.727484226226806641e-01
4.853119850158691406e-01
1.045508384704589844e+00
7.776279449462890625e-01
-5.861616134643554688e-01
5.759754776954650879e-01
-9.843563437461853027e-01
1.464040726423263550e-01
-2.478131949901580811e-01
-7.501884102821350098e-01
-1.627554302103817463e-04
-1.074029654264450073e-01
1.892158687114715576e-01
4.315992593765258789e-01
6.337479948997497559e-01
-8.605979084968566895e-01
1.221279859542846680e+00
2.720399200916290283e-01
-2.149862051010131836e-01
nan
nan
nan
nan
2.024796046316623688e-02
1.503611445426940918e+00
-4.709388613700866699e-01
1.150004148483276367e+00
3.453566133975982666e-01
5.201836228370666504e-01
1.265766192227602005e-02
6.451966166496276855e-01
-1.321448326110839844e+00
5.080297216773033142e-02
9.410800933837890625e-01
-3.598295152187347412e-01
1.133833050727844238e+00
6.360374689102172852e-01
-1.118215769529342651e-01
-4.443375170230865479e-01
4.436620324850082397e-02
-1.287648081779479980e+00
5.520215034484863281e-01
6.893715858459472656e-01
-3.081757128238677979e-01
-3.844086527824401855e-01
7.294969558715820312e-01
2.391633093357086182e-01
7.794060707092285156e-01
-7.531637549400329590e-01
2.485647946596145630e-01
-4.400061666965484619e-01
nan
nan
nan
nan
1.083287596702575684e-01
-1.669265627861022949e-01
9.402489662170410156e-01
1.988708525896072388e-01
3.946885168552398682e-01
8.749967217445373535e-01
-6.171696186065673828e-01
-7.871474325656890869e-02
-9.113407731056213379e-01
1.042975544929504395e+00
8.954182267189025879e-01
-5.173577666282653809e-01
2.522670924663543701e-01
-2.515485286712646484e-01
1.591723322868347168e+00
1.366093277931213379e+00
-1.339389085769653320e-01
-6.641846299171447754e-01
2.561694085597991943e-01
-9.602939486503601074e-01
1.646913409233093262e+00
-4.020808637142181396e-01
6.006776094436645508e-01
-4.772247076034545898e-01
-1.069107890129089355e+00
-2.456066757440567017e-01
8.168747276067733765e-02
7.680781185626983643e-02
nan
nan
nan
nan
7.706125974655151367e-01
1.197159051895141602e+00
-1.198033332824707031e+00
6.878398358821868896e-02
2.562893033027648926e-01
7.542673945426940918e-01
-5.959688425064086914e-01
2.018986046314239502e-01
7.703365683555603027e-01
5.433689951896667480e-01
2.300812155008316040e-01
-9.114165306091308594e-01
-1.087917089462280273e+00
1.105493903160095215e-01
-1.492310523986816406e+00
3.460649847984313965e-01
-3.664007186889648438e-01
-1.424272418022155762e+00
-2.945861220359802246e-01
-4.827407300472259521e-01
9.362906962633132935e-02
2.544001340866088867e-01
-5.697484016418457031e-01
1.992738693952560425e-01
-2.299193143844604492e-01
-4.925082325935363770e-01
1.307288646697998047e+00
1.159759536385536194e-01
nan
nan
nan
nan
-1.038943603634834290e-01
-6.446771025657653809e-01
-1.025115966796875000e+00
7.625489234924316406e-01
-8.598573207855224609e-01
3.088311105966567993e-02
-7.803271412849426270e-01
7.241930961608886719e-01
-4.589134752750396729e-01
-1.584069848060607910e+00
-1.217300146818161011e-01
-6.533434391021728516e-01
6.899101138114929199e-01
1.809524595737457275e-01
6.826696544885635376e-02
-2.554536163806915283e-01
-3.413909077644348145e-01
-6.909657716751098633e-01
3.598676025867462158e-01
9.354177117347717285e-01
-2.905856370925903320e-01
-9.068613052368164062e-01
3.058896064758300781e-01
4.496189951896667480e-01
3.728158175945281982e-01
2.425808757543563843e-01
-1.314547061920166016e+00
1.754406094551086426e+00
nan
nan
nan
nan
-4.234220087528228760e-01
-1.332094430923461914e+00
6.556455492973327637e-01
1.477665781974792480e+00
-1.393168866634368896e-01
-4.119716286659240723e-01
1.907937228679656982e-01
-5.025757551193237305e-01
-1.343195199966430664e+00
4.180865287780761719e-01
7.067682743072509766e-01
1.295389771461486816e+00
4.287141859531402588e-01
-4.112145304679870605e-01
5.547087192535400391e-01
1.254892587661743164e+00
1.703734278678894043e+00
-7.263814806938171387e-01
5.874223113059997559e-01
-3.813729584217071533e-01
-1.003968477249145508e+00
8.660930395126342773e-01
-2.556982263922691345e-02
6.564266085624694824e-01
-6.154313087463378906e-01
3.215776681900024414e-01
-5.178749561309814453e-01
-3.160744607448577881e-01
nan
nan
nan
nan
-2.375792860984802246e-01
-5.325980857014656067e-02
-1.102589741349220276e-01
7.406072616577148438e-01
1.627955585718154907e-02
-1.129218697547912598e+00
2.827459014952182770e-02
7.524675726890563965e-01
5.312459468841552734e-01
7.879813760519027710e-02
1.542310953140258789e+00
8.759511113166809082e-01
3.794208765029907227e-01
-4.672343432903289795e-01
-5.643535852432250977e-01
1.494929939508438110e-01
-3.185806274414062500e-01
5.689056515693664551e-01
7.726478576660156250e-01
2.191658914089202881e-01
-4.728881418704986572e-01
6.136689186096191406e-01
6.260166764259338379e-01
2.152333498001098633e+00
-2.871712855994701385e-02
-6.081288456916809082e-01
-1.146009489893913269e-01
-1.169302582740783691e+00
nan
nan
nan
nan
-1.136134386062622070e+00
1.209337353706359863e+00
-1.144032105803489685e-01
1.510472893714904785e+00
-1.183838844299316406e+00
1.005861878395080566e+00
6.118919849395751953e-01
-8.538463711738586426e-01
5.775925517082214355e-01
4.988797307014465332e-01
6.325250864028930664e-01
-1.162991166114807129e+00
1.048234105110168457e-01
1.028464078903198242e+00
-1.965805441141128540e-01
7.555535435676574707e-02
-2.830466032028198242e-01
-1.282069206237792969e+00
-4.880504012107849121e-01
8.069918304681777954e-02
9.089404940605163574e-01
1.509572565555572510e-01
-1.755712181329727173e-01
1.940351128578186035e-01
-3.647226691246032715e-01
1.235939115285873413e-01
1.155310310423374176e-02
1.737657040357589722e-01
nan
nan
nan
nan
9.528315663337707520e-01
7.884755134582519531e-01
1.019775986671447754e+00
-1.059970617294311523e+00
-6.363088488578796387e-01
7.132813334465026855e-01
-1.166680380702018738e-01
-1.067537367343902588e-01
-9.990830421447753906e-01
-5.205488801002502441e-01
7.510769367218017578e-01
-1.099634885787963867e+00
-4.066587984561920166e-01
-1.075587391853332520e+00
-2.387263178825378418e-01
1.057295560836791992e+00
3.486151695251464844e-01
6.897459030151367188e-01
6.536893844604492188e-01
9.554240703582763672e-01
8.016223311424255371e-01
-5.696470737457275391e-01
6.974967718124389648e-01
1.033601999282836914e+00
9.307115338742733002e-03
-4.580730199813842773e-01
-4.032190740108489990e-01
-7.918262481689453125e-01
nan
nan
nan
nan
-3.085171878337860107e-01
9.771441817283630371e-01
1.825113445520401001e-01
-6.210664287209510803e-02
-1.961538791656494141e-01
2.641263306140899658e-01
1.102513670921325684e-01
-5.645571276545524597e-02
7.640576362609863281e-01
-7.082844376564025879e-01
2.356663346290588379e-01
-1.430516839027404785e+00
1.242911219596862793e+00
7.315327525138854980e-01
6.384161710739135742e-01
-4.910451471805572510e-01
-4.963532984256744385e-01
-1.637020111083984375e+00
8.132936954498291016e-01
2.133079320192337036e-01
2.742310985922813416e-03
-9.488495588302612305e-01
9.861194491386413574e-01
-3.719427883625030518e-01
-6.877714395523071289e-01
-3.686683773994445801e-01
-1.389910340309143066e+00
8.081187605857849121e-01
nan
nan
nan
nan
-1.146442770957946777e+00
1.298338621854782104e-01
-5.071224644780158997e-02
-1.390281617641448975e-01
-4.049699604511260986e-01
-9.409882426261901855e-01
4.914022386074066162e-01
-1.974354982376098633e-01
-9.284868836402893066e-02
4.846374690532684326e-01
-4.998898804187774658e-01
-9.722982048988342285e-01
-9.474631547927856445e-01
1.273764669895172119e-01
7.467574477195739746e-01
-1.305322349071502686e-01
-8.470913767814636230e-02
4.556177556514739990e-01
-1.435854099690914154e-02
1.088742852210998535e+00
-6.802637577056884766e-01
8.659313321113586426e-01
-1.186346411705017090e+00
1.062501105479896069e-03
6.051481962203979492e-01
-1.383068561553955078e+00
-8.364377021789550781e-01
2.793049439787864685e-02
nan
nan
nan
nan
2.597683072090148926e-01
2.983440458774566650e-01
-9.404764175415039062e-01
-5.674504637718200684e-01
1.166496872901916504e+00
2.682363428175449371e-02
-1.234865188598632812e+00
-2.263113856315612793e-01
3.284796178340911865e-01
-9.641987681388854980e-01
6.883332133293151855e-01
-1.611568093299865723e+00
-4.365641176700592041e-01
9.612723588943481445e-01
7.501251101493835449e-01
-3.832185566425323486e-01
-2.769288122653961182e-01
4.802132844924926758e-01
-7.027056813240051270e-01
-2.973595559597015381e-01
-7.520717978477478027e-01
-4.621316492557525635e-01
-9.023483395576477051e-01
-1.770669460296630859e+00
1.711721062660217285e+00
7.205344438552856445e-01
-1.729269266128540039e+00
7.025613635778427124e-02
nan
nan
nan
nan
2.288119643926620483e-01
2.290022075176239014e-01
6.893192529678344727e-01
-1.754440903663635254e+00
5.585297942161560059e-01
1.738531589508056641e+00
-7.093580961227416992e-01
-2.222992032766342163e-01
1.534226179122924805e+00
-8.486731648445129395e-01
-2.200109064579010010e-01
-2.932879924774169922e-01
-4.246694147586822510e-01
-2.984282374382019043e-01
1.299104452133178711e+00
-4.268872365355491638e-02
3.365526199340820312e-01
1.379623055458068848e+00
-8.867031335830688477e-01
1.223926067352294922e+00
-1.479625850915908813e-01
-6.681840419769287109e-01
-3.500631451606750488e-01
-2.425785213708877563e-01
3.587124645709991455e-01
6.203730702400207520e-01
4.089457392692565918e-01
-4.954658746719360352e-01
nan
nan
nan
nan
4.449222087860107422e-01
7.396561503410339355e-01
nan
1.249365687370300293e+00
9.287648200988769531e-01
-1.780004948377609253e-01
1.169930934906005859e+00
1.535342186689376831e-01
3.114083707332611084e-01
7.702962160110473633e-01
-1.117855191230773926e+00
2.310286015272140503e-01
3.934624046087265015e-02
-2.117647171020507812e+00
-1.494988352060317993e-01
-4.036233127117156982e-01
5.110577344894409180e-01
-7.956296801567077637e-01
2.655729055404663086e-01
7.507014870643615723e-01
-4.092635512351989746e-01
-6.980561017990112305e-01
1.120096087455749512e+00
-7.008703351020812988e-01
5.480119585990905762e-01
4.139008373022079468e-02
-8.060652613639831543e-01
3.553621768951416016e-01
nan
nan
nan
nan
3.104423359036445618e-02
-5.324065089225769043e-01
-7.535459995269775391e-01
9.367471933364868164e-02
4.687679111957550049e-01
5.977599620819091797e-01
-6.528671085834503174e-02
2.827209532260894775e-01
5.952778458595275879e-02
9.747731089591979980e-01
4.364871978759765625e-01
1.106860280036926270e+00
-2.176406979560852051e-01
2.921202480792999268e-01
-1.304142832756042480e+00
4.024887830018997192e-02
2.340141087770462036e-01
9.406675398349761963e-02
-9.817638248205184937e-02
4.541454017162322998e-01
-3.875010609626770020e-01
-6.657334566116333008e-01
1.674064695835113525e-01
-1.600330233573913574e+00
3.051035851240158081e-02
4.505291581153869629e-01
1.045394912362098694e-01
-1.707356870174407959e-01
nan
nan
nan
nan
-4.986477196216583252e-01
9.009097218513488770e-01
2.477788776159286499e-01
-6.243544816970825195e-01
-9.461704492568969727e-01
-4.948359429836273193e-01
8.566620200872421265e-02
1.492443978786468506e-01
-7.793293595314025879e-01
-1.310546159744262695e+00
-8.296658992767333984e-01
6.371822357177734375e-01
-1.121483564376831055e+00
1.087747812271118164e+00
-1.796220421791076660e+00
-9.499814510345458984e-01
-2.493188083171844482e-01
7.789055705070495605e-01
-1.431611776351928711e+00
1.514751613140106201e-01
2.649109065532684326e-01
-4.762569665908813477e-01
-8.341833949089050293e-01
-7.157120108604431152e-02
-3.892628848552703857e-01
-7.661378383636474609e-01
-2.046198099851608276e-01
-3.079347014427185059e-01
nan
nan
nan
nan
7.596980780363082886e-02
-2.327135801315307617e-01
5.787628516554832458e-02
-1.206962704658508301e+00
-1.955820173025131226e-01
nan
4.114263355731964111e-01
7.890629172325134277e-01
-1.710893809795379639e-01
-5.933811068534851074e-01
-9.500893950462341309e-01
-1.041132569313049316e+00
-6.487023830413818359e-01
7.651477456092834473e-01
9.207029342651367188e-01
3.165962100028991699e-01
1.478688478469848633e+00
8.246765732765197754e-01
-5.764767527580261230e-01
3.085701465606689453e-01
7.516027688980102539e-01
7.886057496070861816e-01
7.369623184204101562e-01
-3.472333252429962158e-01
-2.186419814825057983e-01
1.583233028650283813e-01
6.083812713623046875e-01
9.145291894674301147e-02
nan
nan
