nan
nan
-1.304837862650553293e-01
-1.121932268142700195e-01
-3.073985576629638672e-01
-8.419171439276801339e-01
5.401300343995293207e-05
6.059530046251084823e-01
-9.442119598388671875e-01
-7.448500527275933036e-01
-2.133216725455390206e-01
-7.969692018296983260e-01
-5.797098742591010045e-02
9.651001824273003349e-01
-3.856924904717339286e-01
2.762977547115749721e-01
1.680760780970255441e-01
-1.181254810757107254e+00
1.216167661878797768e+00
3.115449481540256138e-01
4.466097089979383927e-01
1.358383099238077707e-01
-1.083065986633300781e+00
-2.287727461920844307e-01
1.921450508965386383e+00
-3.645346959431965961e-01
-1.205105781555175781e-01
6.779044999016655693e-01
2.526600360870361328e-01
2.259004645877414341e-01
nan
nan
nan
nan
-9.259038501315647318e-02
-3.862104150984022599e-01
-1.180568006303575335e-01
-1.383895979987250335e+00
2.529694504208034878e-01
-5.953965187072753906e-01
1.788857115639580497e-01
2.095481819576687221e-01
6.103862126668294641e-01
-2.126493453979492188e-01
-3.166533576117621651e-01
1.182833380169338588e-01
-1.144874360826280357e+00
6.306924290127224886e-01
-1.111904382705688477e-01
-3.496104876200358258e-01
2.718638214800092948e-02
-4.130721092224121094e-01
6.712284617953829802e-01
8.880565431382920760e-01
-1.697734302944607254e+00
-7.449021339416503906e-01
5.399884117974175224e-01
-1.495871437920464508e+00
-5.996437072753906250e-01
-7.913023630777994422e-01
7.980516221788194198e-01
-5.532965660095214844e-01
nan
nan
nan
nan
-7.129129833645291292e-01
-4.565626780192057477e-01
-9.593077765570746651e-01
3.034442000918918247e-01
8.232980304294161833e-01
2.485123475392659598e-01
-2.197319798999362583e-01
3.484399583604600448e-01
4.664473533630371094e-01
-1.020106315612792969e+00
-1.814462025960286384e+00
-5.747986369662814177e-01
3.731855021582709542e-01
1.105905003017849442e+00
-3.957662052578396206e-01
8.519206047058105469e-01
-5.834032164679633370e-01
-6.402046945359971541e-01
6.520519256591796875e-01
9.492619832356771203e-01
-5.069608158535428011e-01
1.767865022023518973e-01
1.004728635152180916e+00
-5.288503964742025110e-01
-6.365716722276475448e-01
1.119564162360297210e+00
1.741905212402343750e-01
5.928172005547417411e-01
nan
nan
nan
nan
-2.715413305494520646e-01
4.078199068705241070e-01
-4.941342671712239398e-01
-6.685750749376084823e-01
-2.537395689222547990e-01
2.502254148324330532e-02
5.128303832477993512e-02
-1.183579100502861886e-01
1.066314061482747322e+00
-2.190672357877095425e-02
-4.282860226101345424e-01
-4.559747907850477677e-01
-1.260539584689670090e+00
3.314596745702955150e-02
7.709168857998318636e-01
-6.314831972122192383e-02
1.808222028944227455e+00
-4.021613597869873047e-01
2.757303449842665177e-01
-6.851406627231173552e-01
7.121642430623372766e-01
-4.231901168823242188e-01
-1.204759412341647740e-01
-3.751735687255859375e-01
-7.879711257086859932e-01
-1.114152060614691742e+00
6.076061460706922990e-01
-1.442948447333441742e+00
nan
nan
nan
nan
9.015881220499674109e-01
-1.144771787855360268e+00
-7.782683372497558594e-01
1.162763277689615959e+00
4.986692004733615513e-01
7.450945642259385604e-01
-3.672653304206000557e-01
2.060161166720920090e+00
7.630319065517849886e-01
-1.764125029246012277e-01
1.423931863572862389e+00
-2.929767502678765068e-01
-4.488483005099826451e-01
-8.573816219965617325e-02
-1.669680409961276646e-01
-3.683522542317708148e-01
1.037737329800923619e-01
1.042468706766764397e+00
-2.304188675350613003e-01
-5.410011609395345422e-01
-6.959407594468858260e-01
-2.611827055613200055e-01
2.580655680762397042e-01
-1.136828263600667271e-01
-2.447284857432047434e-01
8.869278430938720703e-02
3.898706369929843402e-02
4.799273278978135604e-01
nan
nan
nan
nan
2.260388268364800446e+00
-3.136404355367024555e-01
-7.251720958285862162e-02
-1.288388570149739509e+00
3.725624614291720982e-01
4.020067056020100726e-01
1.588909890916612444e-01
-7.016432550218369979e-01
9.181449148390027903e-02
-8.526305092705620536e-01
1.549446251657273996e-02
3.027657137976752511e-01
-3.592200279235839844e-01
-1.741035646862453823e-01
-4.690543280707465401e-01
1.370983786053127651e-01
7.965818511115180245e-01
1.493705246183607283e-01
-5.122842788696289062e-01
-4.346208837297227401e-01
-3.396097289191352120e-01
8.683626916673448104e-01
6.386075019836425781e-01
8.285066286722818640e-01
2.521978219350178851e-01
-3.772819042205810547e-02
-4.129210048251681919e-01
7.149794366624619979e-01
nan
nan
nan
nan
-5.581052568223741073e-01
-5.442987547980414620e-01
2.640356752607557755e-01
2.792985704210069198e-01
-2.592964702182345982e-01
-3.097334967719184151e-01
4.450637847185134888e-03
-8.138463232252333146e-01
3.567420376671684989e-01
6.201630168490939177e-01
3.049236933390299664e-01
-1.969616545571221122e-01
-2.681471771664089565e-01
6.901981565687391740e-01
-2.795422871907551898e-01
-2.416989803314208984e-01
9.476111994849310827e-02
-1.401322417789035435e-01
8.469387690226236609e-01
2.191296021143595285e-01
2.759514914618598214e-01
-8.921296861436631698e-01
9.784926308525933036e-01
-2.275268766615125837e-01
-6.347516510221692942e-02
1.404205295774671736e-01
-9.195089340209960938e-01
1.944572793112860909e-01
nan
nan
nan
nan
-1.394618484708997908e-01
1.164188385009765625e+00
2.328609890407986049e-01
-1.258667733934190514e+00
-7.185563511318631136e-01
7.195391125149197542e-01
-4.372305605146620255e-01
5.047388076782226562e-01
9.775605731540255583e-01
-3.813225163353813896e-01
-7.719051043192545203e-01
1.334565056694878571e+00
-5.015879737006293526e-01
-4.178470704290601634e-02
-5.303147104051377791e-01
-3.643003569708930245e-01
6.614647971259222936e-02
5.040098296271430245e-01
-8.041521178351508370e-01
-2.643822564019097099e-01
8.443819681803385047e-01
-4.965123070610893974e-01
-4.016056855519612445e-01
-4.323686493767632255e-01
6.041730774773491630e-01
1.511204507615831139e+00
5.909012688530815849e-01
-8.933590783013237724e-01
nan
nan
nan
nan
1.400263177023993721e-01
8.014486100938584823e-01
-3.592056168450249443e-01
-3.655456701914469586e-01
1.363344934251573326e+00
-3.357455200619167690e-01
-8.636448118421766740e-01
5.421532524956597099e-01
-1.929604874716864815e-01
1.824664009941948883e+00
-8.768924408488802669e-03
-7.253820101420084265e-01
-1.292292806837293861e+00
2.529853449927436104e-01
1.795012791951497322e+00
-1.529716783099704380e-01
9.839528401692708703e-01
-1.589766926235622879e+00
-3.715737925635443917e-01
-3.091835180918375836e-01
-1.197135713365342857e+00
8.088618384467231026e-01
9.236407809787325895e-01
-3.444489902920193081e-01
-1.772422790527343750e-01
-6.143640942043728792e-01
-2.193090783225165596e-01
-3.836958673265244979e-01
nan
nan
nan
nan
-3.847851355870565010e-02
-9.179136488172743302e-01
-1.197157647874620201e+00
4.069594012366400948e-01
-7.324711481730143692e-02
-2.366311815049913225e-01
1.853497028350830078e-01
2.958838939666748047e-01
1.241874059041341072e+00
1.493341790305243721e-01
4.907014105055067521e-01
-3.580547173817952289e-01
-1.123130189047919364e-01
-6.424166361490885047e-01
8.046507007545895818e-03
7.884089317586686491e-03
-1.510321193271213058e+00
-6.550468338860405693e-01
-3.156722916497124443e-01
6.470906999376084823e-01
4.594624837239583148e-01
4.815640449523925781e-01
6.815878020392523995e-01
5.681126912434896203e-01
-2.655518054962158203e-01
6.730132632785372770e-01
-5.002488030327690849e-01
-2.863684495290120258e-01
nan
nan
nan
nan
-7.195426623026529578e-01
5.570699903700087052e-01
2.726577917734782086e-01
3.086342016855875836e-01
5.157675743103027344e-01
5.454185273912218190e-02
-7.647147178649902344e-01
3.666250440809462052e-01
1.254003100925021652e+00
5.865754551357693636e-01
-6.384853257073296318e-01
4.899191856384277344e-01
8.682539727952744979e-01
-1.046732796563042633e+00
7.224335140652127230e-01
-1.184044679005940709e-01
1.196996264987521652e+00
-3.376291195551554131e-02
6.156670384936862445e-02
3.362795776791042690e-01
1.035363621181911942e+00
8.385694821675618860e-01
-3.402028348710801620e-01
-3.302578396267361049e-01
-4.315360652075873604e-01
5.685501628451876677e-01
-7.801281611124674109e-01
-9.970051447550455359e-01
nan
nan
nan
nan
2.940756479899088727e-01
9.513869815402560270e-01
-1.059021631876627678e+00
9.227137035793728792e-01
-5.139163136482238770e-02
1.546470589107937221e-01
-6.748302777608235214e-02
-9.627247916327582589e-01
-1.639407608244154158e-01
7.178808318244086495e-01
7.988094223870171318e-01
7.139899465772840959e-01
-5.868562062581380440e-02
-1.838437053892347586e-02
-1.137040191226535435e-01
-6.660337977939181364e-01
-9.876520368787977677e-01
5.857610702514648438e-01
-5.666471057467989958e-01
1.768222384982638951e-01
9.893615510728623885e-01
7.578716678027477435e-06
-1.916806300481160574e-01
-9.001442458894517995e-02
1.301656828986273995e-01
6.244150797526041297e-01
-9.085288577609591520e-01
-4.210933049519856586e-01
nan
nan
nan
nan
8.869080543518066406e-01
4.057418240441216239e-01
3.762607839372422713e-01
7.322025961346095846e-02
-7.131506601969400672e-01
-1.456761572096082924e+00
7.293221155802408484e-01
-5.372426244947645646e-01
6.673716439141167411e-01
8.773837089538574219e-01
-3.692717353502909111e-02
-6.787885030110677453e-01
-5.603864987691243860e-01
-8.324158986409505578e-01
3.299001057942708148e-01
4.811327656110127998e-02
5.075455241733126677e-01
6.547199885050455359e-01
6.365551551183064316e-02
-8.300207985772026786e-01
1.866729921764797573e-01
6.725403467814127234e-01
-2.446975708007812500e-01
-6.607588132222493860e-01
-8.878029187520345422e-01
9.627970589531792411e-01
-2.809758981068928851e-01
4.864821963840060826e-01
nan
nan
nan
nan
1.141913837856716629e+00
2.696569760640462055e-01
-1.883824931250678292e-01
6.419588724772135047e-01
-6.408276557922363281e-01
-5.399453639984130859e-02
-1.007705900404188393e+00
2.074949029419157192e-03
4.319428602854410992e-01
8.818964958190917969e-01
-1.142265213860405915e+00
-9.062443839179145089e-01
-9.768023093541462754e-02
-4.755407439337836495e-01
-6.911736726760864258e-02
1.009545750088161942e+00
-2.844400935702853794e-01
5.868671205308702010e-01
-8.514063093397352677e-01
6.559792492124769114e-02
8.167206976148817521e-01
1.506626235114203460e+00
-7.028330696953667411e-01
-4.805511898464626674e-01
5.339671240912543526e-01
4.814913537767198104e-01
2.283119095696343193e-01
-1.006823751661512611e+00
nan
nan
nan
nan
-4.634014765421549664e-01
-5.493688583374023438e-01
7.042602962917752230e-01
-1.604402065277099609e-02
1.809128920237223215e-01
2.196374204423692522e-01
1.188456217447916741e+00
-6.579189830356173552e-01
1.000392913818359375e+00
8.994432025485568083e-01
-5.653424792819552458e-01
1.764767699771457310e-01
-4.419996473524305802e-01
4.874062008327907924e-01
2.378311422136094866e-01
-5.308253500196669084e-01
-3.814447191026475448e-01
-3.450238704681396484e-01
-7.385271390279134485e-01
-3.745314545101589565e-01
-5.381922721862792969e-01
2.392624484168158761e-01
4.885271920098198661e-01
-9.709670808580186940e-02
8.932283189561631698e-01
-1.282364739312066071e+00
-1.275669679873519570e-03
9.739050335354275667e-01
nan
nan
nan
nan
-6.272618505689833146e-01
-9.777974022759331474e-01
-1.310395134819878571e+00
1.027417076958550446e+00
7.908267974853515625e-01
-4.208050303988986607e-01
-1.850205527411566742e+00
-6.689943737453885042e-01
9.703284369574652901e-01
4.552942911783854352e-01
-9.521964523527357005e-02
-1.488866806030273438e+00
-1.511965115865071541e+00
1.381971173816257115e-01
-4.445954428778754464e-01
1.301471922132703962e-01
6.709043714735243302e-01
-1.439013878504435129e-01
-7.504077487521700895e-01
-7.688247362772623328e-01
-6.072275506125555944e-02
4.557584126790364398e-01
1.117345624499850865e-01
1.196634292602539062e+00
-5.714418623182508927e-01
-4.715828895568847656e-01
5.178599357604980469e-01
4.305425749884711495e-01
nan
nan
nan
nan
-1.107383370399475098e-01
9.925533003277248190e-02
-7.818881670633951453e-01
5.744846661885579797e-01
3.889892631106906529e-01
1.265343560112847099e-01
-4.574405815866258718e-02
-3.236976928181118512e-02
1.438672913445366852e+00
-6.251922183566622770e-01
1.745763884650336495e-01
2.952528331014845145e-02
-8.454938464694552458e-01
-3.265599674648708706e-01
1.303681797451443081e-01
-5.640448464287651786e-01
-2.226007673475477233e+00
-1.060688972473144531e+00
-2.470983134375678292e-01
3.274568451775444755e-01
-4.065679510434468819e-02
1.807874838511148996e-01
2.500454584757487164e-01
-6.282298829820420760e-01
-1.772569285498725167e-01
-4.837607807583279018e-01
-1.457082536485460045e+00
-5.075807571411132812e-01
nan
nan
nan
nan
6.295627488030327568e-01
-2.688476509518093471e-01
-6.926006740993924105e-01
-3.671287960476345424e-01
-3.040195835961236048e-02
4.685348404778374443e-01
-2.192453543345133371e-01
-2.668254110548231584e-01
5.517178111606173552e-01
4.724677403767903461e-01
-2.970155080159505023e-01
7.617494265238443640e-01
-1.609088155958387611e+00
-4.906508127848307477e-01
-2.707693311903212052e-01
6.880231698354084824e-02
1.113779173956976898e+00
-7.503014802932739258e-02
2.744521564907497768e-01
-2.697275744544135323e-01
-1.449069546328650600e-02
-1.290633545981513253e-01
9.934057792027790879e-02
-6.704560915629068640e-01
-1.153860727945963616e+00
3.925916088951958427e-01
4.453775286674499512e-02
3.841252062055799943e-01
nan
nan
nan
nan
1.008554988437228683e+00
2.689021428426106586e-01
-5.031615363226996651e-01
-2.458522584703233538e-01
3.307663400967916084e-02
3.072832425435383930e-01
-8.948868645562065849e-01
3.876374827490912667e-01
4.355728626251220703e-02
7.003019253412882776e-03
-9.171539942423502234e-01
-3.098150359259711495e-01
-3.745463689168294086e-01
-4.969365861680772323e-01
3.946075439453125000e-01
-4.812442461649577008e-01
1.054625193277994866e+00
9.508906470404731026e-01
1.046673032972547768e+00
6.165633731418185270e-01
9.487250645955404016e-01
-4.123082955678303851e-01
-4.040356742011176339e-01
-1.157083405388726227e+00
-1.970301402939690638e-02
-3.932784663306342354e-01
1.084957758585612053e+00
-1.882169975174798060e-02
nan
nan
nan
nan
6.247440973917642859e-01
7.909791734483506698e-01
-7.868338690863715401e-01
-1.431593894958496094e+00
2.024067772759331474e-01
4.714836014641655693e-01
-5.599765777587890625e-01
-5.015979342990450895e-01
-4.925751156277126674e-01
-2.333202891879611607e-01
-1.357260598076714508e+00
2.385639084710015068e-01
6.809390915764702568e-01
8.636470370822482145e-01
5.740290217929415739e-01
-3.357213338216145648e-01
-5.925425953335232698e-01
-8.453373379177517855e-01
-3.001005119747585659e-01
1.080735193358527309e-02
4.720690515306260604e-01
-6.611637009514702568e-01
-5.118188924259609723e-02
-1.067310121324327232e+00
-7.933638360765244979e-01
8.277205891079373323e-01
1.631482018364800446e+00
1.344159576627943220e-01
nan
nan
nan
nan
-3.959258132510715122e-01
4.020273685455322266e-02
nan
2.655097378624809989e-01
1.361852327982584709e+00
-5.215331713358560828e-01
-8.522976769341362724e-01
2.510051462385389787e-01
-9.191275305218166158e-02
1.847255097495185128e-01
4.610169198777940291e-01
1.455371114942762556e-01
6.781451967027452010e-01
-3.566180335150824776e-01
-5.305842823452420198e-01
-1.506187518437703543e-01
1.710209581587049665e-01
-1.157706896464030022e+00
-4.604556295606825334e-01
-8.627205424838595427e-01
-5.474198129442002791e-01
-5.543894237942166292e-01
-1.087882518768310547e-01
-2.005148265096876395e-02
-1.070996284484863281e+00
7.544538180033365515e-01
1.328554550806681223e-01
1.412072579065958566e-01
nan
nan
nan
nan
1.206746763653225307e-01
-1.294127464294433594e+00
4.517907036675347099e-01
4.694945017496744977e-01
2.223496172163221540e-01
-1.147325727674696205e+00
-8.868690331776936386e-02
2.650909423828125000e-01
8.401612705654568636e-01
2.128714720408121652e-01
2.131386597951253348e-01
2.421654860178629465e-01
1.194638676113552567e+00
-3.747765753004286271e-01
-3.333759837680392857e-01
4.247498512268066406e-01
-5.914984279208712614e-01
4.337243239084879326e-02
1.506734318203396317e+00
-3.597185081905788784e-01
-4.317926830715603237e-01
1.105877240498860603e+00
2.520100805494520646e-01
1.284401019414266043e-01
-7.990567551718817663e-02
6.004305415683321989e-01
5.169223149617513391e-01
-1.209283086988661049e+00
nan
nan
nan
nan
-4.279099835289849052e-01
-1.036413192749023438e+00
-5.829340087042914620e-01
-5.941232045491536828e-01
-6.441282166375054130e-01
-2.392128838433159599e-01
-3.603965706295437221e-01
1.964076757431030273e-01
4.202408260769314174e-01
-3.487042321099175224e-01
4.234419398837619419e-01
-3.628755940331352958e-01
6.988529099358452568e-01
-4.718404346042209124e-02
3.136465284559462052e-01
5.625353389316134489e-01
1.695932176378038170e+00
8.653889762030707589e-01
9.079053666856553573e-01
-1.189389122856987946e+00
2.262651125590006418e-01
-7.248953183492025110e-01
3.311600155300564174e-01
-1.206093894110785492e+00
-2.848200003306071149e-01
-6.955115662680731725e-02
-5.247000058492025110e-01
9.150242275661892855e-01
nan
nan
nan
nan
6.904015011257595980e-01
3.327173127068413505e-01
4.833374553256564732e-01
6.487704383002387276e-01
6.047753757900662386e-01
nan
2.306021849314371652e-01
1.571048630608452790e+00
7.050552897983126677e-01
1.982799106174045201e-01
-7.382136980692545203e-01
3.167021804385715122e-01
1.419636726379394531e+00
4.080549610985649833e-01
-5.026387638515896761e-01
-1.169323603312174553e+00
-5.368636449178060266e-01
2.262191474437713623e-02
1.531910565164354074e-02
-6.231296327379014510e-01
-1.367572572496202232e+00
1.728443039788140068e-01
-2.674730883704291573e-01
-3.603278266059027901e-01
-4.127205477820502511e-01
-2.213552527957492466e-01
2.169547610812717076e-01
4.997618993123372211e-01
nan
nan
