nan
nan
-1.044614195823669434e+00
-6.172750592231750488e-01
-8.159614801406860352e-01
-1.109570503234863281e+00
8.415297865867614746e-01
-2.652771174907684326e-01
-3.637923896312713623e-01
-1.032920718193054199e+00
2.522799558937549591e-02
-1.256346702575683594e+00
5.749599337577819824e-01
-1.032420158386230469e+00
5.162340402603149414e-01
-1.242914915084838867e+00
-2.810225188732147217e-01
1.094752699136734009e-01
1.610714554786682129e+00
2.772099971771240234e-01
5.923203825950622559e-01
1.273860216140747070e+00
-3.723978400230407715e-01
-6.869086623191833496e-01
1.193612143397331238e-01
2.975436449050903320e-01
1.323746591806411743e-01
8.794831633567810059e-01
-1.418524384498596191e-01
-9.459525346755981445e-02
nan
nan
nan
nan
-2.201495766639709473e-01
5.608868002891540527e-01
-1.047360539436340332e+00
3.094391226768493652e-01
-3.862295746803283691e-01
-7.294614315032958984e-01
-3.484998643398284912e-02
4.159286022186279297e-01
6.220174431800842285e-01
-9.979395270347595215e-01
-1.669703572988510132e-01
9.644462466239929199e-01
-1.361093878746032715e+00
1.854353770613670349e-02
1.306067109107971191e+00
4.587632119655609131e-01
7.824422121047973633e-01
-1.024518728256225586e+00
-4.125670790672302246e-01
-8.235697746276855469e-01
1.186511754989624023e+00
-5.686476826667785645e-01
-1.978643774986267090e+00
-2.794640064239501953e-01
-1.208315968513488770e+00
1.466944217681884766e+00
-1.129885017871856689e-01
-2.374722063541412354e-01
nan
nan
nan
nan
-1.904555112123489380e-01
6.209155917167663574e-01
-1.072100549936294556e-01
6.300594210624694824e-01
-2.935498952865600586e-01
1.044007912278175354e-01
-1.034244775772094727e+00
8.249636292457580566e-01
-3.979715332388877869e-02
-2.009599804878234863e-01
-4.202228784561157227e-01
-5.326211452484130859e-01
-7.472369074821472168e-01
-8.545724749565124512e-01
-7.306988239288330078e-01
-1.528159499168395996e+00
-8.294682502746582031e-01
-1.277449131011962891e+00
1.114743232727050781e+00
7.772829532623291016e-01
1.428752660751342773e+00
-1.400179624557495117e+00
-9.212698340415954590e-01
-6.410737037658691406e-01
6.923836469650268555e-02
9.396418333053588867e-01
-1.146810650825500488e+00
-4.272798001766204834e-01
nan
nan
nan
nan
-1.453941166400909424e-01
7.411099672317504883e-01
4.519502818584442139e-01
-6.513184905052185059e-01
-3.944503962993621826e-01
-5.475096702575683594e-01
-7.958635687828063965e-01
1.004012227058410645e+00
-1.839026063680648804e-01
-1.555155873298645020e+00
-3.311678469181060791e-01
-3.867594301700592041e-01
7.220585942268371582e-01
-1.749026060104370117e+00
-2.064020782709121704e-01
-1.555221229791641235e-01
-1.066085219383239746e+00
7.999635934829711914e-01
5.634482502937316895e-01
-1.549389481544494629e+00
1.471795290708541870e-01
1.037176609039306641e+00
-1.064924150705337524e-01
-4.455992281436920166e-01
-8.033709228038787842e-02
8.177660703659057617e-01
1.139830350875854492e+00
5.883249640464782715e-01
nan
nan
nan
nan
1.803205490112304688e+00
-7.737609148025512695e-01
-2.121251106262207031e+00
1.802455663681030273e+00
-3.714725971221923828e-01
-1.387995719909667969e+00
-3.648266196250915527e-01
1.242491960525512695e+00
5.620926618576049805e-01
1.733038946986198425e-02
-9.298925995826721191e-01
1.407866179943084717e-01
-9.496558308601379395e-01
-4.636326432228088379e-01
3.930006623268127441e-01
9.704234451055526733e-02
1.642725020647048950e-01
-2.241951227188110352e+00
-2.360988616943359375e+00
-1.864800810813903809e+00
-6.113927364349365234e-01
1.444713950157165527e+00
9.808558225631713867e-02
-3.935109674930572510e-01
-1.196028962731361389e-01
3.223303854465484619e-01
-3.336579725146293640e-02
-1.659917831420898438e-01
nan
nan
nan
nan
-1.888811141252517700e-01
9.975348114967346191e-01
-4.033195674419403076e-01
-9.699435830116271973e-01
3.920311033725738525e-01
-3.794310986995697021e-01
4.690740704536437988e-01
-6.045175194740295410e-01
8.626291751861572266e-01
6.386292576789855957e-01
7.652145028114318848e-01
9.747176766395568848e-01
6.019757986068725586e-01
1.413167357444763184e+00
-8.663460612297058105e-02
-9.652649611234664917e-02
1.265265583992004395e+00
-7.037954926490783691e-01
-2.759162783622741699e-01
-9.439089894294738770e-01
1.175646185874938965e+00
-4.925472438335418701e-01
-9.213536381721496582e-01
-3.522300422191619873e-01
-2.051043063402175903e-01
1.392114162445068359e+00
1.853508830070495605e+00
-6.362632513046264648e-01
nan
nan
nan
nan
1.437623500823974609e+00
6.856403946876525879e-01
3.195450603961944580e-01
-1.854163050651550293e+00
-7.559251189231872559e-01
-8.444718122482299805e-01
-5.059227347373962402e-01
-1.248713731765747070e-01
-4.535783827304840088e-01
6.843548417091369629e-01
-1.026086360216140747e-01
1.194791644811630249e-01
-3.042643964290618896e-01
-4.431456327438354492e-01
4.692644774913787842e-01
1.178118661046028137e-01
-7.517754435539245605e-01
5.251648426055908203e-01
-2.947781085968017578e-01
6.192045807838439941e-01
-6.246116757392883301e-01
-3.173352479934692383e-01
2.042423635721206665e-01
-4.810671806335449219e-01
7.764475345611572266e-01
-5.037932991981506348e-01
-1.514348149299621582e+00
1.484743595123291016e+00
nan
nan
nan
nan
-6.828970909118652344e-01
-4.820714890956878662e-01
1.438776850700378418e-01
-6.662883609533309937e-02
1.296896815299987793e+00
-6.346736550331115723e-01
5.119070410728454590e-01
-4.993515908718109131e-01
3.706284612417221069e-02
3.047217726707458496e-01
3.158482611179351807e-01
-1.256494283676147461e+00
7.790801525115966797e-01
1.465604901313781738e+00
-1.336852550506591797e+00
-4.776824116706848145e-01
-2.057242207229137421e-02
5.884749889373779297e-01
-8.937799930572509766e-01
1.647548079490661621e-01
3.755779266357421875e-01
6.101003289222717285e-01
-5.997793078422546387e-01
-1.790397018194198608e-01
-1.385013937950134277e+00
3.567525148391723633e-01
4.064255356788635254e-01
-4.869419932365417480e-01
nan
nan
nan
nan
4.268879592418670654e-01
-7.340924143791198730e-01
-1.388488650321960449e+00
6.530049443244934082e-01
-1.135555982589721680e+00
1.257542490959167480e+00
-5.833083391189575195e-01
2.435070425271987915e-01
-9.348155856132507324e-01
-5.583903403021395206e-04
8.352028131484985352e-01
-1.137777090072631836e+00
2.584256410598754883e+00
-7.991744875907897949e-01
1.565430760383605957e+00
-1.380437612533569336e+00
-8.342398703098297119e-02
1.101305365562438965e+00
2.096038907766342163e-01
9.696057438850402832e-02
2.930176556110382080e-01
-3.233316838741302490e-01
-7.390936464071273804e-02
6.098637729883193970e-02
6.105221509933471680e-01
-7.775176316499710083e-02
5.347421169281005859e-01
4.507039114832878113e-02
nan
nan
nan
nan
-5.144019722938537598e-01
-4.020574092864990234e-01
-4.285207092761993408e-01
1.782844066619873047e-01
-6.796492934226989746e-01
-2.421349883079528809e-01
-1.068425416946411133e+00
-3.051254749298095703e-01
-2.194993495941162109e+00
8.254484534263610840e-01
7.167688012123107910e-01
3.715014457702636719e-01
-1.173364520072937012e+00
-2.037734687328338623e-01
-3.615167737007141113e-01
4.407204091548919678e-01
-2.651320099830627441e-01
-3.139081001281738281e-01
-1.275860428810119629e+00
-9.242767095565795898e-02
-7.002593278884887695e-01
-9.312146306037902832e-01
7.088659405708312988e-01
6.821724772453308105e-02
2.107412517070770264e-01
-5.625111460685729980e-01
5.151834487915039062e-01
2.437884211540222168e-01
nan
nan
nan
nan
-1.060326397418975830e-01
-1.041177988052368164e+00
-5.562534555792808533e-02
-4.768170416355133057e-01
5.583287477493286133e-01
3.165792226791381836e-01
-3.855860233306884766e-02
1.748439311981201172e+00
-7.889624238014221191e-01
-6.274830698966979980e-01
-5.850073099136352539e-01
5.976067781448364258e-01
3.670361340045928955e-01
4.825578629970550537e-01
4.402129352092742920e-01
-1.118215203285217285e+00
-6.043704748153686523e-01
-4.709378182888031006e-01
5.569428205490112305e-03
3.234125673770904541e-01
-4.803920388221740723e-01
1.049988627433776855e+00
-1.132874011993408203e+00
4.135732352733612061e-01
-1.375215172767639160e+00
-5.446165800094604492e-01
-1.306822001934051514e-01
4.061716198921203613e-01
nan
nan
nan
nan
3.882225751876831055e-01
-1.023617148399353027e+00
-1.235247969627380371e+00
-1.211925983428955078e+00
-1.790800243616104126e-01
-1.196980118751525879e+00
4.139246046543121338e-02
3.258884847164154053e-01
3.452760279178619385e-01
-1.013808548450469971e-01
4.244327545166015625e-02
-3.448695242404937744e-01
-1.467855870723724365e-01
-1.310481309890747070e+00
3.992482125759124756e-01
-7.925212383270263672e-01
4.938550293445587158e-01
-3.972306847572326660e-01
-3.125032037496566772e-02
-3.794440329074859619e-01
1.287620514631271362e-01
-1.358219146728515625e+00
-2.385544627904891968e-01
1.369392573833465576e-01
-6.545930504798889160e-01
-1.702148556709289551e+00
9.967047572135925293e-01
7.416285872459411621e-01
nan
nan
nan
nan
1.718723058700561523e+00
-9.066002368927001953e-01
7.641754150390625000e-01
1.465412676334381104e-01
3.942264914512634277e-01
-7.495883107185363770e-01
4.713533222675323486e-01
1.291164517402648926e+00
-1.138442039489746094e+00
-9.957823157310485840e-02
1.134204387664794922e+00
1.076878681778907776e-01
4.885745700448751450e-03
-1.016512989997863770e+00
-2.276534736156463623e-01
-1.125187054276466370e-01
2.632240653038024902e-01
7.762182354927062988e-01
-1.137806534767150879e+00
1.196178570389747620e-01
-3.688035607337951660e-01
-3.749876320362091064e-01
-1.711582899093627930e+00
-7.124433517456054688e-01
-7.046350836753845215e-02
3.839959800243377686e-01
8.973158597946166992e-01
4.328120946884155273e-01
nan
nan
nan
nan
5.295024514198303223e-01
-1.667928546667098999e-01
2.259595543146133423e-01
-6.008119136095046997e-02
-1.506135314702987671e-01
-1.506402611732482910e+00
-9.852896928787231445e-01
1.902760028839111328e+00
-1.199872493743896484e+00
2.577416300773620605e-01
4.005987346172332764e-01
4.085165858268737793e-01
8.885759711265563965e-01
-5.478510856628417969e-01
1.068389058113098145e+00
-1.770645976066589355e-01
7.628342509269714355e-02
-2.765585482120513916e-01
-9.017415642738342285e-01
-2.193902730941772461e-01
8.283232450485229492e-01
-2.904878556728363037e-01
-2.240382321178913116e-02
-5.732873678207397461e-01
-9.702658653259277344e-01
5.145496726036071777e-01
3.650917112827301025e-01
7.199479341506958008e-01
nan
nan
nan
nan
-5.536650419235229492e-01
-8.325004577636718750e-01
3.317027688026428223e-01
-9.380167126655578613e-01
-2.719926834106445312e+00
-8.295825719833374023e-01
5.619390010833740234e-01
7.836704254150390625e-01
-3.059258759021759033e-01
3.809085115790367126e-02
-3.705152869224548340e-01
-2.883388893678784370e-03
-1.401252865791320801e+00
6.725137680768966675e-02
-1.519048362970352173e-01
-5.990546941757202148e-01
4.876861274242401123e-01
5.329604744911193848e-01
-1.302157282829284668e+00
-1.654442995786666870e-01
8.992283791303634644e-02
8.256394863128662109e-01
-3.133518695831298828e-01
7.863688468933105469e-02
6.867108941078186035e-01
-3.019695878028869629e-01
-6.427604705095291138e-02
9.738604426383972168e-01
nan
nan
nan
nan
-1.152914315462112427e-01
2.650241553783416748e-01
-1.331684761680662632e-03
2.602924108505249023e-01
1.464158177375793457e+00
-1.919877976179122925e-01
4.419519379734992981e-02
-6.739705204963684082e-01
5.392622947692871094e-01
1.051326394081115723e+00
-4.474823772907257080e-01
-1.336898207664489746e-01
7.641083598136901855e-01
4.447168707847595215e-01
-7.009866237640380859e-01
-2.935159802436828613e-01
-1.187960386276245117e+00
-2.101729065179824829e-01
4.603646099567413330e-01
2.689217925071716309e-01
8.676620125770568848e-01
2.064959257841110229e-01
3.159218430519104004e-01
7.044169902801513672e-01
-1.449898123741149902e+00
1.794822663068771362e-01
-7.648331522941589355e-01
-2.695019356906414032e-02
nan
nan
nan
nan
6.298927068710327148e-01
1.440686464309692383e+00
6.147398352622985840e-01
7.683705687522888184e-01
9.349138736724853516e-01
-4.215539619326591492e-02
-1.238717198371887207e+00
-5.992479156702756882e-03
4.278876259922981262e-02
2.164862751960754395e-01
-2.463563978672027588e-01
1.160125657916069031e-01
5.426753163337707520e-01
1.190947175025939941e+00
1.423983693122863770e+00
1.393778920173645020e-01
-8.181834816932678223e-01
-2.785413563251495361e-01
-1.177026987075805664e+00
-6.964746713638305664e-01
-7.428187876939773560e-02
9.812498092651367188e-01
-7.421370744705200195e-01
8.273795247077941895e-01
-1.419780611991882324e+00
5.587478876113891602e-01
1.144094541668891907e-01
1.097139358520507812e+00
nan
nan
nan
nan
-1.850116372108459473e+00
2.812435030937194824e-01
-5.581723898649215698e-02
2.815047502517700195e-01
-9.081161767244338989e-02
5.214126706123352051e-01
5.446387529373168945e-01
-4.083840847015380859e-01
1.923910826444625854e-01
-2.636926174163818359e-01
3.596400916576385498e-01
-7.771542668342590332e-01
9.325698018074035645e-01
8.997927904129028320e-01
-5.580851808190345764e-02
7.876048684120178223e-01
-1.422986667603254318e-02
8.020630478858947754e-02
1.820106983184814453e+00
1.448255777359008789e-01
-6.651281118392944336e-01
4.575781822204589844e-01
-7.214521169662475586e-01
6.784617900848388672e-01
2.284191250801086426e-01
-3.289878368377685547e-02
-3.817968368530273438e-01
-1.333168745040893555e-01
nan
nan
nan
nan
6.152919530868530273e-01
5.641130208969116211e-01
3.218634128570556641e-01
-6.011427640914916992e-01
-1.470299363136291504e+00
3.025214672088623047e-01
2.501524984836578369e-01
7.168572396039962769e-02
-2.408232092857360840e-01
1.297583460807800293e+00
-1.073492646217346191e+00
5.515618920326232910e-01
-2.364415973424911499e-01
-1.525462746620178223e+00
-3.380673527717590332e-01
-3.919844329357147217e-01
1.851348757743835449e+00
1.738836526870727539e+00
-9.880768656730651855e-01
-2.836945056915283203e-01
-1.706399172544479370e-01
-9.259141087532043457e-01
-1.056673407554626465e+00
-1.368179202079772949e+00
-1.032792210578918457e+00
-5.189078450202941895e-01
-6.349228024482727051e-01
-4.057352244853973389e-01
nan
nan
nan
nan
-8.324702978134155273e-01
1.010086536407470703e+00
-8.258101940155029297e-01
5.773065611720085144e-02
3.992475271224975586e-01
2.476099580526351929e-01
1.038747668266296387e+00
-3.434596061706542969e-01
7.792542576789855957e-01
-2.922664582729339600e-01
9.243884086608886719e-01
1.972217485308647156e-02
2.255654335021972656e-02
8.074266463518142700e-02
-1.372605711221694946e-01
-6.633346080780029297e-01
8.292221426963806152e-01
6.055395305156707764e-02
-6.269628405570983887e-01
-1.479422450065612793e+00
-8.930364251136779785e-02
2.206802368164062500e-01
-9.190320372581481934e-01
8.188002109527587891e-01
1.534023284912109375e+00
3.218924701213836670e-01
-2.285182476043701172e-01
1.108818292617797852e+00
nan
nan
nan
nan
1.794299960136413574e+00
3.141291439533233643e-01
-1.833099573850631714e-01
-3.108564615249633789e-01
1.037660837173461914e+00
4.151812195777893066e-01
-1.046645164489746094e+00
-8.702872991561889648e-01
9.667250514030456543e-01
1.122043728828430176e+00
1.336292028427124023e-01
5.919994413852691650e-02
-5.923764109611511230e-01
-3.850948214530944824e-01
-6.804479956626892090e-01
3.622924685478210449e-01
-1.310843706130981445e+00
-5.972518920898437500e-01
-7.140901684761047363e-01
7.147395014762878418e-01
2.587899565696716309e-01
-1.753393858671188354e-01
-7.362506538629531860e-02
6.767092943191528320e-01
1.289083242416381836e+00
1.212688565254211426e+00
-4.423402249813079834e-01
2.130334973335266113e-01
nan
nan
nan
nan
1.087757825851440430e+00
5.146170258522033691e-01
-5.041238665580749512e-01
-4.845449924468994141e-01
1.219940900802612305e+00
-2.916263937950134277e-01
1.262275695800781250e+00
3.169674277305603027e-01
-9.191550314426422119e-02
6.961059570312500000e-01
-4.249714016914367676e-01
9.986618757247924805e-01
9.830765724182128906e-01
-4.983932673931121826e-01
-1.586376130580902100e-02
5.708630681037902832e-01
-4.501124620437622070e-01
-7.018020749092102051e-01
-2.536159455776214600e-01
1.017535328865051270e+00
6.409662961959838867e-01
-9.032908678054809570e-01
-7.279905676841735840e-01
3.239107429981231689e-01
-1.501114293932914734e-02
-5.892778635025024414e-01
-1.151429057121276855e+00
-4.064481556415557861e-01
nan
nan
nan
nan
9.354696273803710938e-01
-1.210044860839843750e+00
9.342359900474548340e-01
-5.913723725825548172e-03
-9.522972702980041504e-01
9.213601946830749512e-01
1.130023002624511719e+00
-2.654798328876495361e-01
-7.540355920791625977e-01
9.997934848070144653e-02
-1.003160119056701660e+00
-1.289323091506958008e+00
-1.099052503705024719e-01
-3.698201775550842285e-01
1.384480834007263184e+00
-2.598865330219268799e-01
4.990664422512054443e-01
3.359511792659759521e-01
7.970677018165588379e-01
-6.495929956436157227e-01
-4.203982949256896973e-01
-2.259759902954101562e-01
8.574295043945312500e-01
-1.094697937369346619e-01
8.707890510559082031e-01
-7.422606348991394043e-01
4.363850951194763184e-01
-2.266552597284317017e-01
nan
nan
nan
nan
-1.728347688913345337e-01
-2.591906674206256866e-02
-3.922759592533111572e-01
-2.304815202951431274e-01
2.726733386516571045e-01
nan
6.220111250877380371e-01
3.436432480812072754e-01
3.460069298744201660e-01
-9.044594168663024902e-01
-3.199227750301361084e-01
-6.128124594688415527e-01
-8.055966347455978394e-02
6.803023219108581543e-01
-5.795192718505859375e-01
8.139047622680664062e-01
-5.312213897705078125e-01
5.161699056625366211e-01
-4.477749168872833252e-01
-1.443800330162048340e+00
-1.412705183029174805e+00
-4.565140604972839355e-01
-9.464633464813232422e-01
1.411347240209579468e-01
1.093740701675415039e+00
-2.353260219097137451e-01
-2.702193334698677063e-02
2.059950083494186401e-01
nan
nan
