nan
nan
-1.161655426025390625e+00
-1.193446516990661621e+00
-5.586530566215515137e-01
-1.295844912528991699e+00
-8.325578570365905762e-01
-1.010358691215515137e+00
-3.857511579990386963e-01
-1.353234171867370605e+00
-1.323152422904968262e+00
-8.267040848731994629e-01
-8.941893577575683594e-01
-8.923270106315612793e-01
-1.637114167213439941e+00
-1.222334027290344238e+00
-1.297928810119628906e+00
-8.592503070831298828e-01
-1.365341782569885254e+00
-1.080344080924987793e+00
-1.230615496635437012e+00
-9.241728782653808594e-01
-1.298475265502929688e+00
-1.603227257728576660e+00
-1.073883533477783203e+00
-1.244809269905090332e+00
-7.109331488609313965e-01
-7.191966176033020020e-01
-1.195323228836059570e+00
-1.371240377426147461e+00
nan
nan
nan
nan
-5.602896213531494141e-01
-6.068386435508728027e-01
-1.095089316368103027e+00
-7.369787096977233887e-01
-7.174611687660217285e-01
-6.551055908203125000e-01
-8.102225065231323242e-01
-7.520181536674499512e-01
-8.205072879791259766e-01
-8.195220828056335449e-01
-6.663403511047363281e-01
-9.239308238029479980e-01
-8.316415548324584961e-01
-8.141218423843383789e-01
-5.505952239036560059e-01
-5.332782864570617676e-01
-9.323926568031311035e-01
-1.119599461555480957e+00
-7.983520627021789551e-01
-9.548547863960266113e-01
-6.759204864501953125e-01
-5.373775362968444824e-01
-1.076119184494018555e+00
-5.679970979690551758e-01
-7.323927879333496094e-01
-9.448744058609008789e-01
-8.766065835952758789e-01
-1.246829867362976074e+00
nan
nan
nan
nan
-8.609955310821533203e-01
-9.792373180389404297e-01
-7.395451068878173828e-01
-7.935907244682312012e-01
-6.832585930824279785e-01
-4.458928704261779785e-01
-7.322326898574829102e-01
-7.149482369422912598e-01
-8.467227816581726074e-01
-9.395958185195922852e-01
-1.093259096145629883e+00
-8.299731016159057617e-01
-7.014980316162109375e-01
-1.350098133087158203e+00
-7.015518546104431152e-01
-5.671071410179138184e-01
-7.816745638847351074e-01
-3.200603723526000977e-01
-1.107338666915893555e+00
-9.956574440002441406e-01
-4.803571105003356934e-01
-1.231509447097778320e+00
-9.400887489318847656e-01
-7.806904315948486328e-01
-4.908624887466430664e-01
-1.069678544998168945e+00
-1.115733504295349121e+00
-9.091832041740417480e-01
nan
nan
nan
nan
-9.075157642364501953e-01
-1.144464254379272461e+00
-1.202954411506652832e+00
-7.653859853744506836e-01
-7.799409031867980957e-01
-9.703732728958129883e-01
-6.466336250305175781e-01
-5.588664412498474121e-01
-1.405258655548095703e+00
-9.276946783065795898e-01
-8.209452033042907715e-01
-1.309920668601989746e+00
-9.023076295852661133e-01
-9.673250913619995117e-01
-1.378062129020690918e+00
-1.108367800712585449e+00
-1.267952799797058105e+00
-1.342837572097778320e+00
-8.851132392883300781e-01
-1.528088927268981934e+00
-1.478671789169311523e+00
-8.833056688308715820e-01
-1.225157499313354492e+00
-1.313560485839843750e+00
-8.969305753707885742e-01
-1.488329410552978516e+00
-1.329549193382263184e+00
-1.118586063385009766e+00
nan
nan
nan
nan
-1.448322176933288574e+00
-1.536153554916381836e+00
-1.347858309745788574e+00
-1.359459877014160156e+00
-1.761207699775695801e+00
-1.731963634490966797e+00
-1.127627730369567871e+00
-1.699328660964965820e+00
-1.282294750213623047e+00
-1.514098525047302246e+00
-1.459637522697448730e+00
-1.097601294517517090e+00
-1.173325300216674805e+00
-1.592593550682067871e+00
-1.167070984840393066e+00
-1.328147053718566895e+00
-1.115473031997680664e+00
-1.682264328002929688e+00
-7.105691432952880859e-01
-1.453933358192443848e+00
-1.426748633384704590e+00
-9.627258777618408203e-01
-1.264416337013244629e+00
-1.560272455215454102e+00
-1.226508498191833496e+00
-1.591011285781860352e+00
-1.606545090675354004e+00
-1.574552774429321289e+00
nan
nan
nan
nan
-1.906214952468872070e+00
-1.640934228897094727e+00
-1.191509366035461426e+00
-1.573695182800292969e+00
-9.863406419754028320e-01
-1.551583290100097656e+00
-2.064039707183837891e+00
-1.320899963378906250e+00
-1.305209040641784668e+00
-1.395464301109313965e+00
-1.680042624473571777e+00
-1.772579073905944824e+00
-1.325483798980712891e+00
-1.508326649665832520e+00
-1.332310318946838379e+00
-1.563199162483215332e+00
-1.682527661323547363e+00
-1.026945710182189941e+00
-1.221369862556457520e+00
-1.446541190147399902e+00
-1.404111385345458984e+00
-1.408575534820556641e+00
-1.177163720130920410e+00
-1.332322716712951660e+00
-1.383782625198364258e+00
-1.762992620468139648e+00
-1.506932020187377930e+00
-1.260777235031127930e+00
nan
nan
nan
nan
-1.204524159431457520e+00
-1.311460971832275391e+00
-1.184857130050659180e+00
-1.383598923683166504e+00
-1.035320758819580078e+00
-1.161629080772399902e+00
-1.643945813179016113e+00
-1.018427968025207520e+00
-1.317695617675781250e+00
-8.972827196121215820e-01
-1.110156893730163574e+00
-1.435196161270141602e+00
-1.244497656822204590e+00
-1.053484916687011719e+00
-1.329944014549255371e+00
-1.052215218544006348e+00
-1.322105407714843750e+00
-1.330376267433166504e+00
-7.978541851043701172e-01
-1.441760301589965820e+00
-1.326697230339050293e+00
-1.119396924972534180e+00
-7.480032444000244141e-01
-8.962865471839904785e-01
-8.938865661621093750e-01
-9.744750857353210449e-01
-8.304850459098815918e-01
-1.135945200920104980e+00
nan
nan
nan
nan
-1.121344089508056641e+00
-7.889788746833801270e-01
-7.350763678550720215e-01
-1.104293823242187500e+00
-9.863076806068420410e-01
-9.175244569778442383e-01
-7.623471617698669434e-01
-8.387303352355957031e-01
-1.392029047012329102e+00
-1.174629569053649902e+00
-7.777680754661560059e-01
-1.086549162864685059e+00
-1.179345130920410156e+00
-8.147159218788146973e-01
-6.924786567687988281e-01
-8.181176185607910156e-01
-1.083616375923156738e+00
-8.276517391204833984e-01
-1.238721728324890137e+00
-1.303511977195739746e+00
-8.032529354095458984e-01
-1.210736393928527832e+00
-9.734507799148559570e-01
-4.911152422428131104e-01
-7.550662755966186523e-01
-9.774430990219116211e-01
-5.804281234741210938e-01
-7.416944503784179688e-01
nan
nan
nan
nan
-7.669683694839477539e-01
-6.824059486389160156e-01
-8.076120615005493164e-01
-8.386855125427246094e-01
-1.426788806915283203e+00
-1.193838357925415039e+00
-8.527927398681640625e-01
-1.045163750648498535e+00
-1.346300959587097168e+00
-9.592450857162475586e-01
-7.843306064605712891e-01
-8.412260413169860840e-01
-8.966250419616699219e-01
-1.295416235923767090e+00
-7.238627672195434570e-01
-1.037802100181579590e+00
-4.244418740272521973e-01
-9.569512009620666504e-01
-6.612477302551269531e-01
-1.056793928146362305e+00
-1.209254860877990723e+00
-9.007703065872192383e-01
-1.004652619361877441e+00
-8.742364048957824707e-01
-4.402085840702056885e-01
-7.544512152671813965e-01
-8.899373412132263184e-01
-7.422788143157958984e-01
nan
nan
nan
nan
-1.257324337959289551e+00
-1.126196265220642090e+00
-6.518870592117309570e-01
-1.131514549255371094e+00
-1.202796339988708496e+00
-7.100317478179931641e-01
-9.113468527793884277e-01
-1.109998226165771484e+00
-1.009785294532775879e+00
-1.076153635978698730e+00
-9.206303954124450684e-01
-1.021327853202819824e+00
-1.029582738876342773e+00
-7.062951326370239258e-01
-1.289206862449645996e+00
-1.247491002082824707e+00
-1.050711035728454590e+00
-4.200320839881896973e-01
-1.445255875587463379e+00
-1.040139436721801758e+00
-1.495200395584106445e+00
-6.219277977943420410e-01
-1.070135951042175293e+00
-1.152183294296264648e+00
-9.939016103744506836e-01
-1.196091532707214355e+00
-7.053853273391723633e-01
-8.145233988761901855e-01
nan
nan
nan
nan
-6.891505122184753418e-01
-1.141186475753784180e+00
-1.327309846878051758e+00
-1.200794577598571777e+00
-1.425198674201965332e+00
-1.157255768775939941e+00
-9.498720169067382812e-01
-1.161553382873535156e+00
-1.038525104522705078e+00
-9.885832071304321289e-01
-7.373201251029968262e-01
-6.795527338981628418e-01
-9.156177043914794922e-01
-1.240830421447753906e+00
-1.164159059524536133e+00
-9.845465421676635742e-01
-8.988694548606872559e-01
-8.854839205741882324e-01
-1.118543028831481934e+00
-5.712751150131225586e-01
-6.721691489219665527e-01
-1.038359522819519043e+00
-9.316642880439758301e-01
-1.082766294479370117e+00
-7.521987557411193848e-01
-9.028521776199340820e-01
-1.120812177658081055e+00
-1.021823525428771973e+00
nan
nan
nan
nan
-8.612232804298400879e-01
-8.554204702377319336e-01
-6.516934037208557129e-01
-8.290956616401672363e-01
-1.270528793334960938e+00
-1.030213117599487305e+00
-6.639604568481445312e-01
-8.329522013664245605e-01
-8.036324381828308105e-01
-4.582002162933349609e-01
-7.549095153808593750e-01
-8.976180553436279297e-01
-9.395645856857299805e-01
-7.083480954170227051e-01
-1.144037842750549316e+00
-9.541947245597839355e-01
-8.672644495964050293e-01
-9.152536392211914062e-01
-6.520844697952270508e-01
-7.412112951278686523e-01
-1.092061758041381836e+00
-1.094482779502868652e+00
-6.642140150070190430e-01
-8.224471211433410645e-01
-4.909102022647857666e-01
-5.949288606643676758e-01
-5.943104624748229980e-01
-9.453119039535522461e-01
nan
nan
nan
nan
-9.888182878494262695e-01
-4.378205835819244385e-01
-2.626180648803710938e-01
-6.997584700584411621e-01
-1.099004268646240234e+00
-7.929489612579345703e-01
-6.290396451950073242e-01
-1.296079754829406738e+00
-3.733203709125518799e-01
-6.738454103469848633e-01
-7.295451760292053223e-01
-6.372528076171875000e-01
-9.705596566200256348e-01
-8.182364106178283691e-01
-1.367709517478942871e+00
-6.722463369369506836e-01
-5.742915272712707520e-01
-1.187251329421997070e+00
-5.254355072975158691e-01
-8.179629445075988770e-01
-1.041506767272949219e+00
-9.918417334556579590e-01
-8.581790924072265625e-01
-7.781189084053039551e-01
-1.002571344375610352e+00
-1.044226050376892090e+00
-1.469550371170043945e+00
-8.495523929595947266e-01
nan
nan
nan
nan
-1.244969248771667480e+00
-1.083555221557617188e+00
-1.200807690620422363e+00
-1.473197340965270996e+00
-8.391824960708618164e-01
-8.081253170967102051e-01
-1.264745116233825684e+00
-9.512089490890502930e-01
-1.059258341789245605e+00
-7.456604242324829102e-01
-1.042920589447021484e+00
-9.332132935523986816e-01
-1.040374517440795898e+00
-1.187366843223571777e+00
-7.322348356246948242e-01
-1.226440548896789551e+00
-9.549204707145690918e-01
-1.455709695816040039e+00
-9.401282668113708496e-01
-9.640646576881408691e-01
-1.160060048103332520e+00
-9.371760487556457520e-01
-9.463005661964416504e-01
-1.018670797348022461e+00
-1.178686857223510742e+00
-1.147538185119628906e+00
-9.789399504661560059e-01
-1.421645998954772949e+00
nan
nan
nan
nan
-1.051863789558410645e+00
-1.163597226142883301e+00
-1.078411817550659180e+00
-9.673436880111694336e-01
-7.155638337135314941e-01
-1.056766390800476074e+00
-8.736251592636108398e-01
-1.050413370132446289e+00
-1.209129571914672852e+00
-9.334459900856018066e-01
-1.205778121948242188e+00
-1.012851953506469727e+00
-1.199556231498718262e+00
-8.690124750137329102e-01
-9.473462700843811035e-01
-8.692064881324768066e-01
-1.031759738922119141e+00
-1.183521866798400879e+00
-1.180554628372192383e+00
-1.000524163246154785e+00
-8.855273127555847168e-01
-1.076745033264160156e+00
-1.158706903457641602e+00
-1.266035199165344238e+00
-9.127906560897827148e-01
-6.748778223991394043e-01
-1.349074602127075195e+00
-1.447149038314819336e+00
nan
nan
nan
nan
-1.346598505973815918e+00
-8.112176060676574707e-01
-1.066260695457458496e+00
-1.115369200706481934e+00
-1.294647693634033203e+00
-1.629753112792968750e+00
-1.458277106285095215e+00
-1.275877594947814941e+00
-1.301171302795410156e+00
-1.521132469177246094e+00
-1.139284968376159668e+00
-1.137103915214538574e+00
-1.285261034965515137e+00
-1.318597793579101562e+00
-1.489528536796569824e+00
-1.392473340034484863e+00
-1.591738104820251465e+00
-1.591916322708129883e+00
-1.236145853996276855e+00
-1.663519620895385742e+00
-1.076270103454589844e+00
-1.060136914253234863e+00
-1.295635461807250977e+00
-1.331617593765258789e+00
-1.417941331863403320e+00
-1.551322698593139648e+00
-1.370200514793395996e+00
-1.451316595077514648e+00
nan
nan
nan
nan
-6.171586513519287109e-01
-1.347966194152832031e+00
-1.285940289497375488e+00
-1.296492815017700195e+00
-1.527707815170288086e+00
-1.108900666236877441e+00
-1.863542914390563965e+00
-1.491285324096679688e+00
-1.835453391075134277e+00
-1.265386939048767090e+00
-1.172373533248901367e+00
-1.250868558883666992e+00
-1.726506114006042480e+00
-1.804430246353149414e+00
-1.295673489570617676e+00
-1.912391424179077148e+00
-1.866352558135986328e+00
-1.624553680419921875e+00
-1.585033416748046875e+00
-1.669300794601440430e+00
-1.714989185333251953e+00
-1.458495736122131348e+00
-1.332881450653076172e+00
-1.513094425201416016e+00
-1.229320526123046875e+00
-1.436754107475280762e+00
-1.308876156806945801e+00
-1.519576668739318848e+00
nan
nan
nan
nan
-1.674881577491760254e+00
-1.568096399307250977e+00
-1.620865583419799805e+00
-1.157641530036926270e+00
-1.319178462028503418e+00
-1.434880137443542480e+00
-1.332838416099548340e+00
-2.036093950271606445e+00
-3.643908798694610596e-01
-1.576774835586547852e+00
-1.458009958267211914e+00
-1.610468745231628418e+00
-1.445656299591064453e+00
-1.308645606040954590e+00
-1.163074731826782227e+00
-1.354049086570739746e+00
-1.442319869995117188e+00
-1.136725544929504395e+00
-1.607935905456542969e+00
-1.592259526252746582e+00
-1.280264616012573242e+00
-1.374542474746704102e+00
-1.189101338386535645e+00
-1.407937288284301758e+00
-1.479252099990844727e+00
-1.276412844657897949e+00
-9.945247769355773926e-01
-1.451424717903137207e+00
nan
nan
nan
nan
-1.410147666931152344e+00
-1.332121133804321289e+00
-1.604185104370117188e+00
-1.482571244239807129e+00
-1.307142019271850586e+00
-1.480836272239685059e+00
-1.241585373878479004e+00
-1.279778361320495605e+00
-1.525933504104614258e+00
-1.353597998619079590e+00
-1.378125309944152832e+00
-1.389690041542053223e+00
-1.420203208923339844e+00
-1.588456869125366211e+00
-1.051979184150695801e+00
-1.421194672584533691e+00
-1.269211649894714355e+00
-1.057042121887207031e+00
-1.590782880783081055e+00
-1.371699810028076172e+00
-1.342958211898803711e+00
-1.109375834465026855e+00
-1.569299221038818359e+00
-9.854233264923095703e-01
-1.867999076843261719e+00
-5.605566501617431641e-01
-9.087300896644592285e-01
2.092968225479125977e-01
nan
nan
nan
nan
-1.312997341156005859e+00
-1.354246139526367188e+00
-7.238736152648925781e-01
-1.538661241531372070e+00
-8.913269639015197754e-01
-1.391942262649536133e+00
-1.309719681739807129e+00
-1.345630288124084473e+00
-1.517722129821777344e+00
-1.311237931251525879e+00
-1.092273235321044922e+00
-1.084588289260864258e+00
-1.384577989578247070e+00
-1.452840328216552734e+00
-1.436779737472534180e+00
-1.407331109046936035e+00
-1.505938291549682617e+00
-8.284875750541687012e-01
-1.444934010505676270e+00
-1.802431464195251465e+00
-1.375350832939147949e+00
-1.127408981323242188e+00
-1.345044255256652832e+00
-1.071076869964599609e+00
-1.773235082626342773e+00
-1.341466069221496582e+00
-7.539054155349731445e-01
-1.400078892707824707e+00
nan
nan
nan
nan
6.528014540672302246e-01
3.915320634841918945e-01
-2.718671858310699463e-01
3.479726314544677734e-01
4.162018597126007080e-01
1.477617859840393066e+00
-1.391515493392944336e+00
-1.507670402526855469e+00
-1.277006030082702637e+00
-1.648800015449523926e+00
-1.365773439407348633e+00
-1.617274284362792969e+00
-1.478201866149902344e+00
-1.654534578323364258e+00
-1.238956570625305176e+00
-1.569786787033081055e+00
-1.660727739334106445e+00
-1.317388892173767090e+00
-1.363027930259704590e+00
-1.472645759582519531e+00
-1.811039328575134277e+00
-1.406904309988021851e-01
2.287435531616210938e-01
1.522207379341125488e+00
-2.080184698104858398e+00
-1.048597335815429688e+00
-1.020906925201416016e+00
-1.319165349006652832e+00
nan
nan
nan
nan
1.627105325460433960e-01
-9.442650675773620605e-01
-1.506163716316223145e+00
-1.363932847976684570e+00
-1.539189100265502930e+00
-1.064694285392761230e+00
-1.595248222351074219e+00
-1.579235196113586426e+00
-1.203784584999084473e+00
3.709938526153564453e-01
-1.744242198765277863e-02
2.317985445261001587e-01
-1.464617252349853516e+00
-1.722843408584594727e+00
-1.123035907745361328e+00
-1.890481948852539062e+00
-1.487456440925598145e+00
-1.279236555099487305e+00
-1.129261970520019531e+00
-1.513978719711303711e+00
-4.285868406295776367e-01
-1.433238863945007324e+00
-1.764583587646484375e+00
-1.052948355674743652e+00
-1.605187654495239258e+00
-1.729459881782531738e+00
-1.091883063316345215e+00
-1.156090497970581055e+00
nan
nan
nan
nan
-1.046478271484375000e+00
-8.857380747795104980e-01
-8.205019235610961914e-01
-1.211566448211669922e+00
-1.173213481903076172e+00
-1.474364399909973145e+00
-1.266263723373413086e+00
-9.821950197219848633e-01
-1.404162764549255371e+00
-1.435203790664672852e+00
-1.178472876548767090e+00
-1.201197028160095215e+00
-1.254358649253845215e+00
-1.064237952232360840e+00
-4.120888113975524902e-01
-1.176087737083435059e+00
-1.537907838821411133e+00
3.045492470264434814e-01
-7.819390296936035156e-02
-4.211967289447784424e-01
-1.430062532424926758e+00
-1.267726063728332520e+00
-9.245404005050659180e-01
-1.220326066017150879e+00
-1.172933459281921387e+00
-1.481947422027587891e+00
-1.601947307586669922e+00
-1.018170595169067383e+00
nan
nan
nan
nan
-8.024737238883972168e-01
-7.770944833755493164e-01
-1.139080524444580078e+00
-1.390127301216125488e+00
-1.365440487861633301e+00
nan
-1.181398987770080566e+00
-1.541450619697570801e+00
-1.141915202140808105e+00
-1.006981968879699707e+00
-7.355619668960571289e-01
-1.336830973625183105e+00
-1.399776339530944824e+00
-1.475883603096008301e+00
-1.585347414016723633e+00
-1.672079801559448242e+00
-9.503335356712341309e-01
-1.240524172782897949e+00
-1.838121652603149414e+00
-1.774451255798339844e+00
-1.350347995758056641e+00
-1.523741006851196289e+00
-1.449256539344787598e+00
-1.093147039413452148e+00
-1.422474980354309082e+00
-1.687548875808715820e+00
-1.652899384498596191e+00
-1.688646674156188965e+00
nan
nan
