nan
nan
1.212185144424438477e+00
4.999118745326995850e-01
-1.492241859436035156e+00
-3.376184701919555664e-01
-1.292309463024139404e-01
4.287632405757904053e-01
-1.039612218737602234e-01
-2.825063943862915039e+00
5.783370733261108398e-01
-3.831329345703125000e-01
-9.257765412330627441e-01
7.044502496719360352e-01
-4.306770265102386475e-01
-1.364536285400390625e+00
-8.669458031654357910e-01
5.436525344848632812e-01
-6.070190072059631348e-01
-9.020301103591918945e-01
8.229509592056274414e-01
-9.279698729515075684e-01
-1.013977289199829102e+00
-1.167176008224487305e+00
6.130576729774475098e-01
-8.114340305328369141e-01
-4.030396044254302979e-02
6.009671092033386230e-01
7.574319839477539062e-01
-9.110615253448486328e-01
nan
nan
nan
nan
6.594188977032899857e-03
3.331319391727447510e-01
1.275883197784423828e+00
-1.115659847855567932e-01
5.252557992935180664e-01
-1.306989192962646484e+00
-1.631790995597839355e+00
1.312617808580398560e-01
-1.462201476097106934e+00
-3.752070367336273193e-01
3.156613186001777649e-02
2.521702349185943604e-01
-9.211323857307434082e-01
-1.231191635131835938e+00
-4.646407365798950195e-01
-3.518527746200561523e-01
3.305330574512481689e-01
4.333870708942413330e-01
-3.652109503746032715e-01
1.154108643531799316e+00
-2.755446135997772217e-01
3.510834872722625732e-01
-7.153679728507995605e-01
1.127200245857238770e+00
-1.401836127042770386e-01
1.094586372375488281e+00
8.522095084190368652e-01
-8.651238679885864258e-01
nan
nan
nan
nan
-1.459814310073852539e+00
1.030084729194641113e+00
9.846239686012268066e-01
-5.673441886901855469e-01
3.861950635910034180e-01
1.847431421279907227e+00
-7.809807658195495605e-01
2.824279963970184326e-01
-1.169747591018676758e+00
4.932208955287933350e-01
5.264959335327148438e-01
3.996194526553153992e-02
-2.763711810111999512e-01
-5.932285189628601074e-01
-1.344911158084869385e-01
1.647088490426540375e-02
-3.041360378265380859e-01
-1.066871523857116699e+00
-1.326003074645996094e+00
-9.501941800117492676e-01
3.978474438190460205e-01
-7.336631417274475098e-01
1.360438108444213867e+00
-2.287737876176834106e-01
9.574124217033386230e-01
-1.166197419166564941e+00
1.392783641815185547e+00
5.944247841835021973e-01
nan
nan
nan
nan
1.513928771018981934e+00
7.284822463989257812e-01
-6.421117186546325684e-01
1.215269804000854492e+00
-1.456455439329147339e-01
9.134174585342407227e-01
-1.160984754562377930e+00
1.938962936401367188e-01
4.989085197448730469e-01
6.466299891471862793e-01
-9.199001193046569824e-01
-1.022756695747375488e+00
1.250764727592468262e+00
4.179103374481201172e-01
-2.220212459564208984e+00
1.899677664041519165e-01
-1.225202441215515137e+00
-1.449721753597259521e-01
-5.076141357421875000e-01
-1.177695170044898987e-01
1.021260023117065430e+00
1.004664659500122070e+00
4.305768385529518127e-02
7.667275667190551758e-01
6.763408333063125610e-02
3.138365447521209717e-01
-1.732740402221679688e+00
6.997583508491516113e-01
nan
nan
nan
nan
1.188527584075927734e+00
-1.828861236572265625e+00
7.285817265510559082e-01
1.563224047422409058e-01
-9.536107182502746582e-01
-6.614457964897155762e-01
-3.510549664497375488e-01
6.106467247009277344e-01
-4.956741631031036377e-01
-1.100279211997985840e+00
4.533905982971191406e-01
-2.547100782394409180e-01
-5.159050822257995605e-01
4.636924266815185547e-01
5.169526338577270508e-01
-2.103050425648689270e-02
5.012596845626831055e-01
-3.877384960651397705e-01
4.841862022876739502e-01
-9.757342934608459473e-01
-1.077085062861442566e-01
-1.125019788742065430e+00
1.166911244392395020e+00
5.613553524017333984e-01
3.794946372509002686e-01
1.109225273132324219e+00
-5.495653748512268066e-01
-1.617408692836761475e-01
nan
nan
nan
nan
-1.441795229911804199e-01
1.504978775978088379e+00
-2.235403209924697876e-01
-4.400176182389259338e-02
7.259345054626464844e-01
-9.081797599792480469e-01
3.282981216907501221e-01
-1.041119217872619629e+00
4.249536991119384766e-01
-6.833713650703430176e-01
1.041539549827575684e+00
-7.862880825996398926e-01
8.625090122222900391e-01
5.722316503524780273e-01
9.905138015747070312e-01
-4.631961137056350708e-02
-2.681983411312103271e-01
1.441413879394531250e+00
-1.068755745887756348e+00
5.701473355293273926e-01
1.023901343345642090e+00
1.086498856544494629e+00
1.462031751871109009e-01
5.642349720001220703e-01
4.943900406360626221e-01
-5.896225571632385254e-01
5.220696926116943359e-01
1.112853437662124634e-01
nan
nan
nan
nan
-6.210454106330871582e-01
-4.536702036857604980e-01
1.345967352390289307e-01
1.320255279541015625e+00
6.630426645278930664e-01
-8.987879157066345215e-01
-8.662787079811096191e-01
-3.581623136997222900e-01
-1.256062686443328857e-01
6.055867075920104980e-01
-4.808107614517211914e-01
-2.937687933444976807e-01
-1.400498002767562866e-01
-5.701448917388916016e-01
-6.256089359521865845e-02
-2.157520130276679993e-02
1.152767419815063477e+00
-2.715713262557983398e+00
-4.446543157100677490e-01
-1.781124472618103027e+00
-1.159912467002868652e+00
-2.339691296219825745e-02
-1.087619423866271973e+00
1.129391640424728394e-01
-1.065357998013496399e-01
-4.198179543018341064e-01
-3.099578320980072021e-01
-1.534712016582489014e-01
nan
nan
nan
nan
-2.079007863998413086e+00
9.599382281303405762e-01
-3.027567863464355469e-01
4.920924603939056396e-01
-2.857924997806549072e-01
4.544673264026641846e-01
-5.870054364204406738e-01
5.100512504577636719e-01
-4.999510645866394043e-01
1.766394257545471191e+00
-1.647988080978393555e+00
9.507177472114562988e-01
4.825773090124130249e-02
-2.835088782012462616e-02
-1.090459704399108887e+00
-4.522442221641540527e-01
8.839758485555648804e-02
-1.214214801788330078e+00
1.203219413757324219e+00
3.475538492202758789e-01
-4.129179716110229492e-01
4.172631800174713135e-01
-1.214258909225463867e+00
-3.372372686862945557e-01
-5.093399882316589355e-01
-8.052713274955749512e-01
3.372563123703002930e-01
-2.092517018318176270e-01
nan
nan
nan
nan
1.144259333610534668e+00
-1.962706595659255981e-01
-1.111824989318847656e+00
-7.038167715072631836e-01
-6.601912975311279297e-01
-3.372129797935485840e-01
1.021058931946754456e-01
1.475852608680725098e+00
-2.502728626132011414e-02
3.178187459707260132e-02
-3.058461658656597137e-02
1.391456604003906250e+00
4.606176912784576416e-02
8.023293018341064453e-01
-1.048085570335388184e+00
2.171922475099563599e-01
4.334748089313507080e-01
4.735867381095886230e-01
3.102270960807800293e-01
-7.116738557815551758e-01
-9.021742343902587891e-01
-1.287814378738403320e+00
2.338663190603256226e-01
1.149946898221969604e-01
2.557081937789916992e+00
-1.018544197082519531e+00
6.983811855316162109e-01
2.724558115005493164e-01
nan
nan
nan
nan
-6.159156188368797302e-02
-3.262500762939453125e-01
2.807015478610992432e-01
1.248814821243286133e+00
-6.394823789596557617e-01
-1.483290076255798340e+00
1.692952513694763184e+00
-7.770017385482788086e-01
-8.292372822761535645e-01
7.327979207038879395e-01
1.458719670772552490e-01
1.766236305236816406e+00
-4.824447035789489746e-01
3.754761815071105957e-01
5.486685037612915039e-01
-1.889094561338424683e-01
-1.677223108708858490e-02
5.791257619857788086e-01
-1.821728423237800598e-02
-1.090277314186096191e+00
8.310225605964660645e-01
-5.604679584503173828e-01
1.357374191284179688e-01
-1.215970754623413086e+00
-4.289867281913757324e-01
-2.130614221096038818e-01
8.312738537788391113e-01
-1.691610924899578094e-02
nan
nan
nan
nan
9.318873882293701172e-01
-4.662739336490631104e-01
9.989119768142700195e-01
-8.651967048645019531e-01
-2.115055620670318604e-01
-1.465716511011123657e-01
-1.157945394515991211e+00
7.893953472375869751e-03
6.585481166839599609e-01
4.809155166149139404e-01
-1.516230851411819458e-01
1.140102148056030273e+00
3.154217600822448730e-01
4.168193638324737549e-01
5.584276318550109863e-01
5.395416021347045898e-01
2.717941105365753174e-01
6.722446680068969727e-01
2.868022322654724121e-01
4.739798009395599365e-01
1.102491497993469238e+00
4.664280712604522705e-01
9.968476891517639160e-01
-8.875181674957275391e-01
-1.456565380096435547e+00
8.435713052749633789e-01
2.492316663265228271e-01
-2.497713416814804077e-01
nan
nan
nan
nan
7.423542737960815430e-01
3.438625335693359375e-01
-1.217738270759582520e+00
1.467766165733337402e+00
-9.894611686468124390e-02
-6.171186640858650208e-02
1.191388726234436035e+00
-2.239901274442672729e-01
-1.920367717742919922e+00
4.507040381431579590e-01
-4.539401233196258545e-01
-1.854714274406433105e+00
7.739043831825256348e-01
4.105162620544433594e-01
-1.270725727081298828e-01
-2.142029814422130585e-02
1.112556681036949158e-01
-1.214811429381370544e-01
1.059969067573547363e+00
-4.893592894077301025e-01
1.425007879734039307e-01
-6.862871050834655762e-01
-6.679387390613555908e-02
4.478487968444824219e-01
-1.377029865980148315e-01
-3.036650717258453369e-01
9.216751456260681152e-01
9.261848926544189453e-01
nan
nan
nan
nan
3.858778476715087891e-01
-7.735493183135986328e-01
1.020840048789978027e+00
5.128151774406433105e-01
8.594044446945190430e-01
6.152980327606201172e-01
3.859855234622955322e-01
6.370213627815246582e-01
-9.441884756088256836e-01
7.850589156150817871e-01
7.739872932434082031e-01
5.263791084289550781e-01
7.749906182289123535e-01
-8.542469143867492676e-01
1.887587904930114746e-01
2.574210166931152344e-01
1.120682060718536377e-01
1.002792641520500183e-01
-5.237236618995666504e-01
-2.939250171184539795e-01
-2.031574212014675140e-02
7.427721619606018066e-01
-1.358556151390075684e-01
5.097764730453491211e-01
-1.390763759613037109e+00
-9.550797939300537109e-01
-8.529639244079589844e-02
-1.754333257675170898e+00
nan
nan
nan
nan
-2.723130285739898682e-01
2.889823317527770996e-01
3.736725747585296631e-01
-7.304713726043701172e-01
-3.308065533638000488e-01
3.236605525016784668e-01
2.750875949859619141e-01
4.074343144893646240e-01
-8.393110632896423340e-01
1.073194384574890137e+00
5.042552351951599121e-01
-2.709350287914276123e-01
6.797482967376708984e-01
-3.813669085502624512e-01
-1.897028833627700806e-01
-1.025803804397583008e+00
1.766828149557113647e-01
5.345327779650688171e-02
9.504138827323913574e-01
-1.258101940155029297e+00
5.818161368370056152e-01
-6.755077093839645386e-02
2.913351953029632568e-01
-5.274406671524047852e-01
5.440997481346130371e-01
-3.295019268989562988e-02
-5.526955723762512207e-01
-5.932660698890686035e-01
nan
nan
nan
nan
2.254086881875991821e-01
5.575103685259819031e-02
4.843977391719818115e-01
1.439040541648864746e+00
1.324871063232421875e+00
-4.645048975944519043e-01
1.607890054583549500e-02
6.745648384094238281e-01
6.141172647476196289e-01
-3.093251883983612061e-01
1.731556653976440430e+00
1.237856745719909668e-01
-7.397063970565795898e-01
3.134258687496185303e-01
-4.455789625644683838e-01
2.533928394317626953e+00
-4.866760224103927612e-02
-1.472755432128906250e+00
-7.869954109191894531e-01
1.736949533224105835e-01
6.818875074386596680e-01
5.193240195512771606e-02
-3.765453994274139404e-01
3.518570959568023682e-01
-4.112888872623443604e-01
3.522455394268035889e-01
5.735968947410583496e-01
-2.325718998908996582e-01
nan
nan
nan
nan
1.380065381526947021e-01
-6.154166907072067261e-02
-6.713847815990447998e-02
-2.629806995391845703e-01
4.068570435047149658e-01
-1.155546307563781738e+00
2.916546463966369629e-01
1.258466124534606934e+00
1.433048367500305176e+00
-1.380554676055908203e+00
3.777343034744262695e-01
-9.015055298805236816e-01
-2.142938524484634399e-01
1.082474350929260254e+00
4.794137477874755859e-01
1.928762495517730713e-01
-3.956846594810485840e-01
-1.044745087623596191e+00
3.899102210998535156e-01
-4.990842640399932861e-01
-3.129847347736358643e-01
1.250686943531036377e-01
-1.319463014602661133e+00
-4.979685842990875244e-01
-7.595580816268920898e-01
-1.427491158246994019e-01
8.881505727767944336e-01
1.512286543846130371e+00
nan
nan
nan
nan
5.721787810325622559e-01
1.787181019783020020e+00
5.708436965942382812e-01
5.601836368441581726e-02
6.842658519744873047e-01
5.448855161666870117e-01
-9.533559083938598633e-01
-1.565966129302978516e+00
5.550479888916015625e-01
-8.070806264877319336e-01
-1.402398467063903809e+00
-6.095550581812858582e-02
7.017976641654968262e-01
5.439167022705078125e-01
7.779747247695922852e-01
-1.506145358085632324e+00
6.825284957885742188e-01
-9.453122019767761230e-01
1.123171091079711914e+00
7.757782340049743652e-01
1.708400011062622070e+00
-1.148162126541137695e+00
2.274710983037948608e-01
-7.864568829536437988e-01
5.715759992599487305e-01
7.204821705818176270e-01
-1.105095624923706055e+00
2.491458505392074585e-01
nan
nan
nan
nan
1.567334294319152832e+00
5.421736091375350952e-02
3.456890881061553955e-01
-1.663911789655685425e-01
6.594699621200561523e-02
1.556708961725234985e-01
-5.437567830085754395e-01
-4.049468934535980225e-01
5.331298708915710449e-01
-1.183071255683898926e+00
1.341097831726074219e+00
-2.923825681209564209e-01
-2.083280801773071289e+00
5.399328470230102539e-01
-3.543404936790466309e-01
-1.819276213645935059e-01
1.186526566743850708e-01
-2.528640031814575195e-01
2.627896144986152649e-02
1.819360017776489258e+00
5.006089210510253906e-01
9.047429263591766357e-02
-1.161568880081176758e+00
-4.782206714153289795e-01
4.077556133270263672e-01
7.702308893203735352e-02
-1.191829085350036621e+00
6.701661944389343262e-01
nan
nan
nan
nan
2.924303710460662842e-01
1.739332824945449829e-01
1.367465734481811523e+00
1.650064229965209961e+00
4.689413309097290039e-01
4.726130664348602295e-01
7.996311038732528687e-02
-5.606227517127990723e-01
6.809432506561279297e-01
-2.151002436876296997e-01
-1.863926053047180176e+00
-7.625088840723037720e-02
-6.356025934219360352e-01
7.567085027694702148e-01
4.704372882843017578e-01
-1.300181388854980469e+00
-5.770752578973770142e-02
-2.999530732631683350e-01
-4.490754902362823486e-01
2.187900841236114502e-01
-8.367668837308883667e-02
-1.581422239542007446e-01
1.103451699018478394e-01
-3.067996203899383545e-01
5.382782816886901855e-01
1.069183230400085449e+00
2.059252113103866577e-01
1.229128465056419373e-01
nan
nan
nan
nan
-2.770356237888336182e-01
-1.428493857383728027e-01
-2.285531908273696899e-02
8.731238842010498047e-01
-1.407921165227890015e-01
-8.067035675048828125e-01
4.847405254840850830e-01
-3.614337444305419922e-01
1.101412400603294373e-01
4.307070970535278320e-01
-1.183283925056457520e+00
-2.298913598060607910e-01
4.484078586101531982e-01
-7.024604678153991699e-01
1.758799552917480469e-01
3.030624687671661377e-01
-1.492638736963272095e-01
1.308200508356094360e-02
-1.949939280748367310e-01
1.232941031455993652e+00
1.828047633171081543e-01
-6.497555971145629883e-01
1.103080749511718750e+00
-1.271911740303039551e+00
4.694925844669342041e-01
9.176853299140930176e-01
-4.006466567516326904e-01
1.235858201980590820e+00
nan
nan
nan
nan
6.981355547904968262e-01
-2.956395745277404785e-01
1.650903820991516113e-01
-9.832807779312133789e-01
-3.060852587223052979e-01
-5.472977757453918457e-01
-2.610156536102294922e-01
-3.613232672214508057e-01
-2.719818651676177979e-01
1.418212056159973145e+00
7.119601964950561523e-01
1.267635673284530640e-01
1.110451221466064453e-01
1.422502875328063965e+00
4.719966351985931396e-01
9.460130929946899414e-01
6.487237811088562012e-01
1.229182258248329163e-01
1.375007271766662598e+00
-4.757027029991149902e-01
-2.004965543746948242e-01
8.623970206826925278e-04
-7.331363111734390259e-02
1.370047688484191895e+00
1.564136385917663574e+00
1.143319487571716309e+00
-8.396061062812805176e-01
-4.761666655540466309e-01
nan
nan
nan
nan
7.344086766242980957e-01
6.971185207366943359e-01
1.104170560836791992e+00
1.297636628150939941e+00
-6.456248760223388672e-01
1.111798644065856934e+00
-1.502304792404174805e+00
-8.304838836193084717e-02
-2.388254851102828979e-01
5.327835679054260254e-01
-1.362167745828628540e-01
3.373916074633598328e-02
1.107239365577697754e+00
-1.299666404724121094e+00
1.753584742546081543e-01
-1.164089322090148926e+00
9.132314920425415039e-01
-6.489869356155395508e-01
-1.059532761573791504e+00
7.879124879837036133e-01
1.948009878396987915e-01
-9.864695072174072266e-01
-3.394616767764091492e-02
-2.306918054819107056e-01
-8.288080096244812012e-01
8.084121942520141602e-01
1.070464849472045898e+00
-2.191429138183593750e+00
nan
nan
nan
nan
-6.760861277580261230e-01
3.156042098999023438e-01
3.551730513572692871e-01
5.319261923432350159e-02
-8.215968608856201172e-01
-3.950051963329315186e-02
-2.588793992996215820e+00
-1.394706606864929199e+00
-1.134137868881225586e+00
1.352903127670288086e+00
9.136772155761718750e-01
-1.161159992218017578e+00
-6.408287882804870605e-01
3.710374236106872559e-01
-2.255068123340606689e-01
5.943551659584045410e-01
2.030252069234848022e-01
-4.966950118541717529e-01
-1.661038696765899658e-01
4.553384780883789062e-01
-1.277712345123291016e+00
8.637986779212951660e-01
1.004149019718170166e-02
-7.992585897445678711e-01
-1.021867990493774414e+00
8.546019196510314941e-01
3.741757869720458984e-01
-4.621360450983047485e-02
nan
nan
nan
nan
-8.022145628929138184e-01
-4.032779932022094727e-01
1.246060967445373535e+00
-5.213757231831550598e-02
1.783568620681762695e+00
nan
8.966380357742309570e-02
5.635859370231628418e-01
-1.044095516204833984e+00
3.981514275074005127e-01
-2.948537701740860939e-03
1.243837118148803711e+00
-3.946195840835571289e-01
1.182864904403686523e+00
1.829017847776412964e-01
2.014367133378982544e-01
-7.233387231826782227e-01
-1.823081225156784058e-01
3.573471307754516602e-01
4.868327975273132324e-01
7.956873774528503418e-01
-4.515703320503234863e-01
-7.337011694908142090e-01
-7.946833372116088867e-01
8.493789285421371460e-02
1.014299631118774414e+00
-7.085637450218200684e-01
-1.619719564914703369e-01
nan
nan
