nan
nan
-7.489661640591092073e-01
6.205936008029513395e-01
1.028613196478949554e+00
8.372040854560004464e-01
8.829326099819607698e-01
-3.444707128736708146e-01
4.573794470893012276e-01
-1.389002376132541183e+00
6.038501527574327010e-01
5.853709114922417411e-01
6.878531773885091516e-01
-3.120806217193603516e-01
3.391468789842393416e-01
3.096645739343431222e-02
-5.088943574163649203e-03
-1.392314434051513672e-01
-1.565598646799723215e-01
-7.697845035129122770e-01
-6.641177601284451448e-01
1.106945885552300446e+00
-8.961287604437934151e-01
-2.028365029229058258e+00
-1.032113181220160492e+00
6.986624399820963172e-01
2.692931758032904854e-01
6.188921398586697542e-01
4.716908137003580914e-01
1.650273323059082031e+00
nan
nan
nan
nan
-3.272544278038872489e-01
-2.792806095547146206e-01
-7.874997986687554130e-01
-4.447385470072428570e-01
-2.153846820195516043e-01
1.428286499447292690e-01
2.158033185535006976e-02
1.469840738508436384e-01
-6.084020932515462610e-01
-3.051668074395921457e-02
-4.733660486009385604e-01
5.645164383782280693e-01
-1.760797288682725670e+00
5.364478958977593193e-01
1.012639469570583817e+00
1.331111801995171540e+00
-6.912837028503417969e-01
-1.110035154554579018e+00
4.044622845119900112e-01
1.288976775275336273e+00
4.066854582892523995e-01
5.591363377041287386e-01
-1.747000588311089508e+00
4.008129437764485492e-01
6.035278108384873885e-01
-7.699547343783907927e-01
-1.151296827528211775e-01
7.236776351928710938e-01
nan
nan
nan
nan
-3.776910305023193359e-01
5.704323980543348771e-01
-2.017281002468533035e+00
-1.050522168477376228e+00
-2.133385472827487583e-01
2.296917438507080078e-01
5.529678132798936385e-01
-3.067027727762858258e-01
9.790213902791341516e-01
-3.835998111300998326e-01
1.840682983398437500e+00
-1.255628797743055580e+00
-1.668423334757487053e+00
8.487829102410210380e-01
1.865977843602498465e-01
1.790448427200317383e-01
2.155625157886081333e-01
1.464264975653754242e+00
7.332567638821072542e-01
-4.545967313978407365e-01
3.926762474907768974e-01
1.154118431939019196e+00
4.187103642357720146e-01
9.368323220147026786e-01
-5.577057202657064172e-01
1.299900892708036673e-02
-2.221080495251549769e-02
1.059382120768229241e+00
nan
nan
nan
nan
8.773442374335395089e-01
-1.385178036159939285e+00
2.088938421673244838e-01
2.053263717227511997e-01
7.919992340935601283e-02
-1.055631001790364509e+00
-8.301657040913900110e-01
-6.436501608954535714e-01
3.645202318827311383e-01
3.590426445007324219e-01
1.592960145738389732e+00
-5.206072065565321427e-01
8.378124766879611052e-01
-1.545375585556030273e-01
1.938012705908881417e-01
-1.871425310770670480e-01
7.357811265521579935e-02
-1.468557251824273102e+00
5.357042948404947547e-01
1.135731697082519531e+00
-5.222469965616861609e-01
-2.221320205264621372e-01
1.125891606012980189e-01
-1.379756265216403599e-01
1.219687726762559710e-01
5.455044110616048547e-01
8.683426645067002791e-01
3.764354652828640346e-01
nan
nan
nan
nan
7.021701070997450334e-01
8.115061653984917411e-01
9.888447655571831751e-02
1.009128676520453460e+00
6.369928783840603792e-01
6.953446600172255021e-01
1.696430948045518639e+00
4.958643383449978237e-01
4.975809521145290737e-01
-2.831469111972385044e-01
6.770998107062445870e-01
-4.008634620242648716e-01
6.496518452962239953e-01
-1.028529485066731697e+00
9.704810248480902901e-01
4.900253613789876117e-01
6.371731758117675781e-01
4.408934911092122211e-01
-1.000135209825303795e+00
9.862235387166341516e-01
4.932845963372124443e-01
8.708848953247070312e-01
5.155038303799099886e-01
9.297911326090494422e-01
1.065561188591851227e+00
-3.829745451609293805e-01
-5.798648728264702568e-01
7.206041547987196427e-01
nan
nan
nan
nan
-1.377399100197685966e-01
1.943786011801825753e-01
-4.292884932623969307e-01
-1.255272229512532645e-01
8.033535745408799666e-01
1.319629563225640290e+00
1.690195401509602791e+00
6.840627060996161413e-02
-4.531215031941731586e-01
1.293664640850490932e-01
1.757302284240722656e-01
-5.309310489230685270e-01
3.193074597252739677e-01
-6.750516361660428011e-01
-7.323961257934570312e-01
3.305047618018256417e-01
-6.227415402730306360e-01
-1.220167477925618443e-01
-5.255632400512695312e-01
6.344885296291775667e-01
-7.059265772501627234e-01
-1.943455802069770089e-01
1.200516806708441742e+00
-5.497019555833604354e-01
1.250238842434353348e+00
1.568222443262735910e-01
-9.245595004823473073e-02
1.523856374952528236e+00
nan
nan
nan
nan
6.343791219923231584e-01
1.223330391777886383e+00
-8.923216660817463730e-02
-3.450871838463677177e-01
5.495251019795736047e-01
-4.132098886701796037e-01
1.814904954698350670e+00
-3.015431298149956474e-01
-2.099018759197658901e-01
1.376413133409288170e+00
-3.080940776401095982e-01
-9.993613428539699362e-02
5.743716028001573104e-01
6.706037521362304688e-01
1.275200525919596428e+00
4.655183156331380023e-01
3.190256754557291852e-01
-8.279634581671820870e-01
-3.599274953206380023e-01
5.279547903272840959e-01
1.044091966417100670e+00
3.127346833546956195e-01
6.154604487948946989e-01
-2.755525906880696430e-01
-5.839922693040635604e-01
5.373243159717983747e-02
-6.370938618977864953e-01
-4.852433734469943638e-01
nan
nan
nan
nan
-1.065841383404201870e-01
-1.408396164576212507e-02
-4.918196466233994979e-01
7.927107281155056917e-01
-5.658018853929307479e-01
2.816557089487711774e-01
3.396611743503146763e-01
1.681691805521647209e+00
2.083076106177436104e-01
-4.759501351250542411e-01
-8.701086044311523438e-01
-7.516866789923773995e-01
-5.221035745408799666e-01
-1.216169595718383789e-01
-1.097323735555012947e+00
2.570998933580186385e-01
-4.480323791503906250e-01
1.626204490661621094e+00
-1.117484304640028181e-01
1.322562111748589508e+00
1.142792065938313728e+00
8.228490087721082591e-02
-4.858052465650770646e-01
-7.470296223958333703e-01
5.867604149712456474e-01
-1.617685000101725334e+00
-1.777200169033474331e-01
7.380754682752821427e-01
nan
nan
nan
nan
1.936639944712320871e-01
6.013750500149197542e-01
-3.320077260335286273e-01
6.083940929836697542e-01
-3.278177844153510323e-01
-1.059532695346408371e+00
1.293986002604166741e+00
3.522957430945502511e-01
-6.859125561184353792e-01
-1.168723238839043527e-01
3.717268572913275948e-01
1.685325635804070521e-02
1.939413547515869141e-01
-2.198663685056898298e-01
1.872084538141886301e-01
-1.503540409935845146e-01
2.151838408576117745e-01
-1.616790665520562165e+00
-1.079926292101542201e-01
-9.547270668877495536e-01
3.718666500515407924e-01
4.333829349941677456e-01
6.556073294745551339e-01
-7.637096510993109932e-01
-6.348343955145941964e-01
-1.767489963107638840e+00
-2.165106402503119698e-01
-8.757455613878037948e-01
nan
nan
nan
nan
4.344723224639892578e-01
6.219234996371798552e-01
1.052771798438495963e-03
-3.757688999176025391e-01
-2.452029122246636161e-01
-4.231851895650227680e-01
-3.365567525227864398e-01
-1.025429089864094978e+00
3.361706203884548549e-01
1.063032997979058258e+00
-1.815868801540798660e+00
3.674219184451633091e-01
-6.115176412794325334e-01
-2.904744942982991351e-01
-4.812895456949869977e-01
-5.152202712164984932e-01
5.519015524122450334e-01
-3.712898360358344307e-01
-4.271974563598632812e-01
-1.417733828226725334e+00
-4.015652338663737164e-01
6.542874972025553015e-01
-2.620810667673746930e-01
4.566985766092936383e-01
8.781614833407931364e-01
-1.378432697719997879e+00
2.342809571160210380e-01
-9.343925052218966520e-01
nan
nan
nan
nan
-1.106272141138712611e-01
7.052892049153646203e-01
4.572554164462619419e-01
-1.286478439966837473e-01
-3.489922682444254742e-01
4.276800420549180526e-01
4.387012322743733539e-01
1.271922641330295090e+00
1.229728274875216965e+00
9.007522794935438615e-01
-3.430640167660183315e-01
-3.700412114461262836e-01
-4.010910987854003906e-01
5.289869838290743864e-01
-9.365167882707384206e-02
4.480698373582627791e-01
-6.570428212483724328e-01
1.706371307373046875e+00
-1.113773663838704353e+00
-7.303461498684353792e-01
-3.148028585645887278e-02
-6.779611375596787948e-01
5.798668861389160156e-01
1.245819303724500893e+00
8.237982326083712614e-01
2.097646527820163365e-01
2.795779705047607422e-01
8.141675525241427458e-01
nan
nan
nan
nan
6.417432758543226146e-02
1.210152943929036384e+00
2.257979710896809988e-01
2.929846445719401227e-01
-8.010345035129122770e-01
1.807273361417982283e-01
-8.532548480563693083e-01
-1.627088387807210379e-01
-1.451523780822753906e+00
4.915602472093369979e-01
5.701942443847656250e-01
1.848052210277981167e-01
3.185796654886669486e-03
-1.212784846623738561e-01
4.248929818471272601e-01
-5.612173610263400114e-01
2.074158324135674247e-01
2.509422302246093750e-01
4.309228393766614817e-02
-1.023657798767089844e+00
8.965318070517645788e-02
2.584552499983046037e-01
-5.198811954922146761e-01
5.776052673657734900e-03
1.160182952880859375e+00
-4.303852717081705914e-01
-1.034869088066948800e-01
1.227183977762858147e+00
nan
nan
nan
nan
-6.534749848975075423e-03
3.272825347052680245e-01
-2.910127374860975724e-01
-1.262167506747775558e+00
4.617720180087619419e-01
6.885846985710991630e-01
-4.908939997355143414e-01
-1.778001520368787947e-01
-8.243887159559462052e-01
5.670167605082193640e-01
1.394796901279025669e-01
-1.410780615276760463e-01
5.482586224873861047e-01
2.570550441741943359e-01
1.753690507676866350e-01
-4.332135783301459264e-02
-3.361113866170247211e-01
1.840160422854953404e-01
-4.395936859978569755e-01
-1.169686714808146205e-01
3.553140428331162948e-01
1.908806794219546771e-02
1.004955834812588239e-02
-4.252608617146809711e-01
1.149108144972059486e+00
1.442792468600802902e+00
4.340294467078315011e-01
-9.352840847439236605e-01
nan
nan
nan
nan
5.663901435004340401e-01
-1.096222334437900181e-01
1.207894749111599442e+00
-3.403660986158582591e-02
3.172728750440809709e-01
-2.613749768998887557e-01
-3.765231503380669364e-01
7.410691579182943078e-01
9.050717883639864958e-01
-1.884573698043823242e-01
-1.084268252054850334e+00
-4.345566696590847378e-01
3.703359233008490792e-01
3.293081654442681083e-01
2.192659801907009598e+00
7.045604387919107703e-01
6.708355479770236052e-01
1.544251177046034040e-01
2.427015569474962053e-01
-4.406345950232611886e-01
5.052241749233670198e-01
-4.508469369676377791e-01
5.432478586832681922e-01
1.192113690906100865e-01
-5.143304930792914620e-01
-2.868904272715250836e-01
2.779696517520480747e-01
5.182142257690429688e-01
nan
nan
nan
nan
1.089845975240071541e+00
6.786890559726290739e-01
6.126647525363498187e-02
-4.707274966769748326e-01
6.333750618828667411e-01
8.051991462707519531e-01
5.742150545120239258e-02
-1.000850041707356697e+00
9.628260930379232141e-01
2.199169132444593611e-01
-2.249300744798448382e-01
2.494480609893798828e-01
2.583461337619357701e-01
-9.034549925062391740e-01
1.608817312452528236e+00
3.623162905375162945e-01
-1.056698269314236160e+00
1.430327627393934486e+00
-3.108970589107937221e-01
-4.684877395629882812e-02
4.634174770779079799e-01
1.914134131537543304e+00
5.053604973687065849e-01
1.231502294540405273e-01
-5.369739002651638948e-01
4.719340006510416852e-01
1.863699807061089508e+00
-8.272370762295193636e-01
nan
nan
nan
nan
-1.101296424865722656e+00
3.467222849527994977e-01
-1.219291792975531585e+00
1.521302435133192299e+00
3.817211786905924664e-01
8.914744059244791297e-01
-3.153010209401448383e-01
-4.857861200968424664e-01
4.125106599595811385e-01
4.030206137233310199e-02
-2.263757122887505302e-01
-6.918332311842176896e-01
1.172329690721299889e+00
3.773501184251573104e-01
4.272454844580756417e-01
-1.203974193996853348e+00
-7.025139066908094865e-01
-1.304533640543619866e+00
8.277967770894368860e-01
4.923818376329209823e-01
-7.073783874511718750e-01
2.298438549041748047e-01
6.925547917683919641e-01
-4.877856042650010604e-01
-1.385495000415378208e-01
-8.941834767659505578e-01
-2.661325931549072266e-01
1.854998906453450447e+00
nan
nan
nan
nan
-3.969935841030544643e-01
4.745732413397895089e-01
-1.132285859849717913e-01
-1.945561435487535296e-01
-7.163826624552408484e-01
9.842152727974785853e-02
-2.160466247134738560e-01
-6.635277536180284041e-01
-3.295183976491292133e-01
9.313569598727755583e-01
-7.712469100952148438e-01
2.492189407348632812e-01
3.696325752470228099e-02
6.595522165298461914e-02
-1.212025536431206696e+00
-1.588940090603298549e-01
5.007682906256781530e-02
3.264642026689317245e-01
6.099133359061346960e-02
2.842645645141601562e-01
9.263643688625760042e-01
-8.159560097588433036e-01
4.999748865763346539e-01
3.741136127048068638e-01
-9.020289315117729911e-01
-6.595444679260253906e-01
1.388533910115559988e-01
-5.029684702555338172e-01
nan
nan
nan
nan
-1.040895885891384598e+00
-1.287308931350708008e-01
-3.184021843804253349e-01
-6.391401423348321009e-02
6.525330411063300085e-02
-4.471082687377929688e-01
-5.127003987630208703e-01
1.148103396097819084e+00
1.255795823203192940e-01
-3.450069162580702287e-01
-3.426291677686903459e-01
1.036327468024359710e+00
1.777666277355617885e-01
-6.603503757052950895e-01
3.599679734971787948e-01
-1.123784065246582031e+00
9.239172405666775667e-01
1.035663710700140960e+00
6.878906355963813057e-01
1.499312983618842354e-01
4.172727002037895927e-01
5.926000277201334265e-01
-5.567495028177896765e-01
-7.155201170179579240e-01
-3.722212579515244979e-01
-5.939229859246147880e-01
1.663535859849717857e+00
3.108883235189649832e-02
nan
nan
nan
nan
1.056763225131564621e+00
-5.345035658942328682e-01
-1.644998550415039062e+00
-1.429988013373480804e+00
1.237700674268934486e+00
6.485573980543348771e-01
4.352206389109293805e-01
1.176667531331380134e+00
4.722649256388346539e-01
-5.645418167114257812e-01
5.800677935282388953e-01
-3.131832016838921318e-01
-1.168900701734754799e+00
-6.582100656297471541e-01
7.954137855105930521e-02
1.085945169130961147e-01
-5.596045388115776786e-01
-6.206308470831977120e-01
1.552126778496636383e+00
-8.550767898559570312e-01
-4.069615734948052177e-01
5.480632252163357698e-01
-2.673563162485758649e-01
-4.884977870517306919e-01
-3.613858487870957870e-01
-4.493956565856933594e-01
5.803315374586317521e-01
1.804823345608181362e-01
nan
nan
nan
nan
6.560442712571885604e-01
-2.203919490178426199e-01
-3.416058487362331753e-01
-8.068453470865885047e-01
-1.817890339427524066e-02
-5.280754301283094865e-01
1.295519616868760826e+00
2.814127339257134208e-01
-7.053831948174370536e-01
2.240620189242892857e-01
-5.847801102532280693e-01
-5.545276535881890068e-01
-3.274788061777750836e-01
-7.400080362955728797e-01
3.343754344516330357e-01
1.666229565938313728e+00
7.010445064968533480e-01
-2.560536861419677734e-01
-5.955862998962402344e-01
-3.959506617652045479e-01
-7.957069741355048131e-02
-1.456467098659939285e+00
5.964649518330892297e-01
7.377969953748915177e-01
1.115355385674370758e+00
-3.320411046346028461e-01
8.704863124423556364e-01
1.492567857106526785e-01
nan
nan
nan
nan
-3.034081988864474888e-01
3.852881855434841518e-01
nan
2.411114639706081753e-01
-6.714659267001681364e-01
3.749342759450276508e-01
-1.932278739081488839e-01
2.078207996156480608e-01
6.700227525499131698e-01
9.220291773478189734e-01
1.477434237798055106e-01
2.743077013227674943e-01
4.415646659003363839e-01
3.783545494079589844e-01
-1.121242841084798131e-01
4.227089616987440568e-01
5.661350886027017859e-01
4.945000542534722099e-01
7.617255316840277901e-01
-3.664584424760606307e-01
6.186428070068359375e-01
5.870547559526231862e-02
1.380547629462347992e+00
-2.046259111828274135e-01
2.891694704691569195e-01
5.712371932135688057e-01
-3.456571367051866073e-01
-5.161966217888726005e-01
nan
nan
nan
nan
3.257309330834282646e-01
1.145775265163845535e+00
-2.044057713614569893e-01
1.612460083431667690e-01
1.065233972337510826e+00
7.903739081488715401e-01
1.533395979139539900e-01
-1.581613355212741490e-01
7.071726587083604354e-01
2.500745720333523159e-01
-6.991228527492947542e-01
-7.710565990871853792e-01
1.021546953254275775e-02
-9.682487903369797842e-04
-5.386940638224283484e-01
2.260366545783148995e-01
1.104017681545681473e+00
-2.923779487609863281e-01
2.684903674655490513e-01
-8.107263512081569479e-02
-2.497400442759195871e-01
2.518235577477349052e-01
8.940055635240342635e-01
1.734541389677259626e-01
1.301788224114311943e-01
-7.651231686274211075e-02
-5.824590259128146208e-01
4.063322544097900391e-01
nan
nan
nan
nan
-5.048898061116536828e-01
-5.528444184197319755e-01
3.880841202206081753e-01
4.068868160247802734e-01
9.999864366319444198e-01
5.574928389655219307e-01
-2.391436100006103516e-01
-2.473126517401801339e-01
2.791608174641926898e-01
3.218763934241400948e-01
-2.408044073316785993e-01
5.380468898349337614e-01
1.412193642722235909e-01
3.058949576483832589e-01
8.148490058051215124e-02
-3.223720192909240723e-02
-8.879408306545681917e-01
1.521658367580837612e-01
-3.397579458024766463e-01
1.442890167236328125e+00
7.824281056722005578e-01
3.590275976392958146e-01
-1.863167444864908928e+00
-1.566735075579749059e-02
3.635616832309299107e-01
6.748954984876844865e-01
1.893311573399437953e-02
-1.176401456197102791e+00
nan
nan
nan
nan
7.516149679819743301e-02
3.053020636240641461e-01
-8.192487292819552458e-01
6.458140081829494283e-02
1.082153320312500000e+00
nan
7.401055759853786276e-02
1.172342512342664955e+00
-3.497108618418375836e-01
-5.923943519592285156e-01
-4.964891539679633370e-01
-7.522971895005967635e-01
-6.530095206366645089e-01
1.299293306138780357e+00
9.583573871188693083e-01
8.076358371310763395e-01
-1.204192691379123215e+00
-1.720966498057047434e-01
1.328981399536132812e+00
-1.017177793714735268e+00
2.152285708321465263e-01
6.064119338989257812e-01
-7.110068003336588172e-01
2.218985822465684710e-01
5.661804411146376115e-01
-3.863865269554985771e-01
-2.403232786390516462e-01
-7.072657479180229911e-01
nan
nan
