nan
nan
-1.128730893135070801e+00
-1.535997837781906128e-01
-2.954745478928089142e-02
3.428430259227752686e-01
-1.145818948745727539e+00
-2.394783496856689453e-01
-2.242752462625503540e-01
9.064134359359741211e-01
-6.096491217613220215e-01
1.368350982666015625e+00
-1.910846531391143799e-01
2.052501678466796875e+00
-1.261511564254760742e+00
-1.260872602462768555e+00
3.868777155876159668e-01
-8.883030712604522705e-02
-6.194151043891906738e-01
-7.340655922889709473e-01
-8.228759169578552246e-01
4.309822618961334229e-01
9.494900107383728027e-01
4.643594101071357727e-02
-8.897199034690856934e-01
-1.371728330850601196e-01
-2.005736529827117920e-01
1.782814264297485352e-01
2.380627095699310303e-01
-7.913374900817871094e-01
nan
nan
nan
nan
-9.802736043930053711e-01
1.629154205322265625e+00
-1.544717997312545776e-01
8.260805606842041016e-01
-2.248148024082183838e-01
4.754861891269683838e-01
-5.398762822151184082e-01
9.898849129676818848e-01
-1.446825623512268066e+00
3.201970160007476807e-01
3.485165536403656006e-01
-5.604849457740783691e-01
4.457982182502746582e-01
2.819606959819793701e-01
-1.599591016769409180e+00
2.705932855606079102e-01
-1.007933616638183594e+00
-1.536934077739715576e-01
-5.758414268493652344e-01
1.121515274047851562e+00
-1.102749824523925781e+00
-4.339829981327056885e-01
8.833452463150024414e-01
-8.207149803638458252e-02
-5.259603857994079590e-01
-4.647932648658752441e-01
2.720887064933776855e-01
2.159175723791122437e-01
nan
nan
nan
nan
-1.048256874084472656e+00
7.111355662345886230e-01
-7.935398221015930176e-01
-4.389740526676177979e-02
-1.258004754781723022e-01
2.663170695304870605e-01
-6.554353833198547363e-01
1.926838517189025879e+00
-2.600252032279968262e-01
1.528474926948547363e+00
-5.398893356323242188e-01
1.309431552886962891e+00
3.881217241287231445e-01
1.588851928710937500e+00
-8.284018039703369141e-01
1.903405487537384033e-01
-6.343215703964233398e-01
-4.538811445236206055e-01
-1.136595010757446289e-01
7.850211858749389648e-01
4.126328825950622559e-01
1.254483699798583984e+00
6.651902794837951660e-01
-7.180089950561523438e-01
-6.081163883209228516e-01
-7.382399588823318481e-02
-1.063605770468711853e-01
-1.506596687249839306e-03
nan
nan
nan
nan
8.297318816184997559e-01
-1.843349337577819824e+00
-8.557352423667907715e-01
-8.139261007308959961e-01
4.352406859397888184e-01
8.790305256843566895e-02
1.301669716835021973e+00
8.455754518508911133e-01
1.964790225028991699e+00
-5.405383110046386719e-01
-6.309881806373596191e-01
7.192173004150390625e-01
2.256359010934829712e-01
6.405826807022094727e-01
7.035376131534576416e-02
1.111613035202026367e+00
3.435318171977996826e-01
-8.105732202529907227e-01
3.726494908332824707e-01
-6.180652379989624023e-01
-8.113238215446472168e-02
1.322418153285980225e-01
-9.437049031257629395e-01
-5.702057480812072754e-01
9.063274860382080078e-01
-6.074435710906982422e-01
5.655070543289184570e-01
-7.491793632507324219e-01
nan
nan
nan
nan
1.065997362136840820e+00
4.880193620920181274e-02
-6.351162791252136230e-01
1.465301752090454102e+00
9.237098693847656250e-01
-9.391304850578308105e-02
1.076300144195556641e+00
-6.775647401809692383e-01
-7.291327416896820068e-02
-7.801709324121475220e-02
1.147137880325317383e+00
5.970922112464904785e-01
-1.707629919052124023e+00
-8.318684697151184082e-01
7.864693999290466309e-01
9.981401562690734863e-01
2.002497464418411255e-01
7.126067876815795898e-01
5.001559853553771973e-01
3.624092936515808105e-01
1.800824701786041260e-02
5.206506848335266113e-01
-1.049614548683166504e+00
8.653371930122375488e-01
3.364536762237548828e-01
5.671632885932922363e-01
5.428332090377807617e-01
-8.377791643142700195e-01
nan
nan
nan
nan
-9.402719140052795410e-01
1.495454549789428711e+00
-4.182148873805999756e-01
1.407313346862792969e+00
7.072809338569641113e-01
3.442449867725372314e-01
-2.001350879669189453e+00
9.676250219345092773e-01
-2.735744118690490723e-01
-1.447739601135253906e+00
2.968488037586212158e-01
1.795781850814819336e+00
7.239041328430175781e-01
-5.109646916389465332e-01
4.274378120899200439e-01
-6.333187967538833618e-02
8.569779396057128906e-01
-2.271662950515747070e+00
4.503695666790008545e-01
-2.412890456616878510e-02
-2.768766283988952637e-01
-1.488207936286926270e+00
8.147245645523071289e-02
6.985790729522705078e-01
4.007109701633453369e-01
-2.041105747222900391e+00
6.209973096847534180e-01
7.368811368942260742e-01
nan
nan
nan
nan
5.175284147262573242e-01
-7.175390124320983887e-01
-8.542013764381408691e-01
1.855536818504333496e+00
4.495569467544555664e-01
-4.599564373493194580e-01
-9.413234591484069824e-01
1.029517501592636108e-01
-9.212911725044250488e-01
8.860141634941101074e-01
-1.078265666961669922e+00
-1.231922388076782227e+00
-3.152193725109100342e-01
1.223855137825012207e+00
-7.316789627075195312e-01
8.699027299880981445e-01
9.601387381553649902e-01
1.179111078381538391e-01
-6.055425480008125305e-02
1.111629843711853027e+00
4.251310527324676514e-01
1.210257172584533691e+00
-5.911076068878173828e-01
1.066704511642456055e+00
-1.241168260574340820e+00
1.024104714393615723e+00
2.690131902694702148e+00
1.230406403541564941e+00
nan
nan
nan
nan
1.491208910942077637e+00
1.264268636703491211e+00
-5.753675103187561035e-01
-6.521930694580078125e-01
-1.371906250715255737e-01
-5.273986458778381348e-01
-7.673261761665344238e-01
-2.529256641864776611e-01
1.893299371004104614e-01
4.873025119304656982e-01
-1.518997550010681152e-01
-2.627506107091903687e-02
1.149385571479797363e+00
1.060234308242797852e+00
2.099334895610809326e-01
-2.552258372306823730e-01
-1.096720770001411438e-01
-5.474904775619506836e-01
8.297234177589416504e-01
2.541391849517822266e-01
1.472084820270538330e-01
9.855017066001892090e-02
2.962902486324310303e-01
6.028329730033874512e-01
1.827637314796447754e+00
-1.159038245677947998e-01
-4.470753967761993408e-01
-3.858101069927215576e-01
nan
nan
nan
nan
-9.329463243484497070e-01
-8.584879040718078613e-01
-3.673119544982910156e-01
-5.332558155059814453e-01
-5.881333351135253906e-01
-1.409028887748718262e+00
-1.677740454673767090e+00
2.920969128608703613e-01
-1.942073106765747070e-01
5.038271546363830566e-01
-1.601873189210891724e-01
-7.375971674919128418e-01
4.790182709693908691e-01
1.023778915405273438e+00
-5.224818587303161621e-01
-7.198194265365600586e-01
-4.435124397277832031e-01
2.173872739076614380e-01
5.636828020215034485e-02
4.953377544879913330e-01
4.351669549942016602e-01
1.293660283088684082e+00
7.947067022323608398e-01
-1.760715484619140625e+00
-2.552766203880310059e-01
5.890535712242126465e-01
9.616726636886596680e-01
-6.455470323562622070e-01
nan
nan
nan
nan
1.375833868980407715e+00
2.961518168449401855e-01
-7.278497219085693359e-01
-4.352064132690429688e-01
-4.007397294044494629e-01
5.881758332252502441e-01
3.585127890110015869e-01
1.328377962112426758e+00
1.233477473258972168e+00
4.288160502910614014e-01
4.511340856552124023e-01
-1.700038790702819824e+00
1.713041424751281738e+00
3.765785992145538330e-01
4.538938999176025391e-01
3.402414321899414062e-01
-3.621367812156677246e-01
6.338565945625305176e-01
1.399406343698501587e-01
4.863462150096893311e-01
3.754760921001434326e-01
4.489955306053161621e-02
-5.658839941024780273e-01
-1.603313446044921875e+00
-3.023358061909675598e-02
5.029187798500061035e-01
-7.199796438217163086e-01
2.886109240353107452e-02
nan
nan
nan
nan
-1.064235642552375793e-01
2.013318985700607300e-01
-1.146703362464904785e-01
-1.606286317110061646e-01
-5.073431134223937988e-01
4.947340488433837891e-01
1.387630343437194824e+00
1.037035286426544189e-01
9.380218386650085449e-01
1.902904510498046875e+00
-5.945530533790588379e-02
3.149617016315460205e-01
-5.790645629167556763e-02
-4.911234378814697266e-01
1.589381098747253418e+00
-9.756715893745422363e-01
-9.703961014747619629e-01
2.047637701034545898e+00
5.838092565536499023e-01
-5.737566351890563965e-01
-7.486745715141296387e-01
-3.688875734806060791e-01
-8.438423871994018555e-01
4.983156621456146240e-01
1.910213828086853027e+00
-9.027348160743713379e-01
1.292315840721130371e+00
4.977935552597045898e-01
nan
nan
nan
nan
2.266028523445129395e-02
5.727321505546569824e-01
-9.579410552978515625e-01
-1.120052099227905273e+00
7.321090102195739746e-01
-2.221095114946365356e-01
-2.313955128192901611e-01
9.779121726751327515e-02
-1.604493856430053711e-01
-3.235112130641937256e-02
1.801266819238662720e-01
2.335237711668014526e-01
-3.664261102676391602e-01
4.603719338774681091e-02
1.035546138882637024e-01
-6.193206086754798889e-02
-2.982900738716125488e-01
2.927409112453460693e-01
3.272296786308288574e-01
4.155009090900421143e-01
-1.710698902606964111e-01
-6.903929710388183594e-01
3.545901179313659668e-01
6.743345260620117188e-01
5.459001064300537109e-01
-1.504230201244354248e-01
-6.098700221627950668e-03
3.767533600330352783e-01
nan
nan
nan
nan
3.830997943878173828e-01
6.682190895080566406e-01
3.460905253887176514e-01
-1.736344546079635620e-01
3.792191743850708008e-01
1.742320537567138672e+00
-9.057053327560424805e-01
4.040985703468322754e-01
-2.345590442419052124e-01
-8.859476447105407715e-01
-9.966068267822265625e-01
-4.348011314868927002e-02
-2.478509545326232910e-01
-4.181656241416931152e-01
6.871582008898258209e-03
9.690077304840087891e-01
5.752822160720825195e-01
2.005827426910400391e-02
9.574864059686660767e-02
-9.502604603767395020e-01
4.428364038467407227e-01
-7.915464043617248535e-02
-4.284629821777343750e-01
-3.580454885959625244e-01
-2.767106890678405762e-01
1.615050792694091797e+00
-1.833011023700237274e-02
-9.026179909706115723e-01
nan
nan
nan
nan
5.192362070083618164e-01
-2.684309482574462891e-01
-1.043869182467460632e-01
4.959287941455841064e-01
5.722984075546264648e-01
5.543352365493774414e-01
3.581806421279907227e-01
1.775130480527877808e-01
5.969957113265991211e-01
5.478588938713073730e-01
-2.469015121459960938e-01
2.867086604237556458e-02
9.735211730003356934e-01
1.005258083343505859e+00
1.297318935394287109e+00
1.164806962013244629e+00
2.477296143770217896e-01
-1.862232573330402374e-02
4.484236240386962891e-01
6.783869862556457520e-01
-1.217222094535827637e+00
5.203505754470825195e-01
-2.056730091571807861e-01
1.502825915813446045e-01
7.312239408493041992e-01
5.242312550544738770e-01
-9.510986208915710449e-01
-5.928382277488708496e-01
nan
nan
nan
nan
-5.465571880340576172e-01
8.754534274339675903e-02
5.675686001777648926e-01
-4.148214310407638550e-02
-8.930820226669311523e-01
-1.082165718078613281e+00
3.732456862926483154e-01
-8.204454779624938965e-01
-7.291232347488403320e-01
-1.148639712482690811e-03
-2.203273028135299683e-01
2.477746307849884033e-01
6.029564738273620605e-01
-3.520928621292114258e-01
-3.157502412796020508e-01
1.069532752037048340e+00
-4.888351261615753174e-01
-1.129699230194091797e+00
6.277109980583190918e-01
-4.532636404037475586e-01
4.215509593486785889e-01
4.843726009130477905e-02
-2.542708255350589752e-02
2.760780751705169678e-01
3.017736971378326416e-01
1.423610150814056396e-01
-1.079454421997070312e-01
2.110578864812850952e-01
nan
nan
nan
nan
-1.181850790977478027e+00
-6.230619549751281738e-01
6.471567600965499878e-02
2.418410629034042358e-01
5.480901598930358887e-01
1.007158398628234863e+00
4.963710904121398926e-01
4.807415008544921875e-01
4.395652934908866882e-02
-1.018203258514404297e+00
-8.888255357742309570e-01
5.752420425415039062e-01
5.639840364456176758e-01
7.489370703697204590e-01
-2.289539575576782227e-01
-1.153736352920532227e+00
-4.609751105308532715e-01
6.276664137840270996e-01
1.730213612318038940e-01
-3.964993059635162354e-01
-1.868277937173843384e-01
4.937712550163269043e-01
-2.657571732997894287e-01
-4.328470528125762939e-01
9.793058037757873535e-01
8.980672359466552734e-01
-3.049514889717102051e-01
9.834103584289550781e-01
nan
nan
nan
nan
3.402548432350158691e-01
-6.515925526618957520e-01
5.725947022438049316e-02
-1.101535633206367493e-01
-9.809077382087707520e-01
6.207506060600280762e-01
2.458636760711669922e-01
-2.230776250362396240e-01
7.144212722778320312e-01
6.607283353805541992e-01
-3.617802560329437256e-01
-2.367598712444305420e-01
5.063682794570922852e-01
-1.256222963333129883e+00
1.488642990589141846e-01
-5.225936174392700195e-01
-3.260258138179779053e-01
4.425927102565765381e-01
-8.156948089599609375e-01
1.735142022371292114e-01
-1.018584892153739929e-01
-7.098291516304016113e-01
-2.700434327125549316e-01
5.106152892112731934e-01
-3.492371737957000732e-01
-1.850881457328796387e+00
-6.344103021547198296e-04
5.396784543991088867e-01
nan
nan
nan
nan
-5.545128583908081055e-01
6.837790012359619141e-01
-3.320739269256591797e-01
-1.489773094654083252e-01
-5.554941296577453613e-01
-1.232247948646545410e+00
-6.397644281387329102e-01
1.152775883674621582e+00
-4.114840552210807800e-02
-6.466578245162963867e-01
1.804574429988861084e-01
-3.706463277339935303e-01
-6.393660902976989746e-01
-4.315547049045562744e-01
-1.225059747695922852e+00
1.492480158805847168e+00
5.259153246879577637e-01
1.160343050956726074e+00
-7.348641157150268555e-01
-1.368773877620697021e-01
6.856759190559387207e-01
1.395552754402160645e-01
8.394266963005065918e-01
-5.425945520401000977e-01
-3.571846783161163330e-01
-4.455259144306182861e-01
3.798776566982269287e-01
-4.728057086467742920e-01
nan
nan
nan
nan
-5.640908703207969666e-02
1.664407253265380859e+00
-5.575475096702575684e-02
5.476258397102355957e-01
-1.554774522781372070e+00
7.197998762130737305e-01
2.114464342594146729e-01
-7.768247127532958984e-01
-4.193898141384124756e-01
1.070529580116271973e+00
-8.852457255125045776e-02
-7.793637514114379883e-01
-5.956327915191650391e-01
8.676576018333435059e-01
-1.167195558547973633e+00
6.584711074829101562e-01
-2.525416314601898193e-01
8.424636125564575195e-01
-4.160453006625175476e-02
2.384776622056961060e-01
9.250614792108535767e-02
-9.209919720888137817e-03
1.800281405448913574e+00
9.542059898376464844e-01
-6.594238877296447754e-01
5.211676359176635742e-01
1.477456837892532349e-01
-4.574502706527709961e-01
nan
nan
nan
nan
-8.412933945655822754e-01
-2.721579074859619141e-01
5.771556496620178223e-01
8.287011981010437012e-01
-7.564392089843750000e-01
-2.422586828470230103e-01
6.676357984542846680e-01
2.800692617893218994e-01
-7.425690293312072754e-01
5.807715058326721191e-01
-1.459978580474853516e+00
2.011599779129028320e+00
-5.267402529716491699e-01
1.002007484436035156e+00
-8.529025316238403320e-01
-1.935013681650161743e-01
8.623676300048828125e-01
-1.025069952011108398e+00
9.164026379585266113e-01
1.333521246910095215e+00
-7.831534743309020996e-01
1.104556471109390259e-01
4.417696595191955566e-01
1.273009926080703735e-01
-1.934795528650283813e-01
-5.405909419059753418e-01
-4.130597412586212158e-01
1.084537029266357422e+00
nan
nan
nan
nan
-8.281837701797485352e-01
-9.708102941513061523e-01
1.362628638744354248e-01
6.091455221176147461e-01
-1.121368288993835449e+00
1.222353696823120117e+00
8.901193737983703613e-01
-1.353180289268493652e+00
-5.930379405617713928e-02
-4.492014050483703613e-01
-1.198270451277494431e-02
4.770188778638839722e-02
-5.164822340011596680e-01
1.793304234743118286e-01
-7.498596310615539551e-01
-4.690508544445037842e-01
6.042377352714538574e-01
4.366250038146972656e-01
-7.365896701812744141e-01
2.339617721736431122e-02
-2.008747309446334839e-02
-2.107665836811065674e-01
7.347570657730102539e-01
4.067994356155395508e-01
8.132787346839904785e-01
-9.160671830177307129e-01
-8.884500712156295776e-02
-2.144290059804916382e-01
nan
nan
nan
nan
-5.198380351066589355e-01
-1.222235202789306641e+00
6.903319358825683594e-01
-2.193698883056640625e-01
-7.394711971282958984e-01
3.964633047580718994e-01
1.578438639640808105e+00
4.126410558819770813e-02
-6.389726400375366211e-01
1.057658791542053223e-01
1.176657915115356445e+00
8.467149138450622559e-01
3.694560527801513672e-01
-5.801070928573608398e-01
-1.279790043830871582e+00
9.626794457435607910e-01
3.996581137180328369e-01
-1.627379655838012695e+00
-7.518446445465087891e-01
-2.314174920320510864e-01
-1.409502983093261719e+00
-3.233067393302917480e-01
-1.564731717109680176e+00
-1.076454043388366699e+00
-7.351357936859130859e-01
6.816332042217254639e-02
-6.226693391799926758e-01
-2.534321546554565430e-01
nan
nan
nan
nan
1.848985552787780762e-01
-8.844680786132812500e-01
1.076591610908508301e+00
8.157976865768432617e-01
5.479734539985656738e-01
9.606379866600036621e-01
-6.044081449508666992e-01
-4.760769307613372803e-01
-2.979636192321777344e-01
-3.293011486530303955e-01
-1.596447676420211792e-01
-2.860551886260509491e-02
1.503857690840959549e-02
-1.872058659791946411e-01
-1.249147295951843262e+00
1.855944693088531494e-01
1.129679083824157715e+00
6.362037360668182373e-02
7.405056357383728027e-01
-8.187224268913269043e-01
4.242095351219177246e-01
-1.117944240570068359e+00
1.025255322456359863e+00
5.234271883964538574e-01
-5.867956280708312988e-01
-8.389341831207275391e-01
1.830972731113433838e-02
-1.456556320190429688e+00
nan
nan
nan
nan
-3.046577870845794678e-01
1.256471037864685059e+00
1.035463690757751465e+00
-1.750996261835098267e-01
1.058901399374008179e-01
nan
1.331240892410278320e+00
-6.498422026634216309e-01
-3.968257606029510498e-01
8.007189631462097168e-01
-5.271189808845520020e-01
-3.553299307823181152e-01
3.549332618713378906e-01
-9.032739400863647461e-01
-1.020431797951459885e-02
-4.895280599594116211e-01
-3.433207273483276367e-01
-1.276369333267211914e+00
-4.399150013923645020e-01
1.046204805374145508e+00
-2.960206568241119385e-01
-4.629422128200531006e-01
6.076909601688385010e-02
-1.593260169029235840e-01
-6.285645961761474609e-01
1.832487583160400391e+00
-8.809174895286560059e-01
5.853727459907531738e-01
nan
nan
