nan
nan
-2.465048879384994507e-01
9.851617217063903809e-01
1.305140495300292969e+00
-1.537154436111450195e+00
-8.107220530509948730e-01
5.812861919403076172e-01
7.363238334655761719e-01
3.217939138412475586e-01
-6.029253005981445312e-01
1.844380497932434082e-01
6.200634837150573730e-01
4.168903231620788574e-01
5.067278146743774414e-01
1.101446747779846191e+00
6.128391027450561523e-01
1.304390907287597656e+00
1.164866447448730469e+00
-1.157572865486145020e+00
4.586828649044036865e-01
-8.584758639335632324e-02
-1.843834072351455688e-01
1.738838106393814087e-01
1.186570972204208374e-01
1.708657979965209961e+00
-3.759654355235397816e-04
8.972774744033813477e-01
7.826805710792541504e-01
-1.500223875045776367e-01
nan
nan
nan
nan
1.640614390373229980e+00
-1.463913440704345703e+00
2.984557449817657471e-01
5.601319670677185059e-01
-6.173689365386962891e-01
-6.250650286674499512e-01
6.152563914656639099e-02
6.685837507247924805e-01
4.138403534889221191e-01
-1.139970541000366211e+00
-4.438195824623107910e-01
-9.805696457624435425e-02
1.024791121482849121e+00
-5.959975719451904297e-01
3.717623054981231689e-01
-3.275855183601379395e-01
1.361730933189392090e+00
9.439929127693176270e-01
-4.464398920536041260e-01
-4.246059060096740723e-02
-1.057448387145996094e+00
-5.537530779838562012e-01
3.980826437473297119e-01
-3.036034107208251953e-01
-6.005775928497314453e-01
9.343552589416503906e-01
-6.100395917892456055e-01
-8.143115043640136719e-01
nan
nan
nan
nan
9.846863746643066406e-01
-4.870935976505279541e-01
3.784749805927276611e-01
4.769056141376495361e-01
1.975309997797012329e-01
-9.303780198097229004e-01
-5.519195199012756348e-01
3.512548506259918213e-01
3.190108537673950195e-01
4.735875427722930908e-01
1.935700923204421997e-01
-5.755593180656433105e-01
2.494989871978759766e+00
-2.903983294963836670e-01
5.602924823760986328e-01
1.008650541305541992e+00
9.275770783424377441e-01
1.192719936370849609e+00
1.894904375076293945e+00
-3.274058699607849121e-01
-5.434072017669677734e-01
-8.977916240692138672e-01
-1.706027090549468994e-01
8.933408260345458984e-01
5.862221121788024902e-02
-5.611626505851745605e-01
-1.083507165312767029e-01
1.413569450378417969e-01
nan
nan
nan
nan
-6.430431604385375977e-01
1.808855682611465454e-01
-9.400294423103332520e-01
1.870447397232055664e+00
-4.631693363189697266e-01
-3.594813942909240723e-01
-7.969577312469482422e-01
-1.204635143280029297e+00
-4.932748675346374512e-01
-8.265104293823242188e-01
-4.704502522945404053e-01
7.566636204719543457e-01
-1.374411582946777344e+00
4.691119790077209473e-01
4.810862839221954346e-01
9.266096353530883789e-01
4.205189347267150879e-01
-6.716117262840270996e-01
-4.201388061046600342e-01
1.242661699652671814e-01
-1.869843900203704834e-02
-7.912954688072204590e-01
8.524585515260696411e-02
-1.100087046623229980e+00
6.909956932067871094e-01
-3.593358211219310760e-03
-6.363651156425476074e-01
8.336936235427856445e-01
nan
nan
nan
nan
1.583763241767883301e+00
6.242274045944213867e-01
9.313901662826538086e-01
4.735293686389923096e-01
1.687942981719970703e+00
-6.885609589517116547e-03
1.171210050582885742e+00
-1.578109145164489746e+00
-1.099129438400268555e+00
-1.547978911548852921e-02
-4.879545271396636963e-01
1.870447248220443726e-01
-1.089323520660400391e+00
1.566298246383666992e+00
-9.292480349540710449e-01
-1.150146871805191040e-01
-1.918793618679046631e-01
-1.186741352081298828e+00
6.967393159866333008e-01
1.396025717258453369e-01
-8.822803497314453125e-01
9.023989439010620117e-01
-2.096946239471435547e-01
2.599403262138366699e-01
8.697289824485778809e-01
-4.504918456077575684e-01
4.622859880328178406e-02
-1.411120414733886719e+00
nan
nan
nan
nan
1.815636157989501953e-01
4.175387322902679443e-01
-9.408971667289733887e-01
-4.156439006328582764e-01
7.833839654922485352e-01
-7.216481864452362061e-02
5.360530614852905273e-01
3.196710050106048584e-01
-1.330018877983093262e+00
-2.555125765502452850e-02
8.956844806671142578e-01
-7.141191959381103516e-01
9.154769778251647949e-01
1.153792619705200195e+00
3.441929221153259277e-01
-6.294134259223937988e-01
-1.390824556350708008e+00
-1.409752249717712402e+00
1.104194298386573792e-01
3.253696858882904053e-01
4.092490971088409424e-01
1.113824486732482910e+00
3.809753358364105225e-01
3.481476604938507080e-01
-1.180629968643188477e+00
-5.559620857238769531e-01
-8.059762716293334961e-01
-5.996093153953552246e-01
nan
nan
nan
nan
-6.857834458351135254e-01
7.420746088027954102e-01
-3.816954791545867920e-01
5.988594293594360352e-01
-1.071524620056152344e+00
1.962569057941436768e-01
6.051188111305236816e-01
8.003992028534412384e-03
1.980927705764770508e+00
-4.461577236652374268e-01
-4.880528151988983154e-01
4.916689097881317139e-01
1.217795372009277344e+00
-1.071007609367370605e+00
7.871960997581481934e-01
-1.190677762031555176e+00
-1.126413822174072266e+00
-1.212597966194152832e+00
-1.960681937634944916e-02
-5.918445587158203125e-01
-2.693522572517395020e-01
-1.165233016014099121e+00
-2.949362993240356445e-01
-3.582649230957031250e-01
-5.516522526741027832e-01
6.314134597778320312e-01
-1.501213014125823975e-01
-3.773597478866577148e-01
nan
nan
nan
nan
-1.359105855226516724e-01
1.292617321014404297e+00
6.486150622367858887e-01
-3.023692667484283447e-01
-8.566081523895263672e-01
-1.715136617422103882e-01
4.839724898338317871e-01
2.506017088890075684e-01
5.003952980041503906e-01
1.781925916671752930e+00
-2.419644296169281006e-01
-9.496037364006042480e-01
2.947869598865509033e-01
-7.696108222007751465e-01
6.159907579421997070e-01
-1.380307912826538086e+00
5.065945982933044434e-01
-6.350067257881164551e-01
-5.931366607546806335e-02
-1.545566439628601074e+00
3.085002601146697998e-01
8.884365111589431763e-02
5.478795766830444336e-01
1.388418376445770264e-01
-2.403757302090525627e-03
4.500905871391296387e-01
8.934760689735412598e-01
1.594899654388427734e+00
nan
nan
nan
nan
-5.053628236055374146e-02
-9.360198676586151123e-02
9.038993716239929199e-02
-5.748263597488403320e-01
-5.592542886734008789e-02
-2.463933676481246948e-01
6.828815937042236328e-01
2.982916235923767090e-01
1.024531200528144836e-02
-2.475091964006423950e-01
-1.471450030803680420e-01
-1.386562347412109375e+00
1.005681231617927551e-01
-6.419761478900909424e-02
-2.174709886312484741e-01
-6.146304011344909668e-01
-2.702879160642623901e-02
2.831491529941558838e-01
9.500771760940551758e-01
-6.362159252166748047e-01
-1.195894122123718262e+00
3.515408635139465332e-01
-1.453555673360824585e-01
5.646903514862060547e-01
1.114869952201843262e+00
9.178150892257690430e-01
4.389583766460418701e-01
6.067944169044494629e-01
nan
nan
nan
nan
-2.543351650238037109e-01
1.006935119628906250e+00
-2.405701726675033569e-01
8.478220105171203613e-01
-5.841057300567626953e-01
-7.227408289909362793e-01
-7.902321815490722656e-01
-1.307686448097229004e+00
-5.962451100349426270e-01
9.771598875522613525e-02
-9.049751758575439453e-01
1.130525767803192139e-01
-7.883440256118774414e-01
1.308464527130126953e+00
2.967392206192016602e-01
-2.196398973464965820e-01
-7.900835871696472168e-01
-2.613503038883209229e-01
-1.876993179321289062e-01
8.529780507087707520e-01
6.496457457542419434e-01
-2.505265176296234131e-01
4.370427131652832031e-01
5.744344592094421387e-01
1.188429236412048340e+00
-5.537614822387695312e-01
1.619506716728210449e+00
5.283884406089782715e-01
nan
nan
nan
nan
-8.025730252265930176e-01
9.626219272613525391e-01
1.136137962341308594e+00
1.204487800598144531e+00
-4.867021441459655762e-01
-9.242920279502868652e-01
1.049448132514953613e+00
1.911993771791458130e-01
6.384433060884475708e-02
-1.768664836883544922e+00
-9.810009598731994629e-02
6.704409122467041016e-01
2.601257860660552979e-01
-7.088259458541870117e-01
8.577961325645446777e-01
8.725034445524215698e-02
-4.443548619747161865e-01
8.425189852714538574e-01
7.946051359176635742e-01
-1.783971637487411499e-01
-1.562517732381820679e-01
8.692172169685363770e-02
-4.944234192371368408e-01
-9.366289377212524414e-01
-2.771534323692321777e-01
-3.323681950569152832e-01
-3.287638127803802490e-01
-3.249093294143676758e-01
nan
nan
nan
nan
-1.625275373458862305e+00
4.066421985626220703e-01
2.944204211235046387e-01
1.292721033096313477e+00
-8.962072730064392090e-01
-7.345108985900878906e-01
-8.786659240722656250e-01
-1.599416732788085938e+00
-1.285981833934783936e-01
-9.027154743671417236e-02
1.298412829637527466e-01
-1.371767282485961914e+00
5.529835224151611328e-01
1.173774480819702148e+00
-3.164481222629547119e-01
3.992289602756500244e-01
-3.038062751293182373e-01
-2.443647682666778564e-01
3.360135257244110107e-01
3.976987302303314209e-01
1.562256336212158203e+00
-8.761605024337768555e-01
1.856556087732315063e-01
-9.802546501159667969e-01
5.406367182731628418e-01
-1.151185393333435059e+00
-7.791906595230102539e-01
8.314068913459777832e-01
nan
nan
nan
nan
-8.839976787567138672e-01
-3.191553950309753418e-01
5.089632868766784668e-01
1.227304697036743164e+00
1.003935456275939941e+00
-8.880690485239028931e-02
-5.112401247024536133e-01
-5.683092474937438965e-01
2.831651866436004639e-01
-1.349906325340270996e+00
2.009472548961639404e-01
-3.346934542059898376e-02
3.419649004936218262e-01
3.017852604389190674e-01
-1.409244537353515625e+00
1.168718695640563965e+00
-4.548618495464324951e-01
7.369336485862731934e-01
4.226129353046417236e-01
-1.104372501373291016e+00
1.294650197029113770e+00
2.798762619495391846e-01
-1.325411498546600342e-01
-2.591883838176727295e-01
9.109502434730529785e-01
-9.494269490242004395e-01
2.525148689746856689e-01
6.746712327003479004e-01
nan
nan
nan
nan
-9.417015910148620605e-01
-8.992456793785095215e-01
-8.123935014009475708e-02
-4.615483582019805908e-01
5.566476583480834961e-01
3.315491378307342529e-01
-3.563935160636901855e-01
6.204178333282470703e-01
-1.749492168426513672e+00
7.886930108070373535e-01
-8.548778295516967773e-02
6.937432885169982910e-01
-1.259640574455261230e+00
-3.814730793237686157e-02
-1.767647862434387207e+00
1.402514278888702393e-01
4.420099258422851562e-01
8.178867697715759277e-01
-3.749746382236480713e-01
7.418155670166015625e-01
1.449064850807189941e+00
-1.233506798744201660e+00
-1.577089786529541016e+00
-1.072952389717102051e+00
-9.449945092201232910e-01
8.727200627326965332e-01
4.066457450389862061e-01
1.971898823976516724e-01
nan
nan
nan
nan
-1.553807407617568970e-02
-1.073003172874450684e+00
-3.012991547584533691e-01
-2.338382005691528320e-01
-1.577535748481750488e+00
-1.119070172309875488e+00
-1.731736660003662109e-01
-1.477464675903320312e+00
2.672684192657470703e-01
-1.215285897254943848e+00
1.695586681365966797e+00
-1.007362961769104004e+00
-4.827590286731719971e-01
-1.591692328453063965e+00
7.524263262748718262e-01
-5.625920891761779785e-01
-7.013183087110519409e-02
-1.916209422051906586e-02
-9.551019668579101562e-01
3.494786471128463745e-02
-9.208793640136718750e-01
-9.019852876663208008e-01
-8.842639327049255371e-01
2.013843804597854614e-01
-8.757217526435852051e-01
1.008519649505615234e+00
7.634235080331563950e-03
5.441502332687377930e-01
nan
nan
nan
nan
1.010586977005004883e+00
-1.747901797294616699e+00
6.120730191469192505e-03
6.457595229148864746e-01
1.591849923133850098e-01
-7.166283130645751953e-01
8.352493643760681152e-01
2.015244215726852417e-03
1.635749042034149170e-01
-9.678094983100891113e-01
5.675116777420043945e-01
-3.982852995395660400e-01
-7.607891559600830078e-01
-1.265589833259582520e+00
-3.046486675739288330e-01
1.338460743427276611e-01
-2.478567361831665039e+00
-4.779704511165618896e-01
-1.845251083374023438e+00
1.213096976280212402e+00
8.564425110816955566e-01
6.767181754112243652e-01
8.037099838256835938e-01
5.807152986526489258e-01
-4.240701496601104736e-01
-6.301441043615341187e-02
-5.142925381660461426e-01
4.875346645712852478e-02
nan
nan
nan
nan
1.836805224418640137e+00
-5.734626054763793945e-01
-1.612589955329895020e-01
-5.876274108886718750e-01
5.414878726005554199e-01
3.502159565687179565e-02
1.271576046943664551e+00
1.700758635997772217e-01
-2.684037685394287109e-01
5.748395323753356934e-01
-2.257543057203292847e-01
-2.250242829322814941e-01
-1.321732759475708008e+00
-1.763277500867843628e-01
-2.612486779689788818e-01
1.419130921363830566e+00
2.102556079626083374e-01
2.431632876396179199e-01
-2.240143269300460815e-01
2.220411449670791626e-01
6.377675533294677734e-01
-7.991775125265121460e-02
-9.715340733528137207e-01
2.783567607402801514e-01
-7.735387682914733887e-01
1.368013322353363037e-01
5.129311680793762207e-01
-2.079670429229736328e-01
nan
nan
nan
nan
-2.354090511798858643e-01
7.606112957000732422e-01
2.225419133901596069e-01
-7.506999969482421875e-01
1.874081730842590332e+00
1.928184330463409424e-01
9.825999140739440918e-01
6.962866783142089844e-01
-8.195621371269226074e-01
7.633689045906066895e-01
-7.379316538572311401e-02
-6.169825196266174316e-01
-8.581762909889221191e-01
-1.420446991920471191e+00
8.056622743606567383e-01
8.392929285764694214e-02
-1.835633814334869385e-01
1.113976359367370605e+00
1.720799446105957031e+00
1.692074656486511230e+00
-9.099916815757751465e-01
1.065059065818786621e+00
-7.093269228935241699e-01
1.111329913139343262e+00
-8.701897859573364258e-01
7.771275639533996582e-01
1.856849938631057739e-01
-5.492324829101562500e-01
nan
nan
nan
nan
1.682426631450653076e-01
9.843521118164062500e-01
-2.064806520938873291e-01
1.717964559793472290e-01
-6.523767113685607910e-02
1.182517528533935547e+00
1.036426305770874023e+00
-1.232562437653541565e-01
9.513523578643798828e-01
1.110020279884338379e-01
-2.098476290702819824e-01
-3.304913341999053955e-01
2.544227540493011475e-01
-5.375408530235290527e-01
5.918735861778259277e-01
-3.739167451858520508e-01
-1.033311709761619568e-01
2.499791830778121948e-01
-2.958614826202392578e-01
-1.567184180021286011e-01
5.805981755256652832e-01
-1.101661205291748047e+00
-8.828801512718200684e-01
1.104617953300476074e+00
-5.662429928779602051e-01
-3.610054850578308105e-01
-2.544443905353546143e-01
1.527879387140274048e-02
nan
nan
nan
nan
3.274497091770172119e-01
8.065612912178039551e-01
-4.959345161914825439e-01
-8.103500008583068848e-01
9.604858607053756714e-02
6.787332296371459961e-01
2.454593405127525330e-02
-1.228791624307632446e-01
-2.690349221229553223e-01
7.634634375572204590e-01
6.700151562690734863e-01
-1.609578967094421387e+00
8.001045882701873779e-02
-6.616975069046020508e-01
8.479742407798767090e-01
9.990631341934204102e-01
3.761919438838958740e-01
1.978937089443206787e-01
2.856011688709259033e-01
-5.825104117393493652e-01
7.766910642385482788e-02
-1.167842745780944824e+00
-2.153807282447814941e-01
5.337832570075988770e-01
-2.595103085041046143e-01
-1.011439800262451172e+00
8.885799050331115723e-01
-4.355158805847167969e-01
nan
nan
nan
nan
9.487223029136657715e-01
3.582552373409271240e-01
-5.714599490165710449e-01
-6.601373851299285889e-02
-1.253653317689895630e-01
6.757571101188659668e-01
-3.349279761314392090e-01
8.889318704605102539e-01
1.199813365936279297e+00
1.555922627449035645e-01
-8.907075971364974976e-04
6.348327398300170898e-01
3.228971660137176514e-01
-1.017734289169311523e+00
3.840883672237396240e-01
1.896228194236755371e-01
-8.302243947982788086e-01
-4.223255217075347900e-01
3.020412623882293701e-01
4.878642261028289795e-01
9.616717696189880371e-01
2.178170680999755859e-01
1.279508601874113083e-02
-4.764940142631530762e-01
3.684584796428680420e-01
-6.206952035427093506e-02
-1.358625143766403198e-01
-2.159997522830963135e-01
nan
nan
nan
nan
-4.422817528247833252e-01
-1.133911252021789551e+00
-9.107850193977355957e-01
6.181868314743041992e-01
-4.963016510009765625e-02
-1.701430231332778931e-01
2.470903098583221436e-01
-1.795377433300018311e-01
5.765330195426940918e-01
-8.964274525642395020e-01
1.222920119762420654e-01
6.653056144714355469e-01
-1.321114063262939453e+00
-5.528059974312782288e-02
8.959651589393615723e-01
2.614684998989105225e-01
1.587708145380020142e-01
-2.553264796733856201e-01
7.274582982063293457e-01
-5.311153531074523926e-01
-4.085298627614974976e-02
-3.790128529071807861e-01
-1.291068047285079956e-01
-4.009703919291496277e-02
7.577078342437744141e-01
-3.120811581611633301e-01
-6.201598644256591797e-01
3.875328898429870605e-01
nan
nan
nan
nan
-2.258416414260864258e-01
-1.764367967844009399e-01
-1.614917278289794922e+00
-3.104398958384990692e-02
-9.816433489322662354e-02
-9.810482859611511230e-01
-4.799268841743469238e-01
9.367982745170593262e-01
-1.411179780960083008e+00
-7.109091430902481079e-02
-2.291932851076126099e-01
-2.899089455604553223e-01
3.186053335666656494e-01
-5.691979527473449707e-01
-1.824232041835784912e-01
-8.497393131256103516e-01
2.433781623840332031e-01
-6.788426637649536133e-01
2.205160260200500488e-01
2.093811333179473877e-01
-1.303357124328613281e+00
8.809894323348999023e-01
2.284494191408157349e-01
5.817020535469055176e-01
8.512812852859497070e-01
5.696519017219543457e-01
1.311430215835571289e+00
-1.104971051216125488e+00
nan
nan
nan
nan
9.799227118492126465e-01
-1.126150265336036682e-01
2.894663810729980469e-01
-2.850933969020843506e-01
-1.531391888856887817e-01
nan
-5.168387889862060547e-01
2.444110363721847534e-01
1.093847751617431641e+00
-1.130164384841918945e+00
7.793874144554138184e-01
-3.363145887851715088e-02
-1.114084601402282715e+00
-1.751647889614105225e-01
-9.464856386184692383e-01
-8.692048788070678711e-01
-2.717032134532928467e-01
-6.783144474029541016e-01
-4.545361995697021484e-01
-1.448384046554565430e+00
2.500048577785491943e-01
-2.077995240688323975e-01
-1.041251182556152344e+00
-7.241612076759338379e-01
-9.942695498466491699e-02
5.057297945022583008e-01
9.247320294380187988e-01
6.252728700637817383e-01
nan
nan
