nan
nan
-1.913632551829020090e-01
2.624682850307888393e-01
6.915609571668837052e-01
1.086164580451117523e+00
1.024544715881347656e+00
-1.063437461853027344e+00
1.568797641330295090e+00
2.315557830863528704e-02
-3.610034518771701451e-01
-5.359294679429795760e-01
7.068843311733670198e-01
-6.658663219875760042e-01
-4.715971416897243862e-01
-6.583340962727864953e-01
3.634372353553771973e-02
2.042695548799302874e-01
-1.450770596663157087e-02
9.869100782606337052e-01
1.458968586391872879e+00
-1.159131685892740959e+00
-5.772529708014594307e-01
5.123871697319878349e-01
-1.584139466285705566e-02
9.896312289767794645e-01
3.860270712110731584e-01
-3.548882007598876953e-01
9.048371844821505583e-01
4.879876242743598214e-01
nan
nan
nan
nan
1.018053584628634933e+00
5.125101937188042411e-01
1.625479698181152344e+00
1.082376268174913170e+00
-1.171349949306911942e+00
-9.540591637293498184e-02
3.450783093770344867e-01
-2.904531690809462052e-01
-1.487283282809787277e+00
-1.273720635308159821e+00
-1.148516734441121373e-01
-3.017568058437771206e-01
-2.175789409213595982e-01
1.021370781792534821e+00
1.578691058688693527e+00
-5.080407460530599328e-01
8.155599170260958708e-01
5.965360667970445729e-02
-2.115604824490017410e+00
-1.418946584065755301e-01
5.814091894361708146e-01
7.589764065212674105e-01
1.777969963020748639e-02
-2.639849649535284948e-02
-2.873611715104844588e-01
2.433944808112250557e-01
1.482589085896809822e+00
1.630047824647691546e-01
nan
nan
nan
nan
3.093185027440388882e-02
1.541875415378146652e+00
-1.152439435323079353e+00
-8.295709821912977677e-01
1.137096616956922712e-01
-2.126865916781955357e-01
-6.132259633806017018e-02
-8.284633954366048547e-01
7.999316851298013953e-01
5.643980767991807479e-01
7.410159640842013395e-01
6.727667384677462614e-01
-7.405641873677571985e-01
5.470844374762641182e-01
1.070624669392903572e+00
-8.521248234642876673e-02
-2.516644001007080078e-01
-1.436952087614271345e-01
-1.464057604471842522e+00
-2.393602530161539621e-01
-1.002378463745117188e+00
-5.577052434285482141e-01
1.216725137498643639e+00
-1.582277218500773019e-01
-2.118887636396619978e-01
1.371585263146294364e-01
-6.361360020107693636e-01
-6.680157449510362722e-02
nan
nan
nan
nan
-4.125372038947211495e-01
8.150509198506673547e-01
3.726411660512288226e-01
-3.409308592478434430e-01
-1.095030890570746429e+00
-1.259459919399685379e+00
4.778047667609320870e-01
1.932522667778862946e+00
9.214827087190416433e-02
4.959192276000976562e-01
-6.511222521464029578e-01
-2.575826115078396206e-01
-5.930578973558213729e-01
1.044496430291069977e+00
4.591133329603407365e-01
1.349264038933648102e+00
8.183315065171983815e-02
-1.277254846360948326e+00
1.614141861597696848e-01
-6.473979602257410974e-03
6.284347110324435270e-01
1.289051903618706696e+00
6.330867873297797432e-01
6.562529140048556364e-01
-1.259299172295464508e+00
9.585771560668945312e-01
-6.538007524278428573e-01
-1.932799657185872322e+00
nan
nan
nan
nan
-6.405003865559896203e-01
1.666676070955064592e-01
-3.091079129113091239e-01
-1.355372799767388114e-01
3.491770691341823940e-01
5.564786063300238839e-01
-7.357700665791829797e-01
-2.957656979560852051e-02
-8.410689036051431922e-01
1.043414433797200447e+00
5.293169617652893066e-02
-7.252385218938191443e-03
-7.341480784946017302e-01
4.556058777703179130e-01
-9.212958017985025672e-01
4.238246811760796318e-01
8.699539502461751672e-01
-6.979791853162977677e-01
1.140774408976237053e+00
5.616450839572482145e-01
2.782946427663167133e-01
-1.875602086385091072e+00
-3.967317210303412667e-01
-4.444252120123969307e-01
-4.674026171366373883e-01
-2.128941429985894196e+00
1.448788775338066825e-01
5.264800919426811943e-01
nan
nan
nan
nan
1.985700660281711216e-01
3.967667619387308525e-02
1.852875550587972098e-01
7.100421587626138953e-01
3.500590589311387557e-01
2.162548965877956753e-01
5.497593349880642855e-01
-8.091339005364311943e-01
5.551078915596008301e-02
2.493290106455484934e-01
-1.603818469577365513e-01
-1.687983837392595041e-02
4.962586296929253349e-01
2.623350090450710659e-01
-1.854813628726535435e-01
6.017650498284233818e-01
4.719211790296766740e-01
-1.424785190158420201e-01
3.688511318630642299e-01
3.925750652949015068e-02
-1.298474629720052009e+00
-1.346735424465603237e-01
2.083635462654961357e-01
-2.217519548204210100e-01
-9.394931793212890625e-01
7.157044940524630583e-01
3.526640468173556919e-01
2.741938432057698383e-01
nan
nan
nan
nan
7.387018866009182304e-03
1.239738570319281585e+00
-1.159972614712185379e+00
-3.025541040632460099e-01
-2.880684865845574427e-02
2.805588642756144321e-02
4.191152519649929409e-01
1.416699091593424387e-01
-6.068810356987847099e-01
-1.072903739081488617e+00
5.402233865525987166e-01
8.980888790554470980e-01
2.250788741641574497e-01
-1.983165906535254430e-02
6.023459964328341520e-01
-6.844017240736219865e-01
-9.337615966796875000e-01
1.432862917582194084e+00
-1.091675652398003571e+00
-6.767017046610513953e-01
4.163524309794108258e-01
1.932853857676188059e-01
-4.791950649685329799e-01
-5.952973365783691406e-01
4.906595547993977680e-01
7.353952725728353235e-01
6.772847175598144531e-01
1.438093927171495201e+00
nan
nan
nan
nan
-1.427564197116427902e+00
-1.897300349341498604e-01
-4.564369519551594867e-01
9.097605811225043526e-01
-2.159179415967729318e-02
-1.306358019510905022e+00
-4.984834988911946430e-01
-3.263978693220350724e-01
1.531986792882283621e-01
-2.794307072957356586e-01
6.319062444898817521e-01
-1.062159856160481697e+00
1.347474389606052037e-01
1.217936144934760184e-01
-7.575853135850694198e-01
-7.475440767076280135e-01
-4.674218495686848773e-01
-1.364858627319335938e+00
3.444054656558566685e-01
8.249977959526909599e-01
1.131268925136990067e+00
9.496666590372720984e-01
2.968253824445936662e-01
8.545576201544867745e-01
8.952986399332681922e-01
1.692775222990247977e-02
2.495924631754557199e-01
5.485924614800347099e-01
nan
nan
nan
nan
-1.066009521484375000e+00
3.009468979305691128e-01
2.689878940582275391e-01
-4.640611542595757255e-01
-9.297992918226454240e-01
9.391785992516411830e-02
2.488147152794731864e-01
-6.896143489413790739e-01
-1.975397268931070871e-01
4.418743981255425224e-01
-1.218089739481608147e+00
-7.201065487331814730e-01
-1.236764854855007534e-01
1.733199967278374665e+00
-6.507386101616753349e-01
-1.122867796156141518e+00
-4.589385986328125000e-01
7.694000667995877230e-01
5.408842828538682479e-01
-9.137960275014241074e-02
1.161782052781846764e+00
-4.147868344767226354e-04
-5.849861568874783480e-01
8.036081658469305944e-02
-1.233841684129503014e+00
9.039216571384005583e-01
5.730019145541720427e-01
2.190565135743882952e-01
nan
nan
nan
nan
6.977491908603243864e-01
-6.599309179517958146e-01
3.624369833204481584e-01
3.058663010597229004e-02
-1.205031209521823521e-01
2.723251978556315289e-01
6.988976266649034041e-01
3.327580557929145089e-01
-3.064026037851969586e-01
-8.404165373908148995e-01
-3.176266617245144253e-01
-3.997512923346625557e-01
9.194863637288411828e-01
1.588005065917968750e+00
1.050809224446614509e+00
-3.654471503363715401e-01
2.337727016872829799e-01
-5.376533932156033480e-01
6.875281333923339844e-01
-7.326054043240017855e-01
8.538562456766763953e-01
9.860885408189561385e-01
6.904713312784831192e-02
-3.869646125369601841e-01
1.035760667588975670e+00
1.969480017820994175e-02
5.000427563985189172e-01
4.253756735059950334e-01
nan
nan
nan
nan
-3.008227083418104630e-01
-4.062082502577040177e-01
8.771877818637423552e-01
-1.067946222093370201e+00
7.844842804802788505e-01
4.354075855678982143e-01
1.102638350592719085e+00
1.002153820461697098e+00
-5.328854984707303011e-01
5.427367952134873885e-01
6.547674205568101979e-02
-1.055580774943033928e+00
-6.904063754611544645e-01
8.101710346009996511e-02
-2.410896122455596924e-02
1.775475740432739258e-01
3.926958772871229630e-01
3.618281417422824497e-01
6.035440762837728235e-01
-8.676454755995008927e-01
8.758813540140787390e-01
-9.408511055840386161e-01
2.081540293163723354e-01
2.764722506205241070e-01
9.789450963338216516e-01
1.848081350326538086e-01
-3.301380740271674386e-01
-1.129853778415256027e+00
nan
nan
nan
nan
-8.389978938632540739e-01
7.985362476772732698e-01
-4.167663057645162178e-02
1.858245664172702427e-01
-8.504162894354926339e-01
-6.321750217013888395e-01
7.328519821166992188e-01
8.945069048139783763e-02
3.040572537316216239e-01
-8.011692894829643974e-01
-4.426964388953315011e-01
-1.438276370366414481e-01
-5.803808636135525667e-01
-3.458003732893202287e-01
-3.915010293324788226e-01
-3.276775148179795760e-01
-1.878146082162857056e-03
-1.229193210601806641e-01
-1.804238637288411384e+00
-2.446202701992458706e-01
2.168365319569905691e-01
1.028494093153211830e+00
-1.329766803317599777e+00
1.811394823922051200e-01
-5.012603335910372770e-01
-6.082355181376138953e-01
3.086464140150282365e-01
8.821109665764702568e-01
nan
nan
nan
nan
-9.668441348605685270e-01
3.889671961466471539e-01
1.123501035902235268e+00
-4.628382788764106026e-01
5.160885916815863839e-01
-9.172603819105360490e-01
6.456708908081054688e-01
-6.747583813137478792e-01
-3.284586138195461774e-02
-5.703872044881185266e-01
3.163479963938395367e-01
6.431090037027994422e-01
1.076558748881022209e+00
-7.566859987046983260e-01
-8.839442994859483260e-01
2.832150724199082870e-01
-2.940368387434217912e-01
6.378486951192220422e-01
-9.935721755027770996e-03
-7.188746664259169084e-01
5.155531035529242745e-01
4.708098835415310268e-01
-4.303397867414686662e-01
-7.724348174201117745e-01
4.163099659813774833e-01
3.337224589453803292e-01
3.300470511118571149e-01
6.956661542256673547e-01
nan
nan
nan
nan
-1.928594801161024330e+00
1.672915750079684849e-01
-5.395847956339517859e-01
5.210650232103135604e-01
2.684430281321207867e-01
8.703374332851834261e-01
-7.415294117397732698e-01
-7.451672024197047994e-02
-7.285207112630208703e-01
4.113340907626681919e-01
1.244012302822536942e+00
1.706426302591959709e+00
7.868960698445638391e-01
1.804240544637044363e-01
1.156525346967909040e-01
-1.463260650634765625e+00
9.314075046115450895e-01
2.357971933152940569e-01
1.131434573067559152e-01
-1.253650171889199132e-02
-5.657661623424953962e-02
-9.620520803663465403e-02
9.577901628282334823e-01
-8.132374551561143416e-01
-1.966983907752566790e-02
7.586297459072537386e-01
2.360777854919433594e-01
-8.439155684577094307e-01
nan
nan
nan
nan
2.177257537841796875e-01
1.657526625527275810e-01
7.232070498996310270e-01
-8.372128672069972799e-02
2.761418819427490234e-01
-5.101968977186415177e-01
-4.060319066047668457e-02
-1.276163207160101898e+00
1.255414962768554688e+00
-8.474771711561415177e-01
1.228041225009494308e+00
-4.609575801425510044e-01
1.082866880628797768e+00
3.890511459774441128e-01
1.509482993019951591e-01
2.805336846245659599e-01
-9.580792321099175224e-01
5.996618005964490794e-02
-2.107748455471462612e-01
6.698515680101182479e-01
-8.653262456258138391e-01
-1.393498579661051340e-01
4.828520615895589424e-02
2.410881784227159319e-01
-2.816297610600789272e-02
1.523117621739705496e-01
3.816375997331407088e-01
3.890566031138101982e-02
nan
nan
nan
nan
1.357654253641764397e+00
6.079770194159613839e-01
-3.968381881713867188e-01
7.702404657999674109e-01
4.392176998986138114e-01
-6.622287432352701453e-01
-8.281875716315375557e-01
-6.926690207587348214e-01
4.647513495551215401e-01
-8.345081541273329240e-01
1.897864739100138254e-01
-7.350876596238877791e-01
8.036959966023763391e-01
-4.776455031500922432e-01
3.189119762844509487e-01
1.982943879233466378e-01
-3.452746603224012834e-01
-4.094078275892469865e-01
5.089966985914442521e-01
9.985615147484673548e-02
4.206925763024224052e-01
-5.671049753824869422e-01
-1.881072918574015207e-01
3.169673548804389229e-01
-3.227949142456054688e-01
-1.475541114807128906e+00
2.751796510484483260e-01
-2.320152123769124441e-01
nan
nan
nan
nan
-6.913356781005859375e-01
-9.634801016913520089e-01
-1.642204258177015486e-01
-1.002860267957051549e-01
-4.658368428548176898e-01
5.515389972262911833e-01
6.498338911268446427e-01
8.166821797688801621e-02
1.979311837090386161e-01
2.168206903669569197e-01
5.207043223910861052e-01
3.419898615943061104e-01
-5.808543629116482698e-01
-8.468869659635755442e-02
8.157561090257432479e-01
-4.814960691663954240e-01
1.445224020216200056e-01
2.485803638895352826e-03
-1.425329049428304129e-01
4.188177585601806641e-01
3.135476112365722656e-01
-1.271340052286783762e-01
-1.479310141669379242e+00
-3.556413120693630581e-01
5.122875637478299105e-01
1.162014961242675781e+00
-5.570624669392904016e-01
1.870609071519639732e+00
nan
nan
nan
nan
-6.655333836873372766e-01
2.030030488967895508e-01
3.195679717593722935e-01
-5.979403919643826448e-01
3.609611458248562221e-01
8.079215685526529578e-01
1.375335984759860630e-01
-3.348993725246853237e-01
-4.517342779371473771e-01
-4.965152210659450893e-01
-1.631755166583591099e-01
2.864276038275824776e-01
3.014405303531222935e-01
7.361027929517958146e-01
9.691200256347656250e-01
-5.007735888163248328e-01
1.644733852810329910e+00
2.261629634433322544e-01
-4.004445870717366351e-01
-9.875902599758572542e-01
7.510307100084092635e-01
5.047658814324272880e-01
-3.115587764316135044e-01
5.226827197604708708e-01
-1.707120206620958147e-01
1.345540417565239677e-01
4.414631260765923271e-01
-3.165178828769260044e-01
nan
nan
nan
nan
1.324160152011447433e+00
-3.635269271002875557e-01
8.116003142462836495e-01
-9.004241095648871651e-01
-7.383643256293402624e-02
1.648146973715888253e-01
-2.229714128706190290e-01
8.332236607869466516e-01
-2.838461928897433872e-01
-6.983535554673936385e-01
-6.770381000306871511e-02
-7.207520272996690291e-01
6.116730637020535016e-02
-1.414421002070108957e-01
-6.040459209018283343e-02
-4.526209831237792969e-01
-7.209815979003906250e-01
7.321661843193901786e-01
2.090810934702555246e-01
6.304783291286892855e-01
3.134304947323269253e-01
1.052359263102213616e+00
1.766280730565389090e-01
-8.118878470526801061e-02
7.862348833845721110e-04
-5.364345444573296318e-01
-2.133358452055189314e-01
-4.172081947326660156e-01
nan
nan
nan
nan
1.089336183336045982e+00
2.266998820834689732e-01
9.296240276760525667e-01
4.256791803571913224e-01
2.171905173195732841e-01
-3.617343902587890625e-01
1.208196216159396652e+00
-4.569498168097602120e-01
-1.259837574428982254e+00
-1.170636600918240067e+00
9.912032021416558036e-01
3.776760101318359375e-01
9.230955971611870536e-01
1.636477708816528320e-01
-4.565633138020833148e-01
3.136500053935580706e-02
1.104917102389865402e+00
2.475481033325195312e-01
2.582704226175944195e-01
-6.590764257642958146e-01
-7.866130405002169645e-01
3.359072738223605747e-01
-6.243471569485135042e-01
-3.289604518148633860e-02
1.331367890040079660e-01
-1.847619083192613421e-01
-7.045827971564398717e-02
6.719733874003092078e-01
nan
nan
nan
nan
-5.219432512919107703e-01
-8.142466677559746790e-02
1.190897888607448940e-01
-3.326911661359999162e-01
3.842393292321099052e-01
9.119602839152017859e-01
3.869827853308783761e-01
2.046541372934977121e-01
4.957570632298787666e-02
4.211139414045546037e-01
2.848776446448432198e-01
1.394120958116319420e+00
3.004484176635742188e-01
2.538587517208523159e-01
-5.881360371907552453e-01
6.017003059387207031e-01
9.964569409688313339e-02
-5.603099531597561384e-02
1.046915372212727791e+00
3.367562558915879745e-01
-4.020784166124131698e-01
4.302167892456054688e-01
9.836502075195312500e-01
-6.863723860846625557e-01
2.600963380601670760e-01
8.400122854444715959e-01
7.381077872382270089e-01
6.488006644778782084e-02
nan
nan
nan
nan
3.835385110643174666e-01
-5.982521904839409599e-01
-5.802554554409451448e-01
3.047944704691569195e-01
8.005552159415350866e-02
9.976668490303887415e-02
1.248323652479383650e-01
1.258120218912760491e+00
1.642583847045898438e+00
1.490913497077094307e-01
-9.987200631035698661e-01
1.152022997538248772e+00
-4.510114987691243305e-01
3.387236065334743862e-01
-4.030147128634982701e-01
-1.680674420462714425e-01
-7.913947105407714844e-01
-7.224517928229438057e-01
6.978984673817952011e-02
9.336382978492312190e-03
-1.394510931438869838e-01
-3.936833540598551617e-01
2.815262476603190289e-01
-1.239372783237033371e+00
8.903264999389648438e-01
-5.822521845499674109e-01
-4.077229764726426620e-01
2.012306716707017717e-01
nan
nan
nan
nan
4.455297787984212055e-01
-4.958677291870117188e-01
-2.603266504075791854e-01
1.684769842359754799e+00
-9.875228669908311385e-01
-1.365384790632459822e-01
4.029421806335449219e-01
1.230028788248697991e+00
2.075970437791612444e-01
2.477978865305582590e-01
6.687893867492675781e-01
-4.679461055331760044e-01
-8.668115933736165735e-01
-5.669897132449679827e-02
-4.415103594462077008e-01
1.106499142116970535e+00
-4.812138875325520648e-01
9.303633371988931922e-01
-4.428320725758870258e-01
-2.020159363746643066e-02
2.792140907711452846e-01
3.114062945048014508e-01
-1.469523747762044197e+00
-2.784832318623860492e-01
8.783693843417696989e-01
8.139172659979926339e-01
4.255663288964165458e-01
1.773724555969238281e-01
nan
nan
nan
nan
7.423562473720974886e-01
-1.304085943433973549e+00
1.268404854668511383e+00
4.043384393056233955e-02
-1.336179574330647879e-01
nan
-9.952594969007704240e-01
2.310749954647488003e-01
-6.707389089796278459e-01
8.237294620937771761e-01
1.988714800940619698e-01
-1.114567014906141518e+00
-5.591313574049208146e-01
-8.830071555243598214e-01
5.407779481675889510e-01
-1.799813906351725376e-02
-8.259962399800618860e-01
4.295338524712456474e-01
-8.259263568454318083e-01
1.978287829293144950e-01
-1.284630775451660156e+00
4.051581356260511302e-02
-8.735958205329047432e-01
-1.103971600532531738e-01
-7.414541244506835938e-01
9.994551340738931922e-01
3.651703993479410992e-01
9.316292868720160714e-01
nan
nan
