nan
nan
-3.431974649429321289e-01
-1.023198843002319336e+00
-1.475114822387695312e-01
-1.111352205276489258e+00
-2.863803207874298096e-01
-4.053401052951812744e-01
-6.880906820297241211e-01
6.852962970733642578e-01
-8.805697560310363770e-01
-2.232088595628738403e-01
1.355558991432189941e+00
1.262357234954833984e+00
-2.784202098846435547e-01
1.637321412563323975e-01
1.356104493141174316e+00
-5.333181619644165039e-01
8.812537044286727905e-02
-6.798849105834960938e-01
-1.529931724071502686e-01
-9.450023770332336426e-01
7.629510760307312012e-02
3.171377182006835938e-01
-1.053319692611694336e+00
1.312657356262207031e+00
5.082346200942993164e-01
-6.767477393150329590e-01
7.575550079345703125e-01
3.606636226177215576e-01
nan
nan
nan
nan
-9.409584999084472656e-01
-2.733512036502361298e-02
3.102415800094604492e-01
-4.543517529964447021e-01
1.174691915512084961e+00
-9.753322005271911621e-01
7.400749921798706055e-01
4.768302142620086670e-01
6.576173901557922363e-01
-5.281291604042053223e-01
9.805858135223388672e-01
-8.714355826377868652e-01
-1.319888114929199219e+00
-4.437350630760192871e-01
-3.208019435405731201e-01
-9.049658775329589844e-01
-1.265657305717468262e+00
-1.577035896480083466e-02
6.773847937583923340e-01
-7.134502530097961426e-01
4.149120450019836426e-01
4.554395675659179688e-01
5.585063099861145020e-01
-3.455308079719543457e-01
-1.529801934957504272e-01
7.409964203834533691e-01
-2.154519110918045044e-01
1.520746350288391113e-01
nan
nan
nan
nan
6.840727329254150391e-01
9.461580514907836914e-01
7.258571982383728027e-01
-2.143040448427200317e-01
-1.919457912445068359e+00
7.861888408660888672e-02
-1.563006490468978882e-01
1.989450752735137939e-01
-8.912948966026306152e-01
-2.264593988656997681e-01
-8.313797712326049805e-01
1.001714617013931274e-01
1.135367274284362793e+00
6.941697597503662109e-01
4.743779599666595459e-01
-1.929071843624114990e-01
-7.346972823143005371e-01
-5.871678888797760010e-02
-1.956068128347396851e-01
-2.205642163753509521e-01
1.131377220153808594e-01
-2.720460891723632812e-01
-2.645350396633148193e-01
-1.432970046997070312e+00
3.836340308189392090e-01
1.189606308937072754e+00
1.160788387060165405e-01
2.528073787689208984e+00
nan
nan
nan
nan
1.905049085617065430e-01
6.256605982780456543e-01
-7.522523403167724609e-01
-2.955669164657592773e-01
-6.381242871284484863e-01
-4.549885392189025879e-01
2.609195932745933533e-02
-2.716811001300811768e-01
-4.889360368251800537e-01
-7.042781710624694824e-01
1.070320367813110352e+00
-1.631729453802108765e-01
-6.526713371276855469e-01
-8.051633834838867188e-01
7.828945517539978027e-01
2.121138811111450195e+00
1.219811439514160156e+00
-1.735550403594970703e+00
5.608780384063720703e-01
-1.073608994483947754e+00
4.276316165924072266e-01
-1.004790306091308594e+00
5.877745747566223145e-01
2.870137095451354980e-01
-3.716845512390136719e-01
-9.996238350868225098e-01
4.515909850597381592e-01
6.844583749771118164e-01
nan
nan
nan
nan
6.489748358726501465e-01
-2.524954080581665039e-01
2.273443639278411865e-01
-1.221706047654151917e-01
4.600018262863159180e-01
1.536097675561904907e-01
4.533104896545410156e-01
-1.209044814109802246e+00
1.124422430992126465e+00
-4.454784095287322998e-01
4.355109632015228271e-01
-4.188939034938812256e-01
1.793114542961120605e+00
1.499355077743530273e+00
-1.289873361587524414e+00
-6.907450556755065918e-01
-2.727843523025512695e-01
-2.244668453931808472e-01
-1.531908035278320312e+00
-9.604688286781311035e-01
4.062108099460601807e-01
1.328753232955932617e-01
-1.102472424507141113e+00
7.589702010154724121e-01
2.370526194572448730e-01
-4.126368165016174316e-01
9.267019480466842651e-02
1.312551140785217285e+00
nan
nan
nan
nan
-9.009537696838378906e-01
-7.155428528785705566e-01
-8.486712723970413208e-02
-3.224444389343261719e-01
3.444904088973999023e-01
2.167833000421524048e-01
1.362848281860351562e+00
1.186082720756530762e+00
1.275546193122863770e+00
2.751526050269603729e-02
3.063359856605529785e-01
-1.468761861324310303e-01
8.626372814178466797e-01
-3.034118413925170898e-01
-5.986291170120239258e-01
-3.428362011909484863e-01
-1.480801582336425781e+00
-1.492460727691650391e+00
-2.298212051391601562e-02
-2.829706370830535889e-01
4.128995537757873535e-01
-1.006056904792785645e+00
1.055516004562377930e+00
-3.516532778739929199e-01
8.432947993278503418e-01
-1.118032455444335938e+00
-1.300485014915466309e+00
5.280309319496154785e-01
nan
nan
nan
nan
8.236933946609497070e-01
-1.232558131217956543e+00
7.426137924194335938e-01
2.669688314199447632e-02
-1.101716876029968262e+00
4.553344249725341797e-01
-1.726979613304138184e-01
1.511045545339584351e-02
-6.239745616912841797e-01
1.334096431732177734e+00
-4.723564684391021729e-01
1.747969985008239746e+00
-5.994253754615783691e-01
-5.086317658424377441e-01
6.535197496414184570e-01
-3.080455958843231201e-01
-8.791483044624328613e-01
1.335648894309997559e-01
5.094268321990966797e-01
-6.858652830123901367e-01
-2.906400561332702637e-01
6.229209899902343750e-01
7.805402874946594238e-01
6.702092289924621582e-01
3.528944849967956543e-01
3.395748436450958252e-01
8.342611789703369141e-01
-6.664047241210937500e-01
nan
nan
nan
nan
7.018748521804809570e-01
1.599709630012512207e+00
5.656272172927856445e-01
-1.094035029411315918e+00
-4.487349987030029297e-01
4.726706445217132568e-01
-1.788975894451141357e-01
3.787496984004974365e-01
1.615600287914276123e-01
5.136280655860900879e-01
-3.273795247077941895e-01
-1.906726062297821045e-01
-4.585740715265274048e-02
-3.756200969219207764e-01
1.076301693916320801e+00
-1.202974796295166016e+00
-3.344650268554687500e-01
1.205200552940368652e+00
1.246276646852493286e-01
2.775608599185943604e-01
-1.065917968750000000e+00
7.896881103515625000e-01
8.663593530654907227e-01
1.688849031925201416e-01
-4.600988030433654785e-01
5.753944516181945801e-01
1.139318466186523438e+00
-2.139575183391571045e-01
nan
nan
nan
nan
8.019114732742309570e-01
1.153241991996765137e+00
4.236854016780853271e-01
4.501831829547882080e-01
-8.498995304107666016e-01
8.237205743789672852e-01
-4.962420761585235596e-01
-7.391304969787597656e-01
6.016921401023864746e-01
5.109823346138000488e-01
1.793698072433471680e+00
-3.906977474689483643e-01
4.125316739082336426e-01
1.605331063270568848e+00
-5.022797584533691406e-01
3.041694164276123047e-01
1.261066675186157227e+00
8.628330379724502563e-02
-6.102275848388671875e-01
1.251273415982723236e-02
1.097031831741333008e+00
-9.179798513650894165e-02
-8.260296285152435303e-02
8.042464256286621094e-01
-7.132825851440429688e-01
1.666748642921447754e+00
4.890208244323730469e-01
-4.444239139556884766e-01
nan
nan
nan
nan
-8.194502592086791992e-01
1.180865049362182617e+00
3.846290111541748047e-01
8.568966761231422424e-03
-1.196984425187110901e-01
5.913748145103454590e-01
-1.975554823875427246e-01
1.489158570766448975e-01
-1.831140041351318359e+00
6.919435262680053711e-01
-5.097264051437377930e-01
3.166424110531806946e-02
2.700926065444946289e-01
-2.959190905094146729e-01
7.577361464500427246e-01
-5.777951478958129883e-01
-9.043167233467102051e-01
1.918931007385253906e+00
8.829738944768905640e-02
6.134692430496215820e-01
6.813979893922805786e-02
-4.781692326068878174e-01
-1.719933509826660156e+00
4.266289621591567993e-02
-2.962329983711242676e-01
6.063307523727416992e-01
1.305121183395385742e-01
-1.251617550849914551e+00
nan
nan
nan
nan
3.205859363079071045e-01
-1.080922126770019531e+00
-6.440064907073974609e-01
-3.331028223037719727e-01
1.000174164772033691e+00
-5.049628019332885742e-01
3.787623718380928040e-03
-3.634522259235382080e-01
-2.059537649154663086e+00
-7.712070941925048828e-01
-6.211869716644287109e-01
-1.011010527610778809e+00
7.994728088378906250e-01
-4.633186757564544678e-02
1.996209621429443359e-01
6.235218048095703125e-01
1.512238025665283203e+00
2.143452167510986328e-01
-5.541132688522338867e-01
-8.347416669130325317e-02
8.603401482105255127e-02
7.106885910034179688e-01
-7.567754387855529785e-01
-1.049284100532531738e+00
-1.334391832351684570e-01
-1.657561585307121277e-02
4.674796760082244873e-02
1.540034543722867966e-02
nan
nan
nan
nan
2.918188273906707764e-01
5.717663764953613281e-01
2.916790731251239777e-02
5.535770207643508911e-02
2.938703000545501709e-01
3.192584216594696045e-01
6.162961721420288086e-01
9.472901225090026855e-01
1.365154981613159180e-01
-6.676088571548461914e-01
5.507360696792602539e-01
2.609664201736450195e-01
-7.997640967369079590e-01
-2.402857989072799683e-01
-8.441046476364135742e-01
9.113737195730209351e-02
-7.143814116716384888e-02
8.494756817817687988e-01
1.076550841331481934e+00
-2.431344240903854370e-01
-9.535173177719116211e-01
-7.456545233726501465e-01
2.949670553207397461e-01
-6.881862282752990723e-01
-1.349039316177368164e+00
-2.178223848342895508e+00
-4.607074856758117676e-01
-1.059721469879150391e+00
nan
nan
nan
nan
-1.348075866699218750e+00
-3.602123558521270752e-01
-3.914649784564971924e-01
-4.198592901229858398e-01
-3.029562234878540039e-01
4.146313369274139404e-01
-1.205447781831026077e-02
2.083098590373992920e-01
-7.954855263233184814e-02
1.950847506523132324e-01
-3.277677670121192932e-02
-9.022492170333862305e-01
-1.640376150608062744e-01
-3.324436396360397339e-02
-5.275129079818725586e-01
-8.267678618431091309e-01
2.399196773767471313e-01
1.013603806495666504e+00
-1.427735447883605957e+00
-4.554590582847595215e-01
-1.083946108818054199e+00
-8.407405614852905273e-01
3.142520785331726074e-01
5.900807380676269531e-01
1.200640082359313965e+00
5.100109577178955078e-01
2.168995380401611328e+00
-2.392236143350601196e-01
nan
nan
nan
nan
-3.921946883201599121e-01
8.370343446731567383e-01
1.304816722869873047e+00
-2.827890217304229736e-01
7.951987907290458679e-03
4.759356677532196045e-01
8.714707493782043457e-01
4.727840796113014221e-02
-1.481890380382537842e-01
-1.435356855392456055e+00
-7.455512136220932007e-02
-6.186065673828125000e-01
4.991434514522552490e-01
7.264439761638641357e-02
-1.844337210059165955e-03
-2.901550754904747009e-02
9.548031091690063477e-01
6.556569337844848633e-01
1.715118288993835449e+00
7.848487496376037598e-01
1.228953123092651367e+00
2.348032891750335693e-01
-7.885493040084838867e-01
-5.361564829945564270e-02
-4.273239076137542725e-01
-2.986970543861389160e-01
5.043161511421203613e-01
1.075984165072441101e-01
nan
nan
nan
nan
9.666070342063903809e-01
5.273122191429138184e-01
2.165036946535110474e-01
2.022677958011627197e-01
-7.496425509452819824e-01
9.383740425109863281e-01
-7.129324674606323242e-01
-2.947357594966888428e-01
1.471270442008972168e+00
-5.412122011184692383e-01
9.097771048545837402e-01
1.911220788955688477e+00
1.235114097595214844e+00
5.202549695968627930e-01
-6.644021272659301758e-01
-2.205326408147811890e-01
-7.089067101478576660e-01
-6.160272359848022461e-01
-2.928626239299774170e-01
3.848946988582611084e-01
-8.883318305015563965e-02
7.972886562347412109e-01
-6.763218641281127930e-01
4.192400872707366943e-01
-2.306761965155601501e-02
4.428299367427825928e-01
-9.644563496112823486e-02
-8.563669323921203613e-01
nan
nan
nan
nan
1.948953866958618164e+00
8.945452570915222168e-01
-5.134407281875610352e-01
-1.016629338264465332e+00
1.318995475769042969e+00
7.487370073795318604e-02
5.524006485939025879e-01
4.125483334064483643e-01
-5.712359547615051270e-01
1.766415089368820190e-01
5.864088609814643860e-02
-9.262671321630477905e-02
-7.770878076553344727e-01
-7.732776999473571777e-01
1.968930102884769440e-02
1.413332372903823853e-01
2.620260715484619141e-01
-3.316864371299743652e-01
-2.002021551132202148e+00
-1.480467557907104492e+00
2.253106981515884399e-01
-3.448151946067810059e-01
-1.470191001892089844e+00
6.916809082031250000e-01
6.921892166137695312e-01
-7.568865548819303513e-03
-1.075240254402160645e+00
-1.911564618349075317e-01
nan
nan
nan
nan
-7.596709728240966797e-01
-8.633671328425407410e-03
2.260532379150390625e-01
4.809530079364776611e-01
1.066736698150634766e+00
5.400817394256591797e-01
2.171319723129272461e+00
3.267132341861724854e-01
1.794804334640502930e+00
4.100084602832794189e-01
1.024756312370300293e+00
5.730387568473815918e-01
-3.324319422245025635e-01
3.002241849899291992e-01
-1.966800540685653687e-01
-2.063428312540054321e-01
5.686306953430175781e-01
8.447027802467346191e-01
-6.326441187411546707e-03
-7.135134935379028320e-01
-5.218753814697265625e-01
9.211412072181701660e-01
1.640892773866653442e-02
-3.315610289573669434e-01
-1.397157013416290283e-01
1.387080401182174683e-01
7.757499814033508301e-01
-8.904039263725280762e-01
nan
nan
nan
nan
2.963210940361022949e-01
6.496647596359252930e-01
-2.127696014940738678e-02
8.323620557785034180e-01
1.157816648483276367e+00
2.262731641530990601e-01
-8.759970217943191528e-02
2.701755762100219727e-01
-2.873646318912506104e-01
-2.811479866504669189e-01
-5.486444830894470215e-01
1.225830689072608948e-01
1.037860274314880371e+00
-1.714851856231689453e-01
4.550158083438873291e-01
1.240359544754028320e+00
7.119037508964538574e-01
-1.790140271186828613e-01
-9.188481420278549194e-02
-4.480766654014587402e-01
2.750706970691680908e-01
3.985450789332389832e-02
-4.342423379421234131e-02
5.026850104331970215e-01
-1.387208327651023865e-02
3.915414810180664062e-01
-8.691510558128356934e-01
4.529065191745758057e-01
nan
nan
nan
nan
5.821027755737304688e-01
9.559550136327743530e-02
1.173936247825622559e+00
-8.381245732307434082e-01
1.010564327239990234e+00
4.761178791522979736e-01
-8.685156702995300293e-01
1.528883934020996094e+00
-2.710650861263275146e-01
-1.227875113487243652e+00
1.867030739784240723e+00
2.108738720417022705e-01
2.356286495923995972e-01
-8.313609957695007324e-01
1.386351227760314941e+00
1.116283655166625977e+00
7.139353156089782715e-01
-9.000215679407119751e-02
8.649389147758483887e-01
-1.896172910928726196e-01
-3.606101572513580322e-01
-4.183154702186584473e-01
-1.718741655349731445e-01
-4.745676219463348389e-01
-3.451292514801025391e-01
5.391149520874023438e-01
-5.307243466377258301e-01
-5.588550865650177002e-02
nan
nan
nan
nan
-4.857096374034881592e-01
-3.819214403629302979e-01
5.536130070686340332e-01
1.030683398246765137e+00
1.183641791343688965e+00
-4.185260534286499023e-01
1.200204133987426758e+00
-9.459866881370544434e-01
1.305693387985229492e+00
5.989219546318054199e-01
-1.472072482109069824e+00
6.103430986404418945e-01
2.265538126230239868e-01
8.240703344345092773e-01
-3.527997434139251709e-01
-5.302672982215881348e-01
9.438667893409729004e-01
-6.288412958383560181e-02
1.102244496345520020e+00
2.763459682464599609e-01
-5.641735792160034180e-01
-5.253115892410278320e-01
-7.479107379913330078e-01
-1.369498252868652344e+00
-2.461443692445755005e-01
-3.294123709201812744e-01
-5.064899325370788574e-01
1.213116291910409927e-02
nan
nan
nan
nan
-4.812384545803070068e-01
6.771835088729858398e-01
-1.068080067634582520e+00
1.876103132963180542e-02
1.739644259214401245e-01
2.464894801378250122e-01
5.540298223495483398e-01
2.573822736740112305e-01
-6.091843917965888977e-02
3.928340971469879150e-01
-6.107671260833740234e-01
5.800374150276184082e-01
1.093789815902709961e+00
8.117746114730834961e-01
-1.001142263412475586e-01
6.470678746700286865e-02
-5.824778601527214050e-02
7.510154843330383301e-01
-1.078156113624572754e+00
1.958121359348297119e-01
-3.172048032283782959e-01
-2.007633745670318604e-01
2.206600159406661987e-01
9.663630127906799316e-01
1.022787690162658691e+00
-3.222302198410034180e-01
-5.195651054382324219e-01
8.847659826278686523e-01
nan
nan
nan
nan
-6.478328704833984375e-01
3.565977513790130615e-01
-8.242435455322265625e-01
3.580291271209716797e-01
-2.847380340099334717e-01
-8.852410316467285156e-01
-2.176411002874374390e-01
1.486217856407165527e+00
5.129061341285705566e-01
8.605332374572753906e-01
1.184525340795516968e-01
-6.272920370101928711e-01
-1.237530708312988281e+00
3.186779022216796875e-01
-8.639262318611145020e-01
-1.026569485664367676e+00
-2.497959882020950317e-03
-4.946927726268768311e-01
-1.136332035064697266e+00
2.036334425210952759e-01
-4.185081422328948975e-01
2.651012837886810303e-01
5.023501515388488770e-01
-3.861416876316070557e-02
1.641521751880645752e-01
-4.820828139781951904e-01
1.693002879619598389e-01
9.767888486385345459e-02
nan
nan
nan
nan
2.984988987445831299e-01
6.514133214950561523e-01
-2.009116709232330322e-01
1.001919865608215332e+00
8.061363697052001953e-01
-7.300358414649963379e-01
1.234673485159873962e-01
9.662574529647827148e-01
7.766280174255371094e-01
1.568563461303710938e+00
-4.955178201198577881e-01
-8.497257232666015625e-01
-1.840638875961303711e+00
-7.619691491127014160e-01
-1.721273213624954224e-01
1.052854537963867188e+00
-4.178207367658615112e-03
8.569954633712768555e-01
-4.735975861549377441e-01
1.138946637511253357e-01
2.386769205331802368e-01
1.117217302322387695e+00
-1.014213562011718750e-01
5.514647960662841797e-01
1.277801036834716797e+00
1.562370806932449341e-01
7.219399809837341309e-01
-4.405689239501953125e-01
nan
nan
nan
nan
-9.571776986122131348e-01
5.857223272323608398e-01
7.230921983718872070e-01
1.975694537162780762e+00
1.417330026626586914e+00
nan
2.554713785648345947e-01
5.433569550514221191e-01
6.898450851440429688e-01
6.296738982200622559e-01
4.918774962425231934e-01
-4.491422474384307861e-01
-5.327620506286621094e-01
-2.140693962574005127e-01
-3.075333237648010254e-01
-8.885687589645385742e-01
2.663748860359191895e-01
-7.945461869239807129e-01
7.685422152280807495e-02
6.525837182998657227e-01
-1.891012191772460938e-01
-4.824628531932830811e-01
-1.640469394624233246e-02
1.421495556831359863e+00
1.372858762741088867e+00
-2.456234842538833618e-01
2.382406890392303467e-01
7.231404781341552734e-01
nan
nan
