nan
nan
5.715718269348144531e-01
8.232289420233832589e-01
1.094953113132052902e+00
1.178714964124891518e+00
-1.510671907001071568e-01
1.085644033220079241e-01
8.123860889010958708e-01
8.111976517571343193e-01
-7.209904458787705916e-01
-4.286496837933858467e-02
7.849715020921494979e-01
-1.332788070042928152e-01
-9.078609281116062357e-02
-8.795365757412381136e-01
-1.129089355468750000e+00
-6.107872856987847099e-01
-3.319256040785047990e-01
3.038360840744442314e-03
1.230253113640679352e+00
-8.023230234781900672e-01
4.987993240356445312e-01
9.618546168009439734e-01
1.987567080391777763e-01
-2.482536368899875279e-01
3.590175310770670758e-01
-1.393487321005927315e-01
-2.110395034154256277e-01
-2.640050252278645648e-01
nan
nan
nan
nan
1.048094113667805916e+00
3.450508117675781250e-01
1.565207242965698242e-01
-8.012879159715440291e-01
7.418487336900498885e-01
-3.624869187672932758e-01
1.040540377298990959e+00
1.922321452034844169e-01
5.098243140512042672e-03
1.297430886162652008e+00
-6.676640510559082031e-01
-5.393018656306796527e-02
8.064135975307888948e-01
6.926358540852864953e-01
1.952295435799492607e-01
-1.308033731248643639e+00
6.612316767374674109e-01
2.390139632754855747e-01
2.481368382771809988e-01
-1.677699089050292969e+00
-4.292816056145561943e-01
-1.158543904622395759e+00
3.988423612382676620e-01
-3.521268897586398716e-01
3.090592490302191964e-01
8.685768445332845422e-01
-4.780821800231933594e-01
7.439366314146253489e-02
nan
nan
nan
nan
9.627501169840494422e-01
3.369100093841552734e-01
-1.279666953616672154e-01
-1.049430529276530022e+00
-3.981827100118001117e-01
-1.395571602715386383e+00
5.784596867031521761e-01
1.143097241719563728e+00
-4.937116834852430802e-01
2.114728424284193220e-01
1.180659400092230804e+00
7.195016013251410714e-01
7.139644092983670198e-01
2.416712654961480133e+00
4.038061830732557755e-01
-8.384589089287651786e-01
5.647678375244140625e-01
-8.055313958062065849e-01
2.556424405839707870e-01
1.514765421549479241e+00
-7.119901445176866073e-01
-3.557487858666313896e-01
-8.341734674241807479e-01
1.237791379292805916e+00
-4.872203932868109932e-01
9.987327787611219310e-02
-1.582689921061197991e+00
-1.157548586527506584e+00
nan
nan
nan
nan
7.802882724338107145e-01
8.137405183580186385e-01
4.729327625698513393e-01
-3.219911522335476284e-01
3.222355577680799943e-01
-4.594177140129936943e-01
-3.918837176428900948e-01
1.000612046983506920e+00
1.045526994599236398e-01
-7.399368815951876677e-01
5.251495043436685828e-01
6.384888754950629464e-01
9.653854370117187500e-02
7.287853029039170760e-01
1.307404200236002678e+00
-1.962345971001518974e-01
7.679662174648709261e-01
-4.595141410827636719e-01
1.787706798977322098e+00
-1.947914891772800083e-01
-1.995352109273274832e-01
7.469430499606661833e-01
-3.325968583424885883e-01
-4.009771611955430526e-01
-8.568216694725884486e-02
-1.454334259033203125e+00
1.356808212068345842e-01
-3.129816717571682477e-02
nan
nan
nan
nan
1.500517792171902065e-01
1.355650901794433594e+00
-1.308445188734266518e+00
-4.268288347456190568e-01
8.867661820517645788e-02
-3.799916373358832589e-01
-8.533833821614583703e-01
1.009079721238878014e+00
3.005011346605088729e-01
-4.928966098361545201e-01
-4.185327159033881417e-01
4.500083923339843750e-01
1.118168089124891518e+00
-4.977983898586696987e-01
7.645141283671060828e-01
-1.106035020616319420e+00
1.914337158203125000e+00
1.438788096110026116e+00
-3.021646287706163392e+00
3.577014605204264508e-01
1.721429030100504465e-01
8.438653945922851562e-01
-1.077891455756293304e+00
-1.936578485700819197e-01
3.854528797997368583e-01
2.865935166676839008e-01
8.234663969940610173e-03
9.513347678714328959e-02
nan
nan
nan
nan
5.477751625908745536e-01
-5.607364972432454797e-01
1.081048435635036942e+00
-8.710670471191406250e-01
-1.835864649878607979e-01
8.116660647922091520e-01
1.351929452684190514e+00
-3.084955480363633651e-01
-4.001341660817464008e-01
1.111433638466729074e-01
6.308860248989528463e-02
1.331467628479003906e+00
2.437052196926540737e-01
-4.232145415412055245e-01
-1.853283140394422768e+00
1.469139522976345535e+00
-5.651120079888237724e-01
-1.038912031385633705e+00
-2.074835565355089007e-01
-7.563688490125868302e-01
-2.058916886647542410e-01
-2.832868364122178573e-01
-4.510437117682563057e-01
1.180819829305012947e+00
6.360388861762152901e-01
-1.334793451759550258e-03
-7.492888238694932479e-01
-1.184370570712619308e+00
nan
nan
nan
nan
1.023496919208102818e-01
-4.384993182288275948e-01
-9.401790830824110490e-01
-4.525482389662001115e-01
-6.824901368882920760e-01
3.334566752115885602e-01
1.154059939914279465e+00
8.237536748250325891e-01
9.143099255032010042e-01
1.050772931840684710e-01
2.242202394538455462e-02
6.558858023749457589e-01
-4.545801480611165180e-01
-1.743192036946614509e+00
-3.715280691782633649e-01
-8.163168165418837052e-01
-1.164070553249783035e+00
-8.406416045294867745e-01
-1.425589587953355608e-01
2.043139537175496512e-01
2.214931514528062639e-01
3.947503699196709681e-02
7.139254146152071989e-01
2.274435891045464286e-01
4.056636244058609009e-03
-5.395049519009060823e-01
1.295449256896972656e+00
-8.461128340827094307e-01
nan
nan
nan
nan
2.839257187313503628e-01
-3.553889857398139229e-01
3.634367055363125348e-02
9.921801884969075891e-01
-5.709709061516655693e-01
-1.164039081997341629e+00
-3.669522205988565849e-02
-1.907425191667344866e-01
2.803499433729383927e-01
4.281731181674533482e-01
9.484950171576606026e-01
6.172385745578341520e-01
5.954274071587456474e-01
8.286879460016886856e-02
9.731253517998589286e-01
-3.657086690266927315e-02
-5.577114952935112724e-01
-1.315975983937581473e-01
-4.996422661675347099e-01
-2.307792504628499441e-01
-1.242517683241102455e+00
-1.022970199584960938e+00
1.155471060011121986e+00
2.208719253540039062e-01
1.903916041056315178e+00
-5.345681508382161828e-01
-1.778685251871744866e+00
1.263682895236545090e+00
nan
nan
nan
nan
-6.829680999120076035e-02
1.037378417121039398e+00
2.617494430806901681e-02
4.561355378892686385e-01
-5.097062852647569198e-01
-5.298950407240126115e-01
-5.767582787407768974e-01
8.770048618316650391e-02
4.143928421868218193e-01
-2.706756856706407088e-01
6.952566570705838167e-01
-7.584398587544759485e-01
6.451185544331868860e-01
1.093411657545301674e+00
5.470328198538886022e-02
6.132453680038452148e-03
-1.088840696546766518e+00
-4.792348543802897320e-01
-5.859138170878092078e-01
-1.428314420912000893e+00
2.268852127922905693e-01
8.331038686964247209e-01
1.564644045299953823e-01
3.761263158586289901e-01
-4.854014714558919086e-01
1.906353500154283342e-01
4.762838681538899555e-01
1.010517120361328125e+00
nan
nan
nan
nan
-1.467655764685736886e-01
2.605531480577256698e-01
-6.033687591552734375e-01
-1.279295947816636858e-01
-1.519525978300306501e-01
-8.560659620496962052e-01
-1.442222489251030915e+00
-1.262262556287977455e+00
-6.233120494418673552e-01
-5.726883146497938615e-01
-4.988847838507758370e-01
-1.293433374828762417e-01
8.004130257500542411e-01
-3.371047178904215680e-01
-1.579888555738661049e+00
7.169827885097928011e-01
2.946144474877251396e-01
1.100102742513020759e+00
-8.292584949069553568e-02
-6.588807635837130583e-01
-6.670489311218261719e-01
-5.881957477993435823e-01
-8.054047160678439177e-01
6.642859511905246928e-02
-6.901418368021646765e-01
1.087294154696994308e+00
-7.419060601128472099e-01
-2.937827375200059432e-01
nan
nan
nan
nan
1.006900436348385358e-02
3.289417160881890068e-01
1.124077240626017299e-01
1.562841402159796667e-02
2.546757857004801617e-01
5.190054045783148995e-01
5.033982064988877791e-01
-3.101574050055609932e-01
-1.897913614908854241e+00
-1.063025368584527008e+00
8.751536740197075892e-02
-7.916728655497232703e-01
-2.838642862108018416e-01
9.276372061835395089e-01
-9.145186344782511856e-02
1.382150517569648018e-01
-4.634747571415371442e-02
-1.665721005863613630e-02
1.107780456542968750e+00
-1.326512336730957031e+00
-1.356293254428439621e+00
3.651422924465603237e-01
-2.245278358459472656e-01
1.035278320312500000e+00
8.729875352647569198e-01
2.377014425065782366e-01
1.137812190585666183e+00
-3.277756373087565289e-01
nan
nan
nan
nan
5.271590550740560266e-01
1.496119075351291183e+00
8.008782598707411271e-01
-6.160057385762532922e-01
8.169302940368652344e-01
-3.411449856228298549e-01
-7.430139515135023021e-02
-2.568090226915147323e-01
7.447926203409830359e-01
2.746894889407687779e-01
-3.267223040262858258e-01
-5.536746316485934710e-02
-3.129380808936225167e-01
-1.865125629636976423e-01
-1.729153394699096680e-01
2.087149487601386300e-01
1.120445330937703404e-01
2.729121843973795758e-01
5.201547410753037948e-01
-8.068490028381347656e-02
-1.961221297581990652e-01
3.767479790581597099e-01
6.216562589009603235e-01
5.312429534064398995e-01
8.779080708821614953e-01
-7.433822419908311385e-01
9.640560381942324397e-03
3.112712701161702289e-01
nan
nan
nan
nan
9.690010547637939453e-02
4.873714447021484375e-01
-1.400575240453084402e-01
-1.732740534676445732e-01
-1.032755957709418304e+00
4.451594352722167969e-01
4.479711850484212055e-01
1.445245107014973884e+00
7.605620490180121651e-01
6.984182463751898995e-01
6.189560360378689730e-01
4.168435997433132534e-01
-3.135944737328423271e-01
-3.127033180660671596e-01
-6.531259218851724890e-01
2.492045031653510323e-01
-1.818130069308810715e+00
-5.207455423143174666e-01
-2.431448135111067069e-02
-5.656640264723036271e-01
-6.956071323818631136e-01
5.335851245456271208e-01
2.931699222988552456e-01
7.760645018683539620e-01
-7.423626714282566263e-02
5.954056315951876677e-01
-7.800567944844564172e-01
-5.611303117540147323e-01
nan
nan
nan
nan
1.817332870430416608e-02
3.123889499240451451e-01
-6.800073517693413505e-01
-1.019341217146979423e-01
-3.339277373419867745e-01
5.711095068189833146e-01
-4.295073615180121651e-01
4.984309408399794084e-01
3.065627680884467354e-01
9.197166230943468190e-02
4.147682984670003070e-01
8.807356092664930802e-01
3.512880537245008927e-01
-5.006284713745117188e-01
1.888873842027452288e-01
-1.703718768225775948e-01
-5.986258718702528459e-01
-5.575130780537923547e-01
-1.351101345486111160e+00
1.074998537699381584e+00
-4.763231277465820312e-01
8.696802457173665735e-01
-8.649188280105590820e-02
-9.439567989773220980e-01
3.332264423370361328e-01
-4.440322187211778182e-01
6.507932345072428015e-01
-8.284479247199164620e-01
nan
nan
nan
nan
-1.428291850619845871e+00
-5.846605698267618584e-02
1.075864262051052567e+00
1.393626954820420982e+00
7.817239231533474886e-01
5.374817848205566406e-01
-1.511314498053656585e+00
-4.305277135637071151e-01
4.282848834991455078e-01
-6.647860209147135047e-01
-6.832318305969238281e-01
-5.205214354727003001e-02
1.960480610529581613e-01
-7.768739064534505578e-01
-1.464831829071044922e-01
5.886448224385579797e-01
-1.112876892089843750e+00
-1.949523422453138533e-01
-2.738015386793348771e-01
7.110497686598036271e-01
7.996687624189588450e-02
-8.452482223510742188e-01
-3.475240866343180524e-01
-7.324897580676609232e-02
2.717574437459309711e-01
4.015514254570007324e-02
1.102788925170898438e+00
-9.256154166327582589e-01
nan
nan
nan
nan
-7.722484403186374857e-02
3.430987199147542133e-01
6.457840071784125557e-01
8.726056416829426621e-02
-1.273567411634657143e+00
-5.667714012993706474e-01
-6.081513298882378349e-01
-1.135482920540703683e-01
-2.259445985158284598e-01
8.194314108954535714e-01
-3.117500080002678919e-02
-1.391036245557996931e-01
4.756682184007432479e-01
9.329131444295247766e-01
5.412844022115071985e-01
-6.178920533921983260e-01
5.724061859978569755e-01
1.275769869486490793e-01
-5.223544438680013391e-01
-8.624186515808105469e-01
-7.762765884399414062e-01
1.464639372295803432e-01
1.058130370246039398e+00
3.645078870985243302e-01
-6.579422950744628906e-02
2.664986186557345982e-01
-7.495524618360731584e-01
9.466408623589409599e-01
nan
nan
nan
nan
-4.138741758134629745e-01
1.802504857381184988e-01
2.579676575130886440e-01
-9.154521094428168526e-01
-6.027555995517306364e-01
5.793623924255371094e-01
8.811952802870008927e-01
5.259994996918572474e-02
-3.030540678236219865e-01
-3.180929554833306083e-01
1.345626195271809822e+00
5.623422728644477120e-01
-1.079284244113498215e+00
3.630584610833061943e-01
-9.587305916680229911e-01
1.768186251322428459e+00
5.831214586893717078e-01
1.123701837327745201e+00
-3.758352067735459823e-01
2.060589657889472237e-01
-2.404509120517306919e-01
-1.254005829493204660e-01
8.316099908616807479e-01
-1.000626458062066071e+00
-7.226507928636338729e-01
1.117337544759114509e+00
-5.012368162473043037e-02
1.910374826855129604e-01
nan
nan
nan
nan
1.359641154607137137e-01
2.733920680152045479e-01
-7.925204700893826448e-01
9.425275590684678573e-01
1.717236704296535854e-01
6.785511440700955355e-01
-2.624680433008405936e-02
-6.560675303141276504e-02
-6.812828381856282922e-01
5.689215660095214844e-01
-5.522952609592013395e-01
-3.006685773531595982e-02
2.378585815429687500e+00
-5.074456532796224328e-01
-3.475841946072048549e-01
-1.883165147569444420e+00
-1.564126147164238700e-01
6.634976069132486609e-01
1.161495102776421540e+00
3.630270693037245255e-01
-4.680545594957139510e-01
-1.096654044257269867e+00
4.138971169789631976e-01
-5.082302093505859375e-01
1.690857277976142159e-01
-1.009405785136752720e-01
4.505417611863877791e-01
-3.271460533142089844e-01
nan
nan
nan
nan
-8.749244610468547012e-02
8.121238814459906807e-01
-3.121242523193359375e-01
4.596068064371744977e-01
-3.224405182732476005e-01
7.136282920837402344e-01
-7.435852951473659322e-02
-4.313923517862955914e-01
-3.011457920074462891e-01
-8.324777285257974890e-01
2.922848330603705636e-01
2.990842660268147601e-01
-1.996625396940443220e-01
1.157479418648613839e-01
-5.164381133185492745e-01
-7.294360796610513953e-01
-7.296936247083876115e-01
6.739414400524562643e-02
1.313501728905571708e-01
9.487679799397786828e-01
1.852076980802747908e-01
1.343852996826171875e+00
-4.326848718855116349e-01
4.958022965325249443e-01
6.804158952501084823e-01
-4.591204325358073102e-01
-5.235483381483290177e-01
-8.836957083808051339e-01
nan
nan
nan
nan
-3.868747022416856307e-01
7.500347991784413366e-03
6.587900585598416292e-01
5.076045989990234375e-01
-9.693217807345919645e-01
5.938170750935872766e-01
9.963640239503648854e-02
-1.118951691521538727e+00
-2.719885773128933315e-01
-1.523760557174682617e-01
2.401265038384331474e-01
3.864172564612494698e-01
-3.174602720472547990e-01
-4.829577869839138393e-01
2.367055681016710100e-01
-1.363308588663737053e+00
3.896700806087917690e-01
1.332010481092664955e+00
-1.274739477369520424e+00
-5.394748581780327568e-01
-1.797382990519205803e+00
-9.433192147148979911e-01
3.729415602154202009e-02
-1.008757167392306808e+00
-2.983278698391384487e-01
8.525088760587903880e-02
1.446762614780002121e+00
-1.646056042777167550e-01
nan
nan
nan
nan
2.110556761423746652e-01
-2.721360259585910435e-01
-5.612197187211778737e-02
6.309949027167426339e-01
5.643922752804226423e-02
1.431324746873643625e-02
5.910432603624131698e-01
1.077788604630364327e-01
-4.423562950558132534e-01
-8.412222332424588167e-01
-1.606413390901353655e-01
3.533992237514919643e-01
-8.382587962680392302e-01
1.443173885345458984e-01
1.337394184536404129e+00
-4.964379204644097099e-01
2.711748547024196987e-01
1.198308087057537580e-02
-1.246499750349256697e-01
-6.719911893208821985e-01
1.074765205383300781e+00
2.329953511555989676e-01
1.061813433965047154e-01
-8.491353856192694616e-02
-6.500787734985351562e-01
8.015123473273383370e-01
-7.155160903930664062e-01
4.367900689442952289e-01
nan
nan
nan
nan
-3.359661632113986607e-01
3.922291331821017857e-01
-4.363501071929931641e-01
9.352497259775797989e-02
-4.078051779005262834e-01
-1.166540119383070173e-01
-1.473428010940551758e-01
-1.084796693589952232e+00
-5.087808503044976005e-01
-6.824950642055935823e-01
7.769789165920681917e-01
4.120645787980821151e-01
8.091668023003472099e-01
-4.673997031317816964e-01
-2.751985126071506138e-01
9.704585605197482145e-01
-4.871740871005588169e-01
9.483399656083849050e-02
4.485317336188422432e-01
4.454142782423231584e-01
5.360546112060546875e-01
-1.066953553093804352e+00
-5.996099048190646208e-01
-6.407106717427571985e-01
-1.786413987477620535e-01
9.835729598999023438e-01
-8.933422300550672990e-01
9.907254113091362724e-01
nan
nan
nan
nan
-4.166143205430772323e-01
-1.581040382385253906e+00
3.812696867518954730e-02
-1.092075241936577790e+00
1.455625957912868973e+00
8.234441545274522323e-01
-1.116733233133951897e+00
-2.238686349656846819e-01
-1.181473864449395089e-01
-1.118613455030653236e+00
-1.615853309631347656e+00
6.790319018893771208e-01
1.779647403293185826e-01
-1.267096334033542271e-01
4.549854596455891742e-01
-7.383257548014322547e-01
1.352273093329535492e+00
4.811809857686360492e-01
2.433672381771935511e-02
-8.764541811413234518e-02
-1.924069192674424944e-01
9.649069044325087052e-01
-1.508808665805392857e-01
3.849938710530598773e-01
-2.990457746717665177e-01
1.173330201043023102e+00
-3.951446480221218471e-01
9.491913053724501115e-01
nan
nan
nan
nan
2.479027377234564733e-02
-3.927726480695936662e-01
-2.413698832194010324e-01
-5.665919515821669084e-01
1.103118310372034651e-02
nan
7.396256658766005021e-01
-6.699470414055718193e-01
-1.092704269621107283e-01
-3.358598815070258370e-01
7.527380519443087614e-01
3.286668989393446427e-01
1.037327236599392410e+00
2.753065427144368305e-01
-3.424178891711764788e-02
1.261728498670789955e+00
-2.772110568152533761e-01
-8.341703414916992188e-01
6.225926611158583146e-01
-5.298487345377603797e-01
1.568973064422607422e-02
4.829729398091633930e-01
-7.789448731475406319e-03
1.054743978712293861e+00
1.778898239135742188e-01
1.787436008453369141e-01
3.111354774898952846e-01
-1.041895399490992170e-02
nan
nan
