nan
nan
1.056063532829284668e+00
-8.171515464782714844e-01
-3.896027505397796631e-01
-1.302309185266494751e-01
-1.649997115135192871e+00
-2.412030398845672607e-01
9.634769558906555176e-01
1.444145739078521729e-01
4.499936103820800781e-02
4.064499735832214355e-01
-1.347255706787109375e+00
-5.912246704101562500e-01
-9.805946946144104004e-01
-4.442604780197143555e-01
8.744145035743713379e-01
-9.951116889715194702e-02
-3.627249896526336670e-01
-1.005379557609558105e+00
9.435451626777648926e-01
-2.661387920379638672e+00
5.570606589317321777e-01
-3.234489262104034424e-01
8.283098787069320679e-02
-2.570078074932098389e-01
3.133705258369445801e-02
1.174393415451049805e+00
3.541357815265655518e-02
8.932909965515136719e-01
nan
nan
nan
nan
2.012322843074798584e-01
1.421605825424194336e+00
4.077409505844116211e-01
5.539788007736206055e-01
6.755626201629638672e-02
-2.340647876262664795e-01
-2.544325292110443115e-01
9.639868885278701782e-02
-9.544775635004043579e-02
-4.751752018928527832e-01
-1.174763917922973633e+00
-9.628096222877502441e-01
-8.461633324623107910e-01
1.969656199216842651e-01
-1.171393632888793945e+00
1.488826632499694824e+00
1.567550897598266602e-01
6.930123269557952881e-02
2.578464569523930550e-03
-1.721266508102416992e-01
-1.179781556129455566e+00
2.160890959203243256e-02
-6.419921517372131348e-01
-7.672198861837387085e-02
3.708339631557464600e-01
-8.951559662818908691e-01
-7.962923645973205566e-01
4.434411227703094482e-02
nan
nan
nan
nan
7.802064716815948486e-02
5.731241106986999512e-01
2.659716606140136719e-01
-1.355499982833862305e+00
-5.535478144884109497e-02
2.521052360534667969e-01
-9.620406031608581543e-01
5.075159072875976562e-01
8.597311973571777344e-01
-1.462004661560058594e+00
-8.489212989807128906e-01
-3.276471495628356934e-01
1.196408629417419434e+00
-2.166420668363571167e-01
1.031349301338195801e+00
9.146925806999206543e-02
1.079054698348045349e-01
-5.832599997520446777e-01
1.758958399295806885e-01
3.870727121829986572e-01
-9.269309639930725098e-01
1.138243317604064941e+00
-3.732250630855560303e-01
3.247395455837249756e-01
7.577290385961532593e-02
5.047958493232727051e-01
-6.535800695419311523e-01
-4.202552884817123413e-02
nan
nan
nan
nan
1.793743491172790527e+00
1.758395075798034668e+00
7.391520738601684570e-01
-3.346768021583557129e-01
-9.158311486244201660e-01
9.153504967689514160e-01
-3.902162909507751465e-01
-6.923765689134597778e-02
-8.307761549949645996e-01
9.754840135574340820e-01
-6.528205275535583496e-01
-3.706345260143280029e-01
-5.954296141862869263e-02
-2.099258899688720703e-01
-7.183374762535095215e-01
9.724947810173034668e-01
9.971594214439392090e-01
1.801458746194839478e-01
2.750825881958007812e-01
-1.381249308586120605e+00
-1.120211601257324219e+00
-2.673732936382293701e-01
5.004281401634216309e-01
5.709148943424224854e-02
-8.798348903656005859e-01
-1.918563097715377808e-01
-1.404138207435607910e+00
-6.552727818489074707e-01
nan
nan
nan
nan
-5.619578957557678223e-01
-2.698895931243896484e-01
1.891361325979232788e-01
2.364465445280075073e-01
2.217658795416355133e-02
-2.392834901809692383e+00
2.021748781204223633e+00
-2.385713309049606323e-01
5.494381785392761230e-01
1.634687066078186035e+00
-7.111821770668029785e-01
-1.806015521287918091e-01
6.121029257774353027e-01
2.467903792858123779e-01
-9.013898372650146484e-01
6.023532748222351074e-01
3.083502650260925293e-01
1.783741712570190430e-01
2.918144762516021729e-01
9.025172144174575806e-02
2.522551417350769043e-01
-9.759176969528198242e-01
1.432048827409744263e-01
-7.878361940383911133e-01
2.082806825637817383e+00
-5.315145254135131836e-01
1.899242281913757324e+00
-7.061696052551269531e-01
nan
nan
nan
nan
-1.539058685302734375e+00
-4.789165854454040527e-01
1.050268292427062988e+00
-6.340870261192321777e-01
1.546117067337036133e+00
-1.598425626754760742e+00
-1.452490687370300293e+00
2.307284176349639893e-01
-2.224760204553604126e-01
1.361495256423950195e+00
2.342449501156806946e-02
-8.861839175224304199e-01
1.206129342317581177e-01
-1.149757266044616699e+00
-8.387658596038818359e-01
-6.916217803955078125e-01
1.327770501375198364e-01
1.293368220329284668e+00
3.152044713497161865e-01
-6.022552847862243652e-01
7.785548567771911621e-01
-3.433446586132049561e-01
-5.265534520149230957e-01
-4.356707334518432617e-01
-2.994272112846374512e-01
-4.383863210678100586e-01
1.306992918252944946e-01
2.965673804283142090e-01
nan
nan
nan
nan
1.191280126571655273e+00
-1.602726280689239502e-01
2.550363913178443909e-02
4.161369502544403076e-01
-6.921810507774353027e-01
-7.133341580629348755e-02
-2.577016949653625488e-01
-6.377655863761901855e-01
9.779056310653686523e-01
5.348263382911682129e-01
1.655613332986831665e-01
-1.595465540885925293e+00
1.453570246696472168e+00
9.192669391632080078e-02
1.641635179519653320e+00
-2.138732820749282837e-01
-8.760063648223876953e-01
3.617006912827491760e-02
5.980827212333679199e-01
-1.302446052432060242e-02
-2.172580659389495850e-01
-5.662384033203125000e-01
-1.014283061027526855e+00
1.081915855407714844e+00
5.473721623420715332e-01
-6.835467219352722168e-01
1.078102111816406250e+00
-1.955372840166091919e-01
nan
nan
nan
nan
-6.388289928436279297e-01
-3.826322257518768311e-01
5.009554624557495117e-01
1.233232498168945312e+00
2.908943295478820801e-01
5.032181739807128906e-01
2.865549325942993164e-01
5.329599380493164062e-01
-7.282914519309997559e-01
7.925748825073242188e-01
-4.208267927169799805e-01
-9.081954509019851685e-02
-1.527560710906982422e+00
-1.045137941837310791e-01
-5.636917948722839355e-01
9.370654821395874023e-01
-8.710659146308898926e-01
2.702638506889343262e-01
-1.448612332344055176e+00
-6.865735352039337158e-02
-1.023660063743591309e+00
7.005916237831115723e-01
-1.178933262825012207e+00
5.980283617973327637e-01
4.783553481101989746e-01
5.604691803455352783e-02
-7.402174472808837891e-01
6.067605018615722656e-01
nan
nan
nan
nan
-1.543711125850677490e-01
2.693565785884857178e-01
-8.051391839981079102e-01
4.272114336490631104e-01
4.344279170036315918e-01
-3.537668287754058838e-01
5.497078970074653625e-02
-1.124322295188903809e+00
6.018971800804138184e-01
-5.499603748321533203e-01
-2.725523430854082108e-03
-1.330537557601928711e+00
-3.676528334617614746e-01
1.219965100288391113e+00
5.435482263565063477e-01
1.114392280578613281e+00
-3.469573259353637695e-01
6.228173971176147461e-01
1.776359200477600098e+00
2.792217582464218140e-02
9.062246233224868774e-02
-8.812119364738464355e-01
1.535487532615661621e+00
-1.847635805606842041e-01
1.331979036331176758e+00
-2.658273875713348389e-01
6.103031039237976074e-01
9.110689759254455566e-01
nan
nan
nan
nan
-6.356098651885986328e-01
1.527807831764221191e+00
-1.524790306575596333e-03
1.585215449333190918e+00
-2.813518643379211426e-01
4.327516853809356689e-01
3.794417083263397217e-01
-7.516621947288513184e-01
-1.129465937614440918e+00
6.855662465095520020e-01
-1.344940900802612305e+00
1.089594066143035889e-01
1.249244332313537598e+00
-1.046525359153747559e+00
2.437739968299865723e-01
6.099358797073364258e-01
-8.146845102310180664e-01
1.196300387382507324e-01
8.585286736488342285e-01
-1.763098716735839844e+00
-3.185046017169952393e-01
1.889078736305236816e+00
-1.714788526296615601e-01
-3.383920490741729736e-01
1.214421153068542480e+00
3.088410496711730957e-01
9.023637324571609497e-02
9.143120646476745605e-01
nan
nan
nan
nan
-2.197101116180419922e-01
-7.080664038658142090e-01
-4.187080636620521545e-02
-3.782190382480621338e-01
-4.390566945075988770e-01
-1.341771245002746582e+00
-9.075830578804016113e-01
1.057216644287109375e+00
4.223187565803527832e-01
-1.045108556747436523e+00
1.095260024070739746e+00
3.325861096382141113e-01
7.447940111160278320e-01
-4.834427535533905029e-01
-7.163854241371154785e-01
1.085279509425163269e-01
-1.240907549858093262e+00
2.424552887678146362e-01
-7.766610383987426758e-01
-1.241548180580139160e+00
1.337805151939392090e+00
2.338371872901916504e-01
-2.428217530250549316e-01
1.196533203125000000e+00
-1.137578934431076050e-01
1.040399193763732910e+00
1.116235852241516113e+00
-2.347983121871948242e-01
nan
nan
nan
nan
4.461950659751892090e-01
7.444075890816748142e-04
-8.483241498470306396e-02
-1.868157535791397095e-01
-2.402589619159698486e-01
-6.568274497985839844e-01
8.032847046852111816e-01
-1.920323848724365234e+00
1.184888556599617004e-01
1.681536883115768433e-01
-5.757988896220922470e-03
6.896927356719970703e-01
3.002936244010925293e-01
8.086324483156204224e-02
2.704922854900360107e-01
-2.920125424861907959e-01
-4.517105519771575928e-01
1.294758319854736328e-01
-4.233348965644836426e-01
-1.666709780693054199e+00
2.295452654361724854e-01
-5.942149758338928223e-01
9.445021152496337891e-01
-1.148082390427589417e-01
-2.101042121648788452e-01
1.061836481094360352e-01
-8.388587832450866699e-01
1.191525340080261230e+00
nan
nan
nan
nan
9.274289011955261230e-01
5.929896831512451172e-01
-7.327644824981689453e-01
-1.015370488166809082e+00
-5.182191133499145508e-01
-5.929732918739318848e-01
4.447307586669921875e-01
-7.691568136215209961e-01
2.235734164714813232e-01
-5.783814191818237305e-01
-1.569554805755615234e+00
-2.337452471256256104e-01
2.685410678386688232e-01
2.119176536798477173e-01
6.289770007133483887e-01
-1.135004758834838867e+00
-2.091249823570251465e-01
1.140302717685699463e-01
9.438573122024536133e-01
4.505738914012908936e-01
-7.657177746295928955e-02
-8.710397779941558838e-02
6.073496118187904358e-02
8.876408934593200684e-01
3.932017832994461060e-02
5.012951493263244629e-01
5.876845717430114746e-01
-6.661505699157714844e-01
nan
nan
nan
nan
1.236714243888854980e+00
-1.184636473655700684e+00
-1.042937397956848145e+00
8.204666376113891602e-01
-1.082232236862182617e+00
-3.497401475906372070e-01
3.902577757835388184e-01
-2.560757994651794434e-01
-4.721247851848602295e-01
2.144468784332275391e+00
-1.186671018600463867e+00
-6.400199532508850098e-01
1.120938658714294434e+00
-1.922302246093750000e-01
-5.943650007247924805e-01
6.874071359634399414e-01
1.434242248535156250e+00
-3.747415840625762939e-01
2.990647852420806885e-01
2.243524044752120972e-01
-4.544435441493988037e-01
-5.907123088836669922e-01
1.122657537460327148e+00
5.911784619092941284e-02
-1.984860181808471680e+00
2.617879807949066162e-01
5.216762423515319824e-01
-9.026405811309814453e-01
nan
nan
nan
nan
5.274303555488586426e-01
3.404075279831886292e-02
3.581314384937286377e-01
-8.619896769523620605e-01
-5.939456224441528320e-01
-6.211932897567749023e-01
-9.554147720336914062e-01
4.798779487609863281e-01
-1.620810389518737793e+00
2.028713822364807129e-01
1.777100712060928345e-01
-6.385431289672851562e-01
9.349143505096435547e-01
8.191213607788085938e-01
-1.833576798439025879e+00
-5.748572945594787598e-01
1.517559438943862915e-01
3.569486737251281738e-01
8.855769038200378418e-02
4.063127338886260986e-01
6.536186486482620239e-02
4.185170680284500122e-02
-9.910623431205749512e-01
-2.933945059776306152e-01
1.518316149711608887e+00
-2.090366333723068237e-01
-1.044780388474464417e-01
-4.577086567878723145e-01
nan
nan
nan
nan
3.548589050769805908e-01
1.174257874488830566e+00
-8.853147029876708984e-01
1.697473287582397461e+00
-4.867854416370391846e-01
-1.269761025905609131e-01
7.425924539566040039e-01
2.075811028480529785e-01
-5.917007923126220703e-01
8.460081815719604492e-01
-1.153926014900207520e+00
8.315968513488769531e-01
-2.104641348123550415e-01
-3.270151913166046143e-01
-1.131387710571289062e+00
-2.810427546501159668e-01
3.982305526733398438e-01
5.907027125358581543e-01
4.832111895084381104e-01
9.190122038125991821e-02
-6.000975370407104492e-01
1.129796743392944336e+00
4.858907777816057205e-03
-6.342450529336929321e-02
2.658952772617340088e-01
-3.429044187068939209e-01
1.058397889137268066e+00
6.457537412643432617e-02
nan
nan
nan
nan
3.671820461750030518e-01
-7.393923401832580566e-01
2.407744973897933960e-01
-2.576470077037811279e-01
5.138510465621948242e-01
7.184050232172012329e-02
-3.344841003417968750e-01
1.041597723960876465e+00
-7.153598070144653320e-01
2.494010627269744873e-01
1.527860760688781738e-02
-1.290024638175964355e+00
-9.288846254348754883e-01
3.748930990695953369e-01
-4.086999893188476562e-01
-3.051415383815765381e-01
-1.247105896472930908e-01
4.244124144315719604e-02
-1.117206931114196777e+00
-3.075955212116241455e-01
-6.010876297950744629e-01
5.218428373336791992e-01
6.662624478340148926e-01
-7.848286032676696777e-01
3.669795393943786621e-01
1.251511126756668091e-01
-6.517159938812255859e-01
-1.166592165827751160e-02
nan
nan
nan
nan
4.113298058509826660e-01
5.528146624565124512e-01
3.320927172899246216e-02
-1.023759841918945312e+00
-5.598118901252746582e-01
-6.403501629829406738e-01
5.108909010887145996e-01
-1.405656576156616211e+00
-6.613840460777282715e-01
4.672774076461791992e-01
-9.346234798431396484e-02
9.469970315694808960e-02
6.421154141426086426e-01
4.200325608253479004e-01
-7.022778391838073730e-01
-9.512720108032226562e-01
1.382720232009887695e+00
-2.953151166439056396e-01
2.040225714445114136e-01
-7.285716384649276733e-02
-1.484286308288574219e+00
8.087004423141479492e-01
6.410384774208068848e-01
6.312536597251892090e-01
-3.951457440853118896e-01
-8.024471402168273926e-01
-7.187501788139343262e-01
1.246451497077941895e+00
nan
nan
nan
nan
-1.220466732978820801e+00
-1.655932307243347168e+00
5.256281420588493347e-02
2.734191715717315674e-01
-4.780590832233428955e-01
-1.368031024932861328e+00
7.688466310501098633e-01
3.909801840782165527e-01
4.152640998363494873e-01
-1.178568840026855469e+00
-1.894323110580444336e+00
-1.230013072490692139e-01
-6.161953806877136230e-01
-1.657274842262268066e+00
-4.772466123104095459e-01
8.875530958175659180e-02
1.792404174804687500e+00
1.318953752517700195e+00
4.707641601562500000e-01
-3.283445537090301514e-01
-5.177378058433532715e-01
-1.100937724113464355e+00
4.773909449577331543e-01
9.998331069946289062e-01
5.351349115371704102e-01
7.010245919227600098e-01
-8.893629312515258789e-01
3.926666826009750366e-02
nan
nan
nan
nan
-7.171164751052856445e-01
-5.910329222679138184e-01
3.736336231231689453e-01
-1.409745514392852783e-01
-1.462189078330993652e+00
-1.603214859962463379e+00
-8.863401412963867188e-01
1.701158285140991211e+00
-8.624697923660278320e-01
2.311754412949085236e-02
3.614881634712219238e-01
4.908811151981353760e-01
-3.507840037345886230e-01
-1.417498588562011719e+00
3.092746622860431671e-02
-6.821324825286865234e-01
-8.856471627950668335e-02
-1.762850284576416016e+00
5.024367570877075195e-01
-1.428568601608276367e+00
-6.788662075996398926e-01
7.151214033365249634e-02
1.270422935485839844e+00
-9.059166312217712402e-01
3.172532916069030762e-01
-5.371198654174804688e-01
2.295111566781997681e-01
4.052350521087646484e-01
nan
nan
nan
nan
8.075490593910217285e-01
-8.524745702743530273e-01
nan
-5.883414149284362793e-01
-1.093699336051940918e+00
5.258234739303588867e-01
6.485943794250488281e-01
1.794670894742012024e-02
-5.472690239548683167e-02
1.066126346588134766e+00
3.117265105247497559e-01
-2.449877187609672546e-02
1.497351646423339844e+00
2.686865329742431641e-01
-1.163765549659729004e+00
-5.213707685470581055e-01
-4.030070006847381592e-01
3.493314683437347412e-01
2.693553268909454346e-01
-1.584757447242736816e+00
7.047011852264404297e-01
1.332267820835113525e-01
1.806385874748229980e+00
-2.947213947772979736e-01
-7.749480605125427246e-01
5.579146146774291992e-01
1.962774038314819336e+00
-5.346163511276245117e-01
nan
nan
nan
nan
-3.683902323246002197e-01
1.639503836631774902e-01
5.008390545845031738e-01
7.581001520156860352e-01
9.739080071449279785e-01
9.366008639335632324e-02
6.991812586784362793e-01
-1.711144328117370605e+00
-4.119113087654113770e-01
-1.397714167833328247e-01
-2.789034843444824219e-01
4.478649199008941650e-01
4.731081426143646240e-01
1.306426078081130981e-01
6.764079332351684570e-01
6.560572981834411621e-01
-2.605023384094238281e-01
-1.456003665924072266e+00
6.817035079002380371e-01
-8.566983789205551147e-02
8.096762895584106445e-01
-1.306254386901855469e+00
4.881714284420013428e-01
-1.522689342498779297e+00
-1.265136003494262695e-01
-1.381839513778686523e+00
-3.522109389305114746e-01
9.384024888277053833e-02
nan
nan
nan
nan
-6.493916362524032593e-02
7.380140423774719238e-01
3.661071360111236572e-01
1.157003164291381836e+00
1.542333662509918213e-01
9.831681847572326660e-01
-3.418271243572235107e-01
2.847930192947387695e-01
-6.770901083946228027e-01
-1.275965929031372070e+00
-1.885226517915725708e-01
-9.235936403274536133e-01
9.835237264633178711e-01
-9.683740139007568359e-01
8.324010968208312988e-01
8.148036003112792969e-01
-2.922177910804748535e-01
2.850340604782104492e-01
-1.518752276897430420e-01
-8.551757037639617920e-02
2.171492576599121094e-01
-4.131690859794616699e-01
-1.861927747726440430e+00
-6.190903782844543457e-01
1.078407406806945801e+00
2.377649247646331787e-01
2.138704657554626465e-01
7.974465191364288330e-02
nan
nan
nan
nan
1.937712073326110840e+00
1.053329706192016602e+00
-2.783095538616180420e-01
-9.908106327056884766e-01
-2.896328866481781006e-01
nan
-5.270107984542846680e-01
1.402517318725585938e+00
5.844228863716125488e-01
-1.307067871093750000e+00
-1.169091463088989258e+00
4.336897134780883789e-01
-1.396799206733703613e+00
1.201825857162475586e+00
5.623117089271545410e-01
8.625087738037109375e-01
8.698020577430725098e-01
-6.586884856224060059e-01
-4.593642652034759521e-01
-1.221520543098449707e+00
4.850817322731018066e-01
8.239663243293762207e-01
-7.422454357147216797e-01
1.764745451509952545e-02
2.604427039623260498e-01
-6.783190965652465820e-01
5.209837555885314941e-01
-5.098043084144592285e-01
nan
nan
