nan
nan
-2.211150079965591431e-01
6.481195092201232910e-01
1.876520179212093353e-02
5.698478817939758301e-01
1.557327508926391602e+00
-5.636682510375976562e-01
7.305823564529418945e-01
2.992075085639953613e-01
-5.925775766372680664e-01
3.379751741886138916e-01
9.601464867591857910e-01
9.143832325935363770e-01
-1.866360306739807129e-01
2.687386572360992432e-01
-9.411093592643737793e-01
2.125841826200485229e-01
1.282116293907165527e+00
-9.107671678066253662e-02
1.038302063941955566e+00
-2.022945284843444824e-01
-7.434379458427429199e-01
-8.101744204759597778e-02
8.352959752082824707e-01
-1.932599693536758423e-01
5.081218481063842773e-01
9.080939888954162598e-01
-1.149780511856079102e+00
8.348234295845031738e-01
nan
nan
nan
nan
-7.484047412872314453e-01
-3.198381513357162476e-02
1.030647873878479004e+00
3.975059092044830322e-01
1.171500086784362793e+00
-4.751424491405487061e-01
4.952846765518188477e-01
5.731050372123718262e-01
-9.832968115806579590e-01
-2.687377631664276123e-01
-1.174721479415893555e+00
-4.134391546249389648e-01
2.058513015508651733e-01
7.580579519271850586e-01
-4.144092649221420288e-02
1.106814980506896973e+00
-1.345864590257406235e-02
7.624325752258300781e-01
2.078351080417633057e-01
6.783187985420227051e-01
-4.835839942097663879e-02
-1.180758476257324219e+00
1.509413957595825195e+00
-7.071954011917114258e-01
-1.005126237869262695e+00
-1.657725811004638672e+00
8.569794893264770508e-01
-3.936236798763275146e-01
nan
nan
nan
nan
3.462784588336944580e-01
6.726362109184265137e-01
2.992177307605743408e-01
4.929622262716293335e-02
-7.172650843858718872e-02
-4.211740791797637939e-01
-5.992486327886581421e-02
-5.790631845593452454e-02
2.347692400217056274e-01
1.101494193077087402e+00
7.710024714469909668e-01
-1.165796518325805664e-01
-9.256117939949035645e-01
1.052781119942665100e-01
1.334177374839782715e+00
1.020702838897705078e+00
1.116630248725414276e-02
2.470437735319137573e-01
-9.200257249176502228e-03
1.945487260818481445e-01
-1.994796633720397949e+00
7.953545451164245605e-01
-1.636327505111694336e+00
-4.252937436103820801e-01
7.337954360991716385e-03
6.895692646503448486e-02
-3.810293376445770264e-01
-2.071825981140136719e+00
nan
nan
nan
nan
2.176859527826309204e-01
5.315282568335533142e-02
2.814726233482360840e-01
9.765237569808959961e-02
-2.088567987084388733e-02
1.958031415939331055e+00
-5.962179899215698242e-01
-6.222739219665527344e-01
7.886344194412231445e-02
2.681900560855865479e-01
6.595255732536315918e-01
-1.277690291404724121e+00
9.836673736572265625e-01
-1.372433900833129883e+00
-5.750171542167663574e-01
1.503162026405334473e+00
2.271179705858230591e-01
1.341617584228515625e+00
-3.880545198917388916e-01
-5.994296073913574219e-01
7.971064448356628418e-01
-1.712766528129577637e+00
-7.796376943588256836e-01
-9.081183075904846191e-01
-3.286173045635223389e-01
1.526126265525817871e+00
5.218200683593750000e-01
7.688519358634948730e-02
nan
nan
nan
nan
4.938889145851135254e-01
-4.977705478668212891e-01
-3.684509098529815674e-01
-4.462229609489440918e-01
6.173588633537292480e-01
8.118512630462646484e-01
-8.818307518959045410e-01
5.741893649101257324e-01
-1.596347391605377197e-01
-7.252008318901062012e-01
5.717957019805908203e-02
-4.637705981731414795e-01
-1.002110600471496582e+00
7.400816679000854492e-01
1.028918504714965820e+00
7.346497178077697754e-01
-8.251546025276184082e-01
-3.700342774391174316e-01
4.710166454315185547e-01
2.926510870456695557e-01
1.535598754882812500e+00
7.767813205718994141e-01
6.323489546775817871e-01
-1.472791880369186401e-01
5.625200867652893066e-01
2.724945545196533203e-01
1.531182408332824707e+00
5.599964261054992676e-01
nan
nan
nan
nan
-1.660758256912231445e+00
-9.396763443946838379e-01
2.137591123580932617e+00
1.916988253593444824e+00
2.093345642089843750e+00
1.738080382347106934e+00
8.064488768577575684e-01
7.363616228103637695e-01
3.443391621112823486e-01
-7.829031348228454590e-01
-7.731381654739379883e-01
-4.608080685138702393e-01
-2.102283537387847900e-01
3.913290798664093018e-01
2.551321983337402344e-01
-4.305638968944549561e-01
5.601302981376647949e-01
5.564722418785095215e-01
-4.353628754615783691e-01
-6.552325487136840820e-01
-4.840207695960998535e-01
2.358708381652832031e-01
-8.647862672805786133e-01
5.262534618377685547e-01
4.852901399135589600e-01
-1.050320029258728027e+00
8.218500614166259766e-01
-5.518824458122253418e-01
nan
nan
nan
nan
6.331937853246927261e-03
-1.571087479591369629e+00
3.953398466110229492e-01
-1.182795286178588867e+00
-3.074285387992858887e-01
1.637011766433715820e-01
-5.150843858718872070e-01
3.104614019393920898e-01
-7.861028313636779785e-01
1.498027145862579346e-01
-3.943226486444473267e-02
-4.697857797145843506e-01
-1.041462779045104980e+00
7.286008000373840332e-01
-2.207670062780380249e-01
3.629529476165771484e-01
-5.217362642288208008e-01
8.891422152519226074e-01
-2.339828163385391235e-01
1.006279706954956055e+00
6.401425600051879883e-01
1.096135735511779785e+00
-7.018935680389404297e-01
-7.969602346420288086e-01
5.565871670842170715e-02
-1.121863484382629395e+00
-4.720084369182586670e-01
1.425912976264953613e-01
nan
nan
nan
nan
1.467694342136383057e-01
8.816116303205490112e-02
1.989175081253051758e-01
1.975596100091934204e-01
-7.856789231300354004e-01
-3.408653736114501953e-01
-3.270877599716186523e-01
-7.968601584434509277e-01
-2.313268631696701050e-01
4.659915566444396973e-01
-1.271311402320861816e+00
-1.420252770185470581e-01
-7.430248260498046875e-01
8.234744668006896973e-01
-7.308840155601501465e-01
-8.822780847549438477e-01
-1.076441287994384766e+00
1.649118185043334961e+00
-2.387760877609252930e-01
-4.148181155323982239e-02
-9.159504771232604980e-01
-1.290477156639099121e+00
4.946122467517852783e-01
5.011044740676879883e-01
-1.395849585533142090e-01
-2.315032333135604858e-01
-9.033876061439514160e-01
-1.977289468050003052e-01
nan
nan
nan
nan
3.875476717948913574e-01
2.960163354873657227e-01
8.723762035369873047e-01
1.073802471160888672e+00
-1.020098090171813965e+00
-1.724288582801818848e+00
7.594307661056518555e-01
6.037155985832214355e-01
3.579520806670188904e-02
9.165057539939880371e-01
-2.487272620201110840e-01
-2.222376018762588501e-01
-3.158755898475646973e-01
-1.164469003677368164e+00
-1.244752109050750732e-01
-5.693749785423278809e-01
1.662213802337646484e-01
-3.113205134868621826e-01
5.162647366523742676e-01
-4.394962489604949951e-01
1.927066594362258911e-01
8.097364008426666260e-02
-2.188245654106140137e-01
-2.015422880649566650e-01
-9.432660341262817383e-01
7.852488756179809570e-01
6.851391196250915527e-01
1.211965680122375488e+00
nan
nan
nan
nan
-9.661896228790283203e-01
2.635794878005981445e-01
-1.951416879892349243e-01
9.394795447587966919e-02
1.059056043624877930e+00
1.270698428153991699e+00
7.925689220428466797e-01
-1.186810135841369629e+00
9.664834737777709961e-01
1.444596409797668457e+00
-2.601485550403594971e-01
2.593725025653839111e-01
1.433566212654113770e+00
-1.164215087890625000e+00
1.506960034370422363e+00
6.615459322929382324e-01
-1.343024671077728271e-01
8.211411535739898682e-02
3.937734365463256836e-01
5.451425909996032715e-01
8.945595622062683105e-01
-1.312356948852539062e+00
2.420878410339355469e-01
-1.051540374755859375e+00
-7.634752392768859863e-01
-4.335109293460845947e-01
-3.419788777828216553e-01
-9.615146517753601074e-01
nan
nan
nan
nan
5.193206667900085449e-01
-8.828793764114379883e-01
-3.916763067245483398e-01
3.919405639171600342e-01
-4.179113507270812988e-01
3.600691258907318115e-01
-8.860600590705871582e-01
-9.965659976005554199e-01
-1.600847125053405762e+00
4.853543341159820557e-01
5.931165441870689392e-02
-7.623746991157531738e-01
1.077241659164428711e+00
6.443855762481689453e-01
6.751040816307067871e-01
-1.531764417886734009e-01
-1.873066425323486328e+00
6.568538546562194824e-01
-2.723842263221740723e-01
-8.285655975341796875e-01
2.286015450954437256e-01
7.314007282257080078e-01
-4.868253767490386963e-01
2.603792548179626465e-01
-4.482366144657135010e-01
-1.111055389046669006e-01
-2.105108737945556641e+00
-2.253111004829406738e-01
nan
nan
nan
nan
-7.743635177612304688e-01
-1.104670464992523193e-01
-8.512217402458190918e-01
-3.282410800457000732e-01
-1.010149002075195312e+00
-4.573735594749450684e-01
1.065638303756713867e+00
6.018078923225402832e-01
5.342615842819213867e-01
1.026409268379211426e+00
4.317886829376220703e-01
1.362098604440689087e-01
-7.704992890357971191e-01
1.123467445373535156e+00
1.591552376747131348e+00
-4.575212299823760986e-01
8.450146317481994629e-01
5.527442693710327148e-01
-9.794874489307403564e-02
-6.407276391983032227e-01
1.353102624416351318e-01
1.117709465324878693e-02
8.861751556396484375e-01
-8.388226032257080078e-01
1.699359863996505737e-01
8.824856877326965332e-01
1.729475557804107666e-01
2.930353581905364990e-01
nan
nan
nan
nan
-4.260426461696624756e-01
1.625912427902221680e+00
-1.353729367256164551e-01
3.205575346946716309e-01
-5.471757650375366211e-01
8.434027433395385742e-01
4.733085930347442627e-01
-3.021005690097808838e-01
3.679182231426239014e-01
6.598203182220458984e-01
6.989847421646118164e-01
-7.293974608182907104e-02
4.758150279521942139e-01
5.265328884124755859e-01
-1.210841417312622070e+00
-1.296632364392280579e-02
-9.168726950883865356e-02
-7.561039924621582031e-02
-7.482953369617462158e-02
5.013756752014160156e-01
-4.475993104279041290e-03
9.316694736480712891e-01
6.200215220451354980e-02
-1.314865589141845703e+00
6.226900815963745117e-01
6.955277323722839355e-01
5.693424493074417114e-02
1.243657991290092468e-01
nan
nan
nan
nan
8.940994739532470703e-01
-3.415969312191009521e-01
-4.315725266933441162e-01
-1.330410480499267578e+00
-3.258696496486663818e-01
-3.542016446590423584e-01
-9.755784273147583008e-02
-7.059948444366455078e-01
-1.704035103321075439e-01
6.119470000267028809e-01
2.513790726661682129e-01
6.265206933021545410e-01
3.938994705677032471e-01
5.045190453529357910e-01
2.326746135950088501e-01
-9.710034132003784180e-01
-4.570323228836059570e-02
-1.135101318359375000e+00
4.774220287799835205e-01
-8.899185657501220703e-01
3.939402997493743896e-01
-3.484924435615539551e-01
-1.086286664009094238e+00
7.071496248245239258e-01
6.196510791778564453e-01
1.189379990100860596e-01
-4.626484215259552002e-02
2.089594602584838867e-01
nan
nan
nan
nan
2.977255880832672119e-01
-7.162829637527465820e-01
-7.555026412010192871e-01
-1.142178773880004883e+00
-7.033197283744812012e-01
1.398427605628967285e+00
-2.170414291322231293e-02
2.198328733444213867e+00
4.958984255790710449e-01
-8.277267813682556152e-01
-3.071500658988952637e-01
4.763328731060028076e-01
4.171128571033477783e-01
-1.042296409606933594e+00
7.783982753753662109e-01
-1.291572749614715576e-01
7.137372493743896484e-01
4.307748973369598389e-01
1.809765547513961792e-01
-1.043608069419860840e+00
-1.635259538888931274e-01
-1.351526856422424316e+00
-3.764706477522850037e-02
-6.938645839691162109e-01
7.764256000518798828e-01
4.601780176162719727e-01
-1.130626440048217773e+00
-1.274960935115814209e-01
nan
nan
nan
nan
1.300488591194152832e+00
-3.712142407894134521e-01
1.612123548984527588e-01
-2.560057342052459717e-01
1.232929348945617676e+00
1.070949554443359375e+00
6.348943114280700684e-01
3.467729687690734863e-02
-1.423428505659103394e-01
-3.281410336494445801e-01
8.353518247604370117e-01
1.513136029243469238e-01
4.273915290832519531e-01
8.819476366043090820e-01
5.122711062431335449e-01
-5.215588212013244629e-01
1.000110507011413574e+00
-1.155095577239990234e+00
1.067237973213195801e+00
-3.528738394379615784e-02
-1.049208998680114746e+00
-6.060150265693664551e-01
-3.323554098606109619e-01
-1.227297067642211914e+00
3.528801202774047852e-01
-1.162027120590209961e+00
-3.178626000881195068e-01
-6.970533728599548340e-01
nan
nan
nan
nan
-9.029677510261535645e-01
1.379340529441833496e+00
-3.004984557628631592e-01
5.225761979818344116e-02
7.265389561653137207e-01
-9.098110795021057129e-01
-5.213649272918701172e-01
9.491147994995117188e-01
-1.023598015308380127e-01
-1.115864887833595276e-01
-1.287411600351333618e-01
-7.781780958175659180e-01
3.711068034172058105e-01
4.242052733898162842e-01
-6.960979104042053223e-01
1.017530798912048340e+00
-1.265420168638229370e-01
5.098534822463989258e-01
-8.033779449760913849e-03
-1.203511834144592285e+00
5.130058526992797852e-01
6.575940251350402832e-01
-6.638340950012207031e-01
5.140371322631835938e-01
-4.053694009780883789e-01
-3.159193992614746094e-01
-3.073287606239318848e-01
6.500020027160644531e-01
nan
nan
nan
nan
-8.675968647003173828e-01
-5.103557705879211426e-01
-7.417405247688293457e-01
-3.041641712188720703e-01
-3.758112192153930664e-01
-4.656327068805694580e-01
5.558010935783386230e-01
-5.865470767021179199e-01
6.671206951141357422e-01
-3.754112720489501953e-01
-7.211686968803405762e-01
-8.113490939140319824e-01
-6.955961585044860840e-01
3.284207284450531006e-01
1.398741304874420166e-01
4.561603963375091553e-01
-4.089649617671966553e-01
5.466682836413383484e-02
4.993698298931121826e-01
5.970060825347900391e-01
-2.553217113018035889e-01
2.846420705318450928e-01
4.372075498104095459e-01
4.955265298485755920e-02
9.199469685554504395e-01
-4.475844502449035645e-01
-8.138478994369506836e-01
1.141477227210998535e+00
nan
nan
nan
nan
-2.742791771888732910e-01
1.389906257390975952e-01
5.216819643974304199e-01
-4.846850037574768066e-01
5.199634432792663574e-01
-2.833865582942962646e-01
-1.351695209741592407e-01
3.383435606956481934e-01
7.982091307640075684e-01
4.182306826114654541e-01
-1.760767459869384766e+00
4.707066416740417480e-01
-1.211857438087463379e+00
1.332954645156860352e+00
1.050964832305908203e+00
6.357825547456741333e-02
1.867968559265136719e+00
-2.345416396856307983e-01
-2.204361557960510254e-01
-2.510375976562500000e-01
1.452084422111511230e+00
-8.514763712882995605e-01
-1.223507165908813477e+00
-4.432520866394042969e-01
-7.739745974540710449e-01
5.666614174842834473e-01
9.152686595916748047e-01
9.265725314617156982e-02
nan
nan
nan
nan
-3.564281761646270752e-01
-2.904971837997436523e-01
-1.387770026922225952e-01
1.086986184120178223e+00
9.010320305824279785e-01
-2.008522897958755493e-01
9.301077723503112793e-01
-9.923247694969177246e-01
-8.169246315956115723e-01
4.994668960571289062e-01
-6.121227145195007324e-01
2.243935763835906982e-01
-2.105960130691528320e+00
9.610513448715209961e-01
-2.674401998519897461e-01
-1.343657970428466797e-01
8.702821135520935059e-01
-2.269008308649063110e-01
2.022044956684112549e-01
3.041919134557247162e-02
-7.680060863494873047e-01
8.179786205291748047e-01
2.257554084062576294e-01
8.915653228759765625e-01
-1.114556312561035156e+00
4.985947608947753906e-01
1.160036206245422363e+00
-8.628198504447937012e-01
nan
nan
nan
nan
3.481965065002441406e-01
-1.086251258850097656e+00
3.749538958072662354e-01
-7.886775583028793335e-02
4.349199682474136353e-02
-3.297816514968872070e-01
-1.351708322763442993e-01
-5.838914308696985245e-03
-1.273400187492370605e-01
5.732427537441253662e-02
1.209516301751136780e-01
4.968543723225593567e-02
5.031393095850944519e-02
4.506128132343292236e-01
4.810106754302978516e-01
-2.048471570014953613e-01
2.988873980939388275e-03
1.238187789916992188e+00
-1.697336137294769287e-01
1.267995834350585938e+00
-1.770105123519897461e+00
6.580097675323486328e-01
-6.842100024223327637e-01
5.729751288890838623e-02
-7.757744938135147095e-02
-3.109656274318695068e-01
9.804889559745788574e-02
-8.078324198722839355e-01
nan
nan
nan
nan
1.773556917905807495e-01
-1.504327535629272461e+00
-1.214852929115295410e+00
1.569802403450012207e+00
-7.131752371788024902e-01
6.100304722785949707e-01
-1.331836432218551636e-01
-5.911208987236022949e-01
3.052139095962047577e-02
1.295540630817413330e-01
-4.598942697048187256e-01
-1.951136589050292969e-01
2.240664809942245483e-01
5.580912828445434570e-01
1.203436404466629028e-01
1.484510209411382675e-02
-1.333887100219726562e+00
5.560339689254760742e-01
4.771489500999450684e-01
1.146362662315368652e+00
-3.773546218872070312e-01
1.070707798004150391e+00
-1.906986162066459656e-02
3.264881968498229980e-01
4.498112797737121582e-01
1.407645177096128464e-02
-1.593678832054138184e+00
1.390938162803649902e+00
nan
nan
nan
nan
-4.330631494522094727e-01
-1.028086245059967041e-01
3.379895985126495361e-01
-5.996082425117492676e-01
-1.439176559448242188e+00
2.726978659629821777e-01
-1.449935436248779297e-01
-2.116147130727767944e-01
5.756602883338928223e-01
-5.500943865627050400e-03
7.445803284645080566e-01
3.696021437644958496e-02
-5.433791875839233398e-01
-1.157108902931213379e+00
5.991852656006813049e-02
3.882061541080474854e-01
-3.978404700756072998e-01
-5.682364106178283691e-01
1.046779751777648926e+00
7.170785665512084961e-01
-6.170666590332984924e-02
6.598109602928161621e-01
-4.281858801841735840e-01
-6.886685490608215332e-01
-3.699112236499786377e-01
1.380180269479751587e-01
1.693751811981201172e+00
6.289736032485961914e-01
nan
nan
nan
nan
-3.715690672397613525e-01
-6.187728047370910645e-01
4.132694005966186523e-01
-3.774879500269889832e-03
-1.554862141609191895e+00
nan
5.488296151161193848e-01
-6.845493316650390625e-01
-1.710103511810302734e+00
1.115947484970092773e+00
2.592267990112304688e-01
-8.686591982841491699e-01
-1.364846806973218918e-02
2.026786506175994873e-01
6.372325420379638672e-01
1.039032578468322754e+00
-9.439658522605895996e-01
-1.074931621551513672e-01
1.475456804037094116e-01
-7.430383563041687012e-02
2.645525336265563965e-01
1.048098970204591751e-02
-7.485934346914291382e-02
8.652470111846923828e-01
-2.808183133602142334e-01
-1.118716821074485779e-01
1.302491664886474609e+00
-6.252458095550537109e-01
nan
nan
