nan
nan
4.724659389919704799e-01
2.197834518220689523e-02
-3.730434311760796318e-01
-1.213997417026095871e+00
1.717460341751575470e-03
1.368762519624498186e-01
-7.241082721286349333e-01
4.731272061665852680e-01
6.448146502176920203e-01
-8.764056099785698661e-01
-8.956806394788954240e-01
-6.988157000806596159e-03
-1.877187940809461830e+00
-9.043739106920030135e-01
3.817228741115993862e-01
-6.673272980584038505e-01
-7.503060764736599886e-01
2.137684292263454799e-01
3.019298712412516461e-01
-6.169034639994303015e-01
6.289957364400228235e-01
-7.541716363694932479e-01
3.209985097249348773e-01
-7.936086654663085938e-01
7.825372483995225448e-01
-3.126969337463378906e-01
-6.527167426215277901e-01
8.267770873175727120e-01
nan
nan
nan
nan
5.055149396260579797e-01
-3.453923066457112445e-01
-4.279453754425048828e-01
-2.351906034681532087e-01
-3.062904145982530135e-01
5.951608022054036828e-01
9.716224670410156250e-02
5.657259623209635047e-01
1.097688886854383705e+00
1.512327724032931919e-01
3.143606185913085938e-01
-3.726059529516431712e-02
3.919281429714626674e-01
-3.608009550306532365e-01
1.376173761155870201e+00
-4.888309902615017299e-01
9.193192587958441686e-02
-1.408124632305569057e-01
-8.177298439873589286e-01
-1.357224384943644113e-01
-1.184995757208930023e+00
7.851936419804890488e-02
6.222854720221625280e-02
1.167855925030178432e-01
-6.195634206136068078e-01
-3.568410343594021206e-01
-2.263025177849663505e-01
1.390201462639702790e+00
nan
nan
nan
nan
2.288274129231770981e+00
1.411924362182617188e+00
7.423419952392578125e-01
4.398088653882344795e-02
4.853229522705078125e-01
1.904546386665768171e-02
8.446071412828233260e-01
3.158899413214789620e-01
3.374070591396755581e-01
3.320016066233317242e-01
1.074670685662163727e+00
-1.131993797090318499e-01
7.779325379265679130e-01
8.460063404507107698e-01
1.135255495707194057e-01
4.690094523959689732e-01
9.847086800469292411e-01
-5.652011235555013391e-01
4.022799597846137276e-01
1.618959426879882812e+00
-2.851426071590847378e-01
-5.868017938401963729e-01
6.962918705410428011e-01
8.676979939142863418e-02
-9.632256825764974328e-01
1.374889877107408342e-01
5.538353919982910156e-01
9.767180548773871651e-01
nan
nan
nan
nan
8.500987688700357703e-01
4.819026523166232701e-01
-1.623994906743367606e-01
1.624808046552870047e-02
-5.289881494310166854e-01
2.176220880614386510e-02
6.309318012661404573e-01
3.965072499381171178e-02
-6.205408838060166854e-01
8.094491428799099886e-01
9.362127516004774552e-01
-9.446705712212456474e-01
-3.750454319847954521e-01
4.849716292487250557e-01
1.501832538180881138e-01
-6.606388092041015625e-02
-2.517131699456108818e-01
-2.522723144955105190e-01
-1.872950130038791294e-01
2.161377138561672573e-01
-2.691378593444824219e-01
-1.570489353603786942e+00
-2.027889225218031111e-01
1.116023725933498745e-01
4.436787631776598073e-02
-9.687949286566840401e-01
6.496427324083116073e-01
-1.508829752604166741e+00
nan
nan
nan
nan
-1.735435803731282478e+00
3.093088203006320591e-01
-2.040814823574489956e-01
4.640005429585774555e-01
1.144317732916937835e+00
-1.047805680168999665e+00
1.305616060892740959e+00
-6.632885932922363281e-01
-1.215247684054904465e+00
1.171865781148274666e+00
1.595067977905273438e-01
-1.129545953538682701e+00
-7.152010599772135047e-01
1.066873126559787277e+00
-7.482952541775172994e-02
1.414805518256293526e-01
-3.881327576107448940e-01
2.903310987684462052e-01
4.928105142381455916e-01
8.050560951232910156e-01
2.182357311248779297e-01
-9.472130404578314733e-02
2.652656767103407365e-01
-1.220186154047648158e-01
-8.263771269056532365e-01
7.009817494286431361e-02
1.124107148912217857e+00
-3.683728641933864956e-01
nan
nan
nan
nan
8.007544941372340963e-02
-1.366321245829264397e+00
5.643561681111654016e-01
9.267106586032443083e-01
-1.886173619164360771e-01
5.065861807929145089e-01
-4.924148983425564174e-01
9.772921668158637276e-01
-1.446166250440809486e+00
-1.203070746527777762e-01
-5.784216986762152901e-01
-5.130992001957363630e-02
3.234774801466200334e-01
1.366999096340603348e+00
-1.810741424560546875e-02
9.494767718844943083e-01
-4.214220576816135044e-01
1.267861048380533928e+00
1.765951712926228934e-01
-8.882856369018554688e-01
8.644923104180229911e-01
-7.752804226345486605e-01
-1.151348643832736496e+00
-3.648153146107991351e-01
-6.484050750732421875e-01
4.911440743340386161e-01
-3.613354100121392298e-02
-1.130005730523003571e+00
nan
nan
nan
nan
7.609907786051431922e-01
1.575886408487955637e-01
4.022586080763075334e-01
-4.748025205400255300e-02
5.246795548333061943e-01
-1.547608375549316406e-01
-6.015060345331827568e-02
5.013823509216308594e-01
-6.741114722357856026e-01
1.285032484266493080e+00
2.150569756825765066e-01
7.067553732130262834e-01
4.554500050014919643e-01
-7.192597919040255583e-01
-3.434033658769395370e-01
7.072695096333821985e-01
-1.031741142272949219e+00
9.016345342000325891e-01
-1.936252514521280832e-01
4.811872906155056362e-01
-6.003307766384549105e-01
1.349996725718180246e-01
-4.162750773959689732e-01
3.868387473954094935e-02
-1.433510084946950335e-02
2.710412343343098773e-01
-1.165801790025499107e+00
-6.269588470458984375e-01
nan
nan
nan
nan
-2.061301867167154855e-01
-1.353123346964518303e+00
-5.565187666151258927e-01
1.266211297776963951e+00
3.853257762061225167e-01
-5.152704980638291854e-01
5.963438351949056360e-01
4.201080534193251115e-01
-3.543762101067436943e-01
1.421684265136718750e+00
-1.106977250840928795e+00
-2.594579060872395648e-01
2.952291435665554409e-01
1.194847636752658371e+00
8.409302102194891881e-02
2.503667672475178851e-01
-2.098565896352132254e-01
3.211852444542778739e-01
-8.069872326321072542e-01
4.632912741767035714e-01
5.942825211418999443e-01
-4.156088564130995255e-01
3.661429882049560547e-01
1.691750420464409599e-01
-8.549222946166992188e-01
2.921824985080295201e-01
6.203558180067274552e-01
8.223947419060601005e-01
nan
nan
nan
nan
-9.593420028686523438e-01
-8.833210733201768416e-01
-2.561474641164143695e-01
1.954689025878906250e-01
-7.514332665337456474e-01
4.850849575466579799e-01
1.065693855285644531e+00
7.165289984809027901e-01
1.139968342251247879e+00
1.298717922634548660e+00
-1.566983646816677567e+00
1.097142113579644196e+00
-9.191028277079264786e-02
-7.982261313332451869e-02
9.125026067097982141e-01
-8.272674348619248885e-01
-1.273778597513834709e+00
-4.729398091634114398e-01
4.465230305989583148e-01
6.251375410291883927e-01
2.754715548621283761e-01
-6.081080966525607145e-01
4.981742964850531807e-01
-7.802808019849989396e-01
-1.815717220306396484e-01
-1.265638139512803850e-01
-1.231913248697916741e+00
-1.501762337154812221e-01
nan
nan
nan
nan
3.816663424173991070e-01
7.648828294542100448e-01
2.518910302056206474e-01
-8.455721007453070870e-01
-2.702804671393500557e-01
3.636602560679118024e-01
-2.597360875871446151e-01
-6.232507493760850448e-01
2.414449320899115792e-01
-1.953046984142727260e-01
-6.049356990390353239e-01
1.367062674628363617e+00
-1.381744676166110630e-01
-5.756814744737412948e-01
-8.757831785413954240e-01
2.721399201287163505e-01
7.038928667704263953e-01
1.144145329793294225e-01
-2.362063195970323382e-01
-5.950685342152913643e-02
-6.788727442423502234e-01
5.362423790825737724e-01
8.574279149373372766e-01
-8.256280687120225448e-01
1.267299758063422210e+00
8.466510772705078125e-01
6.172339121500650672e-01
-1.111497216754489537e-01
nan
nan
nan
nan
9.680574470096164896e-02
2.837764687008327846e-01
2.455812825096977958e-01
3.562315884563657924e-03
-9.883720609876844865e-01
-1.548935784233941071e+00
6.823703232738707186e-03
9.946831597222222099e-01
1.632930296990606472e-03
-1.225977791680230133e+00
3.537020335594812884e-03
1.317367268105347879e-03
-8.353603151109483260e-01
9.163835313585069753e-02
9.521039326985677453e-01
-8.809516694810655135e-01
-5.464289254612392926e-02
-3.127686182657877789e-01
-3.647736708323160992e-01
1.677134301927354632e-01
7.886273066202799109e-01
6.131644778781466520e-01
-6.555346912807888948e-01
-4.521599875556098214e-01
3.984695093499289811e-03
-1.302284929487440290e-01
-4.133033222622341518e-01
-7.695105870564779016e-01
nan
nan
nan
nan
1.465939309861924889e+00
3.868665165371364956e-01
-4.689117537604438057e-01
2.327153682708740234e-01
-2.838848431905110492e-01
-5.503171814812554130e-01
-8.198871612548828125e-01
-4.094402260250515346e-01
5.392674605051676201e-02
1.121564017401801117e+00
-3.944704532623291016e-01
3.858664631843566895e-02
-1.138331095377604241e+00
-1.459429793887668247e-01
1.657797760433620815e-01
-1.290677494472927567e+00
2.588505215115017299e-01
-4.996597501966688615e-01
8.536327679951986047e-01
-2.648070388370090122e-01
6.181720097859700891e-01
8.720364040798611605e-01
-3.347711298200819474e-01
9.994871351453993302e-01
-1.895540290408664341e-01
7.550466325547959823e-01
-9.819754627015855886e-02
1.319230715433756584e+00
nan
nan
nan
nan
-7.748427920871310270e-01
5.006108813815646208e-01
4.280098014407687779e-01
1.296964539421929352e+00
1.523353391223483677e-01
1.131512986289130301e-01
1.417662196689181808e+00
4.573648240831162948e-01
-3.776270813412136440e-01
2.761806382073296318e-01
7.809810505972968053e-02
6.642103195190429688e-01
-6.489132245381673547e-01
7.808677885267469865e-01
-7.269415855407714844e-01
-5.277239481608072547e-01
1.842945416768392020e-01
3.523206710815429688e-02
-3.624867068396674386e-01
-2.139044072892930803e-01
-1.872530513339572544e-01
-8.611942927042642859e-01
-3.960359626346164341e-01
1.697560416327582589e-01
-1.047441906399197098e+00
3.477042251163058872e-01
3.091963794496324289e-02
-1.279821819729275223e+00
nan
nan
nan
nan
7.614415486653646203e-01
9.416649076673719865e-01
-1.878789928224351702e-01
7.757308582464854212e-03
-4.186177518632676620e-01
-1.398691389295789955e+00
-7.926668061150444755e-01
1.096380286746554966e-01
-2.369671132829454241e-01
-9.438100390964083708e-01
5.603119002448188057e-01
-3.996732234954833984e-01
3.998191091749403459e-01
4.866326649983723773e-01
9.323720799552069616e-02
1.128954675462510826e+00
-1.668778631422254799e+00
1.365489222937160164e-03
-1.102431509229871986e+00
-1.602855920791625977e-01
4.394138124254014510e-01
1.875780291027492885e-01
-1.794914901256561279e-02
1.295369333691067104e-01
-5.983996391296386719e-01
-3.589472505781385880e-01
-8.167196379767523995e-01
-1.679436100853813896e-01
nan
nan
nan
nan
-5.037408404880099333e-01
3.035707738664414901e-01
8.103425767686631698e-01
5.529981719122992745e-01
-3.780436780717637557e-01
7.531351513332791292e-01
9.117263555526733398e-02
3.306603166792128068e-01
9.440462324354383927e-01
2.732690705193413505e-01
-5.583674112955728797e-01
7.669480641682943078e-01
-4.576821857028537388e-01
-1.108445167541503906e+00
4.849405421151055384e-02
8.757306469811333705e-02
4.019731415642632255e-01
-6.860422028435601005e-01
-1.022797160678439621e+00
4.641426404317219867e-01
-1.046199056837293861e+00
-9.884068171183267859e-01
2.067291471693250837e-01
-1.478143586052788727e+00
-1.949073606067233677e-01
-1.018067253960503571e+00
1.351534313625759598e+00
1.541100713941786049e+00
nan
nan
nan
nan
1.923144022623697991e+00
4.919843143886989956e-01
-9.153646892971463167e-01
3.992406262291802177e-01
-2.246173487769232979e-01
1.589839458465576172e-01
-6.335618231031630021e-01
-2.567825582292344588e-01
-9.263789918687608260e-01
-1.542531649271647209e+00
-1.065289974212646484e-01
1.149245050218370201e+00
-2.173819012112087612e-01
7.563171386718750000e-01
-5.414045651753743860e-01
-8.839462863074408483e-02
4.193166097005208148e-01
8.841176033020019531e-01
1.375654856363932366e+00
-6.786511209275987166e-01
2.195372051662868862e-01
-2.367667092217339286e-01
6.142606205410428011e-01
-1.161215464274088616e+00
-1.218543370564778572e+00
4.984477493498060130e-02
-1.619425084855821428e-01
1.004195319281683929e+00
nan
nan
nan
nan
3.072772026062011719e-01
-6.081821123758951453e-01
-5.814654032389322547e-01
-9.158654345406426478e-02
8.893700705634223214e-01
2.200214597913953962e-01
9.372496075100369417e-01
-4.532769521077473773e-01
1.215932104322645368e-01
-5.852488411797417411e-01
1.557578404744466072e+00
-8.157212999131944198e-01
8.643247021569146205e-02
3.392170800103081474e-01
-6.344851387871636161e-01
-4.862719111972385044e-01
5.703318383958604354e-01
-5.201144218444824219e-01
-5.161094135708279573e-01
6.620503531561957589e-01
2.320970959133571987e-01
2.518408828311496372e-01
5.436308648851182479e-01
1.413190099928114174e+00
4.663532045152452010e-01
7.778443230523003349e-01
-7.108294169108072547e-01
-2.188735670513576870e-01
nan
nan
nan
nan
5.450943840874565849e-01
-4.098543590969509487e-01
7.979830106099446985e-01
1.268895384338166940e-02
1.675466007656521317e+00
4.412660863664414901e-01
-9.216224882337782365e-01
-4.474633534749348773e-01
3.669255309634738560e-01
4.927423265245225448e-01
2.836055490705702287e-01
2.382958200242784319e-01
-1.173526048660278320e-01
-5.231582323710123328e-01
1.311664448844062081e-01
-4.753364457024468193e-01
-1.476321485307481585e-01
9.136400222778320312e-01
2.330465118090311802e-02
-5.095471607314215612e-02
1.679617298973931083e-01
1.461888949076334543e-01
-1.527958975897895089e-01
-4.377996391720241909e-01
1.252323653962877092e-01
1.185946676466200111e+00
-3.431129455566406250e-02
1.929119560453626814e-01
nan
nan
nan
nan
2.397902806599934988e-01
-2.074685494105021066e-01
-1.775012864006890290e+00
8.650915357801649552e-01
1.232630199856228348e+00
-3.537722693549262276e-01
6.761816342671712610e-01
-5.230224397447373885e-01
-1.290328767564561607e+00
2.689098252190483818e-01
2.446622848510742188e-01
-1.981927288903130302e-01
-1.085014392932256121e-02
9.133052163653904154e-02
-1.067706425984700447e+00
-3.097055024570889020e-02
-2.062445349163479213e-01
-3.945130772060818081e-01
3.139033847384982701e-01
-1.319348441229926117e+00
4.615200360616047992e-01
-2.961574660407172432e-01
5.833099683125814172e-01
8.621084690093994141e-02
6.526662508646646765e-01
8.134313159518771208e-01
-1.341280513339572433e+00
-5.246436860826280135e-01
nan
nan
nan
nan
-2.475148936112721645e-02
7.026726934644911271e-01
-1.084232966105143303e+00
-5.245411660936143416e-01
-1.907461219363742327e-02
7.416229777865939177e-01
-7.215070194668240511e-01
-3.785265286763508930e-01
-7.299749718772040319e-02
-1.264928181966145759e+00
-4.817040761311848773e-01
-5.210863749186197547e-01
-1.165558179219563728e+00
2.437706258561876116e-01
-2.205914656321207590e-01
1.454110251532660492e+00
2.141629060109456473e-01
3.224209414588080636e-01
5.794407526652017859e-01
-4.202992386288113003e-01
4.924696286519368305e-01
2.603186236487494698e-01
-6.293419202168782922e-01
3.327926993370056152e-02
1.151617765426635742e-01
4.593149291144477120e-01
1.002014478047688728e+00
-9.135944975747002650e-02
nan
nan
nan
nan
-1.462070994906955246e+00
4.702250162760416852e-01
-9.700306256612141464e-02
3.018528090582953682e-01
1.008606910705566406e+00
-5.566734208001030693e-01
4.516736666361491070e-01
1.242132186889648438e-01
1.634684205055236816e-02
-2.405077086554633370e-01
-1.842376755343543004e-02
1.758294211493597992e+00
-6.593360371059842073e-01
-4.627484745449489956e-01
1.918935113483005162e-01
5.020368844270706177e-03
8.741237057579888392e-02
-1.431109772788153878e-01
-2.274205949571397531e-02
4.757076369391547432e-01
-2.068456941180759068e-01
1.572271320554945173e-01
8.659237623214721680e-02
1.264818297492133148e+00
5.122359593709310127e-02
-7.506364716423882255e-01
-8.545487191942002791e-01
8.997234768337674105e-01
nan
nan
nan
nan
-6.063556671142578125e-02
-1.157342857784695034e-01
-3.611307144165039062e-01
1.060729821523030553e-01
-1.391033993826972237e-01
-6.011573473612467078e-01
5.118753115336099890e-01
3.118837542004055524e-02
8.911512162950303573e-01
-1.014067225986056808e+00
2.058733834160698939e-02
6.620323922899034041e-01
-8.512997097439236605e-01
5.297126240200467073e-01
4.624458948771159039e-01
5.736341476440429688e-01
-1.139894591437445648e+00
2.030379507276746931e-01
-7.924933963351779020e-01
3.025916152530246372e-01
5.062905285093519114e-02
-5.771912998623318636e-01
2.444726361168755302e-01
5.968778398301866073e-01
-6.388907962375216520e-01
-6.504619121551513672e-02
-6.841593318515353239e-01
4.076469209459092635e-01
nan
nan
nan
nan
-1.440702146954006557e-01
-5.157135857476128349e-01
2.896049287584092843e-02
-1.909406185150146484e-01
-3.644749588436550503e-01
5.510084331035614014e-03
8.299237357245551339e-01
9.308122098445892334e-03
8.579446872075398300e-02
-9.784374237060546875e-01
-2.644919024573432198e-01
4.683956040276421318e-01
-8.256142404344346541e-01
-1.340499030219183929e+00
2.648571067386203404e-01
7.837464544508192521e-01
9.515841801961263391e-01
-1.499798774719238281e+00
-3.173252211676703682e-01
-9.313048256768120536e-01
-1.592485904693603516e-01
-1.425232781304253571e+00
9.712207582261827010e-01
-2.453837394714355469e-01
-3.901680310567219867e-01
-1.171293920940822963e-01
1.263425350189208984e-01
6.152807871500650672e-01
nan
nan
nan
nan
1.762284967634412947e-01
2.796827422247992467e-02
-1.772542297840118408e-02
-1.292786598205566406e+00
-1.425159109963310966e-01
nan
7.723693847656250000e-01
7.205898496839735490e-01
1.880971988042195731e-01
1.899392604827880859e-01
2.571952342987060547e-01
1.922357214821709404e-01
3.541543218824598771e-01
-3.708838621775309430e-01
5.679971906873915177e-01
1.394304169548882477e+00
1.490800645616319475e-01
-2.160800165600246792e-01
-8.359508514404296875e-01
4.160577191246880302e-01
-6.305074161953396761e-01
1.196170806884765625e+00
-1.174637476603190178e+00
8.245558738708496094e-01
1.262270079718695870e-01
6.692699856228299105e-01
1.069212277730305916e+00
-6.707918379041883927e-01
nan
nan
