nan
nan
-1.848204798168606167e-01
-6.575169033474392855e-01
-9.878907733493380583e-01
9.787060419718424109e-01
2.725670867496066685e-01
-7.999122407701280135e-01
3.818410502539740792e-01
6.920483377244737722e-02
2.259448634253607979e-01
1.031526565551757812e+00
-1.038917647467719085e+00
-1.947389973534477958e-01
-1.008145862155490402e+00
4.587385389539930802e-01
-1.141437742445204018e+00
-5.037783516777886161e-01
-3.143658373090956193e-01
-4.768800205654568081e-01
3.333296510908339005e-01
1.996575461493598214e-01
-1.155892054239908928e+00
-5.292066997951931917e-01
4.650589095221625557e-01
-2.647536065843369979e-01
-1.221435228983561272e+00
3.255300256941053849e-01
-9.401510159174601700e-02
-4.503311382399664831e-02
nan
nan
nan
nan
-3.424691094292534599e-01
-7.989466455247666854e-01
-4.628490342034233818e-01
-5.721623632642958146e-01
4.061398506164550781e-01
3.132674429151747209e-01
5.652065277099609375e-01
-1.107108857896592857e+00
5.241511132982041854e-01
3.060017161899142857e-01
-8.169258435567220422e-01
-2.668370405832926617e-01
2.699100176493327008e-01
7.821532885233560828e-01
1.019196298387315514e+00
-4.594362775484720635e-02
1.255618201361762054e+00
6.694357660081651229e-01
-7.696531613667806360e-01
-1.123177528381347656e+00
3.133455117543538226e-01
-5.196371078491210938e-01
-5.415197478400336495e-01
-1.243241230646769252e-01
-3.949078189002143136e-01
7.241064707438150672e-01
1.135732862684461775e-01
-1.188817818959553990e-01
nan
nan
nan
nan
-4.028205341762966518e-01
-7.715424961513943636e-01
1.212133831448025223e+00
-1.346597671508789062e+00
-4.780764579772949219e-01
-1.353620635138617523e+00
3.323992623223198661e-01
-1.557398902045356026e-01
1.157410515679253571e+00
-7.243972884284125557e-01
1.344552702373928432e-01
5.124668545193142855e-01
2.611933284335666294e-01
-8.407566282484266740e-01
1.045996242099338058e+00
-8.372924062940809153e-02
6.279816097683377230e-01
-1.041399955749511719e+00
-1.145403252707587333e-01
2.321601973639594307e-01
6.960116492377387276e-01
-6.992710961235893974e-01
6.684706475999619979e-01
8.210255834791395646e-01
-4.244067188766267179e-03
9.477618535359700891e-01
3.316399123933580495e-02
-3.855065504709879742e-01
nan
nan
nan
nan
-1.696329381730821428e-01
-5.536713070339627230e-01
-3.524989551968044643e-01
-4.717010392083061943e-01
9.599599838256835938e-01
-4.531712532043457031e-01
-2.029622395833333426e-01
8.483257823520236052e-01
5.433085759480794641e-01
-1.274728033277723549e+00
2.797383467356364117e-01
7.542502217822605326e-02
-1.352988772922091965e+00
2.194866471820407505e-01
1.469231817457411049e+00
-1.940052111943562918e-01
-2.715946833292643414e-01
-5.539684295654296875e-01
3.154967625935872211e-01
8.797714445326063615e-01
-1.568909883499145508e-01
6.410069465637207031e-01
-8.567008442348904573e-01
-1.201738499932818866e-02
-3.055348926120334263e-01
6.167079077826606026e-01
-9.437033335367838172e-01
2.264965640174018136e-01
nan
nan
nan
nan
3.813801606496174945e-01
-9.276070064968533480e-01
8.570028411017523995e-01
-6.407139566209580916e-01
1.058587074279785156e+00
-3.907110955980089284e-02
5.232845942179361609e-01
-3.528849283854166852e-01
-6.256936391194661828e-01
2.791226440005832310e-01
4.862904018825954799e-01
-6.405570242140028459e-01
-5.317649841308593750e-01
-2.042170630560981026e-01
-2.223123974270290737e-01
8.786163727442423965e-02
4.487148589558071637e-02
2.110475434197319755e-01
-7.588569323221842078e-01
-6.343591478135850448e-01
4.296896722581651229e-01
-4.474853409661186943e-01
-1.701587604151831579e-02
-4.823878606160481586e-01
5.774638917711045760e-01
-5.775336424509684013e-02
-3.042248619927300224e-01
-8.767513169182671318e-01
nan
nan
nan
nan
4.610860678884717845e-02
-3.612267971038818359e-01
-9.832151201036241073e-01
-7.769952880011664342e-02
-6.160840988159179688e-01
-1.951081620322333565e-01
-1.293691847059461830e+00
4.092858102586534041e-01
6.294886271158853797e-01
1.372542911105685715e+00
4.540510707431369419e-01
6.719009081522623328e-01
-6.115463044908311385e-01
6.149166425069173547e-01
4.047118557824028739e-01
6.590719752841525114e-01
-8.765832053290473214e-01
-5.527295006646050224e-01
-2.557587358686659318e-01
3.183900250328911552e-01
1.181001027425130134e+00
-2.198321289486355190e-01
-6.924758487277560270e-01
-5.239626566569010047e-01
-1.113305621676974777e+00
-1.175983322991265290e+00
-1.454840554131402008e+00
-9.703235626220703125e-01
nan
nan
nan
nan
2.957097424401177177e-01
1.730089187622070312e+00
1.267522043652004604e-01
-1.329505920410156250e+00
7.444783846537271765e-01
-7.394789589775933036e-01
6.392060915629068640e-01
7.071197827657064172e-01
-1.423830244276258705e+00
2.337293889787462053e-01
-4.893458684285481586e-01
-6.331231329176161271e-01
9.356330500708685827e-02
7.564933564927842635e-01
9.834535386827256698e-01
1.046940591600206139e+00
-2.572086652119954242e-01
-1.846822314792209152e+00
7.643324534098306922e-01
4.572966893513997211e-01
-6.254542668660482141e-01
3.052554395463731307e-01
-7.097393671671549109e-01
2.526129881540934430e-01
-3.263530731201171875e-01
1.663904507954915291e+00
8.495971229341295339e-02
2.456220520867241630e-01
nan
nan
nan
nan
-1.291282309426201591e-01
3.799869219462077008e-01
-2.425687180625068010e-03
-6.367241011725531807e-01
1.261763067709075056e-03
7.451248698764376677e-01
9.094431135389540177e-01
1.283487743801540737e-01
1.451452996995713951e+00
3.514970673455132255e-01
1.317875438266330246e+00
3.774749967787001115e-01
-4.722967147827148438e-01
-3.349798785315619698e-01
-1.104737404319975150e-02
-7.722579108344184151e-01
-7.939370473225910996e-02
-8.625945117738512136e-02
8.233962059020996094e-01
3.819669087727864398e-01
9.225923485226100729e-02
3.678205543094211216e-01
1.584308677249484654e-01
8.907314936319986609e-01
4.873980946011013393e-01
5.860097143385145646e-01
-3.405079576704237443e-01
-4.655498928493923549e-01
nan
nan
nan
nan
2.944361832406785714e-02
-2.275094721052381697e-01
-2.769703335232204799e-01
8.920594321356879464e-01
-1.009205288357204910e+00
-6.665264765421549109e-01
-3.299706247117784041e-01
1.686434745788574219e-01
-1.508196459876166573e-01
-3.289016087849934711e-01
1.046643257141113281e+00
-2.637954817877875557e-01
8.730988502502441406e-01
2.398309111595153809e-02
3.372871875762939453e-01
-1.110759629143609040e+00
-3.707016838921440849e-01
-2.082983387841118583e-01
-4.999962912665473214e-01
8.683620029025607145e-01
-1.609944370057847796e-01
-9.841684765285916292e-01
4.559805658128526784e-02
2.684645520316229772e-02
6.373463736640082589e-01
2.493463887108696708e-01
3.436863687303330916e-01
-3.960006766849094029e-01
nan
nan
nan
nan
-2.200311157438490095e-01
-5.348511272006564177e-01
1.163964589436848884e+00
5.254085858662923547e-01
5.683421558803982698e-01
-3.215686215294731864e-01
1.418693860371907478e+00
-7.964795430501302453e-01
2.095319694942898159e-01
-3.344227737850613003e-01
1.156373156441582589e-01
-8.539168569776747209e-01
-4.028708404964870815e-01
-2.930465804206000557e-01
3.813651137881808872e-01
-1.275079197353786942e+00
-4.813436402214897880e-01
-6.863423983256021765e-01
1.019206047058105469e+00
-4.727929963005913505e-01
3.903027905358208427e-01
1.204926384819878571e+00
-1.198965046140882673e-01
-8.713518248664008370e-01
-1.171578036414252372e-01
6.342217127482095984e-01
9.954939948187934151e-01
-1.139244106080797014e-01
nan
nan
nan
nan
2.199486758973863421e-01
2.362023989359537668e-01
4.422360658645629883e-02
-1.722196578979492188e+00
-4.555582470364040737e-01
-1.065743658277723549e+00
-2.098046832614474777e+00
1.458524333106147042e-01
-7.779377831353081474e-01
5.559197001987032927e-01
-1.903133392333984375e-01
1.032187885708279129e+00
4.126396444108750838e-01
-3.174125088585747489e-01
4.962031708823309850e-02
5.039886368645561943e-01
3.850897947947184430e-01
-2.764683564503987445e-01
8.924540413750542411e-01
4.349384837680392857e-01
3.105065557691786271e-01
6.034114095899794084e-01
6.093862851460775110e-01
7.623652882046170198e-01
-4.244019918971591449e-02
7.291696336534287948e-01
-4.504576789008246651e-01
1.204617076449923996e+00
nan
nan
nan
nan
4.077871640523274555e-01
-2.523005273607041854e-01
-4.295565022362602958e-01
1.839942508273654465e+00
-5.544446839226616630e-01
7.458383772108290177e-01
9.422432714038425638e-02
1.734648148218790598e-01
2.727663252088758927e-01
-2.428983582390679130e-01
-2.563135359022352677e-01
-6.388316154479980469e-01
7.439285516738891602e-02
1.444003979365030832e-01
9.036920468012492325e-02
1.441255993313259598e+00
2.055452664693196707e-01
2.975339889526367188e-01
-2.427354123857286272e-01
5.551529460483126677e-01
5.004243320888943636e-01
3.306166066063774833e-01
-8.619667159186469307e-01
5.616573757595486605e-01
-1.692775620354546540e+00
-2.426421112484402065e-01
-5.716526508331298828e-02
-4.455234739515516740e-01
nan
nan
nan
nan
1.435761650403340715e-02
2.011541856659783412e-02
2.056496090359158035e+00
7.144383854336209261e-01
-3.928233848677741002e-02
-1.382830937703450447e+00
4.937284257676866073e-01
5.234536528587341309e-02
-1.420589447021484375e+00
1.433231671651204353e+00
4.996968329780631475e-04
3.805044756995307198e-01
1.047266642252604241e+00
-6.268348693847656250e-01
4.137771659427219029e-01
1.048163943820529465e+00
2.588267326354980469e-01
2.914897070990668526e-01
-7.422189182705349886e-01
8.001417054070366630e-01
-4.291730986701117745e-01
-1.292112386888927961e-02
1.246731546190049889e+00
2.244412634107801618e-01
6.030076874627007255e-01
6.769011285569932479e-01
3.008815977308485490e-01
-3.120070298512776508e-01
nan
nan
nan
nan
4.590781529744465961e-01
8.667128350999619979e-01
1.382264984978569977e+00
4.526104397243923549e-01
-1.026334550645616295e+00
-2.848989698621962052e-01
-2.107844617631700335e-01
-4.011195235782199497e-01
4.013347625732421875e-01
2.352126439412434988e-01
2.948904567294650669e-01
-9.007305569118924105e-01
8.825416035122342073e-01
3.319159878624809989e-01
7.920890914069281807e-01
-7.936578326755099333e-01
1.576442506578233482e+00
-9.724935558107164479e-02
-7.591008080376518974e-01
-4.555302196078830218e-02
-3.491232924991183872e-01
-4.499760766824086218e-03
-1.203445434570312500e+00
1.166355662875705246e+00
-6.924109458923339844e-01
1.370962142944335938e+00
3.632327980465359096e-01
-4.852027363247341518e-01
nan
nan
nan
nan
-5.747551388210720980e-01
1.559777127371894112e-01
2.434642050001356306e-01
5.145978927612304688e-01
6.297134823269314730e-01
-1.354502174589369001e-01
-1.196176528930664062e+00
3.252035048272874929e-02
1.535249286227756138e-01
-3.296645482381184711e-01
-4.872740109761555805e-01
-1.084862815009222992e+00
1.332608116997612946e+00
1.024103800455729241e+00
7.229795058568318222e-02
-5.695602628919813615e-01
-3.028104835086398716e-01
1.615314483642578125e+00
-3.369108570946587333e-01
1.015357865227593415e+00
-3.400292396545410156e-01
1.121810171339246986e+00
-1.296854654947916741e+00
2.970511383480495954e-02
-1.263839933607313337e-01
-6.192772653367784041e-01
-2.327144410875108538e-01
2.062964704301622210e-01
nan
nan
nan
nan
-4.114045037163628349e-01
7.680941952599419642e-02
-6.439052157931857145e-01
3.082277046309576940e-02
-1.329863972134060379e+00
1.289458539750840960e-01
-2.308562331729465122e-01
1.226636966069539342e-01
4.572779337565104352e-01
1.526626745859781809e-01
-1.263613382975260491e+00
-3.556147416432698383e-01
2.837551699744330636e-01
5.006519953409830359e-01
3.341378106011284599e-01
-1.530039575364854576e+00
6.729953024122450334e-01
-6.014024416605631140e-01
1.677140553792317634e+00
1.090780364142523773e+00
-2.769419352213541852e-01
3.561505476633707867e-01
-1.902213096618652344e-01
7.079016367594400672e-01
4.441019694010416852e-01
2.016523149278428850e-01
5.821705394321017302e-01
-6.250323189629448661e-01
nan
nan
nan
nan
9.859245353274875834e-02
-9.067224926418728792e-01
1.329108874003092522e+00
-2.938975493113200055e-01
-6.237253612942166292e-01
-8.874396218193901786e-01
5.738224585851033760e-02
9.476456112331814730e-01
-1.162306785583496094e+00
-8.872799873352050781e-01
-5.242955949571397323e-01
-4.632857110765245534e-02
6.342398855421278459e-01
-3.676492373148600445e-01
-2.615066104465060826e-01
1.028584837913513184e-01
8.486425081888834265e-01
6.450304580438468794e-05
-1.143487584259774998e-03
-5.594325595431857145e-01
-1.061966286765204520e-01
6.671888563368055802e-01
-4.435778326458401227e-02
8.959402508205838167e-01
-3.734132713741726284e-01
8.947607676188150672e-01
1.153293185763888951e-01
6.469582186804877233e-02
nan
nan
nan
nan
-1.987794637680053711e-01
2.795030011071099052e-01
-5.958266788058810270e-01
1.502505938212076765e-02
-2.751556502448188057e-01
-4.592900888787375749e-03
2.748466067843967076e-01
-8.087112108866373328e-01
9.438146485222710658e-02
-8.872194819980196989e-01
6.186693906784057617e-02
5.210189819335937500e-01
-5.771220392651028180e-02
-6.328522364298502234e-01
9.856153196758693502e-02
4.790938165452744979e-01
-4.431156317392985211e-01
-3.001587390899658203e-01
-8.593276341756185266e-01
-1.112861103481716629e+00
1.284535619947645424e+00
1.938377883699205217e-01
1.687232918209499721e-01
-9.490338431464301339e-01
-1.256761815812852678e-01
1.473498238457573883e+00
9.742667939927842635e-01
-2.439565393659803572e-01
nan
nan
nan
nan
4.614007737901475448e-01
-2.450098196665445871e-01
-1.063417991002400670e-01
3.838311036427815570e-01
-1.109465387132432701e+00
1.324111699230141014e-03
3.770359887017143974e-01
-2.865793440077040177e-01
-4.664751887321472168e-02
7.310288747151693078e-01
-1.286390622456868416e+00
-3.361608915858798480e-02
-1.017677121692233677e-01
5.830396016438802453e-01
-3.928285174899630999e-02
1.211402151319715736e+00
3.720157411363389510e-01
1.989041169484456473e-01
-1.088057200113932366e+00
8.400652673509385604e-01
-3.274159961276584263e-01
1.557571411132812500e+00
-2.636510266198052177e-01
4.155915578206380023e-01
-6.546299722459580916e-01
3.352831204732258930e-01
8.453267812728881836e-02
-4.960019323560926896e-01
nan
nan
nan
nan
2.773486574490864956e-02
2.498502996232774553e-01
-1.333288484149509068e-01
3.137736585405137557e-01
-2.131922642389933176e-01
1.591300964355468750e-01
-1.112817658318413727e+00
-4.026308854420979633e-01
-8.481365839640299109e-01
-5.561056666904025114e-01
-2.714575661553276786e-01
-1.346377160814073326e+00
-1.070427431000603585e-01
-4.904351234436035156e-01
-2.210695213741726284e-01
1.189593871434529576e-01
-2.338613139258490792e-01
3.214564853244357701e-01
7.292574246724446985e-01
5.470818943447537386e-01
6.595662434895833703e-01
4.367680284712049943e-01
2.494845390319824219e-01
4.930982589721679688e-01
-9.818425708346896208e-01
9.683417214287651786e-01
6.123618549770779573e-01
4.091906547546386719e-01
nan
nan
nan
nan
3.210383786095513114e-01
-1.226997375488281250e+00
-9.605559243096245536e-01
1.105710347493489509e+00
-5.615808169047037390e-01
-4.944983124732971191e-02
-5.896485116746690291e-01
-1.360995398627387054e+00
7.917564709981282922e-01
-8.584668238957722519e-02
-6.607599390877617884e-02
-3.946364455752902622e-01
-7.337830331590440291e-01
8.132420645819770089e-01
9.249583350287543526e-01
3.119637701246473771e-01
1.133576631546020508e-01
-1.437268257141113281e+00
-4.121758672926161271e-01
1.909431484010484514e-01
1.621683273050520194e-02
-1.524034870995415458e-01
8.396001921759711495e-01
-8.313552538553873328e-01
4.588080512152777901e-01
4.850633409288194198e-01
6.990468237135145646e-01
-1.031931453280978683e+00
nan
nan
nan
nan
-1.111010776625739188e-01
5.315211613972982141e-01
-9.668278031879001810e-02
-6.847835646735297432e-01
-1.405142943064371652e-01
-1.040945159064398773e+00
-1.410428365071614509e+00
1.398231983184814453e-01
2.332386175791422434e-01
6.252218882242838172e-01
-3.631396028730604630e-01
-2.966539594862196427e-01
-5.109286838107638395e-01
-5.304040378994412386e-01
1.212313334147135491e+00
-3.018401993645561943e-01
-7.391238742404513395e-01
-8.465647697448730469e-01
-9.882247712877061385e-01
-4.878681500752766742e-01
7.704983817206488561e-02
5.367826256487105013e-03
-1.531237708197699554e+00
-2.059295309914482841e-01
-3.151304986741807479e-01
3.128915627797444476e-01
-8.413183954026963729e-01
9.763508902655707589e-01
nan
nan
nan
nan
-6.806041929456922990e-01
-4.681515163845486049e-01
2.778822845882839565e-01
2.102856900956895647e-01
-3.281964196099175224e-01
3.157027032640244979e-01
-1.996948719024658203e-01
-1.956476423475477455e+00
4.570305082533094865e-01
7.208625475565592078e-01
6.744054953257243301e-02
-3.405653105841742745e-01
-2.883905834621853237e-01
5.014222992791069755e-01
-2.592479917738172990e-01
-6.102125379774305802e-01
-1.171651151445176897e-01
-1.487127939860025949e-01
-2.153854105207655134e-01
6.320380502276951029e-02
8.613816367255316964e-01
-1.757579776975843611e-01
-9.883967505560981026e-01
1.328187836541069977e+00
3.800784481896294364e-01
-6.349373923407660714e-01
-1.842494752671983482e+00
-4.520851771036784039e-01
nan
nan
nan
nan
-8.356716367933485490e-01
-7.126293712192111052e-01
-1.435888343387179966e-01
-1.039614995320637947e+00
-3.866394360860189033e-02
nan
2.285975615183512277e-01
-2.334135108523898716e-01
5.593285560607910156e-01
5.471182399325900114e-01
-1.804153389400905971e-01
8.640664948357476005e-01
1.818747255537244978e-01
5.422130160861544645e-01
6.390574243333604354e-01
8.444826338026258927e-01
-4.292643335130479354e-01
9.473413891262478792e-01
-2.182826995849609375e-01
-3.594099680582682477e-01
-1.369360605875651116e+00
-1.037061161465115067e+00
-4.462227821350097656e-01
-1.401442103915744308e+00
1.518934991624620201e+00
-5.403740538491143275e-02
1.270500606960720535e+00
-4.635594156053330916e-01
nan
nan
