nan
nan
-8.045385479927062988e-01
-5.495339035987854004e-01
-1.347014784812927246e+00
1.032426238059997559e+00
9.495272040367126465e-01
2.244830131530761719e-01
2.384244650602340698e-01
1.327434480190277100e-01
1.350661367177963257e-01
-3.906382620334625244e-01
-1.285765171051025391e+00
-6.152220815420150757e-02
5.877948403358459473e-01
1.739410519599914551e+00
-7.080539129674434662e-03
7.766267657279968262e-01
-5.511414408683776855e-01
-3.114990890026092529e-01
4.922950565814971924e-01
-4.796125292778015137e-01
1.566433310508728027e-01
1.790161132812500000e-01
-3.690942227840423584e-01
1.081537365913391113e+00
2.972257733345031738e-01
-7.121434211730957031e-01
-1.273629069328308105e-01
2.461251914501190186e-01
nan
nan
nan
nan
3.820213675498962402e-01
-4.567755758762359619e-01
6.641144156455993652e-01
-1.628745198249816895e-01
3.182721734046936035e-01
8.408964276313781738e-01
-1.852589488029479980e+00
3.522291779518127441e-01
5.112772062420845032e-02
-7.301696538925170898e-01
-2.273690700531005859e-01
-7.436955720186233521e-02
-8.854160904884338379e-01
-5.810543298721313477e-01
-3.318456709384918213e-01
2.981764972209930420e-01
8.448718786239624023e-01
3.126192465424537659e-02
1.239482402801513672e+00
8.749223947525024414e-01
9.956918358802795410e-01
-9.963607043027877808e-02
1.786143779754638672e-01
-7.920855283737182617e-01
-1.576669812202453613e+00
4.937117695808410645e-01
-1.055109426379203796e-01
7.089866995811462402e-01
nan
nan
nan
nan
-4.542646408081054688e-01
-1.079414606094360352e+00
2.756292581558227539e+00
-7.567937374114990234e-01
-7.045570611953735352e-01
7.079984545707702637e-01
-4.948910772800445557e-01
-9.675388336181640625e-01
-5.895926952362060547e-01
4.092299342155456543e-01
3.903199434280395508e-01
-1.028568983078002930e+00
1.963729262351989746e-01
3.435701131820678711e-01
4.532750248908996582e-01
2.697260975837707520e-01
-3.590544760227203369e-01
1.062229156494140625e+00
-1.070740222930908203e+00
8.808611035346984863e-01
-1.780194520950317383e+00
1.451474666595458984e+00
1.360519170761108398e+00
-7.229103147983551025e-02
4.916031658649444580e-02
-1.533375263214111328e+00
-9.962072968482971191e-01
-1.540485918521881104e-01
nan
nan
nan
nan
-1.246889829635620117e+00
-1.381920456886291504e+00
-6.061034798622131348e-01
8.903222680091857910e-01
-2.881669104099273682e-01
6.953892707824707031e-01
-4.528097435832023621e-02
7.266394495964050293e-01
2.029009103775024414e+00
6.637396216392517090e-01
-1.342682480812072754e+00
-9.229747653007507324e-01
-3.906912803649902344e-01
1.783198833465576172e+00
9.423538446426391602e-01
6.692332625389099121e-01
-5.831670165061950684e-01
-9.311686158180236816e-01
-4.978891313076019287e-01
-7.927081733942031860e-02
-6.324840188026428223e-01
-7.087051868438720703e-01
2.113190144300460815e-01
-1.171587347984313965e+00
-1.394702672958374023e+00
6.731702685356140137e-01
-1.281744599342346191e+00
3.244276940822601318e-01
nan
nan
nan
nan
-1.036437511444091797e+00
4.116013348102569580e-01
2.531691193580627441e-01
6.374409794807434082e-02
4.870885014533996582e-01
1.441286444664001465e+00
6.845311075448989868e-02
3.566777408123016357e-01
4.313162863254547119e-01
-1.199596166610717773e+00
-6.176351308822631836e-01
-5.972415208816528320e-01
6.661232709884643555e-01
1.692776560783386230e+00
3.626724332571029663e-02
-1.193339347839355469e+00
4.896611273288726807e-01
2.195065736770629883e+00
1.702781677246093750e+00
9.515971541404724121e-01
-1.111523285508155823e-01
-3.751638531684875488e-01
1.356849670410156250e+00
6.534913182258605957e-01
-5.501477718353271484e-01
2.466993182897567749e-01
-3.175153732299804688e-01
5.687583088874816895e-01
nan
nan
nan
nan
4.710678011178970337e-02
-7.791607975959777832e-01
7.041779160499572754e-01
2.428229600191116333e-01
1.807903796434402466e-01
-1.143223881721496582e+00
-5.840474367141723633e-01
-1.740766614675521851e-01
-2.495661079883575439e-01
1.291124701499938965e+00
-6.745074987411499023e-01
-9.933184385299682617e-01
-3.810823559761047363e-01
4.270057380199432373e-02
2.285443693399429321e-01
-1.473930478096008301e-01
-5.077970623970031738e-01
1.253823161125183105e+00
-1.249424338340759277e+00
1.300997853279113770e+00
-3.848519623279571533e-01
-5.241295695304870605e-01
1.918461203575134277e+00
-6.472334265708923340e-01
2.887124121189117432e-01
-3.254051208496093750e-01
-3.697925806045532227e-01
4.853158295154571533e-01
nan
nan
nan
nan
5.000017881393432617e-01
-2.641998529434204102e-01
-3.060076534748077393e-01
6.298829317092895508e-01
1.508669495582580566e+00
6.133166700601577759e-02
6.958924531936645508e-01
4.563030600547790527e-01
6.977801918983459473e-01
-8.860458731651306152e-01
5.310388803482055664e-01
1.098394751548767090e+00
-6.844088435173034668e-01
-1.061499834060668945e+00
8.890901207923889160e-01
6.792106628417968750e-01
4.368796050548553467e-01
-6.969247460365295410e-01
-1.385744929313659668e+00
-5.352124571800231934e-01
-1.010162904858589172e-01
-5.991079807281494141e-01
7.062047123908996582e-01
5.138630270957946777e-01
-9.501957893371582031e-01
-1.577304720878601074e+00
4.176108837127685547e-01
9.611939787864685059e-01
nan
nan
nan
nan
5.892493128776550293e-01
4.733559787273406982e-01
-7.587565779685974121e-01
6.267391443252563477e-01
1.983762085437774658e-01
-4.133869707584381104e-01
-4.612729847431182861e-01
2.962279021739959717e-01
6.275682896375656128e-02
-7.443026900291442871e-01
-3.254257142543792725e-01
1.010709558613598347e-03
-1.408598273992538452e-01
-9.205021858215332031e-01
-1.185425519943237305e-01
-1.531775355339050293e+00
-1.253852725028991699e+00
-1.284139156341552734e+00
-3.489449024200439453e-01
5.082461833953857422e-01
-8.858499526977539062e-01
-3.798149228096008301e-01
-5.005884766578674316e-01
-3.445488810539245605e-01
3.657229244709014893e-01
1.579977385699748993e-02
2.692497372627258301e-01
-6.566417217254638672e-02
nan
nan
nan
nan
-6.111207008361816406e-01
-7.119330693967640400e-04
-9.179966151714324951e-02
1.380511820316314697e-01
2.573854625225067139e-01
-2.287323474884033203e-01
1.177002023905515671e-02
9.086285829544067383e-01
2.071423381567001343e-01
1.606652140617370605e-01
-5.465883612632751465e-01
1.912116765975952148e+00
-7.704164832830429077e-02
-2.761911749839782715e-01
1.616637110710144043e-01
4.056942760944366455e-01
5.558799579739570618e-02
5.197713375091552734e-01
-1.270764134824275970e-02
-4.342522323131561279e-01
5.717869848012924194e-03
2.025881767272949219e+00
-6.161364316940307617e-01
2.423768341541290283e-01
-3.292172551155090332e-01
1.394207119941711426e+00
-2.812612056732177734e-01
9.173842072486877441e-01
nan
nan
nan
nan
-1.270268797874450684e+00
-4.175171852111816406e-01
-1.359866023063659668e+00
-2.930998504161834717e-01
-1.066282987594604492e+00
-4.261624068021774292e-03
2.477339744567871094e+00
-1.113916039466857910e+00
1.371739506721496582e+00
-8.761020302772521973e-01
-1.792194098234176636e-01
1.826109439134597778e-01
9.151235222816467285e-01
9.377883076667785645e-01
-6.595098376274108887e-01
5.874210000038146973e-01
-7.532227635383605957e-01
7.695961594581604004e-01
-6.253683567047119141e-01
6.618022918701171875e-01
-1.378906726837158203e+00
6.088188886642456055e-01
8.320853710174560547e-01
-1.585248708724975586e-01
-1.753894090652465820e-01
2.686911523342132568e-01
6.139437556266784668e-01
8.493183851242065430e-01
nan
nan
nan
nan
3.527415692806243896e-01
-8.124423623085021973e-01
-7.713440060615539551e-01
2.989555299282073975e-01
5.411421060562133789e-01
6.604137420654296875e-01
-3.612727820873260498e-01
6.953206062316894531e-01
-1.342891603708267212e-01
1.153690218925476074e-01
-3.612495660781860352e-01
2.758660018444061279e-01
6.514090895652770996e-01
-6.418098807334899902e-01
-1.688191443681716919e-01
1.736664533615112305e+00
-7.576406002044677734e-02
4.304629266262054443e-01
-6.972873955965042114e-02
-3.346000015735626221e-01
-2.933825254440307617e-01
2.493181452155113220e-02
-1.806258082389831543e+00
8.639467954635620117e-01
-2.867754399776458740e-01
-8.977583795785903931e-02
-6.237299442291259766e-01
1.273725509643554688e+00
nan
nan
nan
nan
1.038983277976512909e-02
-3.281884789466857910e-01
-6.082577705383300781e-01
-7.400515079498291016e-01
3.866448402404785156e-01
1.388955950736999512e+00
8.935203552246093750e-01
-1.659436523914337158e-01
5.234228968620300293e-01
-8.654960393905639648e-01
3.509927392005920410e-01
-9.823331236839294434e-01
-1.073257684707641602e+00
1.967958450317382812e+00
-3.127495571970939636e-02
-4.470608234405517578e-01
1.585204005241394043e-01
-2.209762930870056152e-01
6.195116639137268066e-01
-5.803958699107170105e-02
-2.337481379508972168e-01
5.511876344680786133e-01
9.897850453853607178e-02
-3.291751742362976074e-01
4.035233333706855774e-02
1.449149847030639648e-01
-1.422313451766967773e-01
-7.833516597747802734e-01
nan
nan
nan
nan
-1.608160138130187988e+00
2.015281170606613159e-01
-3.666459918022155762e-01
-6.073669791221618652e-01
-4.157487154006958008e-01
-5.386669039726257324e-01
-4.141610562801361084e-01
-1.349267959594726562e+00
-1.463956952095031738e+00
6.560515761375427246e-01
-5.234848856925964355e-01
1.725229740142822266e+00
1.928002536296844482e-01
8.898794651031494141e-01
1.525348871946334839e-01
8.395007252693176270e-01
3.920050859451293945e-01
-2.748884558677673340e-01
5.541159510612487793e-01
3.704127669334411621e-01
2.664155364036560059e-01
-5.306898951530456543e-01
2.274455130100250244e-01
7.609100937843322754e-01
-2.613376080989837646e-01
-7.973442673683166504e-01
4.432963728904724121e-01
6.790376305580139160e-01
nan
nan
nan
nan
1.998648978769779205e-02
-1.698430180549621582e+00
-1.123254179954528809e+00
-1.570958644151687622e-01
-1.065935373306274414e+00
2.446021586656570435e-01
1.792183160781860352e+00
-1.010161757469177246e+00
-2.688093483448028564e-01
5.484366416931152344e-02
-7.226845622062683105e-02
-8.924760818481445312e-01
-1.315428316593170166e-01
1.155484318733215332e-01
4.482662379741668701e-01
8.389865756034851074e-01
-4.699407815933227539e-01
-9.816567301750183105e-01
1.293182134628295898e+00
9.774874448776245117e-01
-3.561471402645111084e-01
4.609415829181671143e-01
2.083928436040878296e-01
-1.580429077148437500e-01
3.545542955398559570e-01
-3.189718723297119141e-01
-9.983396530151367188e-01
6.285355687141418457e-01
nan
nan
nan
nan
-6.353077292442321777e-01
-3.970556259155273438e-01
-5.869106650352478027e-01
-1.102999567985534668e+00
1.695895314216613770e+00
1.008528947830200195e+00
2.445772141218185425e-01
-2.117864638566970825e-01
2.201914042234420776e-01
9.224194288253784180e-01
5.958347916603088379e-01
1.058273434638977051e+00
-1.835518926382064819e-01
-3.555803298950195312e-01
-2.548989057540893555e-01
-1.117745265364646912e-01
-2.508565485477447510e-01
-1.000847101211547852e+00
3.311220705509185791e-01
-4.466623533517122269e-03
-3.424061834812164307e-01
-1.135483980178833008e+00
1.491019874811172485e-01
-4.645928442478179932e-01
-5.417618155479431152e-01
-3.835079073905944824e-02
-5.265129804611206055e-01
-4.663220047950744629e-01
nan
nan
nan
nan
5.624498128890991211e-01
1.160892918705940247e-01
8.010405302047729492e-01
-6.617670655250549316e-01
3.624674677848815918e-01
-1.823322027921676636e-01
5.187972784042358398e-01
-6.551480889320373535e-01
-5.446934103965759277e-01
-1.669332623481750488e+00
-1.728631556034088135e-02
7.932958006858825684e-01
-3.623728156089782715e-01
-7.381888628005981445e-01
1.877645254135131836e-01
-1.323045492172241211e-01
-1.444442868232727051e-01
8.168323636054992676e-01
-5.951599478721618652e-01
1.817689836025238037e-01
-2.886230945587158203e-01
-1.236465573310852051e+00
1.038909181952476501e-01
-5.055637657642364502e-02
8.359363079071044922e-01
-4.774972051382064819e-02
6.822042465209960938e-01
5.383846759796142578e-01
nan
nan
nan
nan
-1.754838466644287109e+00
-5.531188100576400757e-02
-2.093045473098754883e+00
-1.166327118873596191e+00
1.642796956002712250e-02
-4.833123683929443359e-01
6.475220322608947754e-01
-1.146625041961669922e+00
6.657713651657104492e-02
-1.284035682678222656e+00
5.353392958641052246e-01
7.251447532325983047e-03
1.461084842681884766e+00
9.881134144961833954e-03
-6.567337512969970703e-01
-5.665937066078186035e-02
3.733851015567779541e-01
7.032621651887893677e-02
-2.766464464366436005e-02
6.573290824890136719e-01
-6.697121262550354004e-01
-1.546990871429443359e+00
1.336028695106506348e+00
9.989368915557861328e-01
-5.548486113548278809e-01
-1.740365982055664062e+00
-7.793239355087280273e-01
1.090511918067932129e+00
nan
nan
nan
nan
9.995692372322082520e-01
5.558861419558525085e-02
-1.030390858650207520e+00
6.149296760559082031e-01
8.210607171058654785e-01
-1.605483889579772949e-01
-4.767705798149108887e-01
-9.027501344680786133e-01
1.388209462165832520e-01
-4.478923603892326355e-02
-1.018018722534179688e-01
-2.111333310604095459e-01
-3.171209990978240967e-01
7.007207274436950684e-01
-5.955089330673217773e-01
-3.389232158660888672e-01
-1.394124269485473633e+00
-3.361614942550659180e-01
-6.717517375946044922e-01
-7.503241896629333496e-01
1.799058318138122559e+00
8.126531541347503662e-02
-1.016986250877380371e+00
2.051012814044952393e-01
5.010060667991638184e-01
1.570224165916442871e+00
-4.521246552467346191e-01
-5.345440655946731567e-02
nan
nan
nan
nan
-7.853235602378845215e-01
5.070318579673767090e-01
5.586020350456237793e-01
2.107764035463333130e-02
-4.376783967018127441e-01
-3.279746174812316895e-01
2.323597669601440430e-01
-2.592314481735229492e-01
5.947691202163696289e-01
-4.572934657335281372e-02
4.273818731307983398e-01
-1.012494564056396484e+00
-1.928092092275619507e-01
9.052894711494445801e-01
5.825948715209960938e-01
8.764209747314453125e-01
-3.523563742637634277e-01
-1.347933709621429443e-01
5.052348375320434570e-01
9.024429321289062500e-01
-8.187588304281234741e-03
-8.128629922866821289e-01
3.893836736679077148e-01
-7.309695482254028320e-01
2.927133142948150635e-01
4.006956815719604492e-01
5.506160259246826172e-01
-5.610268115997314453e-01
nan
nan
nan
nan
1.404722332954406738e+00
-1.328891992568969727e+00
6.293923854827880859e-01
-1.957591995596885681e-02
3.935139477252960205e-01
-2.494712620973587036e-01
-1.461570262908935547e+00
7.863674163818359375e-01
1.054097414016723633e+00
-7.033308148384094238e-01
-1.798718422651290894e-01
8.764699697494506836e-01
2.962950170040130615e-01
-1.243584156036376953e+00
-1.504702568054199219e+00
-1.048051834106445312e+00
2.134586572647094727e-01
3.286536931991577148e-01
1.563041925430297852e+00
1.776165217161178589e-01
-1.667244434356689453e-01
4.976031780242919922e-01
-3.284417837858200073e-02
7.574176788330078125e-01
6.180308461189270020e-01
2.350506186485290527e-01
-5.122463107109069824e-01
3.300237357616424561e-01
nan
nan
nan
nan
-1.070621252059936523e+00
8.969932794570922852e-01
1.869596958160400391e+00
-1.330079674720764160e+00
-1.045404195785522461e+00
4.960662722587585449e-01
2.849973738193511963e-01
-1.743756383657455444e-01
-7.650782465934753418e-01
-1.528477907180786133e+00
-7.201250195503234863e-01
7.752797007560729980e-02
2.222136706113815308e-01
-1.303689628839492798e-01
-1.098924994468688965e+00
-6.131036281585693359e-01
1.410917282104492188e+00
-5.916922912001609802e-02
3.208805322647094727e-01
9.442433118820190430e-01
2.916736900806427002e-01
4.965205788612365723e-01
-2.105668634176254272e-01
5.646467581391334534e-02
-9.364313483238220215e-01
-1.199292182922363281e+00
-1.159805178642272949e+00
-1.240763664245605469e+00
nan
nan
nan
nan
1.736196637153625488e+00
1.566768884658813477e+00
6.249967217445373535e-01
2.023806124925613403e-01
-3.335010111331939697e-01
1.077577710151672363e+00
-4.862579703330993652e-01
-8.233917951583862305e-01
-6.430093050003051758e-01
3.254808187484741211e-01
-4.709031805396080017e-02
-1.393282711505889893e-01
7.047367095947265625e-01
-9.719862937927246094e-01
-9.316796064376831055e-01
7.145413756370544434e-01
9.199082851409912109e-01
-3.414939641952514648e-01
1.957178950309753418e+00
2.897596061229705811e-01
3.376598358154296875e-01
1.075067222118377686e-01
8.413671702146530151e-02
1.349225521087646484e+00
-3.047080039978027344e-01
1.033932328224182129e+00
-4.068598747253417969e-01
-6.707828640937805176e-01
nan
nan
nan
nan
-8.470318913459777832e-01
-6.275463104248046875e-01
-2.741860747337341309e-01
3.735732436180114746e-01
-4.914905503392219543e-02
1.054942011833190918e+00
-9.305997937917709351e-02
5.974217057228088379e-01
-1.061674714088439941e+00
9.179313182830810547e-01
4.860445261001586914e-01
4.086075723171234131e-01
1.416877031326293945e+00
1.062975168228149414e+00
-9.923210144042968750e-01
1.149881258606910706e-01
-8.314266204833984375e-01
6.551464200019836426e-01
-1.190005898475646973e+00
1.925296902656555176e+00
-1.197226047515869141e-01
1.027687862515449524e-01
7.530440092086791992e-01
-4.222958087921142578e-01
-1.133714079856872559e+00
1.342101246118545532e-01
3.225367963314056396e-01
-1.175232768058776855e+00
nan
nan
nan
nan
-3.539689183235168457e-01
7.752165794372558594e-01
5.118743181228637695e-01
4.922058880329132080e-01
1.052416205406188965e+00
nan
7.422427535057067871e-01
1.424742937088012695e-01
-4.142063260078430176e-01
8.006017804145812988e-01
6.119546890258789062e-01
-4.739686548709869385e-01
4.555198550224304199e-01
-2.237525731325149536e-01
7.514856457710266113e-01
-8.682329654693603516e-01
3.260999321937561035e-01
2.992804944515228271e-01
5.879613161087036133e-01
8.617209196090698242e-01
4.043960273265838623e-01
-1.639179885387420654e-01
4.946973323822021484e-01
5.245882868766784668e-01
4.598336517810821533e-01
-3.337013125419616699e-01
-1.663359701633453369e-01
1.026191338896751404e-01
nan
nan
