nan
nan
5.871782898902893066e-01
2.262898832559585571e-01
1.435196161270141602e+00
1.478288054466247559e+00
6.270296573638916016e-01
9.292436242103576660e-01
8.446889519691467285e-01
-3.946888446807861328e-01
-1.505538582801818848e+00
-2.283676117658615112e-01
4.521455764770507812e-01
-3.453248441219329834e-01
-1.339907497167587280e-01
4.798759892582893372e-02
4.563723802566528320e-01
-7.409618496894836426e-01
-6.169758439064025879e-01
4.028276503086090088e-01
-1.974915154278278351e-02
2.647377490997314453e+00
-5.543367862701416016e-01
6.564447283744812012e-02
2.281752377748489380e-01
1.389760375022888184e+00
9.452763795852661133e-01
1.069876551628112793e+00
-4.522713720798492432e-01
8.655732870101928711e-02
nan
nan
nan
nan
-4.848931133747100830e-01
5.496875047683715820e-01
-1.088912129402160645e+00
8.861219882965087891e-02
1.395783573389053345e-01
-1.207126021385192871e+00
3.577011525630950928e-01
1.201174631714820862e-01
1.147539019584655762e+00
-1.400901317596435547e+00
-1.572211831808090210e-02
6.071795225143432617e-01
-1.086643576622009277e+00
7.374334335327148438e-01
-1.696326583623886108e-01
3.150925636291503906e-01
-1.855625361204147339e-01
-4.440727084875106812e-02
2.029308825731277466e-01
-1.149462819099426270e+00
4.520761370658874512e-01
-9.024884104728698730e-01
2.691707909107208252e-01
-1.614057064056396484e+00
3.850767910480499268e-01
3.472269475460052490e-01
2.763784527778625488e-01
8.242451548576354980e-01
nan
nan
nan
nan
-1.275588721036911011e-01
-1.178417325019836426e+00
-1.132220983505249023e+00
1.303050220012664795e-01
-9.607261419296264648e-01
-6.289852261543273926e-01
1.959812402725219727e+00
-5.694659352302551270e-01
1.167786836624145508e+00
9.215893149375915527e-01
5.305768847465515137e-01
4.311056435108184814e-01
-1.372883468866348267e-01
1.355049848556518555e+00
-3.472753465175628662e-01
9.492622613906860352e-01
-2.180527150630950928e-01
2.628396153450012207e-01
2.402099519968032837e-01
8.124003410339355469e-01
9.116995334625244141e-01
-7.962637543678283691e-01
-3.706740736961364746e-01
2.580567002296447754e-01
7.000334262847900391e-01
4.565511941909790039e-01
-8.449582457542419434e-01
-1.806541681289672852e-01
nan
nan
nan
nan
3.231918513774871826e-01
1.120722889900207520e-01
-9.193738102912902832e-01
-1.150393858551979065e-01
6.055315732955932617e-01
-4.176068603992462158e-01
1.259502887725830078e+00
-5.841126441955566406e-01
9.637283682823181152e-01
-1.315852046012878418e+00
4.652520120143890381e-01
-4.756858944892883301e-01
1.471086859703063965e+00
-5.851086378097534180e-01
-2.812552750110626221e-01
-7.440003752708435059e-01
2.781195640563964844e-01
-1.367319107055664062e+00
-5.288557410240173340e-01
1.693701505661010742e+00
-1.838617086410522461e+00
-7.061265408992767334e-02
1.383325308561325073e-01
-3.438993357121944427e-03
-8.367318511009216309e-01
8.095595985651016235e-02
7.052121758460998535e-01
-3.512147963047027588e-01
nan
nan
nan
nan
1.852760463953018188e-01
2.632846683263778687e-02
-6.441317200660705566e-01
1.053107976913452148e+00
4.100806713104248047e-01
2.141450643539428711e+00
7.022426724433898926e-01
-4.634588658809661865e-01
-2.272909581661224365e-01
-8.285972476005554199e-01
1.084455966949462891e+00
5.153333544731140137e-01
-4.104551374912261963e-01
-1.045629620552062988e+00
1.019373655319213867e+00
1.392618298530578613e+00
1.427777111530303955e-02
1.020453333854675293e+00
4.371685981750488281e-01
-7.228041887283325195e-01
1.911501884460449219e+00
1.005237936973571777e+00
-2.266587615013122559e-01
9.686322808265686035e-01
6.330049037933349609e-01
1.377106085419654846e-02
7.676097750663757324e-01
-1.150125622749328613e+00
nan
nan
nan
nan
5.941249132156372070e-01
1.006188336759805679e-02
-7.586194872856140137e-01
1.228454783558845520e-01
-2.336652576923370361e-01
-7.496313452720642090e-01
2.431798696517944336e+00
2.288945764303207397e-01
-1.008728504180908203e+00
4.603990018367767334e-01
-8.316953182220458984e-01
-6.587789058685302734e-01
-7.330404520034790039e-01
1.528949499130249023e+00
7.274925112724304199e-01
5.566287040710449219e-01
-9.265868663787841797e-01
3.790892660617828369e-01
-9.205466508865356445e-01
3.476155400276184082e-01
8.165559768676757812e-01
-1.047889232635498047e+00
7.207277417182922363e-01
8.255450129508972168e-01
-1.217981874942779541e-01
-4.276093244552612305e-01
-4.525208771228790283e-01
1.232857108116149902e+00
nan
nan
nan
nan
1.005267262458801270e+00
8.853592872619628906e-01
-2.691897749900817871e-01
-1.567409783601760864e-01
-3.584522306919097900e-01
-4.671111330389976501e-02
1.770093478262424469e-02
2.720652818679809570e-01
7.814714312553405762e-01
2.212857268750667572e-02
1.996044218540191650e-01
-9.504855871200561523e-01
5.391240119934082031e-01
2.470614165067672729e-01
1.084023118019104004e-01
-1.549363851547241211e+00
1.038148880004882812e+00
-1.139383912086486816e+00
-6.648696064949035645e-01
5.424845814704895020e-01
1.331316590309143066e+00
9.383068084716796875e-01
-6.130563616752624512e-01
4.578728377819061279e-01
7.620654702186584473e-01
-9.679583907127380371e-01
1.451568752527236938e-01
-3.891112804412841797e-01
nan
nan
nan
nan
6.483712196350097656e-01
-3.736060857772827148e-01
6.699503660202026367e-01
7.292051911354064941e-01
-6.161684989929199219e-01
1.076434016227722168e+00
8.542202115058898926e-01
1.041434764862060547e+00
2.538297474384307861e-01
-6.913992166519165039e-01
-6.949882507324218750e-01
1.027195692062377930e+00
-1.461587071418762207e+00
-1.146609067916870117e+00
-7.280737161636352539e-02
9.457724094390869141e-01
-8.212693929672241211e-01
4.069302678108215332e-01
-7.125367522239685059e-01
9.955840706825256348e-01
1.445945382118225098e+00
1.675541549921035767e-01
-5.085259675979614258e-01
-6.620280146598815918e-01
1.316675305366516113e+00
-1.952489838004112244e-02
1.000008702278137207e+00
6.423143744468688965e-01
nan
nan
nan
nan
9.681647419929504395e-01
6.028407812118530273e-01
-2.093411237001419067e-01
-8.836905658245086670e-02
-2.041770458221435547e+00
4.378044307231903076e-01
-5.767285227775573730e-01
3.628404140472412109e-01
-5.894592404365539551e-01
4.834197461605072021e-01
-6.384718418121337891e-02
1.312339156866073608e-01
-1.712691634893417358e-01
2.142471671104431152e-01
3.780756592750549316e-01
-1.041915655136108398e+00
-1.018187329173088074e-01
-1.117433309555053711e+00
1.179638504981994629e+00
-5.674985647201538086e-01
-6.867942214012145996e-02
-7.499443739652633667e-02
1.653461158275604248e-01
7.886604666709899902e-01
-1.208089962601661682e-01
-1.225633621215820312e+00
7.479572892189025879e-01
-1.180316805839538574e+00
nan
nan
nan
nan
-1.019231319427490234e+00
-6.277934312820434570e-01
6.861308813095092773e-01
-4.839354753494262695e-01
-5.112454295158386230e-01
-3.915134668350219727e-01
3.659579157829284668e-01
-6.467608213424682617e-01
-6.619842350482940674e-02
1.094800710678100586e+00
-9.460564851760864258e-01
8.318293690681457520e-01
8.446981906890869141e-01
-1.481983214616775513e-01
-2.538869380950927734e-01
6.586405038833618164e-01
4.983783960342407227e-01
-8.617104291915893555e-01
4.245975911617279053e-01
-1.124572873115539551e+00
-4.030589461326599121e-01
6.614987254142761230e-01
-5.511105991899967194e-03
1.343676805496215820e+00
3.270975649356842041e-01
2.914105728268623352e-02
4.756522476673126221e-01
-1.535771489143371582e-01
nan
nan
nan
nan
4.995248615741729736e-01
-1.442099094390869141e+00
-2.995277345180511475e-01
-9.863502979278564453e-01
2.398475408554077148e-01
1.345526218414306641e+00
-1.137683913111686707e-02
2.804438769817352295e-01
1.411427736282348633e+00
6.660207509994506836e-01
-3.148744106292724609e-01
4.636324197053909302e-02
1.313063859939575195e+00
-9.916670322418212891e-01
5.927404761314392090e-01
-1.064865112304687500e+00
-3.952662348747253418e-01
1.423983335494995117e+00
4.900189936161041260e-01
-1.050660237669944763e-01
1.006547268480062485e-02
-5.250226259231567383e-01
4.437925219535827637e-01
7.271373867988586426e-01
2.278745472431182861e-01
-5.429412126541137695e-01
1.030257821083068848e+00
7.699022442102432251e-02
nan
nan
nan
nan
-5.547118186950683594e-01
-2.205038443207740784e-02
-1.030515313148498535e+00
-5.530145168304443359e-01
-3.028762061148881912e-03
2.684954088181257248e-03
-5.515995621681213379e-01
2.587102651596069336e-01
-1.528429031372070312e+00
9.906234741210937500e-01
4.010079801082611084e-02
-7.395646572113037109e-01
-3.058098256587982178e-01
4.447105824947357178e-01
1.014600634574890137e+00
-1.133685708045959473e+00
-2.430107146501541138e-01
-4.443998932838439941e-01
-6.977652311325073242e-01
-7.700955271720886230e-01
-8.927055597305297852e-01
1.699049949645996094e+00
-3.371568322181701660e-01
4.644007980823516846e-01
5.809928774833679199e-01
3.547804951667785645e-01
-1.173694252967834473e+00
2.524453997611999512e-01
nan
nan
nan
nan
1.375392824411392212e-01
-3.103555142879486084e-01
7.855466008186340332e-01
-1.024381875991821289e+00
9.163345098495483398e-01
5.932031869888305664e-01
-6.839181780815124512e-01
8.405958414077758789e-01
-1.345254778861999512e-01
-7.387719154357910156e-01
1.390794038772583008e+00
6.800672411918640137e-01
6.442015767097473145e-01
1.507603645324707031e+00
-5.189990997314453125e-01
9.762251973152160645e-01
4.847489297389984131e-01
9.189204573631286621e-01
-2.204687297344207764e-01
-5.138893127441406250e-01
-4.148091375827789307e-01
1.099324077367782593e-01
5.988047719001770020e-01
-4.735556840896606445e-01
8.476171642541885376e-02
-1.364634990692138672e+00
2.849588990211486816e-01
-8.622071146965026855e-01
nan
nan
nan
nan
3.356454968452453613e-01
4.641827642917633057e-01
-5.098692178726196289e-01
-7.084058523178100586e-01
1.699526071548461914e+00
-5.278856754302978516e-01
-5.043380707502365112e-02
1.640716314315795898e+00
7.527022063732147217e-02
-2.002425044775009155e-01
-3.154946491122245789e-02
1.111959099769592285e+00
2.001076042652130127e-01
-1.575013399124145508e-01
-1.611338257789611816e-01
-1.290275305509567261e-01
5.380762815475463867e-01
-9.511082768440246582e-01
-3.568333685398101807e-01
-5.627020597457885742e-01
1.968797892332077026e-01
-1.338087439537048340e+00
-6.078684702515602112e-02
3.868536651134490967e-01
-5.633417889475822449e-02
3.618933558464050293e-01
3.557221889495849609e-01
5.385302901268005371e-01
nan
nan
nan
nan
1.780335307121276855e+00
-5.465889722108840942e-02
-6.998395919799804688e-01
-1.235184550285339355e+00
1.788774132728576660e-01
-8.281961083412170410e-02
4.939436912536621094e-01
2.400072515010833740e-01
-3.592170476913452148e-01
-3.286872208118438721e-01
-5.276725292205810547e-01
1.134065270423889160e+00
3.736490607261657715e-01
-6.617572307586669922e-01
1.024689316749572754e+00
-4.867183566093444824e-01
2.776395082473754883e-01
7.671981453895568848e-01
-5.724563077092170715e-02
2.555379867553710938e-01
-8.164528012275695801e-02
2.411659955978393555e-01
5.753507018089294434e-01
4.306253194808959961e-01
-1.197026949375867844e-02
5.746917724609375000e-01
1.417084097862243652e+00
-5.022118091583251953e-01
nan
nan
nan
nan
4.956292510032653809e-01
4.097683429718017578e-01
5.565214529633522034e-02
1.209392428398132324e+00
-1.895719915628433228e-01
4.184312522411346436e-01
7.027509808540344238e-02
6.033775806427001953e-01
7.017675042152404785e-01
4.021368026733398438e-01
-5.323913097381591797e-01
-9.602771997451782227e-01
-4.863332491368055344e-03
8.656484484672546387e-01
-8.057373762130737305e-01
-2.835835516452789307e-01
2.362922132015228271e-01
-7.555192112922668457e-01
1.263303518295288086e+00
1.030829921364784241e-01
-8.870176225900650024e-02
-3.066971525549888611e-02
6.238030791282653809e-01
4.110623598098754883e-01
8.168817162513732910e-01
-1.178770065307617188e+00
-2.357315570116043091e-01
5.493819117546081543e-01
nan
nan
nan
nan
8.196678757667541504e-01
1.219817325472831726e-01
4.468782842159271240e-01
-7.197822928428649902e-01
-2.169034034013748169e-01
1.041281461715698242e+00
-6.506116986274719238e-01
2.230416284874081612e-04
-1.814015626907348633e+00
3.629562258720397949e-01
-8.710238337516784668e-01
5.362647175788879395e-01
1.053614839911460876e-01
-1.021941423416137695e+00
-3.246645033359527588e-01
-8.998236805200576782e-02
-1.919942200183868408e-01
2.363950908184051514e-01
-6.371175646781921387e-01
-1.189937517046928406e-01
4.370908439159393311e-01
-8.330438137054443359e-01
-5.228318274021148682e-02
2.158471196889877319e-01
1.134805440902709961e+00
-3.380673229694366455e-01
1.210071563720703125e+00
3.697183132171630859e-01
nan
nan
nan
nan
6.413706541061401367e-01
-8.004911541938781738e-01
-1.400882840156555176e+00
9.576620459556579590e-01
4.795738309621810913e-02
-2.591106891632080078e-01
-1.135864973068237305e+00
1.520759314298629761e-01
1.720050126314163208e-01
-2.916704714298248291e-01
3.983500599861145020e-01
7.864795923233032227e-01
5.911432504653930664e-01
-1.638581901788711548e-01
-1.511271446943283081e-01
-1.406681835651397705e-01
9.149895906448364258e-01
-9.484288692474365234e-01
-1.677402406930923462e-01
-5.397436022758483887e-01
4.892700612545013428e-01
6.330811381340026855e-01
-1.367011666297912598e-02
-7.139357924461364746e-01
-8.421539068222045898e-01
-4.448975920677185059e-01
1.529848724603652954e-01
-4.478443264961242676e-01
nan
nan
nan
nan
1.837069153785705566e+00
-1.519815206527709961e+00
2.986218594014644623e-02
-6.377272605895996094e-01
9.663382768630981445e-01
9.895628094673156738e-01
2.451121211051940918e-01
-3.569408059120178223e-01
-2.202447056770324707e-01
-1.690433025360107422e-01
2.383461296558380127e-01
-1.007327914237976074e+00
-9.671984314918518066e-01
2.181026637554168701e-01
-1.191688895225524902e+00
-1.057983994483947754e+00
-3.403683900833129883e-01
-7.605494260787963867e-01
8.642284870147705078e-01
1.053994059562683105e+00
-1.647280097007751465e+00
-8.703267574310302734e-01
1.023620009422302246e+00
-8.215386867523193359e-01
8.877001404762268066e-01
4.005030393600463867e-01
-3.046933114528656006e-01
-6.457897424697875977e-01
nan
nan
nan
nan
6.666849255561828613e-01
1.227719783782958984e+00
-9.121174812316894531e-01
-1.391900539398193359e+00
-2.595696449279785156e-01
1.068027973175048828e+00
4.887809455394744873e-01
5.862820744514465332e-01
-2.019363939762115479e-01
9.598618149757385254e-01
-8.331977725028991699e-01
-5.778249502182006836e-01
4.755890965461730957e-01
1.581086516380310059e-01
1.276281595230102539e+00
1.140322804450988770e+00
-4.443620145320892334e-01
1.414573937654495239e-01
-1.133442446589469910e-01
-1.443575859069824219e+00
-7.544694542884826660e-01
-1.530353784561157227e+00
-4.250670075416564941e-01
1.410893797874450684e-01
3.044266700744628906e-01
-4.733747839927673340e-01
-4.080304503440856934e-02
-2.525348365306854248e-01
nan
nan
nan
nan
1.976107954978942871e-01
-1.572698712348937988e+00
nan
3.244037628173828125e-01
-4.004681110382080078e-02
6.074856519699096680e-01
-7.752761840820312500e-01
-6.181803718209266663e-02
1.498987793922424316e+00
-6.071900129318237305e-01
-8.211240172386169434e-02
2.368993610143661499e-01
1.537575602531433105e+00
6.898040771484375000e-01
1.232454299926757812e+00
-1.223984658718109131e-01
1.879929065704345703e+00
-5.040954351425170898e-01
-3.335558772087097168e-01
-8.201631903648376465e-01
2.383945584297180176e-01
-3.136982619762420654e-01
8.069877028465270996e-01
-1.230957508087158203e+00
1.701445132493972778e-01
-3.655333220958709717e-01
8.774809837341308594e-01
-6.917924433946609497e-02
nan
nan
nan
nan
6.586654186248779297e-01
9.289490580558776855e-01
4.690214991569519043e-01
2.643249928951263428e-01
1.046585321426391602e+00
-1.009277701377868652e-01
1.603826284408569336e-01
-5.624924898147583008e-01
-2.402155194431543350e-03
9.993112087249755859e-02
-3.886356353759765625e-01
-3.113973140716552734e-01
-9.381929636001586914e-01
1.421853154897689819e-01
-8.284562826156616211e-01
9.749904274940490723e-01
-3.101131916046142578e-01
-5.004720687866210938e-01
3.186442255973815918e-01
-6.597622632980346680e-01
7.067331671714782715e-01
1.594933748245239258e+00
8.205372840166091919e-02
3.851220607757568359e-01
-8.020213842391967773e-01
7.943587377667427063e-03
2.455745041370391846e-01
4.439508020877838135e-01
nan
nan
nan
nan
-8.871284723281860352e-01
-5.912896990776062012e-01
-3.742711544036865234e-01
7.159065604209899902e-01
8.668363690376281738e-01
-6.372264623641967773e-01
2.085885703563690186e-01
9.414708018302917480e-01
1.039518475532531738e+00
1.495767980813980103e-01
3.400132358074188232e-01
1.525992602109909058e-01
7.582570910453796387e-01
1.086767315864562988e+00
5.982801318168640137e-01
6.428588628768920898e-01
4.605685472488403320e-01
-3.357191085815429688e-01
-6.087532639503479004e-01
3.958240747451782227e-01
-6.297410726547241211e-01
-4.872812628746032715e-01
-9.791777729988098145e-01
-6.690673232078552246e-01
1.059047818183898926e+00
2.824245691299438477e-01
4.285394549369812012e-01
-1.386873424053192139e-01
nan
nan
nan
nan
8.593260049819946289e-01
-3.264588117599487305e-01
3.843909502029418945e-01
-3.672499656677246094e-01
3.358280360698699951e-01
nan
-1.065581917762756348e+00
4.799194931983947754e-01
6.831415891647338867e-01
-1.000967696309089661e-01
3.296418190002441406e-01
-3.796133399009704590e-01
1.081861495971679688e+00
-4.443228840827941895e-01
1.642524361610412598e+00
7.770459055900573730e-01
3.667830824851989746e-01
4.582139551639556885e-01
9.255991131067276001e-02
9.319567680358886719e-02
7.779946923255920410e-02
-1.152440309524536133e+00
4.861743748188018799e-01
-4.141466021537780762e-01
-6.313763856887817383e-01
-1.549044966697692871e+00
2.511406242847442627e-01
-1.556652903556823730e+00
nan
nan
