nan
nan
-5.195453166961669922e-01
-7.422780394554138184e-01
1.052865862846374512e+00
1.744950890541076660e+00
2.647592127323150635e-01
6.681976318359375000e-01
2.013673931360244751e-01
6.795564889907836914e-01
5.845977067947387695e-01
-6.957191824913024902e-01
-2.737302184104919434e-01
2.392847090959548950e-01
7.019624710083007812e-01
1.945332288742065430e-01
9.316377639770507812e-01
-6.154276132583618164e-01
-2.637541592121124268e-01
6.038053631782531738e-01
7.609484791755676270e-01
1.183025240898132324e+00
-2.561382055282592773e-01
-2.961315028369426727e-02
2.624799609184265137e-01
-8.156132698059082031e-01
5.802112817764282227e-01
-2.107040770351886749e-02
4.139383137226104736e-01
5.469726324081420898e-01
nan
nan
nan
nan
-9.605181813240051270e-01
1.003549933433532715e+00
-3.679508343338966370e-02
9.281898736953735352e-01
-3.987326286733150482e-03
1.229184493422508240e-01
4.958584308624267578e-01
8.921070098876953125e-01
1.429038792848587036e-01
6.031479835510253906e-01
8.915448933839797974e-02
7.410755753517150879e-01
-3.300722241401672363e-01
-1.250068098306655884e-01
-3.148233592510223389e-01
1.941270977258682251e-01
-1.030049443244934082e+00
-1.017020702362060547e+00
4.345936477184295654e-01
1.070879220962524414e+00
1.875340700149536133e+00
7.839907407760620117e-01
1.743460148572921753e-01
9.059634804725646973e-02
-2.044381201267242432e-01
7.093579322099685669e-02
6.210237741470336914e-01
-2.412121891975402832e-01
nan
nan
nan
nan
1.647271513938903809e-01
-1.249486133456230164e-01
-1.121149897575378418e+00
-9.030456095933914185e-02
-8.050118684768676758e-01
3.155425488948822021e-01
-2.419566214084625244e-01
-5.761505961418151855e-01
2.698082029819488525e-01
5.404996871948242188e-01
-1.369962334632873535e+00
1.136010959744453430e-01
-1.016173720359802246e+00
4.061032831668853760e-02
7.927396148443222046e-02
-3.388015031814575195e-01
2.523335218429565430e-01
-1.504688978195190430e+00
-1.219902873039245605e+00
8.959165811538696289e-01
-2.921823263168334961e-01
-2.164301574230194092e-01
5.652914047241210938e-01
-1.437429105862975121e-03
1.900173068046569824e+00
-6.880722045898437500e-01
5.958338975906372070e-01
-1.913686692714691162e-01
nan
nan
nan
nan
1.225488305091857910e+00
6.584617495536804199e-01
1.958469450473785400e-01
-2.305900305509567261e-01
1.270260214805603027e+00
-5.012526512145996094e-01
1.500966548919677734e-01
1.032488942146301270e+00
-8.664020150899887085e-02
3.717907071113586426e-01
9.840129017829895020e-01
1.290368437767028809e-01
3.163056373596191406e-01
-5.441791415214538574e-01
2.273893356323242188e-01
-1.189118146896362305e+00
-1.505271494388580322e-01
-3.404109179973602295e-01
8.432845026254653931e-02
-3.590097725391387939e-01
3.586069047451019287e-01
1.358845591545104980e+00
3.380657732486724854e-01
1.397985100746154785e+00
-1.395107153803110123e-02
-8.147352933883666992e-01
8.519297838211059570e-02
4.115564525127410889e-01
nan
nan
nan
nan
-1.107489824295043945e+00
-1.795698761940002441e+00
-1.534116744995117188e+00
3.324013948440551758e-01
7.790195345878601074e-01
-1.194999933242797852e+00
-4.312545955181121826e-01
3.049640357494354248e-01
1.135877490043640137e+00
5.553480982780456543e-02
1.461424112319946289e+00
8.584211766719818115e-02
-1.220899343490600586e+00
-1.679868340492248535e+00
-3.387219607830047607e-01
-2.561495900154113770e-01
-5.226591229438781738e-01
4.377390742301940918e-01
7.069836854934692383e-01
-8.187015056610107422e-01
1.021045804023742676e+00
-7.728566527366638184e-01
1.291300505399703979e-01
-2.719015181064605713e-01
-1.333595871925354004e+00
3.899545967578887939e-01
-7.637640237808227539e-01
3.481868803501129150e-01
nan
nan
nan
nan
4.559542834758758545e-01
7.150936722755432129e-01
4.956231415271759033e-01
3.547132015228271484e-01
8.832930028438568115e-02
-8.708882927894592285e-01
-1.264815330505371094e+00
-1.382825076580047607e-01
6.824622154235839844e-01
6.648869514465332031e-01
-6.722537279129028320e-01
4.003185331821441650e-01
-6.664566397666931152e-01
-9.746510386466979980e-01
-4.187133908271789551e-02
-1.298344582319259644e-01
1.665241956710815430e+00
6.197683215141296387e-01
1.579418480396270752e-01
-3.221005797386169434e-01
-1.683344006538391113e+00
-9.426154196262359619e-03
-1.244645863771438599e-01
-7.348046302795410156e-01
9.277836680412292480e-01
1.539796948432922363e+00
4.606302976608276367e-01
9.892975687980651855e-01
nan
nan
nan
nan
-4.258413910865783691e-01
-5.389158725738525391e-01
7.716351747512817383e-01
7.654616832733154297e-01
1.896671652793884277e-01
-3.976726233959197998e-01
-4.833169579505920410e-01
-1.912443637847900391e-01
-1.496844887733459473e+00
-3.249854445457458496e-01
8.250598609447479248e-02
-2.584204375743865967e-01
-7.793180346488952637e-01
5.964524149894714355e-01
-7.931687831878662109e-01
4.311603307723999023e-01
6.150535941123962402e-01
1.066200494766235352e+00
1.203048586845397949e+00
5.599305033683776855e-01
-7.471791505813598633e-01
-5.458322912454605103e-02
7.338324189186096191e-02
8.380991220474243164e-01
4.631484746932983398e-01
8.554283380508422852e-01
5.677251219749450684e-01
-6.791363954544067383e-01
nan
nan
nan
nan
5.378422737121582031e-01
-1.091309070587158203e+00
-4.648348093032836914e-01
7.452253103256225586e-01
-1.136038780212402344e+00
-2.467434853315353394e-01
-1.461147814989089966e-01
8.559848070144653320e-01
-5.279942154884338379e-01
-3.159038489684462547e-03
1.064133048057556152e-01
9.000514745712280273e-01
6.585970520973205566e-01
8.902106881141662598e-01
4.884383678436279297e-01
1.277278304100036621e+00
2.814456522464752197e-01
4.822291731834411621e-01
6.337131261825561523e-01
8.903390169143676758e-01
-2.671104967594146729e-01
7.186765670776367188e-01
3.239135146141052246e-01
-3.668604195117950439e-01
8.400638103485107422e-01
-4.683172702789306641e-02
7.741137146949768066e-01
-1.328439712524414062e+00
nan
nan
nan
nan
8.966231346130371094e-01
7.367419451475143433e-02
5.504734441637992859e-02
1.202241182327270508e+00
3.485191762447357178e-01
2.567055821418762207e-01
5.299391746520996094e-01
-6.741246208548545837e-03
-7.007402777671813965e-01
8.733168840408325195e-01
1.432733535766601562e+00
1.127281069755554199e+00
8.068959712982177734e-01
7.337957024574279785e-01
-2.970030009746551514e-01
1.541418790817260742e+00
4.215762615203857422e-01
-3.372557088732719421e-02
-5.850346684455871582e-01
-6.388090848922729492e-01
1.174878716468811035e+00
-1.921236753463745117e+00
-2.179914899170398712e-02
-4.605988264083862305e-01
-1.556153297424316406e+00
-7.583977580070495605e-01
-6.825790554285049438e-02
1.032363057136535645e+00
nan
nan
nan
nan
-1.129500389099121094e+00
-6.664382815361022949e-01
6.916251778602600098e-01
2.885477244853973389e-01
-3.714316785335540771e-01
1.756829261779785156e+00
2.350895702838897705e-01
9.520910382270812988e-01
1.217612981796264648e+00
-1.210072189569473267e-01
1.239616394042968750e+00
-4.676214754581451416e-01
2.559330761432647705e-01
-7.414715290069580078e-01
8.263409137725830078e-02
8.035638332366943359e-01
7.254999876022338867e-01
8.195359706878662109e-01
1.277414441108703613e+00
3.670528233051300049e-01
-8.328319787979125977e-01
-3.445884287357330322e-01
-4.682838022708892822e-01
4.535752907395362854e-02
-5.118950009346008301e-01
9.528484195470809937e-02
9.661474227905273438e-01
1.972396820783615112e-01
nan
nan
nan
nan
1.583781838417053223e+00
8.465414047241210938e-01
3.864788115024566650e-01
-1.061234593391418457e+00
1.124016642570495605e+00
1.131571412086486816e+00
-1.627848386764526367e+00
-3.226029872894287109e-01
-1.144013643264770508e+00
8.375606536865234375e-01
-2.595012784004211426e-01
4.147273898124694824e-01
-4.562584161758422852e-01
-7.598510384559631348e-01
-4.917144179344177246e-01
-1.552629917860031128e-01
1.478489398956298828e+00
-1.756388187408447266e+00
-2.314828634262084961e+00
6.215424537658691406e-01
-9.486300349235534668e-01
-1.841934025287628174e-01
-5.443605780601501465e-01
8.463414013385772705e-02
-3.686299920082092285e-01
7.785951495170593262e-01
-4.037529826164245605e-01
1.027526140213012695e+00
nan
nan
nan
nan
7.803388237953186035e-01
7.756495475769042969e-01
2.306908816099166870e-01
-1.007637143135070801e+00
1.247177720069885254e+00
2.351252734661102295e-01
-9.170987606048583984e-01
1.209618225693702698e-01
4.950838387012481689e-01
-1.238396883010864258e+00
6.589682698249816895e-01
3.696331977844238281e-01
-3.759068846702575684e-01
-5.346226096153259277e-01
3.535858094692230225e-01
1.773856282234191895e+00
6.495613455772399902e-01
-1.769609153270721436e-01
5.913123488426208496e-03
7.408260107040405273e-01
-5.422759652137756348e-01
1.214258313179016113e+00
3.748674094676971436e-01
-2.716054320335388184e-01
-5.746562406420707703e-02
1.171840548515319824e+00
-4.551104307174682617e-01
-1.506117582321166992e+00
nan
nan
nan
nan
1.101988911628723145e+00
1.683357357978820801e-01
-1.310690402984619141e+00
1.889022737741470337e-01
-1.262469172477722168e+00
1.508991360664367676e+00
2.138347923755645752e-01
1.923463046550750732e-01
-9.855089336633682251e-02
8.242632150650024414e-01
6.472603231668472290e-02
-6.869344115257263184e-01
-1.364486336708068848e+00
5.182125568389892578e-01
8.023043870925903320e-01
-4.113798439502716064e-01
9.649598002433776855e-01
-9.551041126251220703e-01
-4.488732218742370605e-01
6.048159003257751465e-01
5.725927948951721191e-01
3.548049628734588623e-01
2.897959053516387939e-01
1.178747296333312988e+00
-1.148360729217529297e+00
6.631004214286804199e-01
-6.489965915679931641e-01
9.312985837459564209e-02
nan
nan
nan
nan
-3.444497883319854736e-01
-3.950167447328567505e-02
3.036413192749023438e-01
-5.173122882843017578e-01
-7.969122380018234253e-02
6.922410130500793457e-01
2.166018486022949219e-01
-6.328828930854797363e-01
9.375491738319396973e-01
-1.168869063258171082e-01
-4.843312203884124756e-01
-3.327412009239196777e-01
1.430737853050231934e+00
1.035411119461059570e+00
4.346460103988647461e-01
6.189501285552978516e-01
-7.702708840370178223e-01
6.995209455490112305e-01
4.325875341892242432e-01
6.350787729024887085e-02
-7.495948076248168945e-01
1.255065560340881348e+00
1.097030043601989746e-01
-2.940407097339630127e-01
1.222862720489501953e+00
-1.348813176155090332e+00
-3.175622522830963135e-01
2.902157045900821686e-02
nan
nan
nan
nan
-3.565341979265213013e-02
2.148475170135498047e+00
8.263114690780639648e-01
-9.381194710731506348e-01
1.549311161041259766e+00
1.911689877510070801e+00
8.158192969858646393e-03
5.595741271972656250e-01
6.051536202430725098e-01
2.665312588214874268e-01
-8.449530601501464844e-02
4.353249073028564453e-01
-9.056318998336791992e-01
4.793297946453094482e-01
5.240792632102966309e-01
-1.067512273788452148e+00
-1.227188110351562500e+00
7.455291748046875000e-01
5.053723454475402832e-01
7.016072981059551239e-03
4.225602447986602783e-01
-2.017020434141159058e-01
8.629526495933532715e-01
8.328237533569335938e-01
1.275387287139892578e+00
-1.007550477981567383e+00
1.068806767463684082e+00
-2.053158134222030640e-01
nan
nan
nan
nan
-9.312871694564819336e-01
6.135239601135253906e-01
4.851621687412261963e-01
-2.846196293830871582e-01
3.732277080416679382e-02
9.363893270492553711e-01
-5.820895433425903320e-01
6.571796257048845291e-03
7.903394103050231934e-01
8.851732015609741211e-01
-4.968214333057403564e-01
1.283103972673416138e-01
1.488391906023025513e-01
9.596149325370788574e-01
3.960666432976722717e-02
-8.636246919631958008e-01
1.458633422851562500e+00
8.256641626358032227e-01
-2.253785133361816406e-01
4.182548820972442627e-02
-1.170261859893798828e+00
1.428151130676269531e-01
-2.801142260432243347e-02
4.763116836547851562e-01
7.679587006568908691e-01
6.056730747222900391e-01
1.366182804107666016e+00
-1.036138758063316345e-01
nan
nan
nan
nan
-2.948905825614929199e-01
3.945299610495567322e-02
-8.023852109909057617e-01
-3.202229440212249756e-01
-6.886449456214904785e-01
2.525806427001953125e-01
1.623798757791519165e-01
7.612503170967102051e-01
4.520520865917205811e-01
-8.354401588439941406e-01
-7.966596484184265137e-01
-7.406787872314453125e-01
5.742982029914855957e-01
-6.809693574905395508e-01
8.858985900878906250e-01
-4.152407124638557434e-02
7.032902240753173828e-01
6.435341387987136841e-02
-1.598526537418365479e-01
5.060228705406188965e-02
-8.333407044410705566e-01
2.470238506793975830e-01
5.351006388664245605e-01
-3.990438282489776611e-01
-3.623140156269073486e-01
3.693988025188446045e-01
6.795779466629028320e-01
-6.230363845825195312e-01
nan
nan
nan
nan
-4.851319491863250732e-01
8.194699883460998535e-01
7.086269259452819824e-01
6.797185540199279785e-01
-1.940060853958129883e-01
6.448916196823120117e-01
-7.710965275764465332e-01
-1.590267896652221680e+00
-5.379748940467834473e-01
1.258864283561706543e+00
-1.034890055656433105e+00
-8.698400855064392090e-01
1.755473017692565918e+00
-2.993618249893188477e-01
-1.357309613376855850e-02
-3.136092424392700195e-01
4.821749404072761536e-02
1.387685239315032959e-01
-9.411777257919311523e-01
-1.878470033407211304e-01
1.170678064227104187e-01
-4.093880951404571533e-01
-3.864633738994598389e-01
2.751808762550354004e-01
4.230419993400573730e-01
1.613586187362670898e+00
-2.467032670974731445e-01
1.183284521102905273e+00
nan
nan
nan
nan
-5.544687509536743164e-01
-4.177512526512145996e-01
7.242426872253417969e-01
-6.296106576919555664e-01
-2.220366150140762329e-01
-5.435068607330322266e-01
2.962699830532073975e-01
-3.835707008838653564e-01
-4.207910001277923584e-01
1.646065860986709595e-01
-1.329682916402816772e-01
5.449020266532897949e-01
-4.524499773979187012e-01
1.279112458229064941e+00
-3.369081765413284302e-02
2.890775501728057861e-01
-7.465143203735351562e-01
-5.525964498519897461e-01
2.675424218177795410e-01
-4.174398481845855713e-01
-8.521041870117187500e-01
-6.342460513114929199e-01
7.175465673208236694e-02
2.865263521671295166e-01
-7.390753626823425293e-01
-5.144719481468200684e-01
3.275479376316070557e-01
1.323705166578292847e-01
nan
nan
nan
nan
1.274985671043395996e+00
1.419044584035873413e-01
2.833480834960937500e-01
-3.693895339965820312e-01
1.452517062425613403e-01
-1.583101630210876465e+00
7.609018683433532715e-01
2.227265238761901855e-01
1.446179509162902832e+00
-1.782110095024108887e+00
-1.107680797576904297e+00
1.355283856391906738e+00
8.356921672821044922e-01
4.763382375240325928e-01
-1.821258068084716797e-01
-1.038096189498901367e+00
-1.472869068384170532e-01
-1.180427372455596924e-01
-3.107400238513946533e-01
2.782805860042572021e-01
1.620774418115615845e-01
-4.146834611892700195e-01
6.762366890907287598e-01
-3.946468532085418701e-01
-3.379447758197784424e-01
7.471119165420532227e-01
-1.396744608879089355e+00
-3.194721341133117676e-01
nan
nan
nan
nan
-8.702431321144104004e-01
-3.366132378578186035e-01
-1.999486386775970459e-01
5.775918364524841309e-01
-3.148788511753082275e-01
1.167078409343957901e-02
1.059173196554183960e-01
-7.451145648956298828e-01
-2.175245881080627441e-01
5.124402046203613281e-01
3.391423225402832031e-01
-1.841428875923156738e-01
-6.406929492950439453e-01
-9.502837061882019043e-01
-6.481899414211511612e-03
3.351101875305175781e-01
4.189316630363464355e-01
2.466091960668563843e-01
3.306611180305480957e-01
3.728786110877990723e-01
6.646506786346435547e-01
-3.395632803440093994e-01
3.142963349819183350e-01
8.701902031898498535e-01
5.560386776924133301e-01
-3.948035836219787598e-01
8.008921146392822266e-02
-3.965528309345245361e-01
nan
nan
nan
nan
-7.042230367660522461e-01
3.697915673255920410e-01
1.030052781105041504e+00
-1.535099148750305176e-01
-3.542577624320983887e-01
6.846482753753662109e-01
5.098378062248229980e-01
1.168819546699523926e+00
-8.161540627479553223e-01
1.753545045852661133e+00
-2.317125350236892700e-01
-4.351648092269897461e-01
7.605000138282775879e-01
-5.893222093582153320e-01
-8.852695822715759277e-01
-6.251263618469238281e-01
-4.273752272129058838e-01
3.406702578067779541e-01
-6.727572083473205566e-01
8.723402023315429688e-01
-4.817265272140502930e-01
8.758391141891479492e-01
9.675109982490539551e-01
-7.028869390487670898e-01
-8.038134872913360596e-02
1.187854886054992676e+00
-2.359190583229064941e-01
9.600620269775390625e-01
nan
nan
nan
nan
1.446695327758789062e+00
6.995710134506225586e-01
3.310772776603698730e-01
1.070927858352661133e+00
9.100725054740905762e-01
9.920465350151062012e-01
-6.301531791687011719e-01
-1.068988800048828125e+00
8.256058692932128906e-01
-4.177130162715911865e-01
6.726201772689819336e-01
2.792102098464965820e-01
-4.985752515494823456e-03
-1.715225815773010254e+00
2.468257099390029907e-01
1.032964110374450684e+00
6.698970794677734375e-01
4.448220431804656982e-01
1.713189333677291870e-01
-2.037005722522735596e-01
6.193295717239379883e-01
-3.025276660919189453e-01
4.972848892211914062e-01
-6.743493080139160156e-01
-1.368000984191894531e+00
7.612144947052001953e-01
-1.099395513534545898e+00
1.010053992271423340e+00
nan
nan
nan
nan
-3.613798320293426514e-02
9.085506796836853027e-01
-1.238016486167907715e-01
-2.275868654251098633e-01
-2.319819927215576172e-01
nan
3.530589044094085693e-01
-5.301339030265808105e-01
-5.941905975341796875e-01
-1.965061724185943604e-01
-8.654263615608215332e-01
5.621505975723266602e-01
2.208454310894012451e-01
-1.500575393438339233e-01
-4.622500240802764893e-01
2.750036418437957764e-01
1.094713807106018066e-01
-4.679567217826843262e-01
-7.270379662513732910e-01
2.077405750751495361e-01
-7.810325622558593750e-01
6.501188874244689941e-01
3.851424157619476318e-02
7.902985215187072754e-01
-9.117336869239807129e-01
-1.560079932212829590e+00
-1.208829402923583984e+00
5.599423497915267944e-02
nan
nan
