nan
nan
6.762318015098571777e-01
5.387111306190490723e-01
3.980243951082229614e-02
-1.018687486648559570e-01
-7.814049720764160156e-01
4.459194242954254150e-01
-7.376562952995300293e-01
-2.526779472827911377e-01
3.657293915748596191e-01
1.677282154560089111e-01
-8.428655266761779785e-01
-3.071699738502502441e-01
-2.259640991687774658e-01
5.532727241516113281e-01
-7.292517423629760742e-01
-5.951743125915527344e-01
-1.076752781867980957e+00
-9.556860327720642090e-01
-2.331170290708541870e-01
1.474379375576972961e-02
3.568077683448791504e-01
-6.357249021530151367e-01
-1.315452456474304199e+00
1.284094214439392090e+00
3.397963941097259521e-01
2.187525272369384766e+00
-3.818871080875396729e-02
-6.652824878692626953e-01
nan
nan
nan
nan
-3.400635719299316406e-01
1.753223687410354614e-01
-1.139773845672607422e+00
-1.884107142686843872e-01
7.356721758842468262e-01
4.997089803218841553e-01
-1.660764694213867188e+00
1.868755370378494263e-01
-1.149975895881652832e+00
-5.665163397789001465e-01
-3.385560810565948486e-01
-1.553990364074707031e+00
-1.145120978355407715e+00
9.509000778198242188e-01
-1.249389410018920898e+00
-1.407842874526977539e+00
-8.327918648719787598e-01
4.140621516853570938e-03
7.461673766374588013e-02
-1.616289019584655762e+00
-3.730638921260833740e-01
7.782601285725831985e-03
-1.036306500434875488e+00
-5.427995696663856506e-02
-1.585595488548278809e+00
-8.016286492347717285e-01
1.243450567126274109e-01
-5.617752671241760254e-01
nan
nan
nan
nan
8.961926400661468506e-02
4.594151079654693604e-01
9.040769338607788086e-01
4.535512626171112061e-01
-2.360443025827407837e-01
-7.388972491025924683e-02
2.281294614076614380e-01
1.186894178390502930e-01
5.476039648056030273e-01
8.745220303535461426e-01
1.866806000471115112e-01
-2.534475326538085938e-01
-7.234916090965270996e-01
4.515829980373382568e-01
-1.170013174414634705e-01
-1.282343387603759766e+00
-4.664363563060760498e-01
1.152617216110229492e+00
3.663119673728942871e-01
1.366158394375815988e-04
-1.068298220634460449e+00
8.477351665496826172e-01
-2.165035158395767212e-01
-1.094704866409301758e-01
3.981706798076629639e-01
1.843453943729400635e-01
-4.475742578506469727e-01
-1.208538651466369629e+00
nan
nan
nan
nan
9.860187023878097534e-02
-5.848408117890357971e-02
3.738588094711303711e-01
5.978642702102661133e-01
-7.220497727394104004e-02
-1.703454613685607910e+00
1.284259438514709473e+00
8.278416395187377930e-01
5.853622555732727051e-01
1.589371681213378906e+00
1.023047924041748047e+00
1.450877189636230469e+00
2.072243541479110718e-01
3.859074115753173828e-01
-3.429556638002395630e-02
8.864665627479553223e-01
1.571442246437072754e+00
-1.153546094894409180e+00
-7.547451257705688477e-01
9.678807109594345093e-03
-3.505768179893493652e-01
1.141830444335937500e+00
6.623768806457519531e-01
2.510181665420532227e-01
-5.514364242553710938e-01
7.618175745010375977e-01
2.261677533388137817e-01
-1.137198135256767273e-02
nan
nan
nan
nan
-1.226254403591156006e-01
7.821891307830810547e-01
-2.723916769027709961e-01
-1.631875485181808472e-01
3.217605650424957275e-01
-9.559031128883361816e-01
1.211606487631797791e-01
1.183403953909873962e-01
1.023022085428237915e-01
-1.993140727281570435e-01
-9.861119389533996582e-01
-2.904870510101318359e-01
-4.172751307487487793e-01
-1.201740577816963196e-01
-7.798756659030914307e-02
1.005413770675659180e+00
-5.217893719673156738e-01
4.367154836654663086e-02
2.128549218177795410e-01
1.911030292510986328e+00
3.790848255157470703e-01
-2.526870369911193848e-01
-7.639177143573760986e-02
3.746895864605903625e-02
-1.677938580513000488e+00
1.441590666770935059e+00
-9.803488850593566895e-01
-4.401016980409622192e-03
nan
nan
nan
nan
9.147704243659973145e-01
1.676005125045776367e-01
1.351451039314270020e+00
5.234861373901367188e-01
1.596424877643585205e-01
5.492421984672546387e-01
6.061645746231079102e-01
-1.778174519538879395e+00
-7.249969840049743652e-01
-4.252025485038757324e-02
-1.978510320186614990e-01
-7.227861285209655762e-01
-8.928419649600982666e-02
-5.538994669914245605e-01
-3.220422565937042236e-01
1.178762078285217285e+00
-8.650971651077270508e-01
-2.825839221477508545e-01
5.451275110244750977e-01
6.510756611824035645e-01
-1.822060197591781616e-01
1.986471265554428101e-01
5.422833561897277832e-01
2.925593256950378418e-01
-5.920202136039733887e-01
-6.134012937545776367e-01
-4.818047881126403809e-01
-1.323447465896606445e+00
nan
nan
nan
nan
-2.926889359951019287e-01
-4.472959637641906738e-01
1.363910287618637085e-01
2.991392612457275391e-01
-1.048210024833679199e+00
1.785161942243576050e-01
8.717320561408996582e-01
-8.163712918758392334e-02
-7.871154546737670898e-01
-1.118762344121932983e-01
-5.175807699561119080e-02
-9.354079365730285645e-01
1.369117945432662964e-01
5.641753673553466797e-01
3.611393868923187256e-01
-7.161942124366760254e-01
-1.481823444366455078e+00
2.828028798103332520e-01
-2.759902477264404297e-01
-8.794708549976348877e-02
-2.318146228790283203e-01
-7.821038961410522461e-01
-5.933066457509994507e-02
1.434470564126968384e-01
6.680997610092163086e-01
-5.059198141098022461e-01
5.200524926185607910e-01
-7.600132226943969727e-01
nan
nan
nan
nan
-5.891338586807250977e-01
-4.873088300228118896e-01
-2.799218297004699707e-01
8.627038598060607910e-01
1.207139730453491211e+00
1.102184176445007324e+00
-8.176524043083190918e-01
-6.501545310020446777e-01
8.416994810104370117e-01
1.110859513282775879e+00
-7.349905967712402344e-01
-5.242092013359069824e-01
-4.565255045890808105e-01
8.841091990470886230e-01
-3.824459314346313477e-01
1.343034863471984863e+00
7.667263150215148926e-01
-1.197758913040161133e+00
1.968227773904800415e-01
-1.054777026176452637e+00
-1.319732904434204102e+00
-2.549794018268585205e-01
-6.487683653831481934e-01
1.622976779937744141e+00
1.696338057518005371e-01
1.077911257743835449e+00
7.337128520011901855e-01
-2.504600286483764648e-01
nan
nan
nan
nan
1.089231848716735840e+00
8.607586622238159180e-01
-2.734623253345489502e-01
-3.668152987957000732e-01
2.496510930359363556e-02
2.060403108596801758e+00
-3.500325977802276611e-02
5.906963348388671875e-01
-1.025221109390258789e+00
8.206168413162231445e-01
4.990898370742797852e-01
-9.509196877479553223e-01
6.408992409706115723e-01
2.905683219432830811e-01
6.257416605949401855e-01
6.080965995788574219e-01
1.054186820983886719e+00
1.739634722471237183e-01
8.872008323669433594e-01
-1.807490736246109009e-01
-8.789218068122863770e-01
2.938304543495178223e-01
-2.603385746479034424e-01
-7.532463073730468750e-01
7.932286858558654785e-01
-2.483376115560531616e-01
-8.289148807525634766e-01
1.171681404113769531e+00
nan
nan
nan
nan
7.640333175659179688e-01
1.482076525688171387e+00
5.184279084205627441e-01
-1.483868956565856934e-01
5.068371891975402832e-01
1.464975625276565552e-01
4.405611455440521240e-01
1.150652647018432617e+00
-4.629047513008117676e-01
-5.778773427009582520e-01
-3.390843272209167480e-01
-8.853117227554321289e-01
1.189689755439758301e+00
-5.744670629501342773e-01
-2.008964419364929199e-01
-1.608769059181213379e+00
2.098437026143074036e-02
1.278302431106567383e+00
-7.134649157524108887e-01
1.835574209690093994e-01
3.791522979736328125e-01
-1.884505301713943481e-01
5.208434164524078369e-02
1.641459167003631592e-01
-8.554375767707824707e-01
6.439076662063598633e-01
-5.862225890159606934e-01
5.244154334068298340e-01
nan
nan
nan
nan
9.529802799224853516e-01
1.330379247665405273e+00
1.366538088768720627e-02
3.505478203296661377e-01
3.219240605831146240e-01
-8.947402238845825195e-01
-4.722376465797424316e-01
-1.041697382926940918e+00
8.190259933471679688e-01
-1.069154381752014160e+00
-6.406409144401550293e-01
5.610005855560302734e-01
-2.084947749972343445e-02
5.867972970008850098e-01
-2.304259389638900757e-01
-1.634411066770553589e-01
-2.364538908004760742e-01
-1.146879673004150391e+00
-9.352213740348815918e-01
-7.038010656833648682e-02
5.749958157539367676e-01
1.365069508552551270e+00
9.921301603317260742e-01
1.331503689289093018e-01
1.197040975093841553e-01
3.401995897293090820e-01
4.111089110374450684e-01
1.360180526971817017e-01
nan
nan
nan
nan
-5.483528971672058105e-01
-7.175384163856506348e-01
-2.875928580760955811e-01
1.061792373657226562e+00
-1.341482996940612793e+00
-7.960602641105651855e-01
8.790703117847442627e-02
5.160692706704139709e-02
5.363547801971435547e-01
-5.358519032597541809e-02
4.888942241668701172e-01
5.625791549682617188e-01
-2.245459705591201782e-01
4.042948484420776367e-01
4.259957969188690186e-01
-2.867133617401123047e-01
3.701022267341613770e-01
-1.216500639915466309e+00
1.242689251899719238e+00
-1.391191124916076660e+00
4.080995917320251465e-01
3.708823919296264648e-01
5.615386366844177246e-01
9.314220547676086426e-01
5.915482044219970703e-01
5.634099245071411133e-01
-2.015048980712890625e+00
9.169611930847167969e-01
nan
nan
nan
nan
3.972793817520141602e-01
-3.989461362361907959e-01
-2.202689945697784424e-01
-7.374488115310668945e-01
-7.382615804672241211e-01
-1.209577083587646484e+00
-2.636188566684722900e-01
1.523197770118713379e+00
1.066132187843322754e+00
-3.273266255855560303e-01
6.564794182777404785e-01
-1.768659353256225586e-01
9.536490440368652344e-01
3.071027398109436035e-01
-2.624743282794952393e-01
-1.623525142669677734e+00
-2.844524383544921875e-01
-7.411588728427886963e-02
2.563335001468658447e-01
3.455813527107238770e-01
-6.652625799179077148e-01
-4.878062382340431213e-02
1.990127921104431152e+00
-2.731753289699554443e-01
3.827144801616668701e-01
4.658670127391815186e-01
5.752450823783874512e-01
8.560539036989212036e-02
nan
nan
nan
nan
3.483829796314239502e-01
-7.139074802398681641e-01
2.933262288570404053e-01
3.266650438308715820e-01
-1.172389984130859375e+00
-5.679211616516113281e-01
-7.569939494132995605e-01
-1.194039821624755859e+00
1.899866908788681030e-01
-6.798361539840698242e-01
5.307495221495628357e-02
-1.671851575374603271e-01
-9.346488714218139648e-01
1.062186479568481445e+00
-5.663310885429382324e-01
-1.156986281275749207e-01
1.177277565002441406e+00
2.432416826486587524e-01
-5.744658112525939941e-01
1.066214740276336670e-01
5.232083797454833984e-01
5.339827537536621094e-01
-1.476812243461608887e+00
-1.794771999120712280e-01
7.534448504447937012e-01
6.629678606986999512e-02
1.180538833141326904e-01
-5.488399863243103027e-01
nan
nan
nan
nan
2.775479555130004883e-01
-5.305519104003906250e-01
8.400683403015136719e-01
1.265888065099716187e-01
4.644610583782196045e-01
-4.016529023647308350e-01
3.396064341068267822e-01
2.187074661254882812e+00
-1.147275865077972412e-01
-5.793565511703491211e-01
7.606617212295532227e-01
7.816323041915893555e-01
1.355862915515899658e-01
1.460162639617919922e+00
-4.193829596042633057e-01
-2.624782919883728027e-01
-5.415951013565063477e-01
1.025190830230712891e+00
-1.192218065261840820e-01
-5.698940251022577286e-03
-9.751322269439697266e-01
1.303631544113159180e+00
1.006191968917846680e+00
-4.395267367362976074e-01
-9.010439515113830566e-01
-8.171142339706420898e-01
-5.913896560668945312e-01
-3.649595081806182861e-01
nan
nan
nan
nan
1.133226826786994934e-01
5.748628377914428711e-01
2.392765134572982788e-01
-1.464977622032165527e+00
1.464760541915893555e+00
2.025775194168090820e+00
-9.596893191337585449e-02
9.696788191795349121e-01
4.297717809677124023e-01
-3.501996397972106934e-01
-1.412461757659912109e+00
6.128018349409103394e-02
-6.331619620323181152e-01
-1.163404107093811035e+00
-6.189394742250442505e-02
4.774831235408782959e-01
-3.513582348823547363e-01
1.152428150177001953e+00
-6.665731668472290039e-01
-9.367935657501220703e-01
2.145959995687007904e-02
-5.964590311050415039e-01
7.074252516031265259e-02
6.237906217575073242e-01
-4.110085070133209229e-01
4.630361497402191162e-02
5.759171247482299805e-01
-3.881962597370147705e-01
nan
nan
nan
nan
1.078846827149391174e-01
-2.114492356777191162e-01
-3.536732494831085205e-01
5.337449312210083008e-01
-1.629631638526916504e+00
1.057637810707092285e+00
-4.831141233444213867e-01
-7.567551732063293457e-01
6.610707044601440430e-01
6.207666397094726562e-01
2.441491633653640747e-01
-1.303760051727294922e+00
1.616355180740356445e+00
3.858222365379333496e-01
-1.468475699424743652e+00
-6.790502071380615234e-01
-8.142881393432617188e-01
4.387305974960327148e-01
-5.068323016166687012e-01
1.449136018753051758e+00
9.383125305175781250e-01
-1.838174760341644287e-01
6.356770396232604980e-01
-2.593888044357299805e-01
1.035997271537780762e+00
-3.752525448799133301e-01
7.607309520244598389e-02
-1.050637483596801758e+00
nan
nan
nan
nan
2.347059994935989380e-01
4.393127262592315674e-01
1.459476202726364136e-01
2.652152478694915771e-01
2.864342033863067627e-01
9.036082625389099121e-01
9.506986737251281738e-01
8.753032684326171875e-01
1.781600862741470337e-01
6.412770748138427734e-01
-9.154694676399230957e-01
1.011905908584594727e+00
-1.922073215246200562e-01
9.571766257286071777e-01
-8.206770420074462891e-01
2.622041702270507812e-01
-1.147159218788146973e+00
2.339942604303359985e-01
-1.911514997482299805e+00
-3.644398227334022522e-02
-1.435514241456985474e-01
4.469305872917175293e-01
5.593015551567077637e-01
-4.558273851871490479e-01
-1.316887978464365005e-02
1.736814379692077637e-01
-2.639864981174468994e-01
-9.061824083328247070e-01
nan
nan
nan
nan
7.964081168174743652e-01
1.052481055259704590e+00
2.821752429008483887e-01
-1.367681860923767090e+00
-4.351018369197845459e-01
1.108562946319580078e+00
-3.844892680644989014e-01
-8.306694775819778442e-02
-1.788495630025863647e-01
-3.594900965690612793e-01
-5.342018008232116699e-01
-4.141158759593963623e-01
-2.981396159157156944e-03
-1.118406176567077637e+00
-9.277213364839553833e-02
-6.204099059104919434e-01
6.637657284736633301e-01
6.566999554634094238e-01
2.023427188396453857e-01
2.295968532562255859e-01
2.466484159231185913e-01
4.104089736938476562e-01
9.767720848321914673e-02
1.217562079429626465e+00
-1.541498452425003052e-01
8.508380651473999023e-01
-2.121495008468627930e-01
-1.729318797588348389e-01
nan
nan
nan
nan
-3.893768787384033203e-01
-3.999427556991577148e-01
-2.364339083433151245e-01
-2.619497776031494141e-01
-2.462971806526184082e-01
5.901594161987304688e-01
-1.253676414489746094e+00
-2.619593739509582520e-01
-4.708693325519561768e-01
3.298690617084503174e-01
9.203452467918395996e-01
-6.515054106712341309e-01
-2.687284648418426514e-01
-6.339628100395202637e-01
-4.426844045519828796e-02
8.743409514427185059e-01
-3.044906556606292725e-01
-3.544305264949798584e-01
7.820998430252075195e-01
2.065719217061996460e-01
-8.327604532241821289e-01
4.439415037631988525e-01
6.536950170993804932e-02
7.606119513511657715e-01
-4.741111695766448975e-01
-3.532957732677459717e-01
5.827106162905693054e-02
-1.274221181869506836e+00
nan
nan
nan
nan
-5.195618867874145508e-01
4.938165843486785889e-01
2.845305390655994415e-02
6.345029473304748535e-01
-4.025595784187316895e-01
-3.964427858591079712e-02
-1.200888276100158691e+00
-4.368577599525451660e-01
-1.261771023273468018e-01
1.102658510208129883e-01
-7.178069949150085449e-01
-2.268537282943725586e+00
-2.867521643638610840e-01
-6.458476781845092773e-01
9.381819963455200195e-01
-2.616870999336242676e-01
-7.573162913322448730e-01
6.793482899665832520e-01
-6.119041442871093750e-01
6.864616870880126953e-01
-7.196038365364074707e-01
-7.424206733703613281e-01
3.337272703647613525e-01
2.533439993858337402e-01
-1.295029759407043457e+00
-8.805003762245178223e-01
-4.703695774078369141e-01
7.259011268615722656e-01
nan
nan
nan
nan
-3.270760178565979004e-01
6.773020625114440918e-01
-1.684304773807525635e-01
5.279705524444580078e-01
-3.016321063041687012e-01
1.078646779060363770e+00
6.379464864730834961e-01
1.399123817682266235e-01
5.026523470878601074e-01
-1.181782603263854980e+00
-2.820582389831542969e-01
-3.195634782314300537e-01
-1.334798455238342285e+00
7.955218553543090820e-01
8.015551567077636719e-01
2.240353971719741821e-01
-3.815810680389404297e-01
-9.502368420362472534e-02
-6.716631650924682617e-01
-1.043683052062988281e+00
-1.294641103595495224e-02
-1.600870639085769653e-01
-1.508920341730117798e-01
5.385031700134277344e-01
-1.608388721942901611e-01
-3.235278129577636719e-01
-1.552619695663452148e+00
-7.683175057172775269e-02
nan
nan
nan
nan
-7.010594606399536133e-01
3.217943310737609863e-01
-4.082486629486083984e-01
-3.875973224639892578e-01
-8.416356146335601807e-02
-1.427204489707946777e+00
4.135104417800903320e-01
3.491972982883453369e-01
-1.659339666366577148e+00
-5.953860282897949219e-01
-7.463577985763549805e-01
-8.882881402969360352e-01
-1.597542315721511841e-01
-9.190087914466857910e-01
-6.461473554372787476e-02
-8.678086400032043457e-01
-8.795472979545593262e-02
8.105449676513671875e-01
1.018406033515930176e+00
-5.701530575752258301e-01
-1.261359546333551407e-02
-1.441323161125183105e-01
8.705128431320190430e-01
-8.758212327957153320e-01
-3.581339418888092041e-01
-1.696861982345581055e+00
-1.416172027587890625e+00
-1.467923726886510849e-02
nan
nan
nan
nan
-3.768346607685089111e-01
-4.401583373546600342e-01
-1.302344799041748047e+00
-1.173934102058410645e+00
-1.114215850830078125e+00
nan
-2.125516980886459351e-01
-8.546965718269348145e-01
-1.229073762893676758e+00
2.807766497135162354e-01
3.159920871257781982e-01
-2.893878817558288574e-01
-1.142743229866027832e+00
9.341609477996826172e-01
-3.333583176136016846e-01
-1.557456701993942261e-01
-6.727765500545501709e-02
-8.931762576103210449e-01
2.542726993560791016e-01
-1.161132335662841797e+00
-8.044472336769104004e-01
-4.530641138553619385e-01
-1.206380009651184082e+00
3.011846840381622314e-01
9.434354305267333984e-01
7.271013855934143066e-01
-1.551735281944274902e+00
-2.312189102172851562e+00
nan
nan
