nan
nan
-8.284788578748703003e-02
-7.903482317924499512e-01
1.351548582315444946e-01
-1.151595786213874817e-01
-4.979894459247589111e-01
-1.658919811248779297e+00
-1.053025841712951660e+00
1.211625337600708008e-01
-3.109890222549438477e-01
-1.107637882232666016e+00
1.131584763526916504e+00
-4.390706717967987061e-01
3.772802948951721191e-01
-6.444118618965148926e-01
-1.497381832450628281e-03
-7.965224981307983398e-01
-1.118511438369750977e+00
-7.307366132736206055e-01
-4.744143187999725342e-01
3.617707788944244385e-01
-9.305279850959777832e-01
-1.347871869802474976e-01
-4.250971078872680664e-01
6.095140706747770309e-03
1.064001798629760742e+00
-9.935499429702758789e-01
8.427080512046813965e-01
9.039938449859619141e-01
nan
nan
nan
nan
1.047105193138122559e+00
-1.209357142448425293e+00
2.293225377798080444e-01
1.509760320186614990e-01
1.518649101257324219e+00
1.512114644050598145e+00
2.341367006301879883e-01
-6.663255095481872559e-01
-1.632202416658401489e-01
-2.713370025157928467e-01
2.892749309539794922e-01
-8.115447759628295898e-01
5.254000425338745117e-01
-5.774001479148864746e-01
1.337956666946411133e+00
1.591536164283752441e+00
1.531600832939147949e+00
4.301628097891807556e-02
3.809449374675750732e-01
-6.783385276794433594e-01
9.041768498718738556e-03
-1.294182658195495605e+00
-2.283994555473327637e-01
-3.030276894569396973e-01
-1.673675775527954102e+00
4.547626674175262451e-01
-6.663553714752197266e-01
-2.414367944002151489e-01
nan
nan
nan
nan
-5.186997726559638977e-02
-2.767870724201202393e-01
1.045309677720069885e-01
-8.381720781326293945e-01
2.850661873817443848e-01
-1.006332755088806152e+00
5.048601627349853516e-01
-7.257917523384094238e-01
-3.036687374114990234e-01
-4.241184294223785400e-01
1.697990857064723969e-02
5.048691630363464355e-01
9.447600841522216797e-01
-1.586770892143249512e+00
1.024710893630981445e+00
-9.061956405639648438e-01
1.024305701255798340e+00
1.363785285502672195e-02
-3.745272755622863770e-01
1.328947991132736206e-01
-8.027560114860534668e-01
-6.866146922111511230e-01
-4.179992675781250000e-01
-7.063124775886535645e-01
-3.631729483604431152e-01
6.242601871490478516e-01
-1.062222599983215332e+00
-8.092290163040161133e-02
nan
nan
nan
nan
7.553162574768066406e-01
3.814278244972229004e-01
-3.473617136478424072e-01
9.552485346794128418e-01
5.406056642532348633e-01
-5.770735740661621094e-01
5.320626124739646912e-02
-2.368223071098327637e-01
1.488043189048767090e+00
2.131526358425617218e-02
1.008960247039794922e+00
2.016354084014892578e+00
1.313161849975585938e+00
-7.139176130294799805e-01
-1.955851793289184570e+00
-1.549042463302612305e+00
1.677875995635986328e+00
1.700286865234375000e+00
7.900678515434265137e-01
-2.438194036483764648e+00
7.063069343566894531e-01
-1.376160979270935059e+00
-5.375635623931884766e-01
7.470943331718444824e-01
-2.003903239965438843e-01
-6.733526587486267090e-01
-3.522974848747253418e-01
-7.393630743026733398e-01
nan
nan
nan
nan
1.609843671321868896e-01
-3.727338016033172607e-01
-1.196108460426330566e+00
6.018177866935729980e-01
5.313968062400817871e-01
-5.064712837338447571e-03
-1.152524709701538086e+00
-1.456822872161865234e+00
-1.422181844711303711e+00
-2.825735509395599365e-01
2.813169956207275391e-01
3.107302486896514893e-01
-7.133475542068481445e-01
-3.994815945625305176e-01
8.419837355613708496e-01
3.015463650226593018e-01
-1.588898658752441406e+00
-9.022802114486694336e-02
-8.990676999092102051e-01
6.876040697097778320e-01
9.289481639862060547e-01
-1.019068241119384766e+00
1.505878329277038574e+00
-2.190690338611602783e-01
4.203853756189346313e-02
-1.080517172813415527e-01
-3.728253841400146484e-01
-9.423009306192398071e-02
nan
nan
nan
nan
9.007536172866821289e-01
-1.039775848388671875e+00
4.622941315174102783e-01
4.533729255199432373e-01
-2.301478683948516846e-01
-5.514034628868103027e-01
1.301715493202209473e+00
-8.106002211570739746e-01
5.481249839067459106e-02
-6.399669647216796875e-01
1.378235578536987305e+00
-1.187948808073997498e-01
-5.645037889480590820e-01
-4.025963544845581055e-01
-1.555685792118310928e-02
-1.513526916503906250e+00
1.780688166618347168e-01
-1.049493789672851562e+00
-3.483202159404754639e-01
7.222624421119689941e-01
5.962362885475158691e-01
-6.441657543182373047e-01
4.497927725315093994e-01
-6.167388558387756348e-01
1.253111064434051514e-01
-3.230346143245697021e-01
1.201669335365295410e+00
7.025007605552673340e-01
nan
nan
nan
nan
1.079260349273681641e+00
-8.084444403648376465e-01
-1.079911231994628906e+00
3.090622425079345703e-01
-5.650741457939147949e-01
1.043024897575378418e+00
1.372058242559432983e-01
1.137632131576538086e+00
9.299183636903762817e-02
-5.753471255302429199e-01
1.462373018264770508e+00
8.282874822616577148e-01
9.933182597160339355e-02
2.361250817775726318e-01
-9.088650345802307129e-01
1.364562273025512695e+00
1.375517606735229492e+00
-6.283868551254272461e-01
-1.016206622123718262e+00
1.943168878555297852e+00
-1.853384137153625488e+00
1.070300489664077759e-01
-1.603468537330627441e+00
-4.360956847667694092e-01
8.518328666687011719e-01
-2.353845722973346710e-02
-1.049639701843261719e+00
6.057906150817871094e-01
nan
nan
nan
nan
-8.116985559463500977e-01
3.826570510864257812e-01
2.363534271717071533e-01
1.188807263970375061e-01
5.353775620460510254e-01
-3.782623214647173882e-03
5.544553510844707489e-03
-6.335653662681579590e-01
-1.118357181549072266e+00
-1.237448215484619141e+00
-2.197296470403671265e-01
-2.027013003826141357e-01
-6.889871358871459961e-01
9.665545225143432617e-01
-9.064503312110900879e-01
6.626106500625610352e-01
8.352389335632324219e-01
3.449137210845947266e-01
1.686757802963256836e-01
-5.391247868537902832e-01
-1.308714270591735840e+00
-8.006280064582824707e-01
-3.781925886869430542e-02
5.185130834579467773e-01
-1.518317610025405884e-01
-1.036417603492736816e+00
-1.321611881256103516e+00
1.230554938316345215e+00
nan
nan
nan
nan
-7.364222407341003418e-01
-2.185053676366806030e-01
1.458595633506774902e+00
-3.532543182373046875e-01
6.224004924297332764e-02
7.394424080848693848e-02
7.679809331893920898e-01
-5.836997628211975098e-01
5.786579251289367676e-01
-3.221685290336608887e-01
-1.531732439994812012e+00
6.756345927715301514e-02
-1.006661415100097656e+00
-2.954340875148773193e-01
-3.764937818050384521e-01
1.374287754297256470e-01
-5.030815489590167999e-03
-1.317160129547119141e+00
1.625701189041137695e+00
7.305162549018859863e-01
4.938119947910308838e-01
6.555232405662536621e-01
-3.539061844348907471e-01
-8.904170393943786621e-01
-1.225806117057800293e+00
-2.064147740602493286e-01
-1.615708172321319580e-01
-2.107343226671218872e-01
nan
nan
nan
nan
1.372645139694213867e+00
-6.286565959453582764e-02
-1.013915061950683594e+00
-1.654377937316894531e+00
-1.362015843391418457e+00
-1.202437356114387512e-01
-1.185396760702133179e-01
-7.718318700790405273e-02
-2.813868522644042969e-01
8.537800312042236328e-01
9.873015433549880981e-02
1.766340583562850952e-01
3.362057209014892578e-01
-1.026512622833251953e+00
-4.460351467132568359e-01
-4.695574045181274414e-01
-1.335587978363037109e+00
7.708892226219177246e-01
1.962250024080276489e-01
1.060450315475463867e+00
-9.269673228263854980e-01
-6.901596784591674805e-01
5.537706017494201660e-01
-2.126435376703739166e-02
1.091010332107543945e+00
-1.114005565643310547e+00
8.523760437965393066e-01
-3.560070693492889404e-02
nan
nan
nan
nan
1.027616113424301147e-01
5.832501053810119629e-01
-5.597570538520812988e-01
5.669708847999572754e-01
-1.125878095626831055e+00
3.473802283406257629e-02
-3.067544698715209961e-01
2.764408588409423828e-01
-4.669062495231628418e-01
-3.154987394809722900e-01
7.559934854507446289e-01
6.055440902709960938e-01
9.802429676055908203e-01
1.721606254577636719e-01
2.108929455280303955e-01
4.021519124507904053e-01
-2.716664075851440430e-01
-1.871883869171142578e-01
-1.092520833015441895e+00
1.204522028565406799e-01
-4.442400038242340088e-01
-3.198667466640472412e-01
-1.068572044372558594e+00
-1.141340017318725586e+00
-7.959074974060058594e-01
8.669503927230834961e-01
-8.203711509704589844e-01
3.102683424949645996e-01
nan
nan
nan
nan
-5.157123804092407227e-01
2.541409060359001160e-02
7.350952029228210449e-01
8.938974738121032715e-01
2.380519360303878784e-01
1.869827359914779663e-01
-2.632183432579040527e-01
-1.038906574249267578e+00
-6.544705480337142944e-02
3.625878393650054932e-01
-1.186184287071228027e+00
-1.478185892105102539e+00
-5.585321187973022461e-01
-7.868807315826416016e-01
1.334268331527709961e+00
-1.022568643093109131e-01
-3.418215215206146240e-01
-1.848828792572021484e+00
4.277245998382568359e-01
-2.340148091316223145e-01
3.962970972061157227e-01
1.132637560367584229e-01
1.437997370958328247e-01
-8.782843947410583496e-01
1.780610233545303345e-01
-9.590955376625061035e-01
-6.255074739456176758e-01
-7.997215986251831055e-01
nan
nan
nan
nan
-9.232269227504730225e-02
-5.113850831985473633e-01
7.140936851501464844e-01
-9.656192064285278320e-01
8.697435855865478516e-01
2.669088840484619141e-01
8.572863340377807617e-01
-4.703480899333953857e-01
3.701717257499694824e-01
1.864274889230728149e-01
-1.371354579925537109e+00
6.425989270210266113e-01
-2.602741718292236328e-01
5.894589424133300781e-01
-5.181148648262023926e-01
-2.154243439435958862e-01
1.321851253509521484e+00
4.585257172584533691e-01
1.286425232887268066e+00
-3.501974940299987793e-01
-6.444686055183410645e-01
3.687267303466796875e-01
2.688942253589630127e-01
-6.199715137481689453e-01
4.166221618652343750e-01
1.087558031082153320e+00
8.460026979446411133e-01
7.449945211410522461e-01
nan
nan
nan
nan
1.337187737226486206e-01
7.029821872711181641e-01
6.465076208114624023e-01
-6.819337606430053711e-03
-7.891228199005126953e-01
4.110913872718811035e-01
8.707861900329589844e-01
-7.868204712867736816e-01
-4.434613883495330811e-01
7.008578181266784668e-01
-2.044429481029510498e-01
-7.456840872764587402e-01
5.061788558959960938e-01
8.433710932731628418e-01
9.501782059669494629e-01
-1.031805753707885742e+00
3.060596585273742676e-01
7.950558066368103027e-01
-1.876410245895385742e+00
4.597261548042297363e-01
-6.713076233863830566e-01
3.587993085384368896e-01
-1.334340810775756836e+00
-3.985222578048706055e-01
4.965716898441314697e-01
-1.854793280363082886e-01
4.137215614318847656e-01
5.001269578933715820e-01
nan
nan
nan
nan
2.043378949165344238e-01
-5.409132838249206543e-01
-1.934699863195419312e-01
4.532271921634674072e-01
7.345942407846450806e-02
7.926492094993591309e-01
-1.922955989837646484e+00
-6.925240755081176758e-01
9.119607806205749512e-01
-1.428264498710632324e+00
-4.701237678527832031e-01
-5.299608707427978516e-01
-1.828692793846130371e+00
-7.628850936889648438e-01
-4.424183070659637451e-01
-1.655192136764526367e+00
-3.234554827213287354e-01
4.688253700733184814e-01
-7.331969738006591797e-01
-9.602222591638565063e-02
-1.480442643165588379e+00
9.801687002182006836e-01
1.421065807342529297e+00
-3.618130683898925781e-01
3.045163154602050781e-01
-1.434357881546020508e+00
-5.364451408386230469e-01
-3.779372274875640869e-01
nan
nan
nan
nan
3.510732948780059814e-01
1.066803932189941406e+00
-6.881070137023925781e-01
-9.433435648679733276e-02
-2.900601029396057129e-01
-4.566121995449066162e-01
-9.071799516677856445e-01
5.631034970283508301e-01
6.854516863822937012e-01
4.536405801773071289e-01
-1.384290456771850586e+00
-1.282132714986801147e-01
-9.049615859985351562e-01
-1.089073896408081055e+00
-9.051989763975143433e-02
9.827817082405090332e-01
3.067432641983032227e-01
6.826909184455871582e-01
-1.286969661712646484e+00
-9.345430135726928711e-01
1.054766937159001827e-03
-3.185001313686370850e-01
5.125890970230102539e-01
1.272710800170898438e+00
-1.904794931411743164e+00
-6.662147585302591324e-03
-4.393639564514160156e-01
-1.509581804275512695e+00
nan
nan
nan
nan
1.302260279655456543e+00
1.234754105098545551e-03
-1.712524741888046265e-01
-7.090290784835815430e-01
3.866809904575347900e-01
1.144818305969238281e+00
4.903942346572875977e-01
-6.322141289710998535e-01
-2.545206844806671143e-01
1.195084810256958008e+00
-8.919214829802513123e-03
1.440440654754638672e+00
3.863621056079864502e-01
-2.705696821212768555e-01
1.685783118009567261e-01
-3.586048260331153870e-02
1.398981571197509766e+00
8.630076050758361816e-01
7.720054984092712402e-01
-2.593030929565429688e-01
1.219651177525520325e-01
-1.293251752853393555e+00
-4.109787046909332275e-01
1.367379546165466309e+00
8.375053405761718750e-01
9.055513888597488403e-02
-6.666166186332702637e-01
8.618201017379760742e-01
nan
nan
nan
nan
2.731918394565582275e-01
-9.814509749412536621e-01
-2.743035852909088135e-01
-2.525521516799926758e-01
-2.080739140510559082e-01
7.040072083473205566e-01
1.177023425698280334e-01
5.829900503158569336e-02
2.976453304290771484e-01
1.237301945686340332e+00
4.684070348739624023e-01
-8.849235624074935913e-02
-1.661769449710845947e-01
-7.947031259536743164e-01
-1.919286139309406281e-02
1.298277497291564941e+00
-7.921587824821472168e-01
4.913515448570251465e-01
4.301770925521850586e-01
-5.702195167541503906e-01
1.345529317855834961e+00
-1.882620602846145630e-01
-4.327179193496704102e-01
1.549524188041687012e+00
1.340245753526687622e-01
1.207516670227050781e+00
4.147494435310363770e-01
1.139147281646728516e+00
nan
nan
nan
nan
-9.153402447700500488e-01
-3.652471601963043213e-01
-3.864811658859252930e-01
-5.194680094718933105e-01
1.549306064844131470e-01
4.091031849384307861e-01
-1.653429150581359863e+00
-2.389989197254180908e-01
6.962483525276184082e-01
-1.265109419822692871e+00
-1.143305420875549316e+00
5.093249082565307617e-01
2.567277848720550537e-01
-1.916016936302185059e-01
9.956016391515731812e-02
-1.443157643079757690e-01
1.437963247299194336e+00
7.743578553199768066e-01
2.401451349258422852e+00
2.889330089092254639e-01
-1.759730428457260132e-01
2.159067392349243164e-01
5.403081774711608887e-01
2.615641057491302490e-01
9.291110634803771973e-01
1.646334648132324219e+00
6.005911231040954590e-01
-1.806984782218933105e+00
nan
nan
nan
nan
-4.193496704101562500e-01
1.765498995780944824e+00
-1.470794081687927246e+00
-4.026933014392852783e-01
-5.567452907562255859e-01
-6.705704331398010254e-01
2.477916955947875977e+00
-7.638316601514816284e-02
-9.156586527824401855e-01
-9.960678219795227051e-02
4.956552684307098389e-01
-6.897091865539550781e-01
-2.002823650836944580e-01
2.660597562789916992e+00
-1.036801695823669434e+00
-7.491036057472229004e-01
-2.464065402746200562e-01
-8.805619478225708008e-01
-5.588368773460388184e-01
6.514051556587219238e-01
1.341009736061096191e+00
-5.429258346557617188e-01
-7.583869695663452148e-01
4.521613121032714844e-01
1.094717860221862793e+00
-4.678479731082916260e-01
1.802030801773071289e-01
-2.808757722377777100e-01
nan
nan
nan
nan
5.096338391304016113e-01
-3.660377264022827148e-01
nan
6.529330611228942871e-01
4.314194321632385254e-01
1.425485610961914062e+00
-5.499746799468994141e-01
6.224487423896789551e-01
6.108515262603759766e-01
7.270082235336303711e-01
6.650989651679992676e-01
1.165673583745956421e-01
3.238710165023803711e-01
1.010129809379577637e+00
1.087570428848266602e+00
-1.288400411605834961e+00
-1.106515526771545410e+00
7.045515179634094238e-01
-1.598614811897277832e+00
2.976937294006347656e-01
3.104792535305023193e-01
-9.738709330558776855e-01
-1.060215115547180176e+00
-5.239418148994445801e-01
-1.650777459144592285e-01
2.941412627696990967e-01
9.279890060424804688e-01
7.540313601493835449e-01
nan
nan
nan
nan
2.976492941379547119e-01
4.546108245849609375e-01
-3.025679886341094971e-01
5.260786414146423340e-01
1.240146875381469727e+00
-1.381203532218933105e+00
-1.194416880607604980e+00
2.293913215398788452e-01
2.695819735527038574e-01
-7.287841290235519409e-02
2.442843914031982422e-01
-2.023328840732574463e-01
8.462315052747726440e-02
1.146881803870201111e-01
-2.756954729557037354e-01
-5.441665649414062500e-01
8.408418297767639160e-02
-1.167293824255466461e-02
2.122365087270736694e-01
-1.630042552947998047e+00
-7.318288087844848633e-01
-2.644242644309997559e-01
2.752088010311126709e-01
5.776702761650085449e-01
-1.066488265991210938e+00
-7.848100066184997559e-01
-9.625016152858734131e-02
1.803974211215972900e-01
nan
nan
nan
nan
-2.778072357177734375e-01
-1.352603554725646973e+00
1.363233178853988647e-01
-4.069092571735382080e-01
7.981871366500854492e-01
1.354286223649978638e-01
-1.191250324249267578e+00
-1.437410831451416016e+00
-7.007720470428466797e-01
-4.970602095127105713e-01
3.053978383541107178e-01
5.970825627446174622e-02
7.165706157684326172e-01
-7.024506926536560059e-01
2.635168433189392090e-01
-3.668725192546844482e-01
1.155928492546081543e+00
2.850012183189392090e-01
-2.558055877685546875e+00
-3.720542192459106445e-01
-1.527884155511856079e-01
1.678707897663116455e-01
3.444584012031555176e-01
-2.800543010234832764e-01
2.217506468296051025e-01
5.657278299331665039e-01
1.332594990730285645e+00
4.607655405998229980e-01
nan
nan
nan
nan
-4.682685062289237976e-02
-6.427835822105407715e-01
-4.451894164085388184e-01
4.222188889980316162e-01
-2.356678992509841919e-01
nan
-6.592733860015869141e-01
8.151148557662963867e-01
7.292245030403137207e-01
-1.274008274078369141e+00
-6.004944443702697754e-01
-1.260715961456298828e+00
-1.328956723213195801e+00
3.121506571769714355e-01
6.661747097969055176e-01
8.329310268163681030e-02
2.656291723251342773e-01
8.438526391983032227e-01
-1.573053956031799316e+00
4.031187295913696289e-01
2.431300729513168335e-01
-2.609533667564392090e-01
-1.965523958206176758e-01
1.745110392570495605e+00
-6.801406145095825195e-01
-5.265159606933593750e-01
7.483461499214172363e-01
-7.651591300964355469e-01
nan
nan
