nan
nan
4.579953087700737724e-01
2.268541852633158482e-02
-3.528439998626708984e-01
6.804024908277723771e-01
-1.085260073343912834e+00
-2.215971946716308594e-01
4.711198276943630581e-01
-3.249335289001464844e-01
3.239740000830756417e-01
9.241415659586588172e-01
5.566092994478014089e-02
-3.905074331495497209e-01
-1.697055896123250418e-01
3.797074688805474052e-01
2.479746871524386997e-01
8.794147173563638953e-01
-1.962383323245578404e-01
1.053889274597167969e+00
4.922753440009223214e-01
4.719033771091037388e-01
5.103962156507704240e-01
1.540548642476399666e+00
-1.474560896555582590e-01
5.703027513292100448e-01
-7.300598356458876115e-01
-7.536953290303548547e-01
1.941282219356960659e-01
-5.781794256634182477e-02
nan
nan
nan
nan
6.720853381686739958e-01
-1.087695890002780552e-01
-1.546313709682888504e+00
-9.774163564046224328e-01
-6.513621012369791297e-01
3.882762061225043526e-01
1.252095116509331696e+00
3.037714163462321149e-01
5.270598199632432479e-01
9.834855397542318078e-01
-3.940432270367940498e-02
-7.598574956258138391e-01
-5.137362480163574219e-01
2.670351134406195870e-01
-6.120191680060492745e-01
-1.052818612919913417e-02
-8.292733828226724890e-01
6.188642978668212891e-02
3.536782264709472656e-01
6.248663266499837610e-01
-3.807448347409566475e-02
5.239272647433810270e-01
-2.478089067671034040e-01
3.322530587514241351e-01
5.905503167046440849e-01
1.099550724029541016e-01
-1.281700452168782478e+00
-1.151177883148193359e-01
nan
nan
nan
nan
-3.687890900505913505e-01
2.782167593638102399e-01
-4.520089361402723771e-01
-1.186361736721462723e+00
-5.299990442064073104e-01
5.267897711859809151e-01
-4.875366952684190291e-01
1.745232899983723884e+00
-1.384931140475803013e-01
6.402902603149414062e-01
2.899754047393798828e-01
4.031931294335259208e-01
5.038998921712239953e-01
1.345498614841037277e+00
4.762905438741047992e-01
5.715925958421494979e-01
-6.280430157979329797e-01
2.640985780292087054e-02
1.763576189676920647e+00
9.734558529324002230e-01
8.003687328762478792e-01
-4.457048310173882255e-01
3.039787610371907367e-01
1.616332663430107841e-01
-3.796433077918158761e-01
-2.451015048556857701e-01
3.797073827849493932e-02
6.778655582004122770e-01
nan
nan
nan
nan
-2.775008678436279297e-01
-8.070629967583550224e-01
4.119668536716037388e-01
4.986432923210991630e-01
3.481627835167778739e-01
-2.284702989790174665e-01
-7.372301816940307617e-02
-1.288793649938371408e-02
-2.625282075670030135e-01
-3.688375684950087052e-01
1.666790776782565708e-01
3.663789232571919990e-02
3.008350796169704799e-01
7.009707556830512276e-01
3.995796574486626396e-01
1.941034264034695034e-01
-1.003095838758680580e+00
-7.217739688025580358e-02
-2.717266612582736607e-01
-2.728620900048149833e-01
-7.333120240105522880e-01
1.384758207533094643e+00
2.420197551449140057e-03
3.448616133795844307e-01
-8.583315743340386161e-01
-6.005068884955512276e-01
4.452111456129286271e-01
9.563384585910372770e-01
nan
nan
nan
nan
-7.496280670166015625e-01
-6.550292968750000000e-01
-3.869164784749348773e-01
1.310718006557888504e+00
8.393327395121256140e-01
1.444556183285183315e-01
7.662858433193631136e-01
9.849816560745239258e-02
-6.598719490898979911e-01
-1.303589012887742746e-02
-3.733760780758327846e-01
-3.029267986615498745e-02
-4.669008784823947544e-01
7.691189448038736609e-01
5.110963185628255578e-01
7.660009596082899552e-01
-1.150041792127821205e+00
-1.302327977286444893e-01
3.398533132341172713e-01
1.697909832000732422e-01
9.629847606023152207e-02
-9.019101460774739953e-01
-7.245381673177083703e-01
-1.294432110256618973e+00
1.623733202616373772e+00
9.932342105441622770e-01
-3.708160188462998885e-01
8.533716731601290739e-01
nan
nan
nan
nan
-8.114870919121636161e-01
5.666181776258680802e-01
1.481350130505031948e-01
-4.067820443047417411e-01
5.158994992574056360e-01
1.097964498731825111e+00
-2.977871894836425781e-01
6.221729914347330359e-01
6.247473822699652901e-01
-7.297667397393120536e-01
8.201280170016818083e-01
-6.098354657491048547e-01
8.316727744208441964e-01
1.417750358581542969e+00
-2.151312165790134068e-01
8.015001614888509485e-01
-2.119522730509439956e+00
7.641404999627007255e-01
-3.029664357503255023e-01
1.406854205661349777e+00
1.208019389046563058e-01
-3.046552870008680802e-01
6.918850474887423552e-01
-6.931754218207465401e-01
-1.381757630242241852e+00
5.237142244974771765e-01
-3.870111041598849888e-01
-4.975245065159267926e-02
nan
nan
nan
nan
-1.056044101715087891e-01
3.731947806146410085e-02
7.562090026007758370e-01
4.080676502651638393e-01
9.313633706834581472e-02
2.595368226369221820e-01
-4.218837618827819824e-02
6.691579686270819616e-02
1.382142305374145508e-01
1.732323964436849051e-01
-1.091796239217122322e+00
-1.235298686557345871e+00
-1.136026117536756697e-01
1.421699841817219978e+00
-6.594733662075467073e-01
-2.301519976721869698e-01
-1.857421663072374163e-01
4.062852859497070312e-01
-1.171440018547905915e+00
2.780771520402696151e-01
1.425884167353312082e-01
-7.224213414722019388e-02
-9.251180224948458708e-01
1.308144887288411384e+00
1.846295038859049553e+00
-3.527880244784885044e-01
-1.734953059090508232e-01
1.905958122677273159e-01
nan
nan
nan
nan
-5.380074712965223771e-01
-7.401198281182183036e-01
6.945818265279134485e-01
-4.608422385321723214e-01
2.179487678739759626e-01
-3.054829968346489677e-01
-6.091614299350314177e-01
7.018952369689941406e-01
8.119311862521700895e-01
-4.307082759009467354e-01
-1.018368403116862053e+00
1.674789985020955496e-01
-5.224274264441595983e-02
6.742850409613715401e-01
-1.279221905602349052e-01
-2.428841061062282924e-01
2.884332868787977677e-01
2.444056669871012277e-01
5.725265079074435270e-01
-1.901588439941406250e-01
1.267609384324815514e+00
4.948825836181640625e-01
-3.980301486121283761e-01
3.577174875471327287e-01
-1.017355600992838616e+00
1.583329670959048724e-02
-8.073916037877400254e-02
2.790657149420844307e-01
nan
nan
nan
nan
-4.824796782599555245e-01
1.218147171868218415e+00
2.575204935338762033e-02
4.733153978983561383e-01
-1.967648135291205636e-01
5.194757779439290735e-01
1.629546589321560379e+00
-4.231126308441162109e-01
-2.874076896243625279e-01
7.025328212314181364e-01
5.217562251620821989e-01
-7.638378673129611052e-01
1.322806808683607283e-01
1.011250389946831696e+00
-3.067453437381320591e-01
3.512793117099338169e-01
3.186013433668348771e-01
-1.017112930615742955e-01
3.276717927720811385e-01
5.847842742999394446e-03
2.524820963541666852e-01
1.085090438524882045e-01
5.741191969977484932e-01
1.124318440755208287e-01
5.208605130513509485e-01
-7.424508730570474890e-01
-3.400049209594726562e-01
5.152360598246256140e-01
nan
nan
nan
nan
8.538540734185112724e-01
1.083562850952148438e+00
6.142101817660861052e-01
-9.630538357628716517e-02
6.798655192057291297e-01
6.904413965013291854e-01
2.463332282172309151e-01
-2.773941093020969029e-01
2.269877592722574777e-01
-1.058796130948596453e-02
5.810324880811903459e-01
3.469530741373697685e-02
6.134243541293673552e-01
-4.112231201595730190e-01
8.646146986219618302e-01
7.935021188524034041e-01
1.485923555162217857e+00
4.275890986124674664e-01
8.360859023200141182e-01
9.524325264824761161e-01
1.135349379645453460e+00
-6.222810745239257812e-01
-5.446712176005045203e-01
5.534567832946777344e-01
5.619573593139648438e-02
3.401474422878689174e-01
-3.462885485755072823e-01
-8.126171959771050224e-01
nan
nan
nan
nan
4.967498249477810268e-01
4.887541135152180805e-01
-6.656371222601996651e-01
4.162682096163431572e-02
-6.129706170823838729e-01
4.684563742743598214e-01
-7.277835739983452568e-01
3.770348230997721539e-01
-1.530178387959798270e-01
5.824406411912705916e-01
5.616621971130371094e-01
-1.833884557088216072e+00
-1.174553129408094643e+00
-4.327862461407979561e-02
-1.104772037929958817e+00
-1.343615055084228516e-01
5.114708013004726911e-02
-6.515148480733236047e-01
6.365873018900553015e-01
-7.708985540601942521e-01
-3.731078571743435268e-01
3.876201642884148646e-02
2.547116544511582870e-01
-3.571984834141201520e-02
-5.884724722968207589e-01
5.284922387864854354e-01
3.961165216233994979e-01
-7.433705329895019531e-01
nan
nan
nan
nan
2.740734683142768136e-01
-3.623773256937662945e-01
-6.342769198947482145e-01
4.483003086513943081e-01
-6.246927049424912948e-01
-1.774427228503757115e-01
-7.061147689819335938e-01
7.264895439147949219e-01
-4.342721303304036273e-01
-3.132258786095513114e-01
-4.358959727817111607e-01
1.060815599229600670e+00
9.621277915106879464e-01
8.392162852817111052e-01
-6.484746403164334261e-01
-4.016115665435791016e-01
8.175408045450845984e-01
1.480916738510131836e-01
-2.668101522657606584e-01
3.681674798329671039e-01
-1.965225670072767439e-01
-1.249959415859646317e+00
-3.563611242506239396e-01
7.002204789055718193e-01
4.650031195746527901e-01
1.281050841013590402e-01
-9.102427164713541297e-01
1.600298351711697098e+00
nan
nan
nan
nan
-1.069955031077067104e-01
-1.052490552266438728e+00
-3.215903176201714286e-01
-4.004032082027859096e-01
1.078016281127929688e+00
-8.157611423068575895e-01
4.146330356597900391e-01
-9.040791193644205359e-01
-3.715267181396484375e-01
-1.153289582994249107e+00
7.974437210294935130e-02
-2.596854103936089286e-01
3.188162644704182758e-01
1.703792995876736160e+00
-1.167815102471245758e+00
6.126458909776475448e-01
9.679240120781792411e-01
-1.051609781053331194e-01
5.021480454338921318e-01
-2.928143872155083427e-01
-1.605830934312608482e+00
-8.225446807013617745e-01
4.235450161827934989e-01
6.081430647108290177e-01
-5.048223601447211495e-01
-8.370733790927462614e-01
-9.410616556803385047e-01
-5.073564317491319198e-01
nan
nan
nan
nan
-8.143618901570638391e-01
-1.282990773518880134e+00
-1.000788145595126744e-01
-5.750109752019246651e-02
1.854907307359907401e-02
-1.597949001524183454e-01
-7.862332661946614953e-01
5.572614139980740511e-01
3.739026652442084542e-01
3.190657297770182477e-01
-5.020889970991346263e-02
6.440332863065931224e-02
2.598819202846950893e-01
-4.903133710225422992e-01
-9.929396311442056922e-01
1.533277034759521484e-01
-1.785029139783647287e-02
3.612739510006374721e-01
1.351354493035210602e+00
4.517991012997097516e-02
-1.269683414035373215e+00
-8.353397581312391185e-02
-1.121652603149414062e+00
1.954744756221771240e-02
-1.554616292317708426e-01
6.193752421273125697e-02
3.624499903784857979e-01
1.106577555338541741e+00
nan
nan
nan
nan
6.029612753126356584e-01
1.072671466403537277e+00
4.567519293891059151e-01
7.684116893344454802e-01
1.811592976252237863e-01
2.657880253261989956e-01
-1.002189424302842857e+00
4.932662844657897949e-02
-5.851280026965671038e-02
5.482759475708007812e-01
-5.613759358723958703e-01
-1.815358267890082367e+00
-4.895756509568955916e-01
5.504795180426703682e-01
7.892372873094346541e-01
2.733830346001518974e-01
-5.215146276685926896e-01
-1.784982151455349331e-01
3.378391265869140625e-01
-9.690256118774414062e-01
-7.852745056152343750e-01
-2.293447123633490792e-01
5.440091027153862724e-01
-3.738546371459960938e-02
1.319590780470106361e+00
4.275708728366428013e-01
5.738239288330078125e-01
-5.208997196621365511e-01
nan
nan
nan
nan
-7.514190144009060823e-01
3.343859248691135044e-01
3.009784751468234654e-01
-6.963216993543837052e-01
6.212469206915961495e-01
-5.996387269761827010e-01
-1.760168075561523438e+00
3.742396831512451172e-01
-3.554727236429850445e-01
-2.244643105400933036e-01
-2.016056511137220564e-01
6.302671432495117188e-01
1.938646501964992885e-01
-2.133934762742784319e-01
6.476806932025486185e-02
8.338858286539713172e-01
3.940554724799262276e-01
2.294303682115343079e+00
6.627874904208712614e-01
7.094772126939561385e-01
7.859839333428276786e-01
-2.058225472768147879e-01
-1.213300890392727260e-01
-1.126768747965494866e+00
1.640413469738430385e-01
3.793419731987847099e-01
1.834215164184570312e+00
-3.656655947367350445e-01
nan
nan
nan
nan
1.157150374518500335e+00
5.989957385592989958e-01
5.904073847664727259e-02
-3.775684038798014092e-02
-9.402733908759223214e-01
7.219001452128092078e-01
4.721024301317002791e-01
-1.764755646387735910e-01
1.323518964979383705e+00
-7.235648367140028459e-01
4.070072438981797713e-01
-1.175427436828613281e+00
4.210840596093071708e-01
4.203912417093912945e-01
5.891336335076226005e-01
4.127496812078687571e-02
-3.598130279117160435e-01
4.034012423621283761e-01
8.000179926554361609e-01
-2.102796766493055525e-01
1.265780448913574219e+00
7.822665108574761161e-01
-4.240658813052707310e-01
4.371378686692979354e-01
4.867500729031032924e-01
1.991369591818915596e-01
-8.088899718390570870e-01
-6.394303639729818078e-01
nan
nan
nan
nan
-1.140326923794216518e-01
-3.421231110890706195e-01
-2.908618450164794922e-01
9.722056918674044645e-01
1.274634255303277008e+00
-2.998817761739094867e-01
-5.094345940483940849e-01
-2.172716193728976841e-01
-4.558041360643174666e-01
-1.191613011889987583e-01
-9.546287324693467635e-01
-1.075751728481716629e+00
-1.311890284220377512e-01
-2.978999416033427036e-02
-1.089344766404893639e+00
1.300524208280775251e-01
1.213504473368326897e+00
-5.680931939019097099e-01
1.529146730899810791e-02
1.094312402937147322e-01
4.032124413384331474e-01
-1.089431338840060715e+00
-4.814795917934841518e-01
-3.865143987867567521e-01
8.047835032145182754e-02
-1.700647539562649135e-01
-1.058986345926920647e+00
7.630018658108181917e-01
nan
nan
nan
nan
5.932942496405707589e-01
3.950226306915283203e-01
-3.440932697719997768e-01
1.685161723030937919e-01
-5.024454659885830426e-02
-6.854386329650878906e-01
-3.606193065643310547e-01
9.995039833916558036e-01
4.228436417049831753e-01
3.414454460144042969e-01
2.203259785970052231e+00
-1.045446819729275223e+00
-9.187056620915730332e-02
-4.426942136552598495e-01
6.199160152011446989e-01
-4.441603024800618305e-01
-2.542382876078287945e-01
3.100815415382385254e-02
-7.952309714423285714e-01
-5.856937832302517855e-01
1.717021067937215262e-01
-1.369613806406656809e-01
-1.116550657484266518e+00
-3.836446868048773995e-01
3.590274122026231307e-01
4.806612862481011161e-01
-1.412513653437296457e-01
-7.735313309563530970e-02
nan
nan
nan
nan
3.085379865434434432e-01
6.648312144809298552e-01
6.301805708143446427e-01
-1.389766163296169754e+00
-2.267494963275061559e-02
1.056607246398925781e+00
4.323414166768391742e-01
4.657792713907030202e-02
2.513956228892008649e-01
-1.398580604129367466e-01
-8.694165017869737166e-01
8.384967512554591940e-02
6.951198577880859375e-01
-1.674726406733194894e-01
3.348125616709391461e-01
1.238749716016981361e+00
1.698414484659830637e-01
7.972130245632595980e-01
-1.389485571119520424e+00
5.773464176389905833e-02
7.668850819269816543e-02
-2.756172551049126396e-01
7.167128059599134349e-02
-3.081835905710856305e-01
3.495836787753635044e-01
3.682729138268364677e-01
9.291854434543185270e-01
-3.122157785627577287e-01
nan
nan
nan
nan
-3.074982696109347935e-01
6.034445762634277344e-01
nan
-4.012833171420627232e-01
5.129566722446017302e-01
1.663139528698391323e-01
-4.229678312937418805e-01
-5.658747355143228797e-01
1.898055738872951870e-01
1.066399680243597992e+00
-9.226441913180880583e-01
-4.987816015879312920e-02
-4.492561022440592633e-01
-1.675504472520616295e+00
1.470643149481879464e-01
-8.015191819932725448e-01
7.719855838351779020e-01
3.117688496907551898e-01
5.909925036960177458e-01
1.248594178093804352e+00
4.281933572557237166e-01
-1.275185055202908035e+00
1.228724267747667076e+00
-5.054764747619628906e-01
8.194503254360623323e-01
-4.810773001776801339e-01
-7.300906711154513395e-01
-1.245271364847819057e-01
nan
nan
nan
nan
8.937413957383897323e-01
-1.440899769465128488e-01
7.563686370849609375e-02
-6.640926467047797432e-01
-5.849484867519803011e-01
-6.848964691162109375e-01
-9.091942840152317240e-02
5.711088710361056364e-01
1.550741063223944893e-01
3.203241295284695034e-01
2.446352640787760324e-01
-4.790422121683756695e-01
2.393214702606201172e-01
-2.944236066606309432e-01
-1.915036174986097517e-01
3.910872141520182477e-01
8.034666379292805527e-02
4.446655909220377789e-01
6.204968028598361468e-02
-3.306172953711615792e-01
5.464546415540907365e-01
-6.001425849066840401e-01
3.513204786512587052e-01
-7.754361364576551896e-01
2.123733692699008441e-02
-9.524280760023329240e-01
7.133234341939290735e-01
3.507714271545410156e-01
nan
nan
nan
nan
-7.020097838507758370e-01
5.752319759792752230e-01
-6.924493047926161271e-01
1.264928943581051374e-02
7.442572911580404016e-01
6.104048622979058036e-01
-1.222620010375976562e-01
3.069403436448838729e-01
4.871704313490126115e-01
5.611010392506917549e-02
-5.269279082616170479e-02
7.039893998040093470e-02
3.740184307098388672e-01
1.079262945387098549e+00
-1.534331851535373215e+00
-1.422817707061767578e-01
3.348151048024495258e-01
-9.717456996440887451e-03
-1.009553737110561733e-01
-4.395615789625380021e-01
4.947443538241916294e-01
7.461241218778821849e-02
7.457189427481757116e-02
5.288577609592013395e-01
-5.987937715318467635e-01
-5.243063502841525114e-01
-4.991649521721733818e-01
-5.584225124782986605e-01
nan
nan
nan
nan
7.310243712531195870e-01
1.256150007247924805e-01
-2.280512120988633859e-02
7.861181365119086495e-01
-1.182687150107489676e-01
nan
-2.794388135274251117e-01
-3.110621505313449497e-01
6.269036928812662390e-01
-1.118378321329752678e+00
3.582097689310709820e-01
1.345845858256022209e+00
1.459162632624308176e-01
1.381656540764702790e+00
8.859375847710503349e-01
-2.382074991861979074e-01
9.528246985541449776e-01
4.493525822957356586e-01
2.339003615909152622e-01
1.440137333340115067e+00
-1.164108249876234236e-01
3.112184736463758927e-01
1.075420048501756487e-01
3.683464262220594865e-01
3.507148954603407365e-01
4.262354638841416854e-01
1.000647438897027008e+00
3.262384202745225448e-01
nan
nan
