nan
nan
-5.491119623184204102e-01
2.697581350803375244e-01
-9.727583527565002441e-01
1.931313574314117432e-01
6.950692534446716309e-01
5.280014276504516602e-01
1.159432291984558105e+00
-5.255206823348999023e-01
1.665407896041870117e+00
1.038772538304328918e-01
3.446121234446763992e-03
2.825765013694763184e-01
4.447886347770690918e-01
6.660224199295043945e-01
-1.709109544754028320e+00
-1.382623519748449326e-02
8.714951872825622559e-01
6.499288082122802734e-01
4.015543460845947266e-01
1.106594279408454895e-01
6.209272742271423340e-01
7.386481761932373047e-01
1.280464828014373779e-01
-2.364738732576370239e-01
-9.563909769058227539e-01
5.780074000358581543e-01
2.889601886272430420e-01
-7.497860193252563477e-01
nan
nan
nan
nan
6.206645965576171875e-01
-5.682405829429626465e-01
2.710444629192352295e-01
2.021454095840454102e+00
-1.801066875457763672e+00
-7.620891928672790527e-01
-1.222744137048721313e-01
5.111169815063476562e-01
-1.081662416458129883e+00
3.364891707897186279e-01
-8.768959641456604004e-01
6.258866190910339355e-01
1.224624991416931152e+00
-4.584643542766571045e-01
6.923200488090515137e-01
1.592247128486633301e+00
1.033083200454711914e+00
-6.037203669548034668e-01
2.544220983982086182e-01
1.935508251190185547e+00
-1.788916289806365967e-01
-3.876990973949432373e-01
-3.047489225864410400e-01
-8.957866430282592773e-01
-1.121216416358947754e-01
-1.393885850906372070e+00
1.373932838439941406e+00
1.681417226791381836e-01
nan
nan
nan
nan
-3.837971389293670654e-02
-1.840503573417663574e+00
-4.620438516139984131e-01
-3.744415342807769775e-01
2.234883308410644531e+00
-7.192707657814025879e-01
-1.279075443744659424e-01
-8.154398202896118164e-01
9.234689474105834961e-01
-1.781028509140014648e-02
-7.873158901929855347e-02
-1.674858450889587402e+00
9.007834196090698242e-01
-4.207862615585327148e-01
-3.697297275066375732e-01
1.066125988960266113e+00
6.544318199157714844e-01
2.238105386495590210e-01
-4.019084572792053223e-01
4.520569443702697754e-01
-1.170806437730789185e-01
3.727733492851257324e-01
1.288527488708496094e+00
1.331804394721984863e+00
-1.044394850730895996e+00
-8.457868099212646484e-01
-1.504941880702972412e-01
-8.423171043395996094e-01
nan
nan
nan
nan
-6.142477393150329590e-01
-3.325568735599517822e-01
-4.614523053169250488e-01
-5.302812457084655762e-01
-4.004326760768890381e-01
4.281595051288604736e-01
-6.947152018547058105e-01
-3.347864747047424316e-01
-8.206844925880432129e-01
-6.060265302658081055e-01
-2.285142898559570312e+00
-2.093100994825363159e-01
8.721729516983032227e-01
8.058305978775024414e-01
-5.802300572395324707e-01
-1.143963932991027832e+00
2.788946330547332764e-01
7.843505144119262695e-01
2.987078130245208740e-01
9.518245458602905273e-01
-9.743075370788574219e-01
2.400593012571334839e-01
-1.479760885238647461e+00
-1.377293229103088379e+00
5.257618147879838943e-03
-2.051761001348495483e-02
-5.119915008544921875e-01
2.997550368309020996e-01
nan
nan
nan
nan
-2.909626066684722900e-01
8.245585560798645020e-01
7.307102680206298828e-01
-9.311512112617492676e-02
-6.879355311393737793e-01
9.049828648567199707e-01
-5.339692234992980957e-01
7.984434366226196289e-01
-3.994884192943572998e-01
1.107068657875061035e-01
-5.646814107894897461e-01
-6.944648623466491699e-01
-9.080640673637390137e-01
-1.249123930931091309e+00
-4.921291768550872803e-01
-6.268087029457092285e-02
-1.266306936740875244e-01
-2.369430363178253174e-01
5.425233244895935059e-01
-5.887385010719299316e-01
-2.765412628650665283e-01
6.892597675323486328e-01
5.358873009681701660e-01
-9.096141904592514038e-03
-7.490435242652893066e-02
-1.014342308044433594e+00
-1.783610224723815918e+00
-2.003379106521606445e+00
nan
nan
nan
nan
1.516309380531311035e-01
1.329509168863296509e-01
-3.661074042320251465e-01
-7.303017377853393555e-01
-9.632444977760314941e-01
2.618069946765899658e-01
-6.894807517528533936e-02
4.556883275508880615e-01
-1.014189481735229492e+00
4.128231704235076904e-01
2.974450886249542236e-01
-5.237464308738708496e-01
-8.357990980148315430e-01
-1.456748843193054199e-01
-7.360563874244689941e-01
-2.462527304887771606e-01
5.256268382072448730e-01
2.016062021255493164e+00
-8.201230764389038086e-01
4.005834460258483887e-01
2.027017176151275635e-01
5.452384352684020996e-01
-2.346437692642211914e+00
4.060327708721160889e-01
2.313314750790596008e-02
1.023553729057312012e+00
2.982751727104187012e-01
-8.318202197551727295e-02
nan
nan
nan
nan
-3.450770396739244461e-03
4.317049682140350342e-02
2.066501975059509277e-01
3.798674643039703369e-01
6.980994939804077148e-01
5.127211213111877441e-01
-3.064637780189514160e-01
5.075951218605041504e-01
-7.420173287391662598e-01
-5.660730600357055664e-01
-3.183872699737548828e-01
1.481941491365432739e-01
1.356197953224182129e+00
-1.961344331502914429e-01
-3.137600123882293701e-01
9.172062277793884277e-01
1.731624603271484375e+00
3.156957924365997314e-01
-1.818152368068695068e-01
-2.165545225143432617e-01
1.154844045639038086e+00
6.668796539306640625e-01
-1.063644528388977051e+00
-1.330092191696166992e+00
-8.282947540283203125e-01
-1.068940162658691406e-01
-1.890096664428710938e+00
1.151543974876403809e+00
nan
nan
nan
nan
-2.792208790779113770e-01
-8.914709091186523438e-02
6.090566143393516541e-02
-7.897766679525375366e-02
-1.357039093971252441e+00
-2.067451238632202148e+00
9.028804302215576172e-01
-5.115352869033813477e-01
-1.640676379203796387e+00
-1.133685350418090820e+00
-4.972017556428909302e-02
6.982557177543640137e-01
-7.387902587652206421e-02
-3.136309683322906494e-01
6.832662224769592285e-02
7.573204636573791504e-01
7.812483310699462891e-01
-1.078541040420532227e+00
-2.638713419437408447e-01
-3.383748829364776611e-01
1.103802919387817383e+00
-1.026484131813049316e+00
3.979270756244659424e-01
6.988713145256042480e-01
-1.500226110219955444e-01
7.355467081069946289e-01
-9.101906418800354004e-01
1.222134113311767578e+00
nan
nan
nan
nan
-6.900976300239562988e-01
1.053848981857299805e+00
-4.844053685665130615e-01
-2.212509363889694214e-01
1.235599398612976074e+00
-1.167808055877685547e+00
-1.109043955802917480e-01
-7.628552913665771484e-01
6.582988500595092773e-01
-9.009432047605514526e-03
-1.097311735153198242e+00
-2.974855713546276093e-02
-2.760935574769973755e-02
-7.772879600524902344e-01
2.692399919033050537e-01
-1.460110664367675781e+00
-1.180674210190773010e-01
-2.855041921138763428e-01
9.551235437393188477e-01
2.465035766363143921e-01
-1.040629267692565918e+00
5.409245844930410385e-03
1.023875713348388672e+00
2.647987306118011475e-01
1.126139685511589050e-01
-1.084308028221130371e-01
8.363712430000305176e-01
2.237143069505691528e-01
nan
nan
nan
nan
1.147787809371948242e+00
-8.457213640213012695e-01
-4.830302000045776367e-01
7.700769901275634766e-01
-1.516037434339523315e-01
4.645194709300994873e-01
1.837592571973800659e-01
-6.756120920181274414e-01
5.469710230827331543e-01
-3.836006522178649902e-01
8.499143123626708984e-01
3.687135279178619385e-01
-3.929625451564788818e-01
6.897723078727722168e-01
-1.114216446876525879e+00
1.455474376678466797e+00
1.362951159477233887e+00
-2.100387334823608398e+00
6.048683524131774902e-01
-3.555558621883392334e-01
-2.913792431354522705e-01
-4.322375357151031494e-01
1.628998875617980957e+00
-6.974022090435028076e-02
3.002089560031890869e-01
1.442283540964126587e-01
5.627076625823974609e-01
7.215023636817932129e-01
nan
nan
nan
nan
-7.620639204978942871e-01
5.401074513792991638e-02
-7.727182656526565552e-02
-5.555951595306396484e-01
-7.744403481483459473e-01
1.225871682167053223e+00
5.466123819351196289e-01
-2.569211125373840332e-01
1.161660790443420410e+00
1.868186235427856445e+00
-9.372706711292266846e-02
1.938927322626113892e-01
-3.560036122798919678e-01
-9.569040685892105103e-02
-4.567297995090484619e-01
-4.687983542680740356e-02
-6.623695045709609985e-02
-3.996745049953460693e-01
9.914706349372863770e-01
-4.414105713367462158e-01
-9.664546847343444824e-01
-4.078324139118194580e-01
-1.778526604175567627e-01
-8.613139986991882324e-01
1.846332550048828125e-01
6.369799375534057617e-01
1.235941290855407715e+00
2.712236940860748291e-01
nan
nan
nan
nan
-4.454412460327148438e-01
-6.332991123199462891e-01
9.606791138648986816e-01
-3.909998238086700439e-01
4.633324220776557922e-03
6.538051962852478027e-01
-4.064244031906127930e-01
1.697200983762741089e-01
-1.242174148559570312e+00
5.901731252670288086e-01
-2.204050868749618530e-01
-5.292505621910095215e-01
3.337543010711669922e-01
-2.826047502458095551e-02
8.773906826972961426e-01
-5.837865546345710754e-02
8.395151495933532715e-01
-6.283211708068847656e-01
-9.391143321990966797e-01
5.219526886940002441e-01
1.420616865158081055e+00
6.817953586578369141e-01
1.026636362075805664e-01
-7.274886965751647949e-01
4.795396327972412109e-01
2.062571421265602112e-02
7.290613651275634766e-01
-3.930581808090209961e-01
nan
nan
nan
nan
9.518496394157409668e-01
4.852172732353210449e-01
4.065480530261993408e-01
-2.054463885724544525e-02
2.644643783569335938e-01
1.628820225596427917e-02
5.939277410507202148e-01
-8.623515963554382324e-01
-6.584000587463378906e-01
-5.160313248634338379e-01
8.257173895835876465e-01
2.114142030477523804e-01
7.346267700195312500e-01
-3.934534639120101929e-02
4.389669299125671387e-01
9.115964919328689575e-02
-1.386248707771301270e+00
4.743646681308746338e-01
-8.903920650482177734e-02
-6.658611893653869629e-01
5.413082242012023926e-01
-9.739725291728973389e-02
-1.032967329025268555e+00
-8.749889135360717773e-01
-1.785590499639511108e-01
-7.656748890876770020e-01
-9.608067870140075684e-01
2.640809416770935059e-01
nan
nan
nan
nan
-1.018089652061462402e+00
6.711374223232269287e-02
3.825107514858245850e-01
6.315939426422119141e-01
8.898453712463378906e-01
6.307305693626403809e-01
-5.244241356849670410e-01
8.796517848968505859e-01
1.384405046701431274e-01
2.100697904825210571e-02
8.706909418106079102e-02
3.257932960987091064e-01
-2.252002954483032227e-01
-3.083891272544860840e-01
7.185878157615661621e-01
2.067021131515502930e-01
-6.958444118499755859e-01
-7.575858235359191895e-01
-1.575142025947570801e+00
-7.153779268264770508e-01
-5.625322461128234863e-01
-9.872487783432006836e-01
8.249195814132690430e-01
3.526435494422912598e-01
8.670154213905334473e-01
4.431399106979370117e-01
-1.113461494445800781e+00
-7.377365976572036743e-02
nan
nan
nan
nan
7.949002385139465332e-01
6.193901896476745605e-01
-3.394087404012680054e-02
4.000747203826904297e-01
2.046039402484893799e-01
-5.733895897865295410e-01
2.597059011459350586e-01
1.639287620782852173e-01
-3.954674601554870605e-01
1.971046924591064453e-01
-1.108055710792541504e+00
-3.015624880790710449e-01
-1.021238565444946289e+00
-1.316604137420654297e+00
1.012666225433349609e+00
-9.442642927169799805e-01
1.376842409372329712e-01
-1.363436132669448853e-01
5.736513137817382812e-01
-5.246844887733459473e-01
3.412947058677673340e-01
-1.218054294586181641e+00
-8.083053827285766602e-01
2.167592644691467285e-01
-9.939559102058410645e-01
-5.593807697296142578e-01
9.085937142372131348e-01
6.963410377502441406e-01
nan
nan
nan
nan
-6.057869791984558105e-01
-2.837554216384887695e-01
1.261601328849792480e+00
1.432428002357482910e+00
-1.791949391365051270e+00
-4.164005815982818604e-01
3.238431811332702637e-01
-1.737198114395141602e+00
-3.180918097496032715e-02
5.100426077842712402e-01
5.198796987533569336e-01
9.309546351432800293e-01
2.906680345535278320e+00
6.305003762245178223e-01
6.053039431571960449e-01
-3.016276657581329346e-01
2.353325635194778442e-01
-6.209859251976013184e-01
9.315853118896484375e-01
6.929374337196350098e-01
7.341309785842895508e-01
5.616245865821838379e-01
-2.010954171419143677e-01
-1.053745865821838379e+00
-6.856586337089538574e-01
3.351974785327911377e-01
9.228041768074035645e-01
2.384021133184432983e-01
nan
nan
nan
nan
-3.823024332523345947e-01
1.775524951517581940e-02
-3.080644607543945312e-01
-8.252634406089782715e-01
-4.345315694808959961e-01
4.860858023166656494e-01
-1.730857491493225098e+00
8.093391656875610352e-01
-1.192129015922546387e+00
-4.928136169910430908e-01
-4.092969000339508057e-01
4.032737314701080322e-01
-6.865150928497314453e-01
2.717447578907012939e-01
1.011678099632263184e+00
4.033437669277191162e-01
-1.133983861654996872e-02
-5.907022356986999512e-01
4.396434426307678223e-01
9.208431839942932129e-02
3.512983024120330811e-01
7.674935460090637207e-01
-1.358137875795364380e-01
8.543010950088500977e-01
-3.501886129379272461e-01
-3.768565058708190918e-01
-6.150277256965637207e-01
2.383298724889755249e-01
nan
nan
nan
nan
8.026782274246215820e-01
-3.468936681747436523e-01
9.375663995742797852e-01
3.279899954795837402e-01
1.220930367708206177e-01
5.794937014579772949e-01
2.542473077774047852e-01
-7.079420089721679688e-01
7.031595706939697266e-02
-1.090217471122741699e+00
1.941938042640686035e+00
-9.567556977272033691e-01
-3.194367587566375732e-01
-3.579973056912422180e-02
-1.540459245443344116e-01
-3.837531507015228271e-01
-2.076845616102218628e-01
2.225686162710189819e-01
3.788657188415527344e-01
1.532217860221862793e+00
1.281115263700485229e-01
-8.249495029449462891e-01
-2.150231599807739258e-01
-2.811792790889739990e-01
-2.290087640285491943e-01
-1.160358786582946777e+00
-9.403679519891738892e-02
-1.118942648172378540e-01
nan
nan
nan
nan
1.210885792970657349e-01
-1.060277104377746582e+00
-1.583489328622817993e-01
1.016429424285888672e+00
-5.527421236038208008e-01
-1.431518793106079102e+00
4.749732613563537598e-01
8.477162718772888184e-01
-6.163707002997398376e-03
-7.214277386665344238e-01
-1.255386710166931152e+00
-5.675184726715087891e-01
-2.419115006923675537e-01
1.153639554977416992e+00
-1.235664561390876770e-01
-6.121829748153686523e-01
6.077577471733093262e-01
-1.724404215812683105e+00
-5.563655495643615723e-01
3.420479595661163330e-02
-8.744578361511230469e-01
-1.747811436653137207e-01
2.911182343959808350e-01
-4.315015673637390137e-02
3.119537234306335449e-01
-1.473061323165893555e+00
3.367422521114349365e-01
2.395966053009033203e-01
nan
nan
nan
nan
6.445249319076538086e-01
4.262442886829376221e-01
4.740582033991813660e-02
-9.415122866630554199e-01
-7.290270328521728516e-01
5.757382512092590332e-01
-6.145015358924865723e-01
1.501174569129943848e+00
3.577947989106178284e-02
-4.038907587528228760e-01
5.051008462905883789e-01
-1.841510087251663208e-01
2.082094848155975342e-01
4.518489539623260498e-02
8.021129369735717773e-01
4.747292399406433105e-01
1.191072687506675720e-01
1.035860300064086914e+00
-8.842784762382507324e-01
-6.667916178703308105e-01
3.062712848186492920e-01
5.623807311058044434e-01
-6.182584762573242188e-01
1.703709661960601807e-01
5.968057513236999512e-01
3.119659423828125000e-01
-2.522796206176280975e-02
6.710495352745056152e-01
nan
nan
nan
nan
-4.472818374633789062e-01
-1.127458691596984863e+00
-1.628230810165405273e-01
6.616092920303344727e-01
-1.688492298126220703e-01
4.286392927169799805e-01
-6.017691269516944885e-02
-2.620547115802764893e-01
9.159628152847290039e-01
-1.005105897784233093e-01
1.209189772605895996e+00
-5.929117798805236816e-01
-7.024569511413574219e-01
-7.469834685325622559e-01
-5.566213726997375488e-01
1.059379816055297852e+00
1.067910075187683105e+00
-4.963709712028503418e-01
1.498270869255065918e+00
-7.519996166229248047e-01
1.387171745300292969e+00
-3.918737471103668213e-01
8.503079414367675781e-02
7.310801148414611816e-01
-9.391705691814422607e-02
5.557554960250854492e-01
1.133357167243957520e+00
-1.294826269149780273e+00
nan
nan
nan
nan
-1.728060096502304077e-01
-3.104608356952667236e-01
-3.515711426734924316e-01
1.060795933008193970e-01
-1.044946789741516113e+00
9.707882255315780640e-02
-3.622395098209381104e-01
-3.604050278663635254e-01
3.315383568406105042e-02
6.350352764129638672e-01
5.413278937339782715e-02
-7.818329334259033203e-02
6.666941046714782715e-01
-4.419492483139038086e-01
5.717308521270751953e-01
-1.042821526527404785e+00
3.336648344993591309e-01
-1.460750848054885864e-01
-3.643110394477844238e-01
1.545794308185577393e-01
-1.245414257049560547e+00
1.011303663253784180e+00
-4.415494799613952637e-01
-1.696855306625366211e+00
4.669749364256858826e-02
5.397777259349822998e-02
7.485570013523101807e-02
-1.088446378707885742e+00
nan
nan
nan
nan
-9.901990741491317749e-02
1.392185539007186890e-01
-3.691154420375823975e-01
-3.803146481513977051e-01
-8.707697391510009766e-01
-4.208989143371582031e-01
1.322324275970458984e-01
-7.107079625129699707e-01
-6.863820552825927734e-01
-5.106155872344970703e-01
8.501742780208587646e-02
2.546848170459270477e-02
4.842374324798583984e-01
2.546384334564208984e-01
9.885693192481994629e-01
-5.027038231492042542e-02
-7.298496961593627930e-01
-1.257586002349853516e+00
-1.005661934614181519e-01
-1.440825015306472778e-01
-1.222830772399902344e+00
-2.806724905967712402e-01
-1.139029636979103088e-01
-1.155465841293334961e-01
5.451541543006896973e-01
8.845688104629516602e-01
5.105242729187011719e-01
-5.643209218978881836e-01
nan
nan
nan
nan
1.010834693908691406e+00
-8.098271489143371582e-01
-5.013937354087829590e-01
-8.075898289680480957e-01
4.514069259166717529e-01
nan
-2.301886230707168579e-01
-5.705934166908264160e-01
9.355202913284301758e-01
-2.471023797988891602e-01
6.587710380554199219e-01
-6.421745419502258301e-01
-1.667061299085617065e-01
-6.708484143018722534e-02
1.463328301906585693e-01
8.423548936843872070e-01
-2.389533370733261108e-01
8.771936893463134766e-01
3.052706718444824219e-01
-4.800127148628234863e-01
1.233384362421929836e-03
1.421229481697082520e+00
-1.720115542411804199e-01
-1.650710225105285645e+00
-1.417776823043823242e+00
1.106166243553161621e+00
5.750576853752136230e-01
-9.687518328428268433e-02
nan
nan
