nan
nan
1.585295796394348145e+00
6.735144257545471191e-01
-4.388912618160247803e-01
-1.074792146682739258e+00
1.016075015068054199e+00
1.746730655431747437e-01
1.311533212661743164e+00
1.484972536563873291e-01
7.611514329910278320e-01
-9.959269762039184570e-01
-5.438491702079772949e-01
-8.785083293914794922e-01
4.179767370223999023e-01
-9.442591667175292969e-01
-4.733589887619018555e-01
-7.582934498786926270e-01
-1.786919713020324707e+00
-1.194625943899154663e-01
-3.827991485595703125e-01
1.245683312416076660e+00
3.060587942600250244e-01
-1.389002203941345215e+00
-5.258324146270751953e-01
9.651605971157550812e-03
1.093169897794723511e-01
-5.348867177963256836e-01
8.424316644668579102e-01
-2.817834019660949707e-01
nan
nan
nan
nan
3.850934654474258423e-02
7.210318446159362793e-01
6.059727072715759277e-01
-2.222403287887573242e-01
4.101454317569732666e-01
-3.912625014781951904e-01
1.335003646090626717e-03
1.833966612815856934e+00
-1.494896292686462402e+00
1.028724789619445801e+00
1.334462761878967285e+00
5.508346557617187500e-01
-6.117879971861839294e-02
-4.562141895294189453e-01
-1.386945992708206177e-01
5.211840867996215820e-01
-4.832689464092254639e-02
-4.022297859191894531e-01
-1.592143416404724121e+00
-2.243727892637252808e-01
4.814676567912101746e-02
5.032024979591369629e-01
8.648071885108947754e-01
-1.034769892692565918e+00
-6.363651156425476074e-01
-3.673037886619567871e-01
8.600780963897705078e-01
6.096116304397583008e-01
nan
nan
nan
nan
8.964304327964782715e-01
1.112165093421936035e+00
-3.262884020805358887e-01
1.237955451011657715e+00
2.582634687423706055e-01
3.910199701786041260e-01
-1.252952456474304199e+00
1.073447346687316895e+00
1.270056605339050293e+00
1.297097563743591309e+00
2.237111628055572510e-01
-6.852647066116333008e-01
4.671929031610488892e-02
8.912479877471923828e-01
-2.962698042392730713e-01
-2.162624895572662354e-02
1.646891832351684570e-01
-1.204751282930374146e-01
-7.130236178636550903e-02
-1.978098005056381226e-01
-6.349461674690246582e-01
8.388580679893493652e-01
-1.216319322586059570e+00
-6.660730838775634766e-01
5.275561809539794922e-01
2.141498923301696777e-01
3.972262442111968994e-01
-1.451147198677062988e-01
nan
nan
nan
nan
1.040242433547973633e+00
1.413405537605285645e-01
8.366504311561584473e-01
2.700537145137786865e-01
1.465611010789871216e-01
-5.685352087020874023e-01
-1.698597788810729980e+00
-1.551825881004333496e+00
-6.872103214263916016e-01
-1.247460320591926575e-01
-3.418419063091278076e-01
1.018569707870483398e+00
2.120013236999511719e-01
1.431395709514617920e-01
3.499846160411834717e-01
-4.573051929473876953e-01
1.170873165130615234e+00
-2.091823816299438477e-01
8.363470435142517090e-01
3.601447343826293945e-01
-3.403089344501495361e-01
4.879028201103210449e-01
9.204056262969970703e-01
1.402502655982971191e+00
8.966988325119018555e-01
4.506612122058868408e-01
5.552116632461547852e-01
-3.464325070381164551e-01
nan
nan
nan
nan
1.746401637792587280e-01
2.067096233367919922e-01
-1.066471785306930542e-01
6.335653830319643021e-03
-3.477029800415039062e-01
6.691633462905883789e-01
-7.942291498184204102e-01
-2.581140398979187012e-01
5.847835540771484375e-01
8.829461336135864258e-01
-4.475972950458526611e-01
-5.627257823944091797e-01
-8.139011263847351074e-02
-1.875237226486206055e+00
1.348948121070861816e+00
3.616151213645935059e-01
-9.857670664787292480e-01
-7.913771271705627441e-01
-4.449513554573059082e-01
4.675258323550224304e-02
4.077452421188354492e-01
-2.434767782688140869e-01
7.304482907056808472e-02
5.405645817518234253e-02
-1.640461325645446777e+00
-1.395338296890258789e+00
1.271412253379821777e+00
4.276081025600433350e-01
nan
nan
nan
nan
2.750320918858051300e-02
4.554303884506225586e-01
2.261158972978591919e-01
1.151045560836791992e+00
4.400929212570190430e-01
-5.537120699882507324e-01
1.150546312332153320e+00
-3.015386499464511871e-02
5.338959097862243652e-01
-1.134866356849670410e+00
-5.942910313606262207e-01
4.707769453525543213e-01
-4.735412597656250000e-01
-1.839947104454040527e+00
-1.457876086235046387e+00
5.488641262054443359e-01
1.849033951759338379e+00
-7.762670516967773438e-01
-3.953203931450843811e-02
5.224363803863525391e-01
7.572817206382751465e-01
-8.644289374351501465e-01
-4.576970636844635010e-02
-8.726122975349426270e-01
-1.755093634128570557e-01
1.481854915618896484e+00
-1.038995385169982910e+00
-1.096268773078918457e+00
nan
nan
nan
nan
-1.018782973289489746e+00
1.600998044013977051e-01
-2.090398311614990234e+00
3.188066482543945312e-01
5.777161195874214172e-02
1.617483019828796387e+00
-3.043112754821777344e-01
2.076323270797729492e+00
-9.467490911483764648e-01
-5.452789664268493652e-01
1.097901105880737305e+00
-1.059248328208923340e+00
-3.087323904037475586e-01
1.059029817581176758e+00
-1.100028038024902344e+00
-5.092030763626098633e-01
-3.051716685295104980e-01
-3.834620714187622070e-01
5.936884284019470215e-01
-1.828770875930786133e+00
3.424201905727386475e-01
-2.432938665151596069e-01
-2.554219216108322144e-02
-2.930997014045715332e-01
9.624534845352172852e-01
5.410661548376083374e-02
-8.801589161157608032e-02
-1.727558732032775879e+00
nan
nan
nan
nan
-4.713575243949890137e-01
1.046202480792999268e-01
5.219733119010925293e-01
9.357419610023498535e-02
9.937310218811035156e-02
-8.062611818313598633e-01
-1.468889594078063965e+00
-1.384389698505401611e-01
1.713431067764759064e-02
5.411037206649780273e-01
1.796042025089263916e-01
9.059894084930419922e-01
-3.884367346763610840e-01
-4.865920245647430420e-01
-7.271106839179992676e-01
1.541494607925415039e+00
6.912516355514526367e-01
2.346330881118774414e-01
1.122641086578369141e+00
1.038222074508666992e+00
-7.042851299047470093e-02
-2.064177840948104858e-01
-1.410952329635620117e+00
8.075397610664367676e-01
1.566762030124664307e-01
7.090204358100891113e-01
-7.256336808204650879e-01
4.764931797981262207e-01
nan
nan
nan
nan
7.172325253486633301e-01
1.317568302154541016e+00
1.114193677902221680e+00
2.801474034786224365e-01
-7.373210191726684570e-01
-5.891166329383850098e-01
-1.468380689620971680e-01
-6.195310950279235840e-01
1.514657437801361084e-01
1.054982781410217285e+00
-3.579287230968475342e-01
-2.879796922206878662e-01
-5.135818943381309509e-02
1.408583760261535645e+00
-1.081822514533996582e+00
-2.227288484573364258e-01
4.628036916255950928e-01
-2.455916702747344971e-01
1.106303036212921143e-01
-5.107448697090148926e-01
-1.200507804751396179e-01
-1.171363592147827148e+00
-6.840602755546569824e-01
4.513269662857055664e-01
-2.957182824611663818e-01
-6.687647104263305664e-01
2.379097230732440948e-02
8.065959215164184570e-01
nan
nan
nan
nan
-6.680794358253479004e-01
4.826291203498840332e-01
-6.425068378448486328e-01
-9.406248331069946289e-01
9.730719327926635742e-01
-3.622221946716308594e-01
-1.896366953849792480e+00
-7.965952157974243164e-03
1.040988638997077942e-01
-1.078703030943870544e-01
-2.648045122623443604e-01
-4.498747885227203369e-01
-1.071328520774841309e+00
-1.529036879539489746e+00
4.629546105861663818e-01
-7.078977823257446289e-01
2.291845798492431641e+00
1.216666221618652344e+00
-8.273035287857055664e-01
-2.181024074554443359e+00
3.443267643451690674e-01
-3.476682007312774658e-01
-1.508437991142272949e-01
-3.512761890888214111e-01
5.883742496371269226e-02
-1.530299782752990723e+00
-9.024237394332885742e-01
-4.502461552619934082e-01
nan
nan
nan
nan
2.969454824924468994e-01
2.911115586757659912e-01
-4.925363063812255859e-01
-3.080079257488250732e-01
3.592832386493682861e-01
-1.054602622985839844e+00
2.824378311634063721e-01
-2.588644623756408691e-01
-1.291489303112030029e-01
-1.996196433901786804e-02
-1.610816456377506256e-02
-6.290769577026367188e-01
-1.605293273925781250e+00
2.789506018161773682e-01
6.325783729553222656e-01
-9.174999594688415527e-01
-1.559281945228576660e-01
-1.786872446537017822e-01
-1.898106932640075684e-01
-8.899262547492980957e-01
8.763269186019897461e-01
-1.880265712738037109e+00
7.681199312210083008e-01
9.993156418204307556e-03
7.921864390373229980e-01
-3.638146221637725830e-01
-1.261877417564392090e-01
-7.715342044830322266e-01
nan
nan
nan
nan
1.141659393906593323e-01
1.483833193778991699e-01
-4.027663171291351318e-01
-7.475649714469909668e-01
1.596813678741455078e+00
-7.865062952041625977e-01
-1.265591382980346680e+00
6.343452334403991699e-01
-3.493849933147430420e-01
-6.618021130561828613e-01
-8.893831372261047363e-01
1.084614515304565430e+00
3.497070372104644775e-01
-2.268903702497482300e-01
5.772103071212768555e-01
-3.600439727306365967e-01
3.867830932140350342e-01
3.271823823451995850e-01
1.396251440048217773e+00
-3.718574345111846924e-01
-4.810414314270019531e-01
3.863905966281890869e-01
2.995687127113342285e-01
-1.794378519058227539e+00
-2.545777559280395508e-01
4.014071822166442871e-02
2.525657229125499725e-02
1.599378585815429688e-01
nan
nan
nan
nan
1.058808445930480957e+00
-1.040934562683105469e+00
-8.115841746330261230e-01
-7.733659148216247559e-01
-1.640381813049316406e+00
1.996644377708435059e+00
-1.739868879318237305e+00
2.116416692733764648e-01
-7.492751628160476685e-02
3.047104477882385254e-01
-8.276529908180236816e-01
-2.043787717819213867e+00
-9.564065933227539062e-01
-1.101005911827087402e+00
5.434046387672424316e-01
-2.422102689743041992e-01
-8.201238512992858887e-01
-1.188468217849731445e+00
3.220172822475433350e-01
-7.057584822177886963e-02
3.632646203041076660e-01
3.690240383148193359e-01
-1.508055090904235840e+00
5.445352941751480103e-02
2.451373487710952759e-01
-1.994952186942100525e-02
-7.809028029441833496e-01
4.456666707992553711e-01
nan
nan
nan
nan
1.052420616149902344e+00
9.328212589025497437e-02
-1.197204459458589554e-03
7.135819196701049805e-01
1.960868388414382935e-01
-2.745026648044586182e-01
-7.040254473686218262e-01
-4.626901447772979736e-02
-1.401216387748718262e+00
-4.088208675384521484e-01
2.152355313301086426e-01
-3.322966694831848145e-01
-1.673216342926025391e+00
-6.882134675979614258e-01
-7.593205571174621582e-02
-1.409259587526321411e-01
-4.164111018180847168e-01
-1.658686995506286621e-01
-4.537871778011322021e-01
-1.777131110429763794e-01
-1.761583611369132996e-02
1.110854983329772949e+00
2.754986286163330078e-01
3.504719957709312439e-02
7.084186077117919922e-01
-9.558186531066894531e-01
6.729522943496704102e-01
-1.354235649108886719e+00
nan
nan
nan
nan
-5.959422588348388672e-01
-8.010568618774414062e-01
-1.498960256576538086e-01
-1.278854310512542725e-01
-4.290887713432312012e-01
4.325671792030334473e-01
3.565668463706970215e-01
1.710482597351074219e+00
2.974246144294738770e-01
-3.861143290996551514e-01
8.785427212715148926e-01
-5.291111469268798828e-01
-1.836023211479187012e+00
-1.010148286819458008e+00
7.191861271858215332e-01
-7.423024158924818039e-03
-7.216148376464843750e-01
9.319832921028137207e-01
6.162606477737426758e-01
-1.442769765853881836e+00
9.334813952445983887e-01
6.348729729652404785e-01
4.389697909355163574e-01
-1.044436693191528320e+00
2.215933352708816528e-01
4.464725255966186523e-01
1.412170678377151489e-01
9.258066415786743164e-01
nan
nan
nan
nan
-9.440711736679077148e-01
3.783169388771057129e-01
4.032881259918212891e-01
-5.808028578758239746e-01
1.967190355062484741e-01
1.683293342590332031e+00
5.246133804321289062e-01
-4.014731049537658691e-01
8.464124798774719238e-01
1.184149265289306641e+00
8.281523585319519043e-01
-1.995608508586883545e-01
-2.045617997646331787e-01
-3.128175437450408936e-01
-5.464360117912292480e-01
7.411194443702697754e-01
-1.229416131973266602e+00
8.133903145790100098e-01
1.212386131286621094e+00
-6.373621821403503418e-01
-7.653274536132812500e-01
-1.961583942174911499e-01
-4.226072132587432861e-01
1.238540768623352051e+00
-7.975937724113464355e-01
2.837365567684173584e-01
-1.172026023268699646e-01
-2.282917201519012451e-01
nan
nan
nan
nan
-7.845636606216430664e-01
9.885762333869934082e-01
-6.025189161300659180e-01
2.621474862098693848e-01
2.391043007373809814e-01
1.849166899919509888e-01
-1.350724399089813232e-01
2.299686968326568604e-01
2.652782201766967773e-01
5.236293748021125793e-02
4.640911519527435303e-01
-5.144780278205871582e-01
-6.556187272071838379e-01
1.506000399589538574e+00
-4.915120601654052734e-01
-1.516670107841491699e+00
-1.101518154144287109e+00
1.951454728841781616e-01
1.161974906921386719e+00
-3.986416459083557129e-01
-3.932168483734130859e-01
-1.576197743415832520e+00
9.109842777252197266e-01
1.165671646595001221e-01
1.723644852638244629e+00
-3.882362544536590576e-01
2.972761914134025574e-02
-6.098073124885559082e-01
nan
nan
nan
nan
-1.222326517105102539e+00
5.690504908561706543e-01
2.971138656139373779e-01
1.312291026115417480e+00
-1.383642911911010742e+00
3.392683863639831543e-01
8.387212455272674561e-02
1.680523395538330078e+00
5.439984202384948730e-01
1.494728475809097290e-01
-6.961230635643005371e-01
-1.440560460090637207e+00
1.867507934570312500e+00
-3.195977583527565002e-02
5.613208413124084473e-01
-5.512165427207946777e-01
2.265671193599700928e-01
1.669789403676986694e-01
-1.860707551240921021e-01
6.567322611808776855e-01
-8.573291301727294922e-01
2.705428898334503174e-01
5.215203389525413513e-02
-1.776538789272308350e-01
-1.823782026767730713e-01
-1.098445177078247070e+00
-4.003122448921203613e-01
3.689553141593933105e-01
nan
nan
nan
nan
-1.583483666181564331e-01
-2.462256401777267456e-01
-1.805259138345718384e-01
8.293617963790893555e-01
1.209763926453888416e-03
-2.708652317523956299e-01
-7.318233847618103027e-01
4.619378447532653809e-01
-5.838946998119354248e-02
3.158385753631591797e-01
-1.429861903190612793e+00
4.603692293167114258e-01
3.989525437355041504e-01
-1.318676948547363281e+00
-6.213277205824851990e-02
3.732768595218658447e-01
4.868385791778564453e-01
-8.341537117958068848e-01
9.766812436282634735e-03
-3.981057107448577881e-01
1.167252808809280396e-01
1.304639101028442383e+00
6.464821100234985352e-01
2.096726447343826294e-01
5.345560312271118164e-01
-7.549375295639038086e-02
-7.627537846565246582e-01
-1.626285761594772339e-01
nan
nan
nan
nan
-4.452605247497558594e-01
-3.090034723281860352e-01
-8.599672913551330566e-01
-7.610367536544799805e-01
-1.534128338098526001e-01
-6.923413276672363281e-01
-6.960375308990478516e-01
-5.665488243103027344e-01
1.071976184844970703e+00
-7.479382753372192383e-01
-1.919086724519729614e-01
1.509121656417846680e+00
-2.385002374649047852e-01
-1.115295886993408203e+00
2.336611270904541016e+00
2.498425096273422241e-01
-1.874944865703582764e-01
-1.520238757133483887e+00
-6.294837594032287598e-01
3.889012336730957031e-01
-6.829566359519958496e-01
-8.007265627384185791e-02
-4.345190823078155518e-01
1.803433418273925781e+00
6.833096742630004883e-01
-2.984308302402496338e-01
6.524781584739685059e-01
1.688581109046936035e-01
nan
nan
nan
nan
-4.609417021274566650e-01
1.664424061775207520e+00
-1.326892673969268799e-01
5.486737489700317383e-01
-6.923531293869018555e-01
1.129467040300369263e-01
-3.806013166904449463e-01
-4.376191496849060059e-01
-7.925565838813781738e-01
-9.010344147682189941e-01
-1.570008695125579834e-01
-5.394929647445678711e-01
1.065402626991271973e+00
6.904180645942687988e-01
3.383097052574157715e-02
2.552544176578521729e-01
-1.203055009245872498e-01
1.429303269833326340e-02
-4.727832973003387451e-02
-3.534063100814819336e-01
-5.265008807182312012e-01
-3.694187104701995850e-01
2.168597429990768433e-01
-6.271969079971313477e-01
-3.563241362571716309e-01
9.561861157417297363e-01
-9.042255282402038574e-01
-4.017997086048126221e-01
nan
nan
nan
nan
9.805777072906494141e-01
5.383301377296447754e-01
-3.898639380931854248e-01
-6.073374748229980469e-01
-1.403167247772216797e+00
-5.188833475112915039e-01
5.497123599052429199e-01
6.816025972366333008e-01
3.332376182079315186e-01
-6.194584965705871582e-01
5.261309146881103516e-01
-8.140462636947631836e-01
5.586336255073547363e-01
-3.876530379056930542e-02
-1.899804472923278809e-01
2.504831850528717041e-01
-3.626761734485626221e-01
9.838193058967590332e-01
6.689963936805725098e-01
1.098995730280876160e-01
1.780432581901550293e+00
-5.745656490325927734e-01
5.495581626892089844e-01
-5.080638527870178223e-01
9.718861579895019531e-01
-7.412387430667877197e-02
9.043552875518798828e-01
7.784240841865539551e-01
nan
nan
nan
nan
5.450721830129623413e-02
7.327999472618103027e-01
-3.374593555927276611e-01
3.233304023742675781e-01
2.802263200283050537e-01
-1.592644095420837402e+00
1.374371528625488281e+00
3.858574032783508301e-01
9.482937455177307129e-01
-1.928489655256271362e-01
-5.546405315399169922e-01
3.380742669105529785e-02
-1.608218997716903687e-01
1.747674047946929932e-01
8.205572366714477539e-01
-1.531330049037933350e-01
1.056433439254760742e+00
3.246556818485260010e-01
-8.059716783463954926e-03
-1.058976203203201294e-01
-1.097103208303451538e-01
3.126101195812225342e-01
7.252790927886962891e-01
8.050149679183959961e-01
3.222198188304901123e-01
-2.753185927867889404e-01
9.811479449272155762e-01
3.908366858959197998e-01
nan
nan
nan
nan
1.163187980651855469e+00
8.235784769058227539e-01
-9.115121960639953613e-01
-1.882003247737884521e-01
-8.056907914578914642e-03
nan
1.784635186195373535e-01
-1.291928696446120739e-03
-4.707450270652770996e-01
-9.313409328460693359e-01
6.213916540145874023e-01
-8.443934917449951172e-01
-1.117867231369018555e-01
5.826162099838256836e-01
-1.262378931045532227e+00
3.666440546512603760e-01
5.353889465332031250e-01
2.308319807052612305e-01
-3.494606316089630127e-01
-2.807330191135406494e-01
2.778659760951995850e-01
-8.008524775505065918e-01
-4.222544729709625244e-01
1.510663032531738281e+00
8.341273665428161621e-01
3.075401782989501953e-01
2.608832716941833496e-01
-6.893373727798461914e-01
nan
nan
