nan
nan
-5.833846330642700195e-01
-3.122250735759735107e-01
-1.168359279632568359e+00
1.166190028190612793e+00
4.383281767368316650e-01
1.067677736282348633e-01
4.552159011363983154e-01
7.924472689628601074e-01
1.640609353780746460e-01
3.798509836196899414e-01
-9.485010504722595215e-01
-1.271431893110275269e-01
-4.730726033449172974e-02
1.667156577110290527e+00
-5.667015537619590759e-02
7.861317396163940430e-01
-1.207392692565917969e+00
-5.659193992614746094e-01
5.869676470756530762e-01
-5.161542892456054688e-01
3.839508593082427979e-01
1.422378718852996826e-01
2.838533222675323486e-01
1.250699162483215332e+00
3.363953232765197754e-01
-8.054499626159667969e-01
-1.932312548160552979e-01
-9.968600235879421234e-03
nan
nan
nan
nan
-1.734374910593032837e-01
-4.318424165248870850e-01
4.775344133377075195e-01
2.458625137805938721e-01
7.624152898788452148e-01
4.781091809272766113e-01
-1.421407699584960938e+00
-6.056295707821846008e-02
-2.634370140731334686e-02
-6.990681290626525879e-01
-1.418029069900512695e-01
6.165637820959091187e-02
-6.845716238021850586e-01
-8.536059260368347168e-01
-6.167668104171752930e-01
5.869316458702087402e-01
6.836525201797485352e-01
9.919141232967376709e-02
1.137588143348693848e+00
1.259920716285705566e+00
4.199375212192535400e-01
-2.535064816474914551e-01
2.979807257652282715e-01
-5.492517948150634766e-01
-1.474616408348083496e+00
4.236618280410766602e-01
-4.172506630420684814e-01
8.177462220191955566e-01
nan
nan
nan
nan
-5.636589527130126953e-01
-1.394171953201293945e+00
2.399489164352416992e+00
-6.116681694984436035e-01
-7.699595689773559570e-01
9.330464601516723633e-01
-4.064668416976928711e-01
-8.457194566726684570e-01
-6.338742971420288086e-01
6.007019281387329102e-01
6.139694452285766602e-01
-9.516307711601257324e-01
4.612875282764434814e-01
7.172008752822875977e-01
6.406277418136596680e-01
4.168180823326110840e-01
-1.359883099794387817e-01
1.228561162948608398e+00
-6.566669940948486328e-01
1.126514315605163574e+00
-1.618807196617126465e+00
1.572686910629272461e+00
1.175494551658630371e+00
1.439877003431320190e-01
5.194713920354843140e-02
-1.191540956497192383e+00
-8.194642066955566406e-01
-4.710705578327178955e-01
nan
nan
nan
nan
-6.684591174125671387e-01
-9.838926196098327637e-01
-9.826494455337524414e-01
1.156274914741516113e+00
-3.161909803748130798e-02
4.721569716930389404e-01
-6.991934031248092651e-02
6.368256211280822754e-01
1.647260665893554688e+00
9.423797726631164551e-01
-1.436924695968627930e+00
-5.982493758201599121e-01
-5.760855078697204590e-01
2.420690298080444336e+00
1.071902036666870117e+00
6.767807006835937500e-01
-6.464967876672744751e-02
-1.079399704933166504e+00
-9.423262476921081543e-01
-6.586274504661560059e-02
-7.219038605690002441e-01
-8.497759103775024414e-01
3.704195320606231689e-01
-1.417186141014099121e+00
-1.055382609367370605e+00
6.084327697753906250e-01
-1.344721674919128418e+00
4.242528676986694336e-01
nan
nan
nan
nan
-1.264408349990844727e+00
8.230958580970764160e-01
3.051779866218566895e-01
-4.101256430149078369e-01
2.157518118619918823e-01
1.669307112693786621e+00
3.480142951011657715e-01
6.157917380332946777e-01
3.717074096202850342e-01
-1.618491053581237793e+00
-3.334897160530090332e-01
-3.225284218788146973e-01
8.909801840782165527e-01
1.640588998794555664e+00
1.007442399859428406e-01
-7.350873351097106934e-01
2.277540564537048340e-01
2.274729967117309570e+00
1.217464923858642578e+00
7.789083123207092285e-01
-9.266516566276550293e-02
-7.340570688247680664e-01
1.421172738075256348e+00
8.118342161178588867e-01
-4.335135519504547119e-01
-3.207310736179351807e-01
-3.883930444717407227e-01
6.803769469261169434e-01
nan
nan
nan
nan
-3.973608613014221191e-01
-8.285225033760070801e-01
8.864118456840515137e-01
6.772867441177368164e-01
2.102320939302444458e-01
-8.270055055618286133e-01
-5.621507763862609863e-01
1.565333902835845947e-01
2.077686041593551636e-02
8.972169756889343262e-01
-9.543294310569763184e-01
-8.398493528366088867e-01
-3.970651030540466309e-01
-7.491759657859802246e-01
-2.112343758344650269e-01
-4.702767729759216309e-01
-6.221784353256225586e-01
1.096258997917175293e+00
-8.331325054168701172e-01
1.368609786033630371e+00
-4.837829470634460449e-01
-1.699632257223129272e-01
1.539362192153930664e+00
-2.652708888053894043e-01
5.108686089515686035e-01
-4.534263610839843750e-01
-2.379025369882583618e-01
7.122209668159484863e-01
nan
nan
nan
nan
-4.117878526449203491e-02
-3.697865307331085205e-01
-3.797279596328735352e-01
8.386256098747253418e-01
1.366807579994201660e+00
-3.808515891432762146e-02
-1.859161555767059326e-01
1.115807056427001953e+00
4.575937986373901367e-01
-8.087080717086791992e-01
5.682341456413269043e-01
1.406542897224426270e+00
-5.038538575172424316e-01
-8.521358966827392578e-01
4.757337570190429688e-01
5.824139341711997986e-02
5.682140588760375977e-01
-6.770648360252380371e-01
-1.075905680656433105e+00
-5.273113846778869629e-01
2.135014235973358154e-01
-6.279540807008743286e-02
4.569781422615051270e-01
1.080783843994140625e+00
-8.074125647544860840e-01
-8.608598709106445312e-01
4.558396637439727783e-01
2.256915718317031860e-01
nan
nan
nan
nan
6.406546235084533691e-01
2.804858088493347168e-01
-6.076048612594604492e-01
6.268721222877502441e-01
4.629579782485961914e-01
-3.952330350875854492e-01
-9.168192744255065918e-01
-2.893376350402832031e-01
5.507462471723556519e-02
-6.100581288337707520e-01
-5.081614851951599121e-01
4.480192661285400391e-01
-6.395398378372192383e-01
-8.551939129829406738e-01
1.306223422288894653e-01
-1.193029880523681641e+00
-1.227662444114685059e+00
-1.507970571517944336e+00
-5.662280321121215820e-01
2.467353343963623047e-01
-6.889045834541320801e-01
-5.564172267913818359e-01
-5.720185637474060059e-01
3.161597847938537598e-01
2.047574669122695923e-01
-2.913469970226287842e-01
5.471215248107910156e-01
-4.450730681419372559e-01
nan
nan
nan
nan
-1.704873293638229370e-01
-2.135195732116699219e-01
5.329172015190124512e-01
-1.261184513568878174e-01
-1.445194985717535019e-02
1.101761013269424438e-01
2.859787642955780029e-01
8.125647902488708496e-01
4.209122955799102783e-01
4.783998802304267883e-02
-6.472477316856384277e-01
1.228753924369812012e+00
-2.242385149002075195e-01
-6.118806600570678711e-01
3.811449110507965088e-01
7.270548939704895020e-01
3.373512327671051025e-01
8.141853213310241699e-01
-4.539205133914947510e-01
-4.299752116203308105e-01
5.441887974739074707e-01
1.391616344451904297e+00
-2.054671645164489746e-01
5.069354176521301270e-01
1.053658574819564819e-01
6.955731511116027832e-01
2.352441698312759399e-01
8.451085686683654785e-01
nan
nan
nan
nan
-4.965155720710754395e-01
-4.728093743324279785e-01
-8.807896375656127930e-01
-2.966241836547851562e-01
-1.032984495162963867e+00
2.509869337081909180e-01
2.009062290191650391e+00
-4.028595983982086182e-01
1.495468974113464355e+00
-4.875344634056091309e-01
3.298686742782592773e-01
2.124341577291488647e-01
1.366859912872314453e+00
1.021706461906433105e+00
-5.342206954956054688e-01
-1.439732015132904053e-01
-5.297529697418212891e-01
9.541773796081542969e-01
-4.031855165958404541e-01
4.609196186065673828e-01
-6.349655389785766602e-01
4.630791544914245605e-01
1.061151623725891113e+00
-2.894967794418334961e-01
-3.751924932003021240e-01
2.583182752132415771e-01
1.493233256042003632e-02
1.204567313194274902e+00
nan
nan
nan
nan
2.248101383447647095e-01
-2.934668958187103271e-01
1.960432529449462891e-01
5.701531767845153809e-01
6.610823273658752441e-01
6.885461807250976562e-01
-3.667093813419342041e-01
6.362704038619995117e-01
-1.942819505929946899e-01
2.050206214189529419e-01
-1.844302862882614136e-01
8.257595449686050415e-02
4.238495826721191406e-01
-7.771577835083007812e-01
2.789282202720642090e-01
1.463173270225524902e+00
3.081605434417724609e-01
1.503819227218627930e-01
2.377669513225555420e-01
-1.885998696088790894e-01
-2.930204868316650391e-01
-2.066852599382400513e-01
-1.521292567253112793e+00
9.922400116920471191e-01
-1.128278076648712158e-01
-2.308121919631958008e-01
-7.995396256446838379e-01
1.021500945091247559e+00
nan
nan
nan
nan
9.597680717706680298e-02
7.488360255956649780e-02
-9.913051724433898926e-01
-4.103662073612213135e-01
7.604749202728271484e-01
1.206383466720581055e+00
2.339204102754592896e-01
1.567056477069854736e-01
-2.804153263568878174e-01
-7.809948921203613281e-01
-1.872224956750869751e-01
-9.324527978897094727e-01
-9.966041445732116699e-01
1.741420388221740723e+00
-2.662459313869476318e-01
3.762468323111534119e-02
1.623531877994537354e-01
-3.368485867977142334e-01
8.696417808532714844e-01
4.372015222907066345e-02
2.768104970455169678e-01
2.271227352321147919e-02
2.147423624992370605e-01
-4.182735383510589600e-01
-3.170344531536102295e-01
-2.740389853715896606e-02
-2.736523747444152832e-01
-7.995974421501159668e-01
nan
nan
nan
nan
-1.699002742767333984e+00
7.998689264059066772e-02
-7.283093333244323730e-01
-3.199555575847625732e-01
-1.206277132034301758e+00
2.145907580852508545e-01
-8.079236745834350586e-01
-1.796273112297058105e+00
-1.211844444274902344e+00
4.981867671012878418e-01
-2.383918613195419312e-01
1.032741069793701172e+00
-6.328210234642028809e-01
8.670217990875244141e-01
2.438490986824035645e-01
1.131520986557006836e+00
1.787514239549636841e-01
-3.510287702083587646e-01
9.002753347158432007e-02
1.641485542058944702e-01
2.686393857002258301e-01
-5.278395414352416992e-01
-4.745828509330749512e-01
-5.193892866373062134e-02
-8.831489682197570801e-01
-5.708458423614501953e-01
-1.598439514636993408e-01
2.849090397357940674e-01
nan
nan
nan
nan
-1.818909496068954468e-02
-1.134984135627746582e+00
-8.109762072563171387e-01
2.459529228508472443e-02
-9.585625529289245605e-01
1.936819553375244141e-01
2.311521530151367188e+00
-1.272671818733215332e+00
-5.219120383262634277e-01
5.461817383766174316e-01
-4.993752837181091309e-01
-4.660494625568389893e-01
-4.890134632587432861e-01
1.213271822780370712e-02
1.113360047340393066e+00
6.578235030174255371e-01
-7.149272561073303223e-01
-7.462071776390075684e-01
8.555676341056823730e-01
6.183991432189941406e-01
-4.549947381019592285e-01
4.978947639465332031e-01
6.762197017669677734e-01
-1.471387967467308044e-02
3.812986910343170166e-01
1.020722836256027222e-01
-6.280831098556518555e-01
4.355682432651519775e-01
nan
nan
nan
nan
-2.047747522592544556e-01
-1.626973897218704224e-01
-5.509825944900512695e-01
-4.271859526634216309e-01
1.557152271270751953e+00
1.133122920989990234e+00
3.842279911041259766e-01
3.560326695442199707e-01
2.459194511175155640e-01
5.160876512527465820e-01
4.152890443801879883e-01
6.723010540008544922e-01
2.938771545886993408e-01
9.932240843772888184e-02
-8.446117639541625977e-01
-1.665110290050506592e-01
4.651695117354393005e-02
-1.710969954729080200e-01
6.229804158210754395e-01
-4.187245965003967285e-01
-3.597317934036254883e-01
-1.140361189842224121e+00
1.705731749534606934e-01
-2.973715066909790039e-01
-4.396110475063323975e-01
-1.182081028819084167e-01
-4.204409420490264893e-01
-2.219906449317932129e-01
nan
nan
nan
nan
9.067296385765075684e-01
-4.194618761539459229e-01
9.245117902755737305e-01
-3.662519454956054688e-01
-3.513728380203247070e-01
-1.090970933437347412e-01
2.709851264953613281e-01
-1.618286222219467163e-01
-4.532182812690734863e-01
-1.082770943641662598e+00
2.846993505954742432e-01
1.160007357597351074e+00
-3.285777270793914795e-01
-8.420411348342895508e-01
7.220490574836730957e-01
-3.227425217628479004e-01
4.716179370880126953e-01
2.408443838357925415e-01
-5.698568224906921387e-01
2.665777504444122314e-01
-7.060043215751647949e-01
-1.175082683563232422e+00
2.418204098939895630e-01
2.386836111545562744e-01
7.745093107223510742e-01
-8.661393523216247559e-01
1.060506820678710938e+00
3.421841561794281006e-01
nan
nan
nan
nan
-1.539154887199401855e+00
-9.995359927415847778e-02
-1.881941556930541992e+00
-9.804217219352722168e-01
1.464401781558990479e-01
-6.115468740463256836e-01
8.317301273345947266e-01
-7.658005952835083008e-01
4.417384043335914612e-02
-1.086103916168212891e+00
2.244733870029449463e-01
1.995368599891662598e-01
8.898785114288330078e-01
-2.019368410110473633e-01
-6.200034022331237793e-01
-2.086068838834762573e-01
4.665985703468322754e-01
3.124227225780487061e-01
2.599099874496459961e-01
1.173896044492721558e-01
-8.093052506446838379e-01
-1.076627850532531738e+00
1.280789136886596680e+00
8.859713077545166016e-01
-4.471926093101501465e-01
-1.361732125282287598e+00
-8.012639284133911133e-01
9.154857993125915527e-01
nan
nan
nan
nan
8.651285171508789062e-01
3.256754949688911438e-02
-8.203027248382568359e-01
2.273520082235336304e-01
6.656824350357055664e-01
6.654230505228042603e-02
-3.354817628860473633e-01
-9.169204831123352051e-01
4.804789423942565918e-01
-2.809044718742370605e-02
-3.577881753444671631e-01
-4.493192136287689209e-01
-1.066352352499961853e-01
3.774619400501251221e-01
-6.244947910308837891e-01
-6.950912475585937500e-01
-1.499094009399414062e+00
-7.120097428560256958e-02
-4.089190065860748291e-01
-4.040869772434234619e-01
1.559656381607055664e+00
-3.015519082546234131e-01
-4.575265645980834961e-01
8.100686222314834595e-02
4.926267564296722412e-01
1.620770335197448730e+00
-2.871783673763275146e-01
8.331309556961059570e-01
nan
nan
nan
nan
-6.352208256721496582e-01
8.381037414073944092e-02
6.354643106460571289e-01
-1.418996155261993408e-01
-5.192376375198364258e-01
5.840165615081787109e-01
-3.466557264328002930e-01
-1.819108575582504272e-01
5.214418172836303711e-01
-3.730099797248840332e-01
-2.981220483779907227e-01
-5.234830379486083984e-01
1.803707778453826904e-01
4.057614207267761230e-01
2.846968472003936768e-01
1.058168411254882812e+00
-3.252301812171936035e-01
3.016198985278606415e-02
4.117885977029800415e-02
7.457525134086608887e-01
-4.225484430789947510e-01
-2.669974863529205322e-01
9.623144268989562988e-01
4.001239314675331116e-02
6.542383432388305664e-01
2.572530508041381836e-01
3.901551067829132080e-01
-9.076915979385375977e-01
nan
nan
nan
nan
1.052040815353393555e+00
-1.605853438377380371e+00
1.086635231971740723e+00
3.424615040421485901e-02
-3.883150219917297363e-02
-3.402219712734222412e-01
-1.220657587051391602e+00
5.377123355865478516e-01
4.277337491512298584e-01
-7.232937812805175781e-01
-3.252207338809967041e-01
9.844247698783874512e-01
1.636099815368652344e-01
-9.792091250419616699e-01
-6.057433485984802246e-01
-2.171715348958969116e-01
-2.195214480161666870e-01
-2.946324087679386139e-02
1.326148867607116699e+00
7.881157398223876953e-01
-7.113230973482131958e-02
1.572339683771133423e-01
7.503074407577514648e-01
6.288316249847412109e-01
1.445801854133605957e+00
4.368375539779663086e-01
-1.655786484479904175e-01
4.358749389648437500e-01
nan
nan
nan
nan
-1.279163122177124023e+00
8.783015012741088867e-01
1.638154745101928711e+00
-1.340875625610351562e+00
-1.358912110328674316e+00
1.429402083158493042e-01
-1.599377542734146118e-01
-5.134127736091613770e-01
-5.699538588523864746e-01
-1.511707901954650879e+00
-6.984326839447021484e-01
1.033722758293151855e-01
-7.869807630777359009e-02
2.090999037027359009e-01
-8.358165621757507324e-01
-6.778236627578735352e-01
1.382293105125427246e+00
-2.828964889049530029e-01
3.925596475601196289e-01
8.511602282524108887e-01
2.412397563457489014e-01
2.160146683454513550e-01
-3.143384158611297607e-01
2.006522268056869507e-01
-1.091711282730102539e+00
-1.069789409637451172e+00
-7.209618687629699707e-01
-1.657154202461242676e+00
nan
nan
nan
nan
1.439134001731872559e+00
1.322048187255859375e+00
-9.375345893204212189e-03
3.438459336757659912e-01
-1.052906990051269531e+00
6.450203061103820801e-01
-4.007658362388610840e-01
-1.804341822862625122e-01
-1.031007766723632812e+00
3.587735295295715332e-01
-9.957093745470046997e-03
-2.398716658353805542e-01
8.207843899726867676e-01
-8.532808423042297363e-01
-1.070755124092102051e+00
-2.032351046800613403e-01
7.309423685073852539e-01
-1.755314916372299194e-01
1.085938811302185059e+00
-5.861465334892272949e-01
-1.992350816726684570e-01
4.393944144248962402e-01
1.850516907870769501e-02
1.016137599945068359e+00
4.544177651405334473e-01
5.772867202758789062e-01
-2.046297788619995117e-01
-1.223575353622436523e+00
nan
nan
nan
nan
-5.428113341331481934e-01
-5.237542390823364258e-01
3.603530824184417725e-01
2.712678313255310059e-01
4.271644055843353271e-01
8.372053503990173340e-01
-5.911077857017517090e-01
1.012081503868103027e+00
-1.925139725208282471e-01
6.741091609001159668e-01
7.813548445701599121e-01
5.225684046745300293e-01
1.194808602333068848e+00
9.504957199096679688e-01
-1.108489990234375000e+00
1.873200759291648865e-02
-9.367183446884155273e-01
5.384811758995056152e-01
-9.114477038383483887e-01
2.238999366760253906e+00
-1.109803840517997742e-01
1.006888747215270996e-01
7.594141364097595215e-01
-8.032685518264770508e-02
-1.089314460754394531e+00
7.580343484878540039e-01
-1.648200862109661102e-02
-1.086967587471008301e+00
nan
nan
nan
nan
-4.666631519794464111e-01
1.490452527999877930e+00
2.034001797437667847e-01
7.763177752494812012e-01
1.435866951942443848e+00
nan
1.151140108704566956e-01
1.312143635004758835e-02
-8.491355180740356445e-01
8.886236548423767090e-01
4.761167764663696289e-01
-3.964603543281555176e-01
3.379874527454376221e-01
-3.351008594036102295e-01
3.506242334842681885e-01
-7.285550832748413086e-01
3.329146802425384521e-01
2.502647042274475098e-01
5.000492930412292480e-01
1.166250109672546387e+00
2.994458079338073730e-01
-6.094897389411926270e-01
3.795191645622253418e-01
5.355725288391113281e-01
8.554461598396301270e-01
4.137592911720275879e-01
4.884216487407684326e-01
-3.934955969452857971e-02
nan
nan
