nan
nan
5.122344493865966797e-01
1.262994289398193359e+00
-8.558119833469390869e-02
-1.027003526687622070e+00
1.263625025749206543e-01
-1.313702613115310669e-01
-2.627982199192047119e-01
2.550274692475795746e-02
-2.192248851060867310e-01
-1.009641766548156738e+00
-7.902231812477111816e-01
1.991297900676727295e-01
-2.421184062957763672e+00
-5.730643868446350098e-01
1.020449042320251465e+00
-8.834081888198852539e-01
-1.194494485855102539e+00
6.695444583892822266e-01
-7.110578417778015137e-01
-1.077560782432556152e+00
-1.226401403546333313e-01
-5.770568922162055969e-02
4.531519487500190735e-03
-1.255977272987365723e+00
4.158131480216979980e-01
-6.765113472938537598e-01
-8.831446170806884766e-01
5.989204645156860352e-01
nan
nan
nan
nan
5.298363566398620605e-01
-1.634159684181213379e-02
-1.151145622134208679e-01
2.636237442493438721e-01
-2.631899714469909668e-01
2.436865419149398804e-01
-3.311100229620933533e-02
1.059959292411804199e+00
2.891491353511810303e-01
-2.548662722110748291e-01
-1.398560777306556702e-02
2.712276577949523926e-01
1.727413982152938843e-01
-4.420476034283638000e-02
1.007786631584167480e+00
-9.901436567306518555e-01
-1.895628720521926880e-01
1.253354363143444061e-02
-7.872735857963562012e-01
-3.353097438812255859e-01
-1.171735763549804688e+00
6.474677473306655884e-02
5.402082204818725586e-01
9.658528119325637817e-02
-6.263964623212814331e-02
-2.796070277690887451e-02
-4.125305414199829102e-01
1.027066349983215332e+00
nan
nan
nan
nan
1.805451631546020508e+00
1.109941005706787109e+00
7.116439938545227051e-01
1.013089343905448914e-01
3.642012774944305420e-01
3.500443994998931885e-01
1.187268972396850586e+00
6.018121838569641113e-01
-7.979620248079299927e-02
9.060506224632263184e-01
1.192557573318481445e+00
-2.903787493705749512e-01
7.405586838722229004e-01
1.040350675582885742e+00
-1.751973927021026611e-01
-3.053830862045288086e-01
5.862971544265747070e-01
5.845063924789428711e-01
-2.129154652357101440e-01
1.985273241996765137e+00
-1.241483569145202637e+00
-2.806902825832366943e-01
6.979329586029052734e-01
1.297425478696823120e-01
-1.027391195297241211e+00
-2.675682008266448975e-01
1.428418755531311035e+00
6.449680328369140625e-01
nan
nan
nan
nan
4.264247417449951172e-02
-2.710747420787811279e-01
9.239171445369720459e-02
1.469537466764450073e-01
-7.014198303222656250e-01
-2.489449828863143921e-01
7.346593141555786133e-01
4.068971797823905945e-02
-1.334493160247802734e+00
2.350177317857742310e-01
1.622104763984680176e+00
-2.974926233291625977e-01
5.188872665166854858e-02
6.568866372108459473e-01
-2.632492482662200928e-01
1.789001077413558960e-01
1.197317168116569519e-01
-8.239970207214355469e-01
5.005685687065124512e-01
1.975831091403961182e-01
1.147972568869590759e-01
-1.511812210083007812e+00
-3.271418213844299316e-01
-3.121618330478668213e-01
5.225924253463745117e-01
1.304509937763214111e-01
6.809056997299194336e-01
-1.613938450813293457e+00
nan
nan
nan
nan
-2.090708732604980469e+00
-1.185030192136764526e-01
-4.390281438827514648e-01
1.464666575193405151e-01
6.688297986984252930e-01
-1.164738535881042480e+00
1.464419960975646973e+00
-3.248471021652221680e-01
-8.084886074066162109e-01
1.021487236022949219e+00
1.095329284667968750e+00
-1.036441564559936523e+00
6.465672515332698822e-03
8.439370989799499512e-01
-3.403350412845611572e-01
4.403218924999237061e-01
-2.868945300579071045e-01
6.668953299522399902e-01
1.733411103487014771e-01
5.843430757522583008e-01
7.201238870620727539e-01
-6.751702427864074707e-01
9.962452054023742676e-01
-2.310525812208652496e-02
-1.007442355155944824e+00
-6.477474421262741089e-02
7.399041652679443359e-01
-5.160289406776428223e-01
nan
nan
nan
nan
-4.952677786350250244e-01
-7.346040010452270508e-01
1.475316047668457031e+00
6.508069038391113281e-01
1.560057401657104492e-01
6.358377933502197266e-01
4.386508166790008545e-01
9.322361946105957031e-01
-1.178454756736755371e+00
9.113383293151855469e-02
-1.105287909507751465e+00
3.114086985588073730e-01
9.564432501792907715e-01
1.692388176918029785e+00
-6.369175016880035400e-02
2.516830153763294220e-02
-4.413350224494934082e-01
2.328612804412841797e+00
-6.023444533348083496e-01
-9.278219342231750488e-01
1.218479752540588379e+00
-1.392274498939514160e+00
-1.376841068267822266e-01
-6.453869342803955078e-01
-7.775076627731323242e-01
5.354157686233520508e-01
-3.317772746086120605e-01
-1.974093019962310791e-01
nan
nan
nan
nan
4.732664227485656738e-01
-4.336579442024230957e-01
-8.257877081632614136e-02
2.514209970831871033e-02
7.406427860260009766e-01
-3.468007743358612061e-01
-1.080089569091796875e+00
2.700345218181610107e-01
-7.034318447113037109e-01
1.916864275932312012e+00
-2.348578274250030518e-01
1.283441662788391113e+00
4.800891578197479248e-01
-9.146892428398132324e-01
-6.377271562814712524e-02
3.788638412952423096e-01
-6.463617682456970215e-01
8.289309144020080566e-01
-6.491134166717529297e-01
1.395616292953491211e+00
-7.522835135459899902e-01
-5.941376686096191406e-01
-7.856580018997192383e-01
2.273493260145187378e-01
2.316344231367111206e-01
-2.253232747316360474e-01
-6.240679621696472168e-01
-2.853673100471496582e-01
nan
nan
nan
nan
-7.973141968250274658e-02
-1.653438448905944824e+00
5.593254566192626953e-01
8.534069657325744629e-01
7.636443376541137695e-01
-9.223585128784179688e-01
9.513098001480102539e-01
1.493733167648315430e+00
7.032066583633422852e-01
1.406659722328186035e+00
-1.453523039817810059e+00
-8.552359044551849365e-02
-1.374337971210479736e-01
5.284565091133117676e-01
5.797998309135437012e-01
-1.647350192070007324e-02
-2.823682427406311035e-01
1.802421957254409790e-01
-2.498053908348083496e-01
5.051612108945846558e-02
9.331765174865722656e-01
-1.154630780220031738e-01
3.716020584106445312e-01
6.070753931999206543e-01
-1.225725293159484863e+00
7.342244982719421387e-01
-1.033790111541748047e-01
6.584920287132263184e-01
nan
nan
nan
nan
-6.886872053146362305e-01
-1.619516491889953613e+00
-7.205506563186645508e-01
3.451284766197204590e-01
-5.967522859573364258e-01
-1.194009836763143539e-02
1.055021136999130249e-01
4.217193424701690674e-01
1.382885217666625977e+00
1.702931761741638184e+00
-9.035353660583496094e-01
8.764364719390869141e-01
1.377477496862411499e-01
4.331717789173126221e-01
-1.080311313271522522e-01
5.076901316642761230e-01
-8.725861907005310059e-01
2.712184786796569824e-01
3.688555657863616943e-01
1.074882388114929199e+00
3.872690349817276001e-02
-5.179696157574653625e-02
4.839601218700408936e-01
-7.365784645080566406e-01
2.306810021400451660e-01
-2.547050714492797852e-01
-7.184247970581054688e-01
2.219873964786529541e-01
nan
nan
nan
nan
-2.187182754278182983e-01
-4.633496999740600586e-01
6.071081161499023438e-01
-4.653298854827880859e-02
-1.876825690269470215e-01
2.069393359124660492e-02
-2.151005342602729797e-02
-3.111975193023681641e-01
-2.594213187694549561e-01
-3.989306092262268066e-01
-7.347882390022277832e-01
1.134784102439880371e+00
1.176291629672050476e-01
-9.251281023025512695e-01
-4.201939702033996582e-02
5.083780288696289062e-01
8.080222606658935547e-01
-1.009055078029632568e-01
-3.890733718872070312e-01
5.522704720497131348e-01
-3.893725574016571045e-01
-4.688834547996520996e-01
-1.024201363325119019e-01
-2.331869602203369141e-01
8.949566483497619629e-01
1.329915404319763184e+00
8.152178525924682617e-01
2.986142635345458984e-01
nan
nan
nan
nan
-2.472538873553276062e-02
-3.132210969924926758e-01
3.507414460182189941e-01
-2.993464469909667969e-01
-1.131828069686889648e+00
-2.355874061584472656e+00
-7.178230881690979004e-01
4.384054839611053467e-01
-4.121143370866775513e-02
-2.684534788131713867e-01
1.264906823635101318e-01
-7.071155309677124023e-01
-7.802875041961669922e-01
-2.557250559329986572e-01
1.312760829925537109e+00
-4.251137971878051758e-01
2.722842395305633545e-01
-3.011752367019653320e-01
-2.141214907169342041e-01
-9.285745620727539062e-01
1.543126344680786133e+00
8.063817620277404785e-01
-8.353337049484252930e-01
1.212690696120262146e-01
-4.985833168029785156e-01
1.347621083259582520e+00
-4.621723592281341553e-01
-4.983672499656677246e-01
nan
nan
nan
nan
1.035955786705017090e+00
-8.276534080505371094e-02
-6.551888585090637207e-01
-5.161075592041015625e-01
4.544799923896789551e-01
-5.358842015266418457e-02
-6.255654692649841309e-01
-2.513143420219421387e-01
-4.308259189128875732e-01
1.493044734001159668e+00
-7.894442677497863770e-01
-5.711342096328735352e-01
-1.033676743507385254e+00
-1.293064355850219727e-01
-1.069255948066711426e+00
-1.983199834823608398e+00
6.264029145240783691e-01
-1.591671586036682129e+00
-2.006219625473022461e-01
1.957292109727859497e-01
-2.773813307285308838e-01
1.142126321792602539e+00
-1.067095756530761719e+00
2.366030365228652954e-01
6.748528778553009033e-02
9.217473268508911133e-01
-3.014946579933166504e-01
-1.872336864471435547e-01
nan
nan
nan
nan
-2.943669557571411133e-01
9.854206442832946777e-01
5.490272045135498047e-01
1.293748974800109863e+00
4.089106619358062744e-01
-1.189547181129455566e-01
1.352841496467590332e+00
4.640240967273712158e-01
-6.766363978385925293e-01
1.248037338256835938e+00
7.617675513029098511e-02
7.398693561553955078e-01
-1.015535116195678711e+00
2.159159332513809204e-01
-4.464502334594726562e-01
-3.028707504272460938e-01
-1.077930808067321777e+00
2.625734545290470123e-02
-7.149127125740051270e-01
-6.436156630516052246e-01
-2.082871645689010620e-01
-5.072044730186462402e-01
-1.041573643684387207e+00
1.039734840393066406e+00
-1.452619075775146484e+00
2.589193638414144516e-03
-1.050931096076965332e+00
-1.406121253967285156e+00
nan
nan
nan
nan
2.061112672090530396e-01
1.469536662101745605e+00
-3.998239934444427490e-01
-3.355176746845245361e-01
-5.622629523277282715e-01
-1.711175084114074707e+00
-5.008198618888854980e-01
-2.301794476807117462e-02
2.319684624671936035e-01
-9.345566630363464355e-01
6.832658052444458008e-01
1.900989860296249390e-01
4.886157214641571045e-01
2.574412524700164795e-01
9.426765441894531250e-01
8.352336287498474121e-01
-1.854134917259216309e+00
-2.164234369993209839e-01
-9.208670854568481445e-01
2.037144154310226440e-01
-4.215550124645233154e-01
6.255255937576293945e-01
-3.937167227268218994e-01
7.037463784217834473e-01
-1.055215120315551758e+00
-4.647306203842163086e-01
-5.651355981826782227e-01
-1.069322526454925537e-01
nan
nan
nan
nan
-2.449133545160293579e-01
2.276619672775268555e-01
3.615147173404693604e-01
4.987427592277526855e-01
9.710396081209182739e-02
8.355902433395385742e-01
3.743155002593994141e-01
7.912278771400451660e-01
7.407156825065612793e-01
6.464586853981018066e-01
-9.490327835083007812e-01
2.664671540260314941e-01
-8.783266544342041016e-01
-8.262516260147094727e-01
7.848280072212219238e-01
-1.143538475036621094e+00
-2.728400826454162598e-01
-6.605642437934875488e-01
-8.154067993164062500e-01
9.878110140562057495e-02
-1.624784350395202637e+00
-1.645596504211425781e+00
5.102944970130920410e-01
-1.164304733276367188e+00
1.484751701354980469e-01
-7.076519131660461426e-01
6.967911869287490845e-02
1.826876044273376465e+00
nan
nan
nan
nan
1.860606670379638672e+00
3.621988594532012939e-01
-1.297547340393066406e+00
3.497070372104644775e-01
4.167362451553344727e-01
-1.868976205587387085e-01
-5.669192075729370117e-01
-1.046658992767333984e+00
-1.190631270408630371e+00
-1.734951376914978027e+00
-3.436868190765380859e-01
6.568453311920166016e-01
-5.936446785926818848e-01
8.433655500411987305e-01
-6.898539662361145020e-01
-1.402539461851119995e-01
3.619909882545471191e-01
2.468124404549598694e-02
3.076345920562744141e-01
-8.286157995462417603e-02
4.591850936412811279e-01
-4.363646507263183594e-01
1.919034272432327271e-01
-9.083764553070068359e-01
-1.417352080345153809e+00
1.391216367483139038e-01
1.195589184761047363e+00
1.013310551643371582e+00
nan
nan
nan
nan
8.906714916229248047e-01
-6.281079053878784180e-01
-1.204643845558166504e+00
-1.468109786510467529e-01
1.407031416893005371e+00
-2.991562187671661377e-01
1.405358791351318359e+00
-5.054442286491394043e-01
-3.225685060024261475e-01
1.809116303920745850e-01
1.537786483764648438e+00
-9.316168427467346191e-01
7.704332470893859863e-01
4.835633635520935059e-01
-5.947733521461486816e-01
-7.643264532089233398e-01
1.039063453674316406e+00
6.871488690376281738e-02
-1.031608432531356812e-01
1.518399953842163086e+00
-2.359024249017238617e-02
-6.976127028465270996e-01
8.883071541786193848e-01
1.684452652931213379e+00
9.335423707962036133e-01
2.234648615121841431e-01
-8.379763364791870117e-01
-2.844568789005279541e-01
nan
nan
nan
nan
1.556929945945739746e-01
1.161347776651382446e-01
-4.165649786591529846e-02
-1.367461383342742920e-01
1.923005819320678711e+00
4.945054054260253906e-01
-1.254625678062438965e+00
-9.444665312767028809e-01
-2.603290081024169922e-01
4.691127240657806396e-01
-4.106864333152770996e-01
-7.218356132507324219e-01
-5.961745381355285645e-01
-1.054838776588439941e+00
-5.216038823127746582e-01
-1.885056123137474060e-02
4.181522428989410400e-01
8.104158639907836914e-01
-4.353899359703063965e-01
5.935362577438354492e-01
5.419150590896606445e-01
6.162785738706588745e-02
-1.105444192886352539e+00
-5.054782629013061523e-01
6.597072482109069824e-01
8.913218975067138672e-01
-1.702626645565032959e-01
5.333647131919860840e-01
nan
nan
nan
nan
8.942736983299255371e-01
-3.119808137416839600e-01
-1.490299582481384277e+00
2.246895134449005127e-01
1.242482423782348633e+00
-5.140474438667297363e-01
1.517292112112045288e-01
-3.118092119693756104e-01
-9.080401659011840820e-01
6.165494322776794434e-01
7.178740501403808594e-01
4.040440618991851807e-01
1.123673468828201294e-01
4.332733154296875000e-01
-1.689745426177978516e+00
9.448458999395370483e-02
-2.367759048938751221e-01
6.057925522327423096e-02
7.796550393104553223e-01
-1.411353707313537598e+00
2.572718858718872070e-01
2.861757874488830566e-01
1.200811505317687988e+00
-1.395497173070907593e-01
9.074071049690246582e-01
4.825761318206787109e-01
-1.220230221748352051e+00
-8.458959460258483887e-01
nan
nan
nan
nan
4.440006911754608154e-01
1.013590097427368164e+00
-1.531183958053588867e+00
-1.571143865585327148e+00
4.364627599716186523e-01
1.333660364151000977e+00
-1.670980602502822876e-01
-4.538432061672210693e-01
-7.438494940288364887e-04
-1.319255232810974121e+00
-4.744371175765991211e-01
-3.952398896217346191e-01
-3.684134781360626221e-01
4.814915060997009277e-01
-3.356563746929168701e-01
1.184951543807983398e+00
5.284644365310668945e-01
-5.723677873611450195e-01
-2.606044709682464600e-01
1.071141064167022705e-01
6.009467840194702148e-01
3.841989636421203613e-01
-9.928450584411621094e-01
1.851428031921386719e+00
2.852245271205902100e-01
2.949790954589843750e-01
1.126880407333374023e+00
-1.428485810756683350e-01
nan
nan
nan
nan
-1.612499952316284180e+00
4.587571620941162109e-01
-2.243320941925048828e-01
9.228735566139221191e-01
1.002476587891578674e-01
3.791280984878540039e-01
1.734860800206661224e-02
2.300159186124801636e-01
-6.554085016250610352e-01
-7.950781285762786865e-02
-1.201550886034965515e-01
1.265439867973327637e+00
-4.362496137619018555e-01
-9.552050828933715820e-01
1.165186166763305664e+00
-2.761283516883850098e-01
-2.787948250770568848e-01
4.389994740486145020e-01
3.648428320884704590e-01
2.093805372714996338e-01
-9.197601675987243652e-01
4.923329353332519531e-01
7.417040318250656128e-02
1.607283115386962891e+00
-1.481943428516387939e-01
-8.834421634674072266e-01
-7.873218059539794922e-01
5.258895158767700195e-01
nan
nan
nan
nan
1.610487103462219238e-01
3.848105669021606445e-01
-3.755148351192474365e-01
-3.294872641563415527e-01
7.212654352188110352e-01
-8.914737105369567871e-01
2.573801875114440918e-01
-9.154244661331176758e-01
9.358726739883422852e-01
-1.228953719139099121e+00
-5.439122319221496582e-01
9.701812863349914551e-01
-2.972376048564910889e-01
1.245528180152177811e-02
6.938723921775817871e-01
5.984160304069519043e-01
-4.427266716957092285e-01
-8.220540285110473633e-01
-1.357284426689147949e+00
1.150170266628265381e-01
5.699274539947509766e-01
-3.986526131629943848e-01
1.021416544914245605e+00
1.662082672119140625e+00
-4.064160883426666260e-01
-1.006987765431404114e-01
-3.189810216426849365e-01
1.084880709648132324e+00
nan
nan
nan
nan
4.786548390984535217e-02
6.205042004585266113e-01
-4.463356733322143555e-01
-9.735822677612304688e-01
-7.536428570747375488e-01
-2.516086697578430176e-01
-1.002297699451446533e-01
6.469920873641967773e-01
5.378230810165405273e-01
-8.734288215637207031e-01
-1.067735999822616577e-01
8.027915358543395996e-01
-7.466538548469543457e-01
-1.076870441436767578e+00
-1.253867000341415405e-01
9.652745127677917480e-01
1.161957383155822754e+00
-6.982432603836059570e-01
-1.076462388038635254e+00
9.918262064456939697e-02
2.042476087808609009e-01
-9.261763691902160645e-01
5.913798213005065918e-01
2.198850512504577637e-01
1.380985826253890991e-01
-1.158071994781494141e+00
5.476695895195007324e-01
2.936536967754364014e-01
nan
nan
nan
nan
-1.817342080175876617e-02
-7.182021439075469971e-02
-1.481719613075256348e+00
-3.579296469688415527e-01
5.419812202453613281e-01
nan
7.854201793670654297e-01
5.655541419982910156e-01
1.887657046318054199e-01
6.030927896499633789e-01
1.193049028515815735e-01
1.502262651920318604e-01
2.318456396460533142e-02
-4.562545716762542725e-01
4.108547568321228027e-01
-3.684609755873680115e-02
2.644788920879364014e-01
-1.865653395652770996e-01
-1.567758560180664062e+00
2.782160639762878418e-01
-4.512887597084045410e-01
6.070795655250549316e-01
-7.325333952903747559e-01
9.739757776260375977e-01
-3.285558819770812988e-01
2.206753194332122803e-01
4.338444471359252930e-01
-1.129588723182678223e+00
nan
nan
