nan
nan
-9.064095467329025269e-02
9.629482775926589966e-02
-5.277369618415832520e-01
-1.394473016262054443e-01
1.247458815574645996e+00
-5.486659407615661621e-01
-9.293462634086608887e-01
1.055796258151531219e-02
1.282091140747070312e+00
5.110399723052978516e-01
-1.006904602050781250e+00
2.674417011439800262e-02
-7.074199318885803223e-01
-2.339958995580673218e-01
-1.658007144927978516e+00
-1.207682967185974121e+00
-1.420065164566040039e-01
1.433255553245544434e+00
-4.237422719597816467e-02
5.614161491394042969e-01
-1.281435638666152954e-01
-7.034426927566528320e-01
1.553534388542175293e+00
-5.155590772628784180e-01
-6.309614777565002441e-01
9.081748723983764648e-01
2.107375264167785645e-01
6.449759602546691895e-01
nan
nan
nan
nan
1.058104872703552246e+00
2.778125405311584473e-01
-7.317128181457519531e-01
-1.278755068778991699e+00
5.838046073913574219e-01
1.481499671936035156e+00
7.354124188423156738e-01
2.074232101440429688e+00
1.168540790677070618e-01
-7.297717928886413574e-01
1.313770055770874023e+00
1.417071223258972168e+00
-1.670585393905639648e+00
-3.108897209167480469e-01
-2.098524272441864014e-01
-2.056143045425415039e+00
7.078814506530761719e-01
-4.354017600417137146e-02
-4.768252670764923096e-01
-6.287676692008972168e-01
-7.132247686386108398e-01
-1.737991273403167725e-01
3.894025832414627075e-02
-6.361758112907409668e-01
9.773301482200622559e-01
-7.764455676078796387e-01
8.534927368164062500e-01
-1.580403149127960205e-01
nan
nan
nan
nan
-3.951654136180877686e-01
-7.492047548294067383e-02
-3.713794648647308350e-01
8.736978173255920410e-01
1.704329997301101685e-01
8.551504611968994141e-01
1.022111773490905762e+00
2.640607357025146484e-01
2.348154038190841675e-01
3.904970586299896240e-01
-1.143716424703598022e-01
-1.072565436363220215e+00
1.745789527893066406e+00
-1.631272315979003906e+00
4.326967895030975342e-01
1.284096598625183105e+00
-1.148180365562438965e-01
4.667765796184539795e-01
1.725761890411376953e-01
8.686628341674804688e-01
-2.325394153594970703e-01
-5.830127596855163574e-01
1.659678518772125244e-01
7.952068448066711426e-01
5.528941750526428223e-01
2.856599986553192139e-01
-1.148418486118316650e-01
-1.321777462959289551e+00
nan
nan
nan
nan
1.445602059364318848e+00
1.474415063858032227e-01
-8.602462410926818848e-01
3.446163237094879150e-01
1.408746719360351562e+00
3.526740968227386475e-01
4.965734183788299561e-01
-1.684689670801162720e-01
-1.552184373140335083e-01
-1.459438260644674301e-02
-1.124030947685241699e+00
1.499174714088439941e+00
1.075887903571128845e-01
1.240134000778198242e+00
-5.025624632835388184e-01
1.135306000709533691e+00
7.900664210319519043e-01
1.005894422531127930e+00
-1.516285538673400879e-01
-9.214953184127807617e-01
1.743691563606262207e-01
8.883803486824035645e-01
-5.945522785186767578e-01
-1.567879796028137207e+00
-1.539726704359054565e-01
4.916001260280609131e-01
-8.384913802146911621e-01
-1.884395122528076172e+00
nan
nan
nan
nan
3.931748215109109879e-03
9.939798116683959961e-01
3.685126304626464844e-01
3.265540599822998047e-01
2.753661572933197021e-01
-1.507373992353677750e-02
-1.199598193168640137e+00
8.770300149917602539e-01
6.344152092933654785e-01
-7.499778270721435547e-01
-5.314123034477233887e-01
6.696836352348327637e-01
-3.070437610149383545e-01
9.705068916082382202e-02
-1.277396202087402344e+00
-6.984043717384338379e-01
4.573812186717987061e-01
-1.231362819671630859e+00
9.452304989099502563e-02
-7.206367701292037964e-02
-6.828020811080932617e-01
1.642849892377853394e-01
-1.480139374732971191e+00
-1.478320360183715820e-01
1.869143396615982056e-01
7.721171528100967407e-02
-5.056378245353698730e-01
-1.434891223907470703e+00
nan
nan
nan
nan
3.185994327068328857e-01
1.295999407768249512e+00
-5.007475018501281738e-01
-4.604747295379638672e-01
-7.728328108787536621e-01
-3.405115008354187012e-01
-4.516895860433578491e-02
-4.679692089557647705e-01
1.548891365528106689e-01
5.172128602862358093e-02
5.500290989875793457e-01
-7.458002567291259766e-01
3.678858578205108643e-01
-3.135861158370971680e-01
1.108359172940254211e-01
5.393516421318054199e-01
-2.026758641004562378e-01
-4.898320510983467102e-02
5.854901671409606934e-01
-8.661633133888244629e-01
5.120937228202819824e-01
1.096287727355957031e+00
3.251983523368835449e-01
7.522615790367126465e-01
-4.441626369953155518e-01
7.571702599525451660e-01
4.007000029087066650e-01
2.138679623603820801e-01
nan
nan
nan
nan
2.241922467947006226e-01
6.288326382637023926e-01
6.860371232032775879e-01
8.185850977897644043e-01
4.839681461453437805e-02
-8.377298712730407715e-01
9.541040658950805664e-01
-3.615544140338897705e-01
4.772055447101593018e-01
1.756364405155181885e-01
-2.098915278911590576e-01
8.672742247581481934e-01
3.885310888290405273e-02
3.246367871761322021e-01
-2.443693578243255615e-02
-7.494230270385742188e-01
6.442051529884338379e-01
4.194547235965728760e-01
-8.689048290252685547e-01
1.160447716712951660e+00
1.083605885505676270e+00
8.667496442794799805e-01
1.176212504506111145e-01
-4.051924049854278564e-01
-1.700581014156341553e-01
3.675377368927001953e-01
-1.023521423339843750e+00
-1.905676126480102539e-01
nan
nan
nan
nan
9.527177810668945312e-01
9.802814126014709473e-01
1.594658568501472473e-02
5.756711959838867188e-01
6.563385128974914551e-01
-5.773742794990539551e-01
-2.763551175594329834e-01
-5.494756102561950684e-01
2.466149814426898956e-02
5.874513983726501465e-01
-2.854737043380737305e-01
-2.998857498168945312e-01
-1.614483237266540527e+00
-4.823420047760009766e-01
-1.428390622138977051e+00
-3.928955793380737305e-01
1.062331438064575195e+00
-1.578163027763366699e+00
-8.246812224388122559e-01
-1.040348052978515625e+00
-3.316908776760101318e-01
-5.575167536735534668e-01
2.891137003898620605e-01
3.204037249088287354e-01
-3.317742049694061279e-01
5.668086409568786621e-01
9.458557963371276855e-01
2.359466314315795898e+00
nan
nan
nan
nan
4.645877778530120850e-01
-3.903774544596672058e-02
-5.200605988502502441e-01
3.839697241783142090e-01
-4.717531502246856689e-01
-3.151151835918426514e-01
-2.234705835580825806e-01
-4.649114310741424561e-01
1.085897803306579590e+00
-1.066508054733276367e+00
5.624042749404907227e-01
-3.521837890148162842e-01
-4.886233210563659668e-01
2.512561082839965820e-01
8.528422713279724121e-01
3.128145635128021240e-01
-5.193229317665100098e-01
6.925911903381347656e-01
3.591700792312622070e-01
-6.899914145469665527e-01
3.052924394607543945e+00
1.140092968940734863e+00
2.288380265235900879e-01
1.955263018608093262e-01
7.002067565917968750e-01
-3.461270630359649658e-01
-1.317027449607849121e+00
-1.741123318672180176e+00
nan
nan
nan
nan
-6.566872596740722656e-01
1.189235091209411621e+00
1.410550028085708618e-01
-2.326470166444778442e-01
5.796194672584533691e-01
8.016167879104614258e-01
-6.846613883972167969e-01
5.366929769515991211e-01
6.790778636932373047e-01
-3.420729339122772217e-01
-1.096324436366558075e-02
8.761002421379089355e-01
-1.658404707908630371e+00
-7.025864124298095703e-01
-3.506510555744171143e-01
5.593679547309875488e-01
-4.394978582859039307e-01
-1.920858174562454224e-01
2.778439521789550781e-01
-8.742190003395080566e-01
-7.252959907054901123e-02
1.125938594341278076e-01
8.493319749832153320e-01
-3.062180578708648682e-01
-2.365100681781768799e-01
-6.966205239295959473e-01
9.269480705261230469e-01
-4.884427785873413086e-01
nan
nan
nan
nan
-7.424659132957458496e-01
-1.058751106262207031e+00
1.381734609603881836e+00
1.658289551734924316e+00
1.017236232757568359e+00
3.397982120513916016e-01
-8.182986378669738770e-01
-3.523774147033691406e-01
-1.136309385299682617e+00
-4.169312864542007446e-02
2.488008886575698853e-01
1.493759989738464355e+00
4.053198993206024170e-01
8.719245791435241699e-01
-5.944615602493286133e-01
1.639337539672851562e-01
1.079089522361755371e+00
9.952390938997268677e-02
2.032471418380737305e+00
3.862677812576293945e-01
7.624784857034683228e-02
2.418880611658096313e-01
3.893800675868988037e-01
1.243857741355895996e+00
1.238949060440063477e+00
-2.315547704696655273e+00
3.703976273536682129e-01
-7.600294947624206543e-01
nan
nan
nan
nan
1.462095618247985840e+00
9.847449660301208496e-01
-2.438325807452201843e-02
1.851597666740417480e+00
-4.837251007556915283e-01
-5.132523179054260254e-01
9.782180190086364746e-01
-7.091349363327026367e-01
5.046009421348571777e-01
1.367626428604125977e+00
-2.449609041213989258e+00
1.845749765634536743e-01
2.729713618755340576e-01
-1.122514843940734863e+00
4.627315998077392578e-01
7.804763317108154297e-01
-8.793776631355285645e-01
1.899922490119934082e-01
5.215794444084167480e-01
-1.599406823515892029e-02
2.349333763122558594e-01
-6.623662114143371582e-01
-1.166958689689636230e+00
2.676917612552642822e-01
-1.016716837882995605e+00
-1.973572522401809692e-01
7.748006582260131836e-01
-6.557021290063858032e-02
nan
nan
nan
nan
2.442022413015365601e-01
-1.873314827680587769e-01
1.051681280136108398e+00
-5.609177350997924805e-01
6.029735803604125977e-01
7.539799064397811890e-02
5.364037156105041504e-01
-3.326926827430725098e-01
-3.994278311729431152e-01
5.035840272903442383e-01
3.879323005676269531e-01
-1.865999847650527954e-01
1.351285815238952637e+00
3.085568845272064209e-01
-7.779293507337570190e-02
3.280560299754142761e-02
-2.783677279949188232e-01
3.739663660526275635e-01
3.649196028709411621e-01
7.520637512207031250e-01
-5.593122839927673340e-01
8.367396593093872070e-01
3.915295600891113281e-01
-3.042377829551696777e-01
1.054752945899963379e+00
3.600931465625762939e-01
-1.551664352416992188e+00
6.688526868820190430e-01
nan
nan
nan
nan
3.848548233509063721e-01
4.526984393596649170e-01
6.129095554351806641e-01
-5.773290395736694336e-01
1.281802296638488770e+00
1.888765990734100342e-01
-4.717704355716705322e-01
6.405557394027709961e-01
-5.929555892944335938e-01
-2.018194496631622314e-01
-2.685872018337249756e-01
-1.216233253479003906e+00
8.680639266967773438e-01
-6.714626401662826538e-02
-3.838181197643280029e-01
2.274705618619918823e-01
-2.952408790588378906e-01
5.857656002044677734e-01
-6.292177438735961914e-01
7.170911878347396851e-02
8.888165950775146484e-01
4.117768406867980957e-01
3.275836110115051270e-01
-1.251062631607055664e+00
-2.312445789575576782e-01
2.730170190334320068e-01
-3.034270107746124268e-01
-5.101839303970336914e-01
nan
nan
nan
nan
1.005175486207008362e-01
-1.536993682384490967e-01
4.373461306095123291e-01
5.418977737426757812e-01
3.181738853454589844e-01
-4.257636889815330505e-02
4.629461765289306641e-01
-4.836846292018890381e-01
8.480399101972579956e-02
-3.305643200874328613e-01
-2.516165077686309814e-01
1.050167798995971680e+00
8.652511835098266602e-01
1.324572205543518066e+00
1.048928380012512207e+00
6.011031270027160645e-01
-1.584137976169586182e-01
6.920691132545471191e-01
-1.448147743940353394e-01
5.701220035552978516e-02
2.550370097160339355e-01
7.438255101442337036e-02
-8.374756574630737305e-01
-5.444106459617614746e-01
1.833325475454330444e-01
7.261086106300354004e-01
5.376244783401489258e-01
4.882591962814331055e-01
nan
nan
nan
nan
3.897467851638793945e-01
-4.920547604560852051e-01
-6.228666901588439941e-01
1.169601440429687500e+00
3.073744475841522217e-01
1.453166753053665161e-01
-7.485904693603515625e-01
-3.877905905246734619e-01
9.586243033409118652e-01
-7.172063589096069336e-01
3.282048404216766357e-01
2.209993153810501099e-01
-1.122096553444862366e-01
2.221411764621734619e-01
7.719966173171997070e-01
-5.213176012039184570e-01
1.549940228462219238e+00
7.882230877876281738e-01
1.134110093116760254e-01
4.500151276588439941e-01
1.070038914680480957e+00
-1.196948885917663574e+00
-1.305190205574035645e+00
3.985680043697357178e-01
-6.984966993331909180e-01
1.968797922134399414e+00
1.064162373542785645e+00
-5.115061998367309570e-01
nan
nan
nan
nan
-1.173807740211486816e+00
-3.247789442539215088e-01
7.275674343109130859e-01
-4.677475988864898682e-02
7.573846578598022461e-01
4.751613140106201172e-01
-4.229839742183685303e-01
6.369422078132629395e-01
-8.375699520111083984e-01
-6.066030263900756836e-01
4.342347979545593262e-01
8.395348191261291504e-01
-5.099996924400329590e-01
-2.511009871959686279e-01
-8.957428932189941406e-01
-2.110252678394317627e-01
3.334568738937377930e-01
-1.879702508449554443e-01
1.957990229129791260e-01
2.920417785644531250e-01
9.975252747535705566e-01
3.308476507663726807e-01
-2.302871644496917725e-02
-1.160190775990486145e-01
2.214208543300628662e-01
1.303875327110290527e+00
-6.806696653366088867e-01
2.012337893247604370e-01
nan
nan
nan
nan
1.097249031066894531e+00
-3.636286556720733643e-01
-7.163468748331069946e-02
-1.546973228454589844e+00
8.621728420257568359e-01
-1.056987285614013672e+00
-1.782920718193054199e+00
8.955902457237243652e-01
4.913489148020744324e-02
-1.401646286249160767e-01
-8.781501054763793945e-01
4.031528234481811523e-01
-3.314496576786041260e-01
7.828971147537231445e-01
6.154003739356994629e-01
-3.869944214820861816e-01
1.424367427825927734e+00
7.544352114200592041e-02
-1.952151060104370117e-01
4.055976122617721558e-02
1.134041309356689453e+00
-5.798140168190002441e-01
5.043036937713623047e-01
-1.301533460617065430e+00
-4.620293080806732178e-01
6.106737256050109863e-01
-5.787956118583679199e-01
-6.117362380027770996e-01
nan
nan
nan
nan
-3.159194439649581909e-02
3.840374052524566650e-01
-4.907146096229553223e-01
-7.842943072319030762e-01
-5.099076032638549805e-02
7.002650499343872070e-01
-6.259391307830810547e-01
-1.163436770439147949e+00
1.758056879043579102e-01
5.402841567993164062e-01
7.851074934005737305e-01
9.401769191026687622e-02
-9.362656623125076294e-02
4.160191416740417480e-01
5.778285264968872070e-01
5.364587903022766113e-01
-1.700176239013671875e+00
-5.115953087806701660e-01
-6.482769250869750977e-01
8.241763114929199219e-01
-1.120285511016845703e+00
-3.976708352565765381e-01
5.943074822425842285e-01
8.387306928634643555e-01
-5.117008090019226074e-01
3.960823416709899902e-01
-2.346872240304946899e-01
1.227024197578430176e+00
nan
nan
nan
nan
1.569817066192626953e+00
-1.147032737731933594e+00
1.070028662681579590e+00
-1.408513545989990234e+00
1.020916819572448730e+00
-1.175956428050994873e-01
-1.390884399414062500e+00
1.585329651832580566e+00
-1.689948886632919312e-01
-7.441086769104003906e-01
-1.440811157226562500e-01
-1.097765564918518066e+00
-5.645820498466491699e-01
-1.511164188385009766e+00
2.369716316461563110e-01
1.173696875572204590e+00
-4.134339690208435059e-01
1.147229313850402832e+00
-4.978721030056476593e-03
-7.737666368484497070e-01
-6.585170626640319824e-01
-8.640280365943908691e-01
6.905305385589599609e-01
-2.278393507003784180e-02
3.766751289367675781e-01
1.497088968753814697e-01
-4.325010180473327637e-01
6.549125313758850098e-01
nan
nan
nan
nan
1.041908144950866699e+00
8.163254857063293457e-01
1.479895710945129395e-01
-3.707872927188873291e-01
3.612979948520660400e-01
-1.424487948417663574e+00
-8.073112964630126953e-01
-4.406023919582366943e-01
-7.350038290023803711e-01
7.113362103700637817e-02
-4.505997002124786377e-01
1.380842626094818115e-01
-7.939321994781494141e-01
-1.347447991371154785e+00
-6.724179387092590332e-01
-6.869418174028396606e-02
-2.997545897960662842e-01
9.491482377052307129e-01
2.015890926122665405e-01
6.080253720283508301e-01
1.434646248817443848e-01
1.549047827720642090e-01
3.268248215317726135e-02
-7.596934437751770020e-01
-9.346394985914230347e-02
5.763571262359619141e-01
-1.663833707571029663e-01
-6.107713580131530762e-01
nan
nan
nan
nan
-9.361674189567565918e-01
-6.650380492210388184e-01
-3.574297726154327393e-01
3.364181220531463623e-01
-1.057489395141601562e+00
2.702516913414001465e-01
2.895981669425964355e-01
-5.385682582855224609e-01
1.137517467141151428e-01
-2.995741963386535645e-01
8.225182890892028809e-01
3.396228849887847900e-01
1.772393703460693359e+00
1.372778892517089844e+00
-2.270887792110443115e-01
-5.210246443748474121e-01
-8.125456571578979492e-01
5.792796015739440918e-01
7.079264521598815918e-01
-6.295700073242187500e-01
1.310865283012390137e+00
-4.620848298072814941e-01
3.961896598339080811e-01
-5.323234200477600098e-02
-5.265466570854187012e-01
3.375295102596282959e-01
4.153989851474761963e-01
-6.892926692962646484e-01
nan
nan
nan
nan
4.441258609294891357e-01
1.451960504055023193e-01
2.334377914667129517e-01
1.394327998161315918e+00
1.269274234771728516e+00
-7.485229969024658203e-01
6.887211203575134277e-01
-8.450863957405090332e-01
-6.798008084297180176e-01
7.318354845046997070e-01
8.703051209449768066e-01
-1.100589513778686523e+00
1.260326266288757324e+00
1.229066371917724609e+00
8.063231706619262695e-01
-2.101034075021743774e-01
1.017295718193054199e+00
-8.233614563941955566e-01
-1.042279362678527832e+00
-2.275109291076660156e-01
1.294842839241027832e+00
-1.346758604049682617e+00
-1.656841337680816650e-01
-7.580759525299072266e-01
6.761041879653930664e-01
7.620482891798019409e-02
-1.853912919759750366e-01
1.388008117675781250e+00
nan
nan
nan
nan
-3.267870545387268066e-01
-1.605664134025573730e+00
5.330452919006347656e-01
-2.482916861772537231e-01
4.928837418556213379e-01
nan
-9.029624611139297485e-02
1.334624528884887695e+00
7.326714396476745605e-01
5.884246230125427246e-01
-4.684210121631622314e-01
-3.506706282496452332e-02
5.430291891098022461e-01
4.426217973232269287e-01
6.182511448860168457e-01
1.530243873596191406e+00
-1.626454144716262817e-01
-6.903128027915954590e-01
-1.073586821556091309e+00
4.234305322170257568e-01
-1.213221907615661621e+00
1.499343216419219971e-01
7.078734636306762695e-01
5.108515620231628418e-01
4.674890339374542236e-01
-3.470603227615356445e-01
-1.102052181959152222e-01
2.845183610916137695e-01
nan
nan
