nan
nan
1.156568050384521484e+00
-5.385375618934631348e-01
-3.693352937698364258e-01
-9.217574000358581543e-01
1.755085289478302002e-01
6.163677573204040527e-01
-1.082936882972717285e+00
1.821022778749465942e-01
-6.676663756370544434e-01
-7.364411354064941406e-01
-7.594168782234191895e-01
4.885680675506591797e-01
-6.094917654991149902e-01
8.049190044403076172e-01
1.306833624839782715e+00
-1.476408243179321289e+00
-3.483553826808929443e-01
7.543628215789794922e-01
-1.216139316558837891e+00
4.665030539035797119e-01
7.507093548774719238e-01
-1.213975429534912109e+00
1.866967827081680298e-01
4.360929429531097412e-01
-2.096522599458694458e-01
2.469079345464706421e-01
3.178207874298095703e-01
1.324336409568786621e+00
nan
nan
nan
nan
1.761361837387084961e+00
4.970717132091522217e-01
-1.132169067859649658e-01
-9.558855891227722168e-01
-1.232481002807617188e-01
1.615070700645446777e-01
6.730273962020874023e-01
-8.687741160392761230e-01
5.961359143257141113e-01
4.342668950557708740e-01
-6.985246390104293823e-02
6.595600843429565430e-01
6.465663313865661621e-01
-1.326171606779098511e-01
2.003787010908126831e-01
-1.253715038299560547e+00
5.483754277229309082e-01
3.489972054958343506e-01
-3.266635537147521973e-01
-3.809793591499328613e-01
-8.015739172697067261e-02
2.189642190933227539e-01
-9.324567019939422607e-02
3.975519239902496338e-01
-2.400017380714416504e-01
-1.160465832799673080e-02
7.926526069641113281e-01
1.762990206480026245e-01
nan
nan
nan
nan
-7.647908329963684082e-01
1.185941338539123535e+00
-6.079689264297485352e-01
2.095036953687667847e-01
1.820938885211944580e-01
1.275142669677734375e+00
6.257210373878479004e-01
-7.139554619789123535e-01
1.087769642472267151e-01
-1.480288147926330566e+00
-8.871275186538696289e-02
1.312727451324462891e+00
-1.176056712865829468e-01
1.222357630729675293e+00
-1.871502846479415894e-01
-1.115573167800903320e+00
1.364511251449584961e+00
-8.363057374954223633e-01
-4.458760917186737061e-01
6.953409314155578613e-01
1.932286024093627930e-01
-4.519987106323242188e-01
8.427187204360961914e-01
6.113451346755027771e-02
-6.247974634170532227e-01
5.702363252639770508e-01
-4.466796219348907471e-01
-6.267106533050537109e-02
nan
nan
nan
nan
-3.591694235801696777e-01
1.050232052803039551e+00
9.248826503753662109e-01
-1.678335428237915039e+00
1.932329088449478149e-01
-1.091301813721656799e-01
1.104899168014526367e+00
-1.726778149604797363e-01
1.239842414855957031e+00
-3.048900663852691650e-01
1.609390527009963989e-01
-8.705714941024780273e-01
-5.747945904731750488e-01
-4.971888661384582520e-01
5.177428722381591797e-01
7.761245369911193848e-01
-2.273075580596923828e+00
-6.193349957466125488e-01
-7.035978436470031738e-01
-9.672138094902038574e-01
7.026101350784301758e-01
-4.968973100185394287e-01
-1.662707328796386719e+00
6.340376734733581543e-01
4.341882467269897461e-02
1.875362247228622437e-01
1.151513218879699707e+00
7.987439632415771484e-01
nan
nan
nan
nan
-1.108705520629882812e+00
-6.004737224429845810e-03
-2.089023441076278687e-01
-3.504788875579833984e-01
-1.329018592834472656e+00
9.707680940628051758e-01
5.647446513175964355e-01
-2.391341030597686768e-01
-4.830850064754486084e-01
1.518233418464660645e-01
1.169592261314392090e+00
9.635747075080871582e-01
1.724070429801940918e+00
-9.737064689397811890e-02
2.787741422653198242e-01
3.849111497402191162e-01
6.403217315673828125e-01
8.681139945983886719e-01
-2.995309531688690186e-01
1.476036071777343750e+00
-7.369779348373413086e-01
-6.815089583396911621e-01
-2.551349103450775146e-01
-1.182179212570190430e+00
1.049532532691955566e+00
-5.549455285072326660e-01
-5.079850554466247559e-01
5.540381073951721191e-01
nan
nan
nan
nan
2.546023018658161163e-02
-1.999527961015701294e-02
3.106444776058197021e-01
7.867841124534606934e-01
-8.176944255828857422e-01
4.583755135536193848e-01
7.342288494110107422e-01
-1.562229692935943604e-01
8.089059591293334961e-01
1.137992858886718750e+00
-1.002713203430175781e+00
1.053669452667236328e-01
-9.029263257980346680e-01
-8.504720926284790039e-01
3.418548107147216797e-01
1.168456301093101501e-01
5.904003381729125977e-01
2.765440046787261963e-01
3.508356213569641113e-01
-3.014966147020459175e-03
2.151929587125778198e-01
-4.697056412696838379e-01
3.347680717706680298e-02
5.576521754264831543e-01
1.141107320785522461e+00
-1.887921690940856934e-01
9.167993068695068359e-01
1.357183933258056641e+00
nan
nan
nan
nan
1.117574810981750488e+00
4.123798310756683350e-01
8.818334937095642090e-01
-7.102757692337036133e-01
-7.605764269828796387e-01
1.996787786483764648e-01
-4.609355330467224121e-02
1.074873656034469604e-01
-2.004092693328857422e+00
1.787008523941040039e+00
1.647851586341857910e+00
5.808029174804687500e-01
-5.969689488410949707e-01
-9.033454656600952148e-01
-1.040720820426940918e+00
-3.781374394893646240e-01
1.030425667762756348e+00
3.413698673248291016e-01
4.833859205245971680e-01
-6.928442120552062988e-01
-3.567929565906524658e-01
9.808925390243530273e-01
5.965960621833801270e-01
2.365138381719589233e-01
-1.429124116897583008e+00
-5.727781057357788086e-01
-2.979795038700103760e-01
-2.769310474395751953e-01
nan
nan
nan
nan
-1.194008588790893555e+00
5.162677764892578125e-01
8.428305387496948242e-02
1.201001480221748352e-01
1.355221271514892578e+00
-7.041893005371093750e-01
-8.473445177078247070e-01
7.282173633575439453e-01
-6.928151100873947144e-02
-3.401792645454406738e-01
-6.596806645393371582e-01
-5.349339842796325684e-01
2.205355018377304077e-01
-6.098299846053123474e-02
-1.506632566452026367e+00
1.082842826843261719e+00
-5.207850337028503418e-01
-1.093598842620849609e+00
-1.556201577186584473e-01
4.484468698501586914e-01
-2.758058719336986542e-02
2.826545834541320801e-01
5.778270363807678223e-01
-3.997100889682769775e-01
-4.803668558597564697e-01
-4.979094862937927246e-01
-1.485948115587234497e-01
3.161835670471191406e-01
nan
nan
nan
nan
2.369575574994087219e-02
9.271841496229171753e-02
1.107140541076660156e+00
-6.038812398910522461e-01
1.415694057941436768e-01
5.101481452584266663e-02
-7.991774678230285645e-01
-2.497999370098114014e-01
4.663737714290618896e-01
-1.045607566833496094e+00
-1.338145852088928223e+00
-7.652159333229064941e-01
8.218499422073364258e-01
8.020754456520080566e-01
-4.528315663337707520e-01
1.088103175163269043e+00
-2.691752910614013672e-01
8.648727536201477051e-01
-6.919376850128173828e-01
-6.069205999374389648e-01
-8.595285564661026001e-02
1.103864833712577820e-01
7.161261439323425293e-01
3.406563401222229004e-01
5.289507508277893066e-01
-2.718011856079101562e+00
3.902805447578430176e-01
-8.743402957916259766e-01
nan
nan
nan
nan
5.508234500885009766e-01
-8.361538052558898926e-01
3.735350966453552246e-01
-1.954540759325027466e-01
-7.813863456249237061e-03
5.913188457489013672e-01
-1.010136678814888000e-01
9.521824121475219727e-01
1.603922694921493530e-01
-1.513521075248718262e+00
-1.064305379986763000e-01
5.102639794349670410e-01
-7.665081024169921875e-01
-2.740485370159149170e-01
-9.756222367286682129e-02
-6.516833901405334473e-01
1.136223554611206055e+00
1.403177380561828613e-01
-7.096319198608398438e-01
-2.293046331033110619e-03
-9.806463718414306641e-01
-5.905460119247436523e-01
-2.214895486831665039e+00
-4.788198769092559814e-01
-8.483425974845886230e-01
6.587696075439453125e-02
-1.113111495971679688e+00
-1.094035029411315918e+00
nan
nan
nan
nan
-6.231526657938957214e-02
-6.888039708137512207e-01
-4.039734601974487305e-01
2.405989170074462891e-01
-8.316570520401000977e-01
4.537412822246551514e-01
-1.574305057525634766e+00
6.291533112525939941e-01
5.589706897735595703e-01
4.437555670738220215e-01
1.222001194953918457e+00
5.826551914215087891e-01
1.560173153877258301e+00
8.609898090362548828e-01
1.036496043205261230e+00
-1.997558325529098511e-01
-6.148525476455688477e-01
3.509634137153625488e-01
-3.073475360870361328e-01
7.088158726692199707e-01
-5.740946531295776367e-01
-5.769173502922058105e-01
-5.425344109535217285e-01
-7.144645601511001587e-02
-9.289237260818481445e-01
-3.656194806098937988e-01
1.156178236007690430e+00
1.635220408439636230e+00
nan
nan
nan
nan
-4.471953511238098145e-01
-1.620697140693664551e+00
1.018435001373291016e+00
4.393635392189025879e-01
-1.622297763824462891e+00
-4.318081140518188477e-01
-1.145814895629882812e+00
1.008214354515075684e+00
-6.451488286256790161e-02
-1.347928762435913086e+00
-1.430234551429748535e+00
6.051489152014255524e-03
-1.742185235023498535e+00
2.928575277328491211e-01
4.549441635608673096e-01
-2.998937666416168213e-01
1.389785408973693848e+00
1.371876150369644165e-01
-1.305502891540527344e+00
-1.057055950164794922e+00
7.702265381813049316e-01
-1.109454870223999023e+00
-6.956162303686141968e-02
-7.377329468727111816e-01
-1.366319775581359863e+00
-4.208665490150451660e-01
-4.098239243030548096e-01
-7.008643150329589844e-01
nan
nan
nan
nan
-1.248753964900970459e-01
1.625503897666931152e-01
-4.697018265724182129e-01
-4.208766222000122070e-01
-8.499901890754699707e-01
-5.639434456825256348e-01
6.808935850858688354e-02
-4.502401947975158691e-01
-9.201658964157104492e-01
2.832510471343994141e-01
-8.449617624282836914e-01
-3.649643659591674805e-01
6.118626594543457031e-01
-2.549814879894256592e-01
1.277253627777099609e+00
-5.938345193862915039e-01
-7.306581139564514160e-01
-3.818988502025604248e-01
-1.014967083930969238e+00
6.940392404794692993e-02
-5.766573548316955566e-01
-7.811003327369689941e-01
1.082992196083068848e+00
4.177730679512023926e-01
-2.058647722005844116e-01
9.905091524124145508e-01
-4.569271579384803772e-02
-3.278347849845886230e-01
nan
nan
nan
nan
-2.720838785171508789e-01
8.726459145545959473e-01
3.638847768306732178e-01
4.303499162197113037e-01
-8.306676745414733887e-01
-2.586159110069274902e-01
-1.233268857002258301e+00
-7.600889205932617188e-01
6.857945322990417480e-01
-4.088104888796806335e-02
9.458802938461303711e-01
-5.107622742652893066e-01
6.643084883689880371e-01
-9.143019318580627441e-01
-5.321929696947336197e-03
-4.864014089107513428e-01
-7.961727380752563477e-01
-4.352423250675201416e-01
7.239198684692382812e-01
-5.644248127937316895e-01
1.658961921930313110e-02
5.495601892471313477e-01
4.466744363307952881e-01
-1.620777100324630737e-01
1.083559751510620117e+00
4.132620096206665039e-01
9.835572242736816406e-01
-6.041439175605773926e-01
nan
nan
nan
nan
-5.205949544906616211e-01
-1.143787056207656860e-01
4.523369371891021729e-01
7.513357400894165039e-01
7.408411502838134766e-01
1.155284881591796875e+00
-7.027031183242797852e-01
8.184530735015869141e-01
-7.830704450607299805e-01
6.754390597343444824e-01
-2.043136835098266602e+00
-3.005909919738769531e-01
3.246434330940246582e-01
-1.329184230417013168e-02
-1.228868842124938965e+00
1.509857058525085449e+00
-1.547005027532577515e-01
-1.029351711273193359e+00
4.553974568843841553e-01
1.510848999023437500e-01
5.456033945083618164e-01
4.181881248950958252e-01
-5.174293741583824158e-02
-1.350299835205078125e+00
2.983669936656951904e-01
-2.873220443725585938e-01
6.632431149482727051e-01
-3.011985421180725098e-01
nan
nan
nan
nan
-2.050008028745651245e-01
7.560802102088928223e-01
9.267452359199523926e-01
-6.941135525703430176e-01
-2.586276829242706299e-01
1.649461627006530762e+00
-5.524547100067138672e-01
1.521734148263931274e-01
-1.040433883666992188e+00
-7.428156733512878418e-01
8.718054294586181641e-01
1.254156529903411865e-01
-3.124933689832687378e-02
-6.714773774147033691e-01
1.107878983020782471e-01
4.363509714603424072e-01
2.494418144226074219e+00
-8.284156918525695801e-01
1.218784928321838379e+00
-1.062678813934326172e+00
-4.609323143959045410e-01
2.778983116149902344e-01
5.438997149467468262e-01
-4.394176006317138672e-01
5.988727323710918427e-03
-2.470472604036331177e-01
1.659307479858398438e+00
4.620937108993530273e-01
nan
nan
nan
nan
2.710094153881072998e-01
3.709475323557853699e-02
7.819841504096984863e-01
1.968789696693420410e+00
2.287112362682819366e-02
1.385674118995666504e+00
-1.617077112197875977e+00
-1.143689732998609543e-03
-6.207019686698913574e-01
-7.362437844276428223e-01
1.561442255973815918e+00
-7.510818839073181152e-01
7.275541424751281738e-01
3.862137198448181152e-01
-5.181818008422851562e-01
-1.536577194929122925e-01
-2.082508802413940430e-01
-4.309269189834594727e-01
-1.055224895477294922e+00
3.018479943275451660e-01
2.259182631969451904e-01
7.939882874488830566e-01
-1.032117366790771484e+00
5.656847953796386719e-01
9.296499490737915039e-01
-1.146136641502380371e+00
-7.960637658834457397e-02
8.706664443016052246e-01
nan
nan
nan
nan
2.266980893909931183e-02
8.074025511741638184e-01
3.849480152130126953e-01
1.286934733390808105e+00
-5.254786014556884766e-01
6.395322829484939575e-02
2.696413993835449219e-01
-6.912553906440734863e-01
1.166749596595764160e+00
1.410879373550415039e+00
-9.157956242561340332e-01
1.466897368431091309e+00
3.230242431163787842e-01
5.515253543853759766e-01
-9.780861139297485352e-01
-2.400377988815307617e-01
5.752404928207397461e-01
-5.617523789405822754e-01
-1.386851787567138672e+00
-1.187859535217285156e+00
-1.182123184204101562e+00
-7.140247821807861328e-01
7.003890275955200195e-01
-1.405295610427856445e+00
1.475862026214599609e+00
2.282041162252426147e-01
-1.660988330841064453e-01
1.531129628419876099e-01
nan
nan
nan
nan
-2.423791587352752686e-01
4.787386059761047363e-01
-1.610779948532581329e-02
8.537078499794006348e-01
1.034434914588928223e+00
-1.055293798446655273e+00
9.461186528205871582e-01
4.956916272640228271e-01
3.895042836666107178e-02
-1.676394641399383545e-01
3.436322212219238281e-01
-6.225624680519104004e-01
4.473800770938396454e-03
2.726746797561645508e-01
2.880632877349853516e-01
-2.083478420972824097e-01
-1.009510755538940430e+00
-4.051710069179534912e-01
1.640060424804687500e+00
-4.415739476680755615e-01
8.944646269083023071e-02
1.000898838043212891e+00
9.084569215774536133e-01
-1.018387675285339355e+00
4.118712842464447021e-01
9.504560828208923340e-01
1.137240529060363770e+00
-2.532117366790771484e-01
nan
nan
nan
nan
1.265942096710205078e+00
3.762521743774414062e-01
1.516097337007522583e-01
1.778160810470581055e+00
-6.654560565948486328e-01
9.477487206459045410e-01
-9.125456213951110840e-01
-8.812434077262878418e-01
-7.101929187774658203e-01
4.090657830238342285e-01
4.212248623371124268e-01
1.609858632087707520e+00
-5.323443412780761719e-01
-2.827382981777191162e-01
7.366168498992919922e-02
4.089128077030181885e-01
-1.557936072349548340e+00
-6.808547973632812500e-01
-1.019776463508605957e+00
1.838057637214660645e+00
-1.240632653236389160e+00
1.126577615737915039e+00
-1.508133392781019211e-02
4.934631586074829102e-01
-1.022495254874229431e-01
6.789786219596862793e-01
6.945056915283203125e-01
4.189421981573104858e-02
nan
nan
nan
nan
4.257932007312774658e-01
-5.237108096480369568e-02
8.223257213830947876e-02
6.834327429533004761e-02
-1.568177156150341034e-02
3.184385970234870911e-02
2.090202122926712036e-01
-9.989944696426391602e-01
-6.803133487701416016e-01
-6.473336219787597656e-01
-2.393896132707595825e-01
-6.745898723602294922e-02
1.411795973777770996e+00
1.617801785469055176e+00
-5.969921350479125977e-01
4.637796878814697266e-01
5.962615013122558594e-01
4.566068947315216064e-01
4.270084798336029053e-01
-4.922199249267578125e-02
-6.101397871971130371e-01
-2.295836806297302246e-01
8.462911099195480347e-02
1.593565106391906738e+00
3.965784609317779541e-01
-4.167194068431854248e-01
8.450497984886169434e-01
7.275162935256958008e-01
nan
nan
nan
nan
-1.200069561600685120e-01
9.158295989036560059e-01
-8.163350820541381836e-01
-1.757397890090942383e+00
3.335463702678680420e-01
4.348489046096801758e-01
1.100524514913558960e-01
1.373126506805419922e+00
-5.559082031250000000e-01
7.219042778015136719e-01
-2.475595325231552124e-01
3.680965006351470947e-01
-3.439129590988159180e-01
2.813448011875152588e-01
-5.293697714805603027e-01
2.890617251396179199e-01
-2.511788308620452881e-01
3.415997028350830078e-01
-5.933716893196105957e-01
5.620481967926025391e-01
-3.782582469284534454e-03
1.032636240124702454e-01
7.893953323364257812e-01
-3.958585560321807861e-01
-4.823198020458221436e-01
-5.707121454179286957e-03
5.573009699583053589e-02
4.369605332612991333e-02
nan
nan
nan
nan
-1.410989910364151001e-01
3.710322976112365723e-01
8.577786684036254883e-01
-1.437918692827224731e-01
2.790784239768981934e-01
3.965413272380828857e-01
5.596110820770263672e-01
6.692577600479125977e-01
3.183014392852783203e-01
-3.894292190670967102e-02
-4.208095073699951172e-01
-1.170075125992298126e-02
-1.376263856887817383e+00
1.456238508224487305e+00
4.840358793735504150e-01
-3.721340000629425049e-01
-2.608833089470863342e-02
1.187393665313720703e+00
-2.785311639308929443e-01
-2.689547538757324219e-01
3.700347840785980225e-01
-3.457628488540649414e-01
-5.685716271400451660e-01
-4.968290030956268311e-01
1.368615925312042236e-01
-2.427866309881210327e-01
-9.502558708190917969e-01
1.214985325932502747e-01
nan
nan
nan
nan
1.688628047704696655e-01
-7.889047861099243164e-01
2.438291162252426147e-01
-1.062307834625244141e+00
3.894832432270050049e-01
nan
8.394359350204467773e-01
-1.246163606643676758e+00
-5.212475061416625977e-01
6.038594841957092285e-01
-1.939788609743118286e-01
-1.063842892646789551e+00
-1.535398513078689575e-01
-1.656705141067504883e-01
1.473060697317123413e-01
5.956602096557617188e-01
-1.084199428558349609e+00
-3.704615235328674316e-01
8.083013296127319336e-01
-4.469525218009948730e-01
-1.036855697631835938e+00
-9.194999337196350098e-01
1.071912720799446106e-01
7.656263113021850586e-01
-4.622602462768554688e-01
-4.125034809112548828e-01
-1.135525465011596680e+00
-9.023772478103637695e-01
nan
nan
