nan
nan
-4.880410730838775635e-01
8.440603017807006836e-01
-2.702594399452209473e-01
-8.991336822509765625e-01
-5.237215384840965271e-02
-8.908261656761169434e-01
1.527307987213134766e+00
4.261277616024017334e-01
-3.721846342086791992e-01
1.719067454338073730e+00
-4.623140990734100342e-01
3.892954587936401367e-01
1.533431053161621094e+00
-1.928419917821884155e-01
3.176618218421936035e-01
6.038658022880554199e-01
1.729114890098571777e+00
1.726109534502029419e-02
-2.625245749950408936e-01
1.639048010110855103e-01
5.936756134033203125e-01
8.327148556709289551e-01
-4.690115153789520264e-02
6.236707419157028198e-02
1.124779582023620605e-01
4.581779539585113525e-01
-5.867170691490173340e-01
8.266311287879943848e-01
nan
nan
nan
nan
-3.993256390094757080e-01
1.624854683876037598e+00
2.639805972576141357e-01
-1.443549841642379761e-01
-3.117512762546539307e-01
-3.152566254138946533e-01
-5.152750015258789062e-01
3.862182199954986572e-01
-8.301734924316406250e-01
-1.001191854476928711e+00
-8.655547499656677246e-01
4.465834796428680420e-01
1.018968224525451660e+00
-2.525162100791931152e-01
-1.649538874626159668e+00
7.587832212448120117e-02
2.855582721531391144e-02
1.461103320121765137e+00
6.307449936866760254e-02
-1.192067861557006836e+00
-1.499509811401367188e-02
-2.718681991100311279e-01
3.959071934223175049e-01
-7.404811978340148926e-01
4.562092199921607971e-02
6.903495788574218750e-01
-3.014130294322967529e-01
-2.364552915096282959e-01
nan
nan
nan
nan
-9.188961386680603027e-01
-3.470596671104431152e-01
-5.492273569107055664e-01
-2.794187068939208984e-01
-4.754197597503662109e-01
-1.833259016275405884e-01
5.348001122474670410e-01
-3.282065689563751221e-01
3.422123789787292480e-01
-7.780931890010833740e-03
-1.280523657798767090e+00
1.203121423721313477e+00
-3.702671229839324951e-01
-1.087886571884155273e+00
-1.101721525192260742e-01
-1.610558182001113892e-01
-5.463102459907531738e-01
-1.418756041675806046e-02
9.449916332960128784e-02
-9.361358284950256348e-01
-6.142830848693847656e-01
9.413432329893112183e-02
-2.687969803810119629e-01
3.076731562614440918e-01
-7.552606612443923950e-02
-8.015069961547851562e-01
1.419897317886352539e+00
-6.434343457221984863e-01
nan
nan
nan
nan
-1.307993769645690918e+00
-6.561507582664489746e-01
8.431155681610107422e-01
-6.730133891105651855e-01
8.029305934906005859e-01
8.474222421646118164e-01
5.139797925949096680e-01
7.556253671646118164e-01
-2.425546646118164062e-01
-1.746069788932800293e+00
-8.210213184356689453e-01
-6.182798147201538086e-01
8.964606523513793945e-01
3.338589072227478027e-01
-7.185842394828796387e-01
-9.548817873001098633e-01
3.834572136402130127e-01
-7.553305029869079590e-01
1.998990178108215332e+00
9.801022708415985107e-02
-9.733551996760070324e-04
1.748454421758651733e-01
-5.018407106399536133e-01
1.147036720067262650e-02
-5.785378813743591309e-01
1.143016442656517029e-01
1.274371594190597534e-01
4.539742171764373779e-01
nan
nan
nan
nan
1.211545348167419434e+00
-8.028661012649536133e-01
-5.806754231452941895e-01
2.236445993185043335e-02
1.533263325691223145e-01
1.263923645019531250e+00
-1.067414641380310059e+00
-6.569672226905822754e-01
-1.194867730140686035e+00
-1.963112235069274902e+00
-3.715096712112426758e-01
-5.070104449987411499e-02
8.358923792839050293e-01
-1.138900399208068848e+00
-6.256469488143920898e-01
-3.152633830904960632e-02
-5.291623473167419434e-01
1.000909447669982910e+00
-5.901803970336914062e-01
9.763302206993103027e-01
-6.455477476119995117e-01
1.637674570083618164e-01
7.172033656388521194e-03
-2.291827499866485596e-01
-2.228928357362747192e-01
-1.878324449062347412e-01
-3.835563659667968750e-01
9.738592803478240967e-02
nan
nan
nan
nan
-9.199827313423156738e-01
1.185049057006835938e+00
1.953239142894744873e-01
-3.056029081344604492e-01
9.252120256423950195e-01
-5.602865219116210938e-01
3.510294556617736816e-01
1.781601756811141968e-01
1.332546591758728027e+00
2.682238221168518066e-01
-1.052010178565979004e+00
8.458938002586364746e-01
-2.224974483251571655e-01
6.075552701950073242e-01
-1.719607591629028320e+00
3.711914271116256714e-02
1.702923625707626343e-01
-3.724283874034881592e-01
-6.593869328498840332e-01
-8.725804686546325684e-01
-4.930154979228973389e-01
-3.420594707131385803e-02
5.350375175476074219e-01
-1.819079071283340454e-01
3.960213065147399902e-01
1.460686177015304565e-01
3.569496572017669678e-01
4.205327928066253662e-01
nan
nan
nan
nan
-1.189861536026000977e+00
7.755749225616455078e-01
-1.227924078702926636e-01
1.177889823913574219e+00
-5.809442996978759766e-01
1.701736092567443848e+00
-9.854714274406433105e-01
1.331152319908142090e-01
1.121164321899414062e+00
-6.071376800537109375e-01
2.232885807752609253e-01
-1.480064839124679565e-01
-2.800128757953643799e-01
-3.521506786346435547e-01
1.059699296951293945e+00
-1.456391453742980957e+00
-8.480893373489379883e-01
-3.989851772785186768e-01
1.370913147926330566e+00
1.598970144987106323e-01
-3.798856437206268311e-01
-6.115360856056213379e-01
-1.854814006946980953e-03
1.000382184982299805e+00
6.565787792205810547e-01
-6.743474006652832031e-01
1.484225392341613770e+00
8.994053602218627930e-01
nan
nan
nan
nan
-1.434992402791976929e-01
1.076326966285705566e+00
-3.576767444610595703e-01
-1.347986459732055664e+00
1.907775402069091797e-01
1.098024770617485046e-01
-8.989835977554321289e-01
2.181523740291595459e-01
7.175890803337097168e-01
-3.714585006237030029e-01
2.607922554016113281e-01
3.933753371238708496e-01
1.547469496726989746e-01
-1.251951158046722412e-01
3.152352273464202881e-01
5.675846934318542480e-01
-1.082352161407470703e+00
1.526554077863693237e-01
2.492788732051849365e-01
1.078907847404479980e-01
-2.576552033424377441e-01
6.986840963363647461e-01
-9.123311042785644531e-01
-1.755866035819053650e-02
-6.994907855987548828e-01
5.683124065399169922e-01
-3.704897165298461914e-01
-1.054250597953796387e+00
nan
nan
nan
nan
8.242847323417663574e-01
1.062995269894599915e-01
1.136763572692871094e+00
1.824468374252319336e-02
1.093427062034606934e+00
-7.053676992654800415e-02
-1.396474957466125488e+00
-9.440426230430603027e-01
2.523904666304588318e-02
-9.060680270195007324e-01
2.136485815048217773e+00
-1.051798224449157715e+00
-4.308126568794250488e-01
-8.540211319923400879e-01
-4.934284090995788574e-01
-2.036368250846862793e-01
1.494459629058837891e+00
6.795373558998107910e-01
-1.194925665855407715e+00
3.285002708435058594e-01
-8.645119071006774902e-01
1.795600354671478271e-01
-1.969611048698425293e+00
-4.826695322990417480e-01
1.769315265119075775e-02
6.125926375389099121e-01
-1.241510510444641113e+00
1.212922453880310059e+00
nan
nan
nan
nan
1.218537911772727966e-01
-9.708076119422912598e-01
1.801965117454528809e+00
1.657728195190429688e+00
-3.901575803756713867e-01
8.634147047996520996e-01
3.676396310329437256e-01
9.090098738670349121e-01
-1.950604170560836792e-01
-4.973004758358001709e-02
2.959486544132232666e-01
-1.236592173576354980e+00
8.779554367065429688e-01
1.217553094029426575e-01
3.562391400337219238e-01
1.003721207380294800e-01
-2.333787381649017334e-01
-1.871526539325714111e-01
4.152273833751678467e-01
1.082369804382324219e+00
4.421785771846771240e-01
-7.144070267677307129e-01
-1.364534348249435425e-01
2.365484535694122314e-01
-8.028197288513183594e-01
6.971362233161926270e-01
1.864393502473831177e-01
6.147166490554809570e-01
nan
nan
nan
nan
7.649347782135009766e-01
7.887816429138183594e-02
-1.533769369125366211e+00
-1.211336731910705566e+00
7.045778632164001465e-01
3.864338099956512451e-01
3.275462090969085693e-01
-6.061377525329589844e-01
-6.263815164566040039e-01
1.039281368255615234e+00
7.511838078498840332e-01
-3.206159174442291260e-01
3.545320034027099609e-01
-2.422981411218643188e-01
-9.830719828605651855e-01
8.089499473571777344e-01
-1.617253422737121582e-01
2.375500798225402832e-01
4.506670236587524414e-01
6.316581368446350098e-01
-1.191846746951341629e-02
4.882419109344482422e-01
9.266186952590942383e-01
-1.215151906013488770e+00
-1.893066465854644775e-01
4.440345466136932373e-01
7.482585310935974121e-01
-1.564522832632064819e-01
nan
nan
nan
nan
-1.071170449256896973e+00
-8.628563880920410156e-01
-4.426227211952209473e-01
-7.651823163032531738e-01
3.854601830244064331e-02
-4.787107929587364197e-02
-7.076580822467803955e-02
9.786878228187561035e-01
-5.016540735960006714e-02
1.243847489356994629e+00
6.967731118202209473e-01
-1.877131015062332153e-01
9.311397075653076172e-01
-1.121773004531860352e+00
-4.396640062332153320e-01
-2.865204215049743652e-01
-2.048619985580444336e+00
5.687426924705505371e-01
7.041249275207519531e-01
3.845973312854766846e-01
-1.008191034197807312e-01
-8.399008512496948242e-01
-3.383216261863708496e-01
-5.387852787971496582e-01
4.026592969894409180e-01
-9.168696403503417969e-01
1.269143372774124146e-01
-5.307540893554687500e-01
nan
nan
nan
nan
6.171856448054313660e-02
8.979205489158630371e-01
5.358662605285644531e-01
-4.899906739592552185e-02
5.234006643295288086e-01
-2.327395379543304443e-01
-5.253522992134094238e-01
-1.120255947113037109e+00
6.850934028625488281e-02
-2.204123288393020630e-01
-2.622987031936645508e-01
3.069730997085571289e-01
7.735284566879272461e-01
6.678492426872253418e-01
-3.928870558738708496e-01
-5.890460014343261719e-01
-4.749681353569030762e-01
-1.145601153373718262e+00
-1.353105902671813965e+00
6.680468320846557617e-01
-1.538862287998199463e-01
-1.759255886077880859e+00
9.460133314132690430e-01
-4.996325075626373291e-01
2.952235043048858643e-01
-5.789050459861755371e-01
-1.054190024733543396e-01
1.936649233102798462e-01
nan
nan
nan
nan
-1.338941931724548340e+00
-1.592243760824203491e-01
5.384949445724487305e-01
6.918787360191345215e-01
-6.346920728683471680e-01
1.133334279060363770e+00
9.354998171329498291e-02
-1.134486556053161621e+00
6.382415890693664551e-01
1.408654928207397461e+00
-1.705822795629501343e-01
5.504798293113708496e-01
-4.012119472026824951e-01
1.050380989909172058e-01
-1.216951370239257812e+00
-1.449223637580871582e+00
1.400250673294067383e+00
-4.678606688976287842e-01
-1.308913528919219971e-01
5.926465988159179688e-01
-1.558194030076265335e-02
-8.154033869504928589e-02
5.643569827079772949e-01
-1.826876640319824219e+00
3.601740896701812744e-01
-1.381595283746719360e-01
9.396473169326782227e-01
3.049046993255615234e-01
nan
nan
nan
nan
1.771657764911651611e-01
-5.078536868095397949e-01
-4.269333779811859131e-01
-1.200291991233825684e+00
8.325750231742858887e-01
-1.140946984291076660e+00
8.883850574493408203e-01
7.340672612190246582e-01
9.773706793785095215e-01
1.106096386909484863e+00
3.939812183380126953e-01
-4.802217781543731689e-01
8.875250816345214844e-01
8.666573762893676758e-01
-7.386634945869445801e-01
4.315791726112365723e-01
-8.326660394668579102e-01
4.086077585816383362e-02
9.183233976364135742e-01
-2.502511143684387207e-01
-6.181136369705200195e-01
7.679227590560913086e-01
-8.513196706771850586e-01
1.514766097068786621e+00
-6.670169234275817871e-01
2.013433575630187988e-01
8.226293325424194336e-01
1.413934350013732910e+00
nan
nan
nan
nan
-7.559586167335510254e-01
-4.070322960615158081e-02
5.474624633789062500e-01
-3.832600414752960205e-01
-6.253839731216430664e-01
-6.784465312957763672e-01
1.605454683303833008e-01
4.646554887294769287e-01
4.718392789363861084e-01
3.056831061840057373e-01
1.056905556470155716e-02
8.187788724899291992e-01
4.653576612472534180e-01
-1.133449673652648926e+00
-2.851106524467468262e-01
-5.461805462837219238e-01
4.459060430526733398e-01
-7.877501845359802246e-01
-1.876557946205139160e+00
7.254236340522766113e-01
1.800509393215179443e-01
2.328615486621856689e-01
-9.245996177196502686e-02
1.264606952667236328e+00
4.946791529655456543e-01
-8.352277278900146484e-01
-7.084760069847106934e-01
-8.578027486801147461e-01
nan
nan
nan
nan
3.671354651451110840e-01
2.885033190250396729e-01
-4.159257113933563232e-01
6.028426289558410645e-01
-1.539856672286987305e+00
-1.131820082664489746e+00
-2.956841289997100830e-01
3.209958672523498535e-01
-8.302823901176452637e-01
1.017334342002868652e+00
-4.877450764179229736e-01
5.068945288658142090e-01
8.849334120750427246e-01
5.314919948577880859e-01
-3.760340809822082520e-01
6.327522397041320801e-01
4.276908338069915771e-01
-4.928747415542602539e-01
-2.288360297679901123e-01
3.439727425575256348e-01
-6.267610788345336914e-01
-3.110781908035278320e-01
9.573745727539062500e-01
5.033647418022155762e-01
-7.354564666748046875e-01
-8.291989564895629883e-02
2.600220739841461182e-01
5.108296275138854980e-01
nan
nan
nan
nan
-9.633919000625610352e-01
-1.033588796854019165e-01
-3.701528906822204590e-01
1.820295453071594238e+00
-1.044270753860473633e+00
1.213106036186218262e+00
9.089496731758117676e-01
-4.743424057960510254e-01
-8.226007223129272461e-01
-6.293056607246398926e-01
-5.600942969322204590e-01
-1.012527495622634888e-01
-4.939800500869750977e-02
-4.056176543235778809e-01
6.301735639572143555e-01
-2.629340589046478271e-01
-7.309585213661193848e-01
-1.337488293647766113e+00
1.088268905878067017e-01
3.894605934619903564e-01
-1.489361286163330078e+00
-7.048872709274291992e-01
-5.384811758995056152e-01
4.895218610763549805e-01
2.656153030693531036e-02
-3.338130414485931396e-01
-2.403013557195663452e-01
-2.671602666378021240e-01
nan
nan
nan
nan
-6.339926123619079590e-01
1.992167085409164429e-01
2.200727462768554688e+00
-9.852737188339233398e-01
-7.096199393272399902e-01
-7.399031519889831543e-02
1.426777362823486328e+00
4.563337862491607666e-01
6.359902024269104004e-01
9.032040238380432129e-01
-1.392455250024795532e-01
-5.505490303039550781e-01
6.580154299736022949e-01
-2.594102621078491211e-01
1.031113117933273315e-01
1.170269325375556946e-01
4.768756926059722900e-01
6.742408871650695801e-01
-2.363743335008621216e-01
4.540189504623413086e-01
-7.896364927291870117e-01
9.244807809591293335e-02
-7.670271992683410645e-01
-3.873509764671325684e-01
-8.007512241601943970e-02
-1.457290768623352051e+00
1.363672018051147461e+00
1.228237867355346680e+00
nan
nan
nan
nan
3.181753754615783691e-01
-8.392693400382995605e-01
1.523549079895019531e+00
1.277581214904785156e+00
1.975389569997787476e-01
-3.067673146724700928e-01
-1.263333112001419067e-01
3.755367398262023926e-01
4.374693036079406738e-01
-5.307022929191589355e-01
1.670973300933837891e-01
1.419386386871337891e+00
1.426369786262512207e+00
2.043613977730274200e-02
4.037986509501934052e-03
-1.543274521827697754e+00
1.237252578139305115e-01
4.713551402091979980e-01
-1.185112476348876953e+00
-2.995875477790832520e-01
-2.141261696815490723e-01
1.363237857818603516e+00
8.790278434753417969e-01
-4.422233402729034424e-01
3.380988538265228271e-01
6.609113812446594238e-01
-3.136424124240875244e-01
9.209776520729064941e-01
nan
nan
nan
nan
2.018050909042358398e+00
-9.370188713073730469e-01
1.714037358760833740e-01
1.229258060455322266e+00
5.280261114239692688e-02
1.683615088462829590e+00
5.427833795547485352e-01
2.743965685367584229e-01
-6.879690885543823242e-01
-6.290701031684875488e-01
-9.775711297988891602e-01
-5.355147123336791992e-01
8.463996052742004395e-01
5.492197815328836441e-03
-9.236664772033691406e-01
1.372062683105468750e+00
4.409124553203582764e-01
5.037666559219360352e-01
1.559134852141141891e-02
2.147874422371387482e-02
4.868662655353546143e-01
8.042991906404495239e-02
-7.495375275611877441e-01
-3.230719268321990967e-01
1.868487447500228882e-01
1.348054409027099609e+00
1.696202158927917480e+00
-6.644514799118041992e-01
nan
nan
nan
nan
-8.182662725448608398e-02
5.445063710212707520e-01
6.914716958999633789e-01
1.294708490371704102e+00
9.371886253356933594e-01
-9.192615151405334473e-01
-6.232092976570129395e-01
-3.883769810199737549e-01
-3.524438142776489258e-01
1.101276159286499023e+00
4.409279823303222656e-01
-1.142410755157470703e+00
-1.537960022687911987e-01
3.036789894104003906e-01
-5.667937397956848145e-01
6.214153766632080078e-01
1.616332650184631348e+00
-1.002404764294624329e-01
1.434175372123718262e-01
-1.333697438240051270e+00
3.757908642292022705e-01
6.481131911277770996e-01
9.712075591087341309e-01
2.161822766065597534e-01
5.187001228332519531e-01
6.402266621589660645e-01
5.071508884429931641e-01
-3.078550994396209717e-01
nan
nan
nan
nan
2.951268196105957031e+00
3.187427520751953125e-01
5.407127141952514648e-01
-9.965435266494750977e-01
-1.089916467666625977e+00
6.352913975715637207e-01
-9.762073159217834473e-01
7.823672294616699219e-01
8.510375022888183594e-01
1.375081092119216919e-01
-6.053745150566101074e-01
-4.227338135242462158e-01
3.475465178489685059e-01
3.441882133483886719e-01
1.018705070018768311e-01
7.610689848661422729e-02
2.322765886783599854e-01
1.542797088623046875e+00
4.194435104727745056e-02
6.056935787200927734e-01
5.669960379600524902e-01
1.633681297302246094e+00
2.016262412071228027e-01
7.397797703742980957e-02
-5.044515132904052734e-01
-5.493752360343933105e-01
1.204115629196166992e+00
2.270225882530212402e-01
nan
nan
nan
nan
-1.374026894569396973e+00
3.320547938346862793e-01
-1.411032199859619141e+00
1.232034921646118164e+00
2.190980911254882812e+00
nan
-2.771680057048797607e-01
4.149283468723297119e-01
-2.858498096466064453e-01
-6.653894186019897461e-01
1.411269545555114746e+00
8.879618048667907715e-01
6.044594645500183105e-01
-9.849527478218078613e-02
3.180883526802062988e-01
6.251876354217529297e-01
-1.759650111198425293e-01
-1.231272459030151367e+00
8.006261587142944336e-01
-4.536837339401245117e-01
6.009958386421203613e-01
-3.182276710867881775e-02
1.738528609275817871e+00
2.938062697649002075e-02
-1.416155099868774414e+00
9.373993873596191406e-01
-3.390499353408813477e-01
-8.008592724800109863e-01
nan
nan
