nan
nan
8.320958614349365234e-01
1.013321876525878906e+00
1.093728184700012207e+00
5.228893160820007324e-01
9.691399931907653809e-01
-1.676777720451354980e+00
3.905898630619049072e-01
5.520772933959960938e-01
-5.532480031251907349e-02
-1.153212189674377441e+00
-8.671182990074157715e-01
-3.704626113176345825e-02
1.592763811349868774e-01
-4.376946091651916504e-01
2.006043672561645508e+00
-2.578255832195281982e-01
-1.203355431556701660e+00
7.694814354181289673e-02
-9.420171976089477539e-01
-4.132190644741058350e-01
4.425776302814483643e-01
-3.399893343448638916e-01
-7.154429554939270020e-01
4.756561815738677979e-01
-4.268856253474950790e-03
-3.512389361858367920e-01
-5.771746635437011719e-01
3.747367560863494873e-01
nan
nan
nan
nan
-8.104663491249084473e-01
3.365069031715393066e-01
4.596932977437973022e-02
3.827687799930572510e-01
-1.506965458393096924e-01
1.567066073417663574e+00
-1.011488080024719238e+00
-1.425336301326751709e-01
2.769229710102081299e-01
1.035417079925537109e+00
5.748571753501892090e-01
1.737094998359680176e+00
-3.848120942711830139e-02
-1.121503114700317383e+00
-2.797825634479522705e-01
-5.355452001094818115e-02
-5.660012960433959961e-01
-3.448688685894012451e-01
-1.163169026374816895e+00
5.112371593713760376e-02
1.111539125442504883e+00
9.147463440895080566e-01
-7.511286139488220215e-01
2.964534461498260498e-01
6.994457840919494629e-01
1.407929211854934692e-01
4.002079069614410400e-01
-2.592568397521972656e-01
nan
nan
nan
nan
-1.320823788642883301e+00
-8.175320029258728027e-01
-3.488122820854187012e-01
7.182916998863220215e-01
-5.816262960433959961e-02
-2.105553895235061646e-01
-1.480101823806762695e+00
8.884186148643493652e-01
5.567976236343383789e-01
4.224402606487274170e-01
2.383658736944198608e-01
-5.971927642822265625e-01
-3.510031998157501221e-01
3.356358408927917480e-01
4.426232874393463135e-01
6.412475109100341797e-01
1.529476940631866455e-01
6.075960397720336914e-01
-9.046045541763305664e-01
1.816756963729858398e+00
-1.164167881011962891e+00
4.523469209671020508e-01
-4.516107141971588135e-01
1.153680607676506042e-01
2.291868776082992554e-01
-1.201311349868774414e-01
4.235621914267539978e-02
1.666913479566574097e-01
nan
nan
nan
nan
1.017755270004272461e+00
-5.977317094802856445e-01
2.392490357160568237e-01
-1.383355259895324707e-01
1.310967326164245605e+00
4.397386014461517334e-01
-3.662276864051818848e-01
-3.235778808593750000e-01
-4.772986769676208496e-01
-5.136619210243225098e-01
-1.110483765602111816e+00
3.464471548795700073e-02
3.394718170166015625e-01
9.665614925324916840e-03
-1.154411062598228455e-01
-4.852509200572967529e-01
-8.907252550125122070e-01
6.092953085899353027e-01
-5.131177902221679688e-01
9.036746621131896973e-01
1.251603007316589355e+00
-6.190906092524528503e-02
-1.357871055603027344e+00
-4.813074469566345215e-01
-3.321258723735809326e-01
8.707576394081115723e-01
4.124346077442169189e-01
-9.331760406494140625e-01
nan
nan
nan
nan
-8.606413006782531738e-01
-8.930453062057495117e-01
-1.006241321563720703e+00
1.444055289030075073e-01
4.447346925735473633e-01
-4.118334054946899414e-01
1.374765932559967041e-01
5.901814699172973633e-01
2.250595539808273315e-01
-2.617529034614562988e-01
-1.545007705688476562e+00
4.713064432144165039e-01
1.701950788497924805e+00
1.902106255292892456e-01
4.277888536453247070e-01
-2.935823500156402588e-01
-5.757060647010803223e-01
8.516851067543029785e-01
4.229460284113883972e-02
6.658190488815307617e-01
-1.702960208058357239e-02
-1.061853408813476562e+00
1.791152209043502808e-01
-3.932469487190246582e-01
-1.205847144126892090e+00
-4.250627458095550537e-01
-1.442763924598693848e+00
4.389145672321319580e-01
nan
nan
nan
nan
3.199738562107086182e-01
-3.569272160530090332e-01
-3.111705482006072998e-01
-1.342523097991943359e+00
6.003705859184265137e-01
-1.451967716217041016e+00
-4.739509820938110352e-01
-5.561633110046386719e-01
-4.676269292831420898e-01
1.003702521324157715e+00
1.419575363397598267e-01
-1.036392338573932648e-02
-3.914566636085510254e-01
1.123333811759948730e+00
1.350656867027282715e+00
-1.541562557220458984e+00
-5.356601476669311523e-01
1.419440388679504395e+00
3.673278391361236572e-01
-4.385316371917724609e-01
-9.993055462837219238e-01
-1.621385514736175537e-01
-6.829105019569396973e-01
-9.612276554107666016e-01
-4.474357068538665771e-01
6.218510866165161133e-01
-9.804854989051818848e-01
-1.362946033477783203e+00
nan
nan
nan
nan
6.405390501022338867e-01
7.851381897926330566e-01
-1.474797427654266357e-01
-3.887962698936462402e-01
-3.258349895477294922e-01
-4.052069783210754395e-02
-3.668607771396636963e-01
-1.148855090141296387e-01
8.776738494634628296e-02
-2.036942005157470703e+00
-8.989814519882202148e-01
-6.278927922248840332e-01
8.139840364456176758e-01
-1.046918749809265137e+00
-1.798222512006759644e-01
7.217203825712203979e-02
1.189388394355773926e+00
-2.876074286177754402e-04
5.203702449798583984e-01
-1.506461858749389648e+00
-3.549381494522094727e-01
-1.730008602142333984e+00
-4.046157300472259521e-01
-2.194826453924179077e-01
-6.742529273033142090e-01
1.779563575983047485e-01
-1.118870228528976440e-01
1.443993926048278809e+00
nan
nan
nan
nan
1.887706369161605835e-01
-1.021323680877685547e+00
5.217044949531555176e-01
7.731847763061523438e-01
-3.277790844440460205e-01
6.503218412399291992e-01
1.092425808310508728e-01
1.531632393598556519e-01
4.185976088047027588e-01
9.952890872955322266e-02
-6.896098256111145020e-01
3.265728950500488281e-01
-2.745882272720336914e-01
2.833652794361114502e-01
-1.473863273859024048e-01
-2.657276391983032227e-01
1.845303535461425781e+00
-8.200240731239318848e-01
1.109269261360168457e+00
1.257026344537734985e-01
2.248117476701736450e-01
-1.070152744650840759e-01
-1.454315185546875000e-01
-1.376713871955871582e+00
-6.058641672134399414e-01
-6.662448048591613770e-01
5.203626155853271484e-01
-1.563275575637817383e+00
nan
nan
nan
nan
-1.468109011650085449e+00
3.110316097736358643e-01
3.019948899745941162e-01
-1.620556473731994629e+00
-7.127397060394287109e-01
-5.470041036605834961e-01
5.449904799461364746e-01
-3.387866914272308350e-01
-1.558887958526611328e+00
-4.995609223842620850e-01
1.003529191017150879e+00
5.342793464660644531e-01
1.298861265182495117e+00
8.192812204360961914e-01
-2.727556973695755005e-03
3.090540766716003418e-01
9.747982621192932129e-01
-5.667327642440795898e-01
1.269441127777099609e+00
-4.194170832633972168e-01
-1.062049388885498047e+00
1.122515201568603516e+00
-1.965833425521850586e+00
3.538274466991424561e-01
8.822171688079833984e-01
1.417880207300186157e-01
-7.898313403129577637e-01
-6.003424152731895447e-02
nan
nan
nan
nan
5.801500380039215088e-02
-7.560600340366363525e-02
-1.152172386646270752e-01
-1.374665379524230957e+00
-3.410885035991668701e-01
1.505365520715713501e-01
-1.000005125999450684e+00
-8.977941274642944336e-01
5.112468600273132324e-01
4.244501888751983643e-01
1.099249124526977539e+00
3.298233747482299805e-01
-5.275899171829223633e-01
-5.186415910720825195e-01
1.831809431314468384e-01
-8.531535267829895020e-01
-4.798677861690521240e-01
-4.748603329062461853e-02
1.820224076509475708e-01
-7.492660731077194214e-02
-2.720975577831268311e-01
6.617821455001831055e-01
5.896570682525634766e-01
1.124550819396972656e+00
-1.304119825363159180e+00
5.309023857116699219e-01
-1.255781054496765137e+00
-3.352569788694381714e-02
nan
nan
nan
nan
1.483686268329620361e-01
-5.578643176704645157e-03
4.963610321283340454e-02
-1.995092332363128662e-01
-1.260480523109436035e+00
9.308278560638427734e-01
-7.302796244621276855e-01
-1.205570697784423828e+00
-3.836188912391662598e-01
7.658625245094299316e-01
1.559402234852313995e-02
-2.879380881786346436e-01
1.492282509803771973e+00
1.386595726013183594e+00
6.865946054458618164e-01
-3.970469534397125244e-01
2.889706492424011230e-01
1.141047239303588867e+00
2.408066391944885254e-01
4.863828122615814209e-01
-1.754901558160781860e-01
5.802550315856933594e-01
7.891019433736801147e-02
-3.864263296127319336e-01
-1.161585003137588501e-01
-9.705632328987121582e-01
-4.448112547397613525e-01
1.192699000239372253e-01
nan
nan
nan
nan
1.224745512008666992e+00
-5.734275579452514648e-01
-9.244316816329956055e-01
-5.362049490213394165e-02
-5.138329863548278809e-01
1.310279488563537598e+00
1.934142261743545532e-01
1.180278301239013672e+00
-1.882317364215850830e-01
-9.922463893890380859e-01
-4.227247461676597595e-02
-3.985458984971046448e-02
1.825214982032775879e+00
-4.713309705257415771e-01
-7.940171360969543457e-01
-1.780388355255126953e-01
-7.884145714342594147e-03
5.704781040549278259e-02
9.975125789642333984e-01
-1.880739778280258179e-01
-4.244168102741241455e-01
8.576552569866180420e-02
3.629947453737258911e-02
-9.381607174873352051e-01
3.515361845493316650e-01
1.258315563201904297e+00
-6.395787596702575684e-01
-3.867228925228118896e-01
nan
nan
nan
nan
-6.181961297988891602e-01
1.321549892425537109e+00
-1.135478258132934570e+00
1.252419352531433105e+00
1.160537958145141602e+00
7.586228102445602417e-02
2.398568540811538696e-01
6.466992497444152832e-01
5.695762038230895996e-01
-4.305522441864013672e-01
-2.206930518150329590e-01
-4.498566687107086182e-01
4.877256751060485840e-01
5.521605610847473145e-01
2.091189026832580566e-01
3.495892584323883057e-01
9.371147751808166504e-01
3.651949465274810791e-01
1.197280436754226685e-01
1.486607342958450317e-01
5.455497503280639648e-01
-2.371136099100112915e-02
1.037152260541915894e-01
1.325381159782409668e+00
5.528630018234252930e-01
1.528284549713134766e-01
-9.730886667966842651e-02
5.358073115348815918e-01
nan
nan
nan
nan
-8.872493505477905273e-01
2.509475946426391602e-01
9.230576753616333008e-01
5.520402789115905762e-01
2.242614626884460449e-01
2.089335769414901733e-01
-4.423409700393676758e-01
-1.254223436117172241e-01
-1.326095223426818848e+00
-8.555038571357727051e-01
-9.793834388256072998e-02
6.387411355972290039e-01
2.394942790269851685e-01
1.339542746543884277e+00
-1.277073264122009277e+00
-1.841281056404113770e+00
-6.940929591655731201e-02
1.853531301021575928e-01
-5.666494369506835938e-01
9.012691378593444824e-01
-3.515799045562744141e-01
2.445039749145507812e-01
5.151327848434448242e-01
-9.840054810047149658e-02
-5.581819415092468262e-01
3.402307033538818359e-01
-1.097662448883056641e-01
8.952736258506774902e-01
nan
nan
nan
nan
-6.529786586761474609e-01
1.651687622070312500e-01
-1.474205553531646729e-01
2.651145458221435547e-01
4.752014875411987305e-01
-2.096756994724273682e-01
-7.311408519744873047e-01
6.601963043212890625e-01
-7.193859219551086426e-01
-1.504002451896667480e+00
1.353698849678039551e+00
-7.642021775245666504e-01
1.112650156021118164e+00
2.816763520240783691e-01
-7.803801894187927246e-01
1.667895466089248657e-01
-1.012653589248657227e+00
6.093038320541381836e-01
1.249567627906799316e+00
1.033475399017333984e+00
-2.028463780879974365e-01
-1.424747332930564880e-02
-4.266252219676971436e-01
-4.442715346813201904e-01
4.803417325019836426e-01
2.396398186683654785e-01
9.014066457748413086e-01
-1.041577696800231934e+00
nan
nan
nan
nan
-5.536504834890365601e-02
5.987277030944824219e-01
-4.574978947639465332e-01
5.308622121810913086e-01
-2.574217021465301514e-01
1.255502700805664062e+00
-1.047777652740478516e+00
-7.695977091789245605e-01
1.967661976814270020e-01
5.548592805862426758e-01
-1.510631144046783447e-01
4.039565622806549072e-01
1.228499889373779297e+00
1.617964625358581543e+00
6.005450710654258728e-02
-1.910411000251770020e+00
4.642676711082458496e-01
-7.617573738098144531e-01
-5.486916899681091309e-01
8.904405832290649414e-01
-1.349081546068191528e-01
-2.726368233561515808e-02
-1.363559365272521973e-01
5.987917780876159668e-01
3.232591450214385986e-01
1.218639612197875977e+00
-7.445492148399353027e-01
8.113150596618652344e-01
nan
nan
nan
nan
-7.633988857269287109e-01
-5.246401429176330566e-01
1.343630313873291016e+00
2.805006131529808044e-02
1.020233109593391418e-01
-9.351336956024169922e-01
-4.665718078613281250e-01
5.220358371734619141e-01
9.697563201189041138e-02
-6.438574194908142090e-01
1.146933794021606445e+00
-1.928705424070358276e-01
-1.674533188343048096e-01
9.394892305135726929e-02
8.072863221168518066e-01
-6.843389570713043213e-02
-5.827533602714538574e-01
1.935462057590484619e-01
1.093510985374450684e+00
-4.024324119091033936e-01
-6.166582703590393066e-01
-8.914910554885864258e-01
1.174641966819763184e+00
1.216378211975097656e+00
-9.444834589958190918e-01
-1.885956153273582458e-02
2.443608827888965607e-02
2.178255021572113037e-01
nan
nan
nan
nan
-8.302061557769775391e-01
1.216923892498016357e-01
-1.319471150636672974e-01
-4.635466039180755615e-01
-5.036194324493408203e-01
-1.158980011940002441e+00
7.527777552604675293e-01
-4.407809972763061523e-01
8.635933399200439453e-01
-7.870955467224121094e-01
-1.780170798301696777e-01
8.281738311052322388e-02
1.229340672492980957e+00
-5.521619692444801331e-02
7.686645537614822388e-02
-1.041953206062316895e+00
-2.278772354125976562e+00
1.044026613235473633e+00
-2.047190815210342407e-01
-3.942611217498779297e-01
-1.136895269155502319e-01
8.242030143737792969e-01
5.209299921989440918e-01
-1.846117228269577026e-01
-4.600296616554260254e-01
-3.402898013591766357e-01
-7.201263308525085449e-01
1.534699082374572754e+00
nan
nan
nan
nan
4.408230185508728027e-01
5.850424766540527344e-01
1.037747561931610107e-01
-3.459152877330780029e-01
6.640819907188415527e-01
1.126113772392272949e+00
-9.400065243244171143e-02
6.747652888298034668e-01
-6.707515120506286621e-01
-2.852994203567504883e-01
-5.458857417106628418e-01
2.299648374319076538e-01
-2.616893947124481201e-01
9.981419891119003296e-02
7.104448229074478149e-02
1.821112275123596191e+00
-7.343102097511291504e-01
-1.369474291801452637e+00
2.183821201324462891e-01
-4.556934833526611328e-01
-2.735319547355175018e-02
-6.569203734397888184e-01
-1.581580936908721924e-01
3.214187920093536377e-01
-1.659992784261703491e-01
-1.474301666021347046e-01
7.769535183906555176e-01
-2.424859255552291870e-01
nan
nan
nan
nan
-2.961325049400329590e-01
3.205398321151733398e-01
-9.859804511070251465e-01
5.120040774345397949e-01
6.517254561185836792e-02
6.302554607391357422e-01
1.453295469284057617e+00
-4.115255773067474365e-01
-3.323692679405212402e-01
-5.938331782817840576e-02
-2.232071757316589355e-01
-4.477385580539703369e-01
-6.409539580345153809e-01
-3.794492185115814209e-01
7.367664575576782227e-01
-3.722881972789764404e-01
-9.805276393890380859e-01
2.168975591659545898e+00
-9.781160205602645874e-02
-1.849014461040496826e-01
4.343374669551849365e-01
-7.316935062408447266e-01
-4.283599555492401123e-01
6.006775498390197754e-01
1.355885863304138184e-01
3.073786795139312744e-01
4.073205292224884033e-01
4.430850222706794739e-02
nan
nan
nan
nan
-9.027116894721984863e-01
-6.855724453926086426e-01
6.211323738098144531e-01
-1.062533736228942871e+00
-1.217940688133239746e+00
-2.985172867774963379e-01
6.746867895126342773e-01
-7.038010954856872559e-01
8.499132990837097168e-01
-2.722503840923309326e-01
5.523931384086608887e-01
1.444689929485321045e-01
8.293396830558776855e-01
-2.762392163276672363e-01
1.315173983573913574e+00
5.115659236907958984e-01
-5.254704356193542480e-01
2.763957381248474121e-01
4.735266566276550293e-01
1.834398806095123291e-01
2.114045023918151855e-01
-9.298282861709594727e-01
8.532752394676208496e-01
-5.669612884521484375e-01
-6.085307002067565918e-01
-1.836382746696472168e+00
-1.988483369350433350e-01
6.225461363792419434e-01
nan
nan
nan
nan
1.879397481679916382e-01
-2.190527915954589844e-01
-7.221046835184097290e-02
1.240437030792236328e+00
1.154119819402694702e-01
-7.508767843246459961e-01
-1.123097687959671021e-01
9.930570125579833984e-01
5.041609406471252441e-01
3.882840275764465332e-01
2.020196467638015747e-01
8.174545168876647949e-01
-3.444990217685699463e-01
-7.628770470619201660e-01
2.414728105068206787e-01
-1.066534519195556641e+00
-6.747566461563110352e-01
4.198965430259704590e-01
4.200747609138488770e-01
-3.830077350139617920e-01
2.873994410037994385e-01
1.961468607187271118e-01
-8.732764720916748047e-01
4.271486103534698486e-01
-1.433812022209167480e+00
-2.409908175468444824e-01
-8.576459884643554688e-01
-1.034303188323974609e+00
nan
nan
nan
nan
3.146865069866180420e-01
4.210953414440155029e-01
-1.354750990867614746e-01
-1.146465301513671875e+00
6.572734117507934570e-01
-7.032286524772644043e-01
2.734147608280181885e-01
-1.541054010391235352e+00
5.866466835141181946e-02
-7.607874274253845215e-02
1.016646385192871094e+00
1.258603692054748535e+00
-4.996470808982849121e-01
-9.322927147150039673e-02
-3.225993216037750244e-01
-1.833905577659606934e-01
1.127733111381530762e+00
1.578953266143798828e-01
-1.914951764047145844e-02
-1.256338953971862793e-01
2.496986091136932373e-01
-8.299676179885864258e-01
-2.624844014644622803e-02
-5.234235525131225586e-01
1.803892850875854492e-01
-2.170453548431396484e+00
3.451712727546691895e-01
6.481100320816040039e-01
nan
nan
nan
nan
7.519922852516174316e-01
3.708285987377166748e-01
5.693578720092773438e-01
-1.174642682075500488e+00
-9.102817177772521973e-01
nan
-3.977409899234771729e-01
1.016758158802986145e-01
7.531307935714721680e-01
6.775296330451965332e-01
-7.701334953308105469e-01
6.553313136100769043e-01
7.730578184127807617e-01
-7.728547453880310059e-01
-3.124021887779235840e-01
1.462130784988403320e+00
4.881262481212615967e-01
1.195131167769432068e-01
2.733004689216613770e-01
3.493424355983734131e-01
-8.048381209373474121e-01
-8.478193730115890503e-02
-7.253156304359436035e-01
4.042046666145324707e-01
5.755910873413085938e-01
-4.070463478565216064e-01
4.913429617881774902e-01
-4.169351756572723389e-01
nan
nan
