nan
nan
2.423502355813980103e-01
5.510910879820585251e-03
-2.514898180961608887e-01
2.022728137671947479e-02
-6.207751035690307617e-01
1.493902876973152161e-03
-3.497144281864166260e-01
-2.150952368974685669e-01
4.272900819778442383e-01
-9.992198348045349121e-01
-3.707971572875976562e-01
9.430012702941894531e-01
-4.118917882442474365e-01
-1.571365356445312500e+00
-2.134309291839599609e+00
-8.624842166900634766e-01
-2.592711150646209717e-01
3.199193179607391357e-01
-1.497052311897277832e+00
5.713123083114624023e-01
1.998204946517944336e+00
1.928650885820388794e-01
-4.009777903556823730e-01
8.935132622718811035e-01
5.061218738555908203e-01
1.238318681716918945e+00
3.495270311832427979e-01
-3.794601559638977051e-01
nan
nan
nan
nan
1.425138235092163086e+00
2.696021459996700287e-02
-1.628260493278503418e+00
-1.199891924858093262e+00
7.051220536231994629e-02
1.197294354438781738e+00
5.638235434889793396e-02
5.055591836571693420e-02
4.827461540699005127e-01
1.111744567751884460e-01
1.381246805191040039e+00
-2.322790622711181641e-01
1.029412746429443359e+00
8.306332230567932129e-01
6.032626032829284668e-01
-5.493312478065490723e-01
-5.059438347816467285e-01
-4.993024840950965881e-02
-3.340866267681121826e-01
-1.244603395462036133e+00
-1.346686840057373047e+00
-5.877443775534629822e-02
-5.432893037796020508e-01
-1.202016919851303101e-01
9.833819866180419922e-01
-9.815876483917236328e-01
-8.954744338989257812e-01
1.808400899171829224e-01
nan
nan
nan
nan
8.750839829444885254e-01
1.474069356918334961e+00
8.371312022209167480e-01
1.647993683815002441e+00
4.679265022277832031e-01
7.552437186241149902e-01
9.560307264328002930e-01
-9.183988571166992188e-01
-3.958388864994049072e-01
-1.081938147544860840e-01
1.965312957763671875e-01
-7.233045101165771484e-01
3.949810862541198730e-01
-4.301379024982452393e-01
-1.645895987749099731e-01
-9.892945885658264160e-01
-8.413752913475036621e-01
-8.019829392433166504e-01
9.259854555130004883e-01
-1.370777726173400879e+00
7.803671360015869141e-01
3.812176734209060669e-02
-8.145787119865417480e-01
-1.376870572566986084e-01
-1.367193341255187988e+00
1.437997579574584961e+00
-1.364726781845092773e+00
1.724856138229370117e+00
nan
nan
nan
nan
8.510864526033401489e-02
6.320292353630065918e-01
4.337757229804992676e-01
4.900807142257690430e-01
-2.902763783931732178e-01
-1.803453266620635986e-02
-2.218932062387466431e-01
-3.160924613475799561e-01
3.264921605587005615e-01
-3.609839975833892822e-01
8.158811926841735840e-01
9.118314981460571289e-01
4.403042197227478027e-01
-6.086343899369239807e-02
7.223458290100097656e-01
-1.457439064979553223e+00
5.363781452178955078e-01
7.370253205299377441e-01
-4.991500377655029297e-01
-1.549290120601654053e-02
7.110299468040466309e-01
1.219972819089889526e-01
-1.971503198146820068e-01
-4.757784903049468994e-01
-8.790601491928100586e-01
-3.251421153545379639e-01
-8.294913768768310547e-01
1.044541358947753906e+00
nan
nan
nan
nan
9.229852557182312012e-01
5.529443025588989258e-01
1.027528882026672363e+00
1.867308139801025391e+00
-1.383993327617645264e-01
7.401798963546752930e-01
4.131614863872528076e-01
2.189733684062957764e-01
1.013103842735290527e+00
-5.081344842910766602e-01
-6.419124007225036621e-01
-1.111373901367187500e+00
-3.336149454116821289e-01
-4.241071045398712158e-01
2.799021601676940918e-01
-7.955701351165771484e-01
-3.363159894943237305e-01
9.601147174835205078e-01
-5.992931723594665527e-01
-3.354651033878326416e-01
-5.043079257011413574e-01
-3.550304472446441650e-01
-5.744096040725708008e-01
1.748232990503311157e-01
2.507048249244689941e-01
2.022421061992645264e-01
3.899565041065216064e-01
4.482269287109375000e-02
nan
nan
nan
nan
3.037164807319641113e-01
-2.454035431146621704e-01
8.073487132787704468e-02
2.577273845672607422e-01
-3.401563465595245361e-01
-1.930017769336700439e-01
-1.002923995256423950e-01
-6.030519679188728333e-02
-7.878397703170776367e-01
3.253711760044097900e-01
1.582904905080795288e-01
2.183357030153274536e-01
-1.565616428852081299e-01
3.067854940891265869e-01
-2.986949682235717773e-01
3.072109520435333252e-01
-5.216031670570373535e-01
2.790112197399139404e-01
4.732204079627990723e-01
3.794780373573303223e-01
3.764874115586280823e-02
-3.486394286155700684e-01
-1.351307272911071777e+00
4.092083871364593506e-02
1.853113919496536255e-01
-1.209625482559204102e+00
6.733161807060241699e-01
-3.679566383361816406e-01
nan
nan
nan
nan
1.188301146030426025e-01
2.162257134914398193e-01
1.569279879331588745e-01
4.801605045795440674e-01
-6.978079676628112793e-01
9.710314273834228516e-01
9.396275132894515991e-02
-8.468495309352874756e-02
-6.286747455596923828e-01
5.720668435096740723e-01
-1.162129268050193787e-02
-4.682160019874572754e-01
1.106217265129089355e+00
-8.308866024017333984e-01
-2.967286705970764160e-01
8.680371195077896118e-02
-5.512615442276000977e-01
-1.541567206382751465e+00
7.325768470764160156e-01
-3.073789477348327637e-01
5.260158330202102661e-02
7.427520155906677246e-01
1.280591338872909546e-01
8.679783344268798828e-01
-7.974423766136169434e-01
1.056675791740417480e+00
-1.309468746185302734e+00
1.264061450958251953e+00
nan
nan
nan
nan
-1.039556264877319336e+00
9.296965599060058594e-02
7.423632740974426270e-01
-1.903259873390197754e+00
-2.863809280097484589e-02
8.905121684074401855e-01
5.081981420516967773e-02
-1.591765999794006348e+00
-4.296104013919830322e-01
-1.035253286361694336e+00
7.313697338104248047e-01
8.506712317466735840e-01
-7.331690192222595215e-02
4.179857969284057617e-01
-7.534675598144531250e-01
2.330132424831390381e-01
2.856534719467163086e-01
-3.997555971145629883e-01
1.155572175979614258e+00
-1.662405014038085938e+00
4.262527227401733398e-01
-2.100741118192672729e-01
1.845044046640396118e-01
-1.267040133476257324e+00
-7.676246017217636108e-02
7.980172038078308105e-01
8.451467007398605347e-02
1.615872383117675781e+00
nan
nan
nan
nan
1.194576323032379150e-01
-3.729004859924316406e-01
2.433199435472488403e-01
-2.209338545799255371e-01
4.167720973491668701e-01
-8.891749382019042969e-01
-2.724293172359466553e-01
-5.344682931900024414e-01
1.468702077865600586e+00
-1.812345623970031738e+00
-8.154202103614807129e-01
-5.067146420478820801e-01
-7.416874170303344727e-01
-1.717969924211502075e-01
-1.365905165672302246e+00
4.708807766437530518e-01
-4.887079894542694092e-01
3.063727319240570068e-01
1.934881567955017090e+00
1.326395511627197266e+00
-5.998992323875427246e-01
2.479633092880249023e+00
-4.747964143753051758e-01
7.383521199226379395e-01
-5.829429626464843750e-01
-1.722922086715698242e+00
-7.027226686477661133e-01
-1.470784068107604980e+00
nan
nan
nan
nan
1.929783970117568970e-01
1.013728380203247070e+00
-4.684632420539855957e-01
5.318635106086730957e-01
7.209568023681640625e-01
-3.823657929897308350e-01
9.485661983489990234e-01
-4.972827062010765076e-02
-2.192801237106323242e-01
8.412566184997558594e-01
-1.682029515504837036e-01
1.299739122390747070e+00
-3.076213039457798004e-02
1.931273460388183594e+00
-1.338588893413543701e-01
-3.978460431098937988e-01
-1.256371855735778809e+00
4.445357918739318848e-01
-5.283735692501068115e-02
-8.840494155883789062e-01
7.363222837448120117e-01
-2.525898814201354980e-01
-5.955632925033569336e-01
6.258528232574462891e-01
3.668853938579559326e-01
-1.250898241996765137e-01
-3.685914576053619385e-01
6.467462182044982910e-01
nan
nan
nan
nan
5.171400904655456543e-01
3.936664164066314697e-01
-8.523625731468200684e-01
-2.905905842781066895e-01
-5.963987112045288086e-01
-1.419864892959594727e+00
5.037386417388916016e-01
2.364394366741180420e-01
8.272626996040344238e-01
6.168060898780822754e-01
2.841640114784240723e-01
-4.869844317436218262e-01
-6.751027703285217285e-02
7.720251083374023438e-01
7.305188104510307312e-03
-1.309068918228149414e+00
6.163365840911865234e-01
9.503676891326904297e-01
5.200291424989700317e-02
-2.302592396736145020e-01
6.892546415328979492e-01
3.974197208881378174e-01
1.112091913819313049e-01
-3.706361167132854462e-03
2.440216839313507080e-01
-4.352871775627136230e-01
2.300556302070617676e-01
-7.748942375183105469e-01
nan
nan
nan
nan
8.228060603141784668e-02
-5.608841180801391602e-01
-4.484396874904632568e-01
-8.605157732963562012e-01
-3.031378388404846191e-01
-1.145352646708488464e-01
1.840440511703491211e+00
-2.617316842079162598e-01
-8.574429750442504883e-01
3.582613766193389893e-01
-4.257517755031585693e-01
-1.296834707260131836e+00
1.505648195743560791e-01
-5.464838817715644836e-02
-6.770743131637573242e-01
-3.819545805454254150e-01
2.926898300647735596e-01
8.045585155487060547e-01
-4.867876172065734863e-01
-8.414834141731262207e-01
-1.215571239590644836e-01
7.116201519966125488e-02
-1.303286314010620117e+00
7.958251833915710449e-01
-7.035064697265625000e-02
1.090923547744750977e-01
7.114853262901306152e-01
1.111325979232788086e+00
nan
nan
nan
nan
5.165890976786613464e-02
-7.154750823974609375e-02
-1.009907126426696777e-01
2.605755031108856201e-01
1.056242227554321289e+00
-1.196720719337463379e+00
-8.514074683189392090e-01
1.079038381576538086e+00
-1.500658869743347168e+00
-2.162385731935501099e-01
2.318855822086334229e-01
2.762045860290527344e-01
1.551750004291534424e-01
-1.928406953811645508e-01
6.775304675102233887e-01
7.499487996101379395e-01
8.857827633619308472e-02
-1.139280200004577637e+00
3.045318126678466797e-01
-1.743261933326721191e+00
-1.643610835075378418e+00
-4.085892140865325928e-01
8.899679183959960938e-01
8.981159329414367676e-01
1.353076542727649212e-03
3.079510629177093506e-01
-5.111791491508483887e-01
-9.013274312019348145e-01
nan
nan
nan
nan
-4.133951067924499512e-01
7.229898571968078613e-01
4.661323428153991699e-01
7.229127883911132812e-01
3.800092041492462158e-01
-8.929879069328308105e-01
-1.530651897192001343e-01
2.317737638950347900e-01
-4.559126794338226318e-01
-7.083968520164489746e-01
7.822341918945312500e-01
-6.826586723327636719e-01
-9.375767707824707031e-01
-5.932304263114929199e-01
6.503996998071670532e-02
1.898118853569030762e-01
4.626024067401885986e-01
-8.449893593788146973e-01
-1.098730087280273438e+00
7.442075610160827637e-01
-2.963157594203948975e-01
-5.302215218544006348e-01
-5.732244811952114105e-03
-8.057492375373840332e-01
-1.763456463813781738e+00
-6.273466944694519043e-01
5.917372107505798340e-01
6.034361571073532104e-02
nan
nan
nan
nan
5.102004855871200562e-02
-4.275021851062774658e-01
-6.001195311546325684e-01
6.286258697509765625e-01
-5.106796622276306152e-01
-6.155076622962951660e-01
-3.597439527511596680e-01
-1.634214222431182861e-01
-2.357825338840484619e-01
2.250923663377761841e-01
-9.264093637466430664e-01
-3.206034898757934570e-01
7.961649894714355469e-01
4.770120382308959961e-01
4.573277384042739868e-02
2.025971859693527222e-01
-7.535474896430969238e-01
1.295153856277465820e+00
-2.513916492462158203e-01
-5.516747832298278809e-01
2.537363171577453613e-01
3.600886166095733643e-01
-5.876800790429115295e-02
5.901404619216918945e-01
9.023975729942321777e-01
4.451472759246826172e-01
-6.061816811561584473e-01
-8.995700478553771973e-01
nan
nan
nan
nan
-2.143245786428451538e-01
-4.727796912193298340e-01
-9.802138805389404297e-01
1.408751159906387329e-01
6.547688245773315430e-01
-1.446353077888488770e+00
-8.855797052383422852e-01
-5.392584577202796936e-02
-1.205628037452697754e+00
-4.122344255447387695e-01
-5.776021257042884827e-02
1.120408773422241211e+00
-6.235529780387878418e-01
-4.471809044480323792e-02
2.006285786628723145e-01
-1.919710487127304077e-01
3.343782126903533936e-01
-3.094227612018585205e-01
-1.324160814285278320e+00
-3.300333023071289062e-01
1.233734965324401855e+00
-3.019576072692871094e-01
8.599139750003814697e-02
-4.624151289463043213e-01
-3.281766772270202637e-01
-1.096546556800603867e-02
-5.583161115646362305e-01
4.556989073753356934e-01
nan
nan
nan
nan
1.919169127941131592e-01
-4.177854061126708984e-01
1.062005519866943359e+00
-1.375351697206497192e-01
8.911503553390502930e-01
-1.137812212109565735e-01
-2.468428909778594971e-01
2.320920526981353760e-01
1.182270765304565430e+00
1.651496529579162598e+00
-2.994361519813537598e-01
2.374939769506454468e-01
-4.085559248924255371e-01
-1.674630492925643921e-01
-2.360346764326095581e-01
-3.172483444213867188e-01
-1.302531838417053223e+00
2.823126912117004395e-01
-2.800551056861877441e-01
1.595452904701232910e+00
5.797934532165527344e-01
-5.223587155342102051e-01
6.243270039558410645e-01
-2.588265761733055115e-02
3.554839789867401123e-01
-4.012255072593688965e-01
-8.876630067825317383e-01
6.437464058399200439e-02
nan
nan
nan
nan
5.109608769416809082e-01
-2.539398707449436188e-02
7.471325397491455078e-01
-1.359606266021728516e+00
-7.229870557785034180e-01
-1.975599825382232666e-01
-8.776676654815673828e-01
5.499333143234252930e-01
-7.348464131355285645e-01
5.420932173728942871e-01
1.987710952758789062e+00
1.501038670539855957e+00
2.456575632095336914e-01
-5.052836537361145020e-01
7.906709313392639160e-01
1.697809100151062012e-01
-9.761048555374145508e-01
3.597118556499481201e-01
9.804522991180419922e-01
2.919155955314636230e-01
1.820534020662307739e-01
-9.623895287513732910e-01
9.633151441812515259e-02
1.293357759714126587e-01
1.412628173828125000e+00
-1.040262579917907715e+00
1.259551197290420532e-01
-1.406489491462707520e+00
nan
nan
nan
nan
5.462152361869812012e-01
-1.410576820373535156e+00
-6.946980487555265427e-03
-2.138298302888870239e-01
-1.212264895439147949e+00
1.741798520088195801e-01
-8.261773586273193359e-01
1.612855941057205200e-01
-8.013613224029541016e-01
-8.091319799423217773e-01
1.670893549919128418e+00
4.190129786729812622e-02
1.703767776489257812e+00
-1.012228846549987793e+00
-1.589365601539611816e-01
4.834343194961547852e-01
3.018586039543151855e-01
-5.385809540748596191e-01
-1.018344998359680176e+00
1.588492512702941895e+00
4.229573011398315430e-01
1.374987959861755371e+00
9.339741468429565430e-01
-5.495418310165405273e-01
6.583980917930603027e-01
8.495139479637145996e-01
-4.801324382424354553e-02
1.516496539115905762e-01
nan
nan
nan
nan
-3.316874504089355469e-01
-1.015815809369087219e-01
-9.987518787384033203e-01
-1.090469583868980408e-01
-1.846348494291305542e-01
1.356808423995971680e+00
-5.533329844474792480e-01
1.235922455787658691e+00
-2.562214136123657227e-01
2.658734917640686035e-01
1.247840821743011475e-01
1.474940299987792969e+00
5.766909122467041016e-01
-1.538984477519989014e-02
5.272059440612792969e-01
4.301514029502868652e-01
4.865480363368988037e-01
5.289673805236816406e-01
1.199813961982727051e+00
-1.360250636935234070e-02
-3.459122404456138611e-02
-4.315086007118225098e-01
-5.537140965461730957e-01
-1.575644686818122864e-02
-3.512897491455078125e-01
-8.337101936340332031e-01
-4.082453548908233643e-01
-1.085402071475982666e-01
nan
nan
nan
nan
-4.617393314838409424e-01
1.025444149971008301e+00
6.259530186653137207e-01
-1.368265300989151001e-01
4.293754994869232178e-01
-5.250966548919677734e-01
1.769438266754150391e+00
7.360178828239440918e-01
1.197498202323913574e+00
-4.058215320110321045e-01
-9.100102186203002930e-01
1.620515942573547363e+00
-2.836235463619232178e-01
9.591943584382534027e-03
-3.850913345813751221e-01
-1.012785881757736206e-01
-5.507861375808715820e-01
1.165395751595497131e-01
2.530022263526916504e-01
7.614380866289138794e-02
-3.984542787075042725e-01
4.218284040689468384e-02
-5.910930633544921875e-01
-1.059337139129638672e+00
1.116037089377641678e-02
-1.529386788606643677e-01
-1.109354197978973389e-01
1.005000948905944824e+00
nan
nan
nan
nan
-5.463559627532958984e-01
-2.595911324024200439e-01
4.337268471717834473e-01
-2.754626050591468811e-02
5.008935332298278809e-01
-9.011659026145935059e-01
-3.144311904907226562e-01
-1.755757689476013184e+00
-2.788800895214080811e-01
-7.936537861824035645e-01
6.191572546958923340e-01
-1.738277673721313477e-01
-1.381951212882995605e+00
1.247738897800445557e-01
-1.023059487342834473e+00
8.464856147766113281e-01
-9.434159845113754272e-02
2.128030173480510712e-02
-6.876345872879028320e-01
-5.174077153205871582e-01
6.482818722724914551e-01
-6.057087182998657227e-01
-3.035925328731536865e-01
4.887969195842742920e-01
-4.980253577232360840e-01
1.432543277740478516e+00
8.241633176803588867e-01
-1.588060379028320312e+00
nan
nan
nan
nan
6.905013918876647949e-01
7.941497564315795898e-01
1.630142331123352051e+00
1.888743042945861816e-01
-3.260443508625030518e-01
-8.594166636466979980e-01
1.445892214775085449e+00
4.352954030036926270e-01
-7.871946096420288086e-01
-5.222191214561462402e-01
-9.004823565483093262e-01
-4.830165207386016846e-01
3.904154002666473389e-01
-1.277472972869873047e-01
1.679862104356288910e-02
-4.108100831508636475e-01
6.258057355880737305e-01
1.987486630678176880e-01
-1.025561332702636719e+00
-1.104025244712829590e+00
5.629819631576538086e-01
4.422933757305145264e-01
2.865838706493377686e-01
9.707047939300537109e-01
-9.620344638824462891e-02
2.777057886123657227e-01
3.441315293312072754e-01
2.613768279552459717e-01
nan
nan
nan
nan
6.623464226722717285e-01
1.282139271497726440e-01
6.685984730720520020e-01
9.965388476848602295e-02
5.028702616691589355e-01
nan
-5.301605463027954102e-01
2.646316587924957275e-01
2.263347208499908447e-01
1.525888741016387939e-01
-4.695858359336853027e-01
-7.007301449775695801e-01
1.008121371269226074e+00
-1.680899262428283691e-01
-1.414871215820312500e-01
-9.002164006233215332e-01
7.397007942199707031e-01
1.160643815994262695e+00
-1.034277081489562988e+00
1.212568655610084534e-01
6.655296087265014648e-01
-2.007055431604385376e-01
-2.333320975303649902e-01
-1.122504711151123047e+00
5.008373260498046875e-01
7.246499657630920410e-01
-6.277320440858602524e-03
5.223646759986877441e-01
nan
nan
