nan
nan
5.210834079318575895e-01
-2.060522105958726702e-01
-2.074892918268839426e-01
4.697282579210069198e-01
4.525933265686035156e-01
4.541234440273708706e-01
3.474786811404758091e-01
-5.510380533006455916e-01
3.542241785261366349e-01
2.247120539347330637e-01
6.841777165730794641e-01
-8.714293373955620536e-01
2.217888832092285156e-01
-1.849046707153320312e+00
-8.942134645250108260e-01
6.303342713250054130e-01
-7.281762229071723214e-01
8.763649198744032365e-01
-4.721189604865180245e-01
-3.894704712761772880e-01
-6.747515466478135604e-01
-8.523894415961371651e-01
9.455103344387478792e-01
-9.040374755859375000e-01
3.227975633409287948e-01
-5.212367905510796318e-01
-7.465920978122286833e-01
-9.738413492838541297e-01
nan
nan
nan
nan
8.623744381798638392e-02
-7.972136471006605052e-02
-4.785098499721950893e-01
-1.401060952080620536e-01
-9.025387631522284460e-02
1.841151767306857590e+00
-2.007193168004353934e-01
-1.275662634107801674e+00
-2.688278357187907086e-01
1.342922449111938477e-01
-2.706538306342231026e-01
-6.086424191792806360e-01
3.705418904622395648e-01
-1.102244125472174735e-01
-2.822193039788140068e-01
7.971840434604220427e-01
2.690077357821994419e-01
1.831281681855519497e-02
5.958280563354492188e-01
6.620902485317654573e-01
-3.192764918009440289e-01
4.220861328972710380e-01
3.103826575809054966e-01
-9.251761436462402344e-02
-5.571059385935465263e-02
-1.590795622931586273e+00
-7.680474387274848214e-01
5.078797870212130583e-01
nan
nan
nan
nan
-5.400346650017632255e-01
-2.338936593797471819e-01
3.213817808363172990e-01
1.510555214352077846e-01
2.998892731136745815e-01
-3.937609195709228516e-01
1.595562696456909180e-01
-8.037158648173013953e-01
8.965136210123697547e-01
2.468100123935275669e-01
-1.103088342481189227e-02
6.516740057203505021e-01
-4.301452636718750000e-01
-5.282263225979275667e-01
-4.017286565568711776e-01
1.750103950500488281e+00
2.499729792277018137e-01
1.127078374226887947e+00
2.176755401823255720e-01
3.419550259908040596e-02
1.661897500356038504e-01
-8.667546510696411133e-02
1.195355839199490067e+00
1.522241963280571708e-01
-3.035646650526258483e+00
-5.461647775438096541e-01
5.116890867551168037e-02
-1.710618972778320312e+00
nan
nan
nan
nan
1.673818959130181083e-01
8.849948247273763391e-01
1.010877821180555580e+00
2.322836882538265729e-02
1.004435433281792633e+00
9.889256291919285013e-02
5.746240615844726562e-01
-6.620526313781738281e-01
9.703222910563150672e-01
1.383897728390163784e-01
-5.942274199591742745e-01
5.799072583516439172e-01
4.755255911085340959e-01
1.722495158513387137e-01
-7.809484269883897323e-01
-1.496267636617024666e+00
-1.353796641031901116e+00
1.928915023803710938e+00
3.026843335893418807e-01
4.584382904900444755e-01
4.311180379655625838e-01
1.861717224121093750e+00
1.369377030266655915e+00
1.026978386773003571e+00
-1.252390437655978683e+00
-6.475326750013563615e-01
4.578336079915364398e-01
-1.609263817469278879e-01
nan
nan
nan
nan
-1.022561285230848549e+00
-9.613204532199435270e-01
3.348659144507514229e-01
-1.181124475267198326e+00
-2.662375569343566895e-02
-7.156434588962130583e-01
-3.730826112959120255e-01
4.191033575269911271e-01
-5.906572341918945312e-01
1.501330481635199554e+00
-3.842193285624186383e-01
-3.199356132083469029e-01
1.532380051083034878e-01
1.082656251059638114e-01
3.514936897489759349e-02
7.373305426703559151e-01
-4.288827048407660436e-02
2.991561889648437500e-01
8.463347223069932479e-01
1.324295865164862862e-01
-4.870688650343153459e-01
3.610298699802822614e-02
1.461193720499674553e+00
3.013161023457844867e-01
-2.006757524278429017e+00
-1.527869039111667271e-01
4.519577556186252232e-01
-4.036358462439643136e-01
nan
nan
nan
nan
1.922487417856852121e-01
6.551848517523871651e-01
2.164330482482910156e-01
-2.886220349205864677e-01
1.376243909200032478e+00
-8.575046724743312643e-02
-2.694674862755669364e-01
-1.028523339165581696e+00
-1.725040859646267410e+00
2.740283542209201451e-01
1.552978489134046805e-02
-3.926941023932563057e-01
-1.002859433492024666e+00
4.335507816738552456e-01
-4.917156034045749163e-02
4.371196428934733258e-01
1.301489088270399330e+00
1.068058119879828460e+00
9.269122017754448661e-01
-7.859649128384060823e-01
-6.412608888414170760e-01
6.269109514024522323e-01
7.833563619189792826e-02
2.600165737999809989e-01
-1.396747695075140960e+00
5.946874088711209261e-01
7.998538547092013395e-01
-2.987943225436740513e-01
nan
nan
nan
nan
-6.033868922127617884e-02
8.560477362738715401e-01
1.603560977511935826e-01
6.581518385145399552e-01
4.778342776828342076e-01
-1.210590468512640960e+00
1.021805445353190178e+00
-7.070970535278320312e-02
1.543567127651638504e+00
-1.173664993709988003e-01
1.718402041329277763e-01
-1.565086152818467857e+00
-2.053371402952406111e-01
4.108449088202582589e-01
-1.108586735195583817e+00
-1.703980975680881027e+00
6.054724587334526786e-01
5.545486344231499443e-01
-3.464436795976426620e-01
9.620226754082573661e-01
-8.496020634969075891e-01
-8.011038568284776229e-01
4.219141006469726562e-01
5.726336903042263948e-01
-6.333470874362521208e-01
-2.730047967698838729e-01
4.502906269497341518e-01
-1.558082633548312779e-01
nan
nan
nan
nan
-1.261449707878960602e+00
-8.968242009480794641e-01
-5.177729394700791854e-01
1.712666299608018639e+00
1.285267512003580803e+00
7.421255641513400114e-01
4.870380825466579799e-01
3.668394618564181919e-01
1.194772296481662277e+00
3.139087359110514508e-01
1.016926765441894531e+00
3.080314265357123604e-01
3.224824534522162667e-01
-2.721458673477172852e-03
8.888775772518581197e-02
-8.534736633300781250e-01
-3.136612044440375557e-01
-6.320113605923123323e-01
-6.810655196507771347e-02
8.452986081441243860e-01
6.392175621456569479e-02
1.445430782106187639e-01
-1.272646480136447433e+00
2.185915443632337751e-01
1.110080824957953460e+00
2.575323316786024552e-01
6.671781010097928011e-01
4.822108480665419084e-01
nan
nan
nan
nan
-1.237577968173556808e+00
-1.070855670505099777e+00
2.313197188907199497e-01
3.163710170321994419e-01
-9.681053161621093750e-01
-5.721860461764865374e-02
9.365478489134046458e-02
3.019731839497883930e-01
1.003316177262200265e-01
4.024680720435248604e-01
-3.037535879347059709e-01
2.800289524926079521e-01
-3.716586430867512836e-01
-1.007091522216796875e+00
1.733842107984754799e+00
1.070778316921658035e+00
-5.082102881537543526e-01
7.163373629252115515e-01
4.712660047743055802e-01
3.823716110653347378e-01
-4.244313504960801620e-01
-2.582527531517876396e-01
1.768996450636121931e-01
-1.243285814921061272e+00
8.580276701185438615e-01
-1.348522716098361496e+00
-6.460140016343858260e-01
2.022731138600243617e-02
nan
nan
nan
nan
-8.054020139906141740e-01
-1.323403994242350334e+00
-6.334183481004502791e-01
-1.189095815022786384e+00
5.548336770799424666e-01
2.962371375825669992e-02
3.254500495062934151e-01
-1.738010247548421316e-01
8.108285797966851005e-01
-2.380626731448703404e-01
-1.009259157710605259e-01
-7.652519014146592635e-01
-6.576006147596571427e-01
-1.797435548570421038e-01
4.960463841756184711e-01
4.022538132137722378e-01
3.635852071974012834e-01
-5.963828298780653459e-01
2.919336689843071708e-01
4.813096258375380021e-01
-1.951195001602172852e-01
2.876878314548068638e-01
-8.493455913331773854e-02
5.312516291936238838e-02
1.486109627617729911e-01
-2.617176638709174386e-01
-1.648555464214748745e-01
4.836983680725097656e-01
nan
nan
nan
nan
-4.529845979478623885e-01
5.854969024658203125e-01
3.853697511884901505e-01
-3.307934337192111607e-01
-6.106963687472872770e-01
1.961642901102701730e-01
-2.078966167238023577e-01
5.626661512586805802e-01
8.509032461378309709e-01
-2.070247332255045480e-01
5.645670890808105469e-01
1.610841751098632812e-01
4.952008459303114396e-01
-8.227546479966905135e-01
7.621643278333876115e-01
-2.257506847381591797e-01
-1.295380168490939621e+00
1.854592429267035714e-01
5.585116280449761161e-01
1.318071153428819475e-01
6.296234130859375000e-01
8.633788956536186943e-01
6.800989574856228792e-01
2.185581392712063198e-01
3.583311769697401505e-01
-3.628437519073486328e-01
-5.758170551723904573e-01
-8.777970737881131136e-01
nan
nan
nan
nan
-4.554295010036892299e-01
-6.442868444654676896e-01
1.300914287567138672e-01
-5.754393471611870536e-01
9.652904338306851628e-03
-1.166947788662380692e+00
2.490030394660102120e-01
-1.503515985276963951e+00
-6.587022145589193078e-01
4.943076239691840401e-01
-2.619351545969645367e-01
-6.719934675428602677e-01
-4.950478341844347097e-02
-4.648735953701866805e-03
-8.980923758612738839e-01
8.287298944261338729e-01
7.904344664679633370e-01
-1.915642817815144949e-01
1.173500378926594978e+00
5.715210172865126115e-01
-1.832425329420301618e-01
1.700143416722615652e-01
-6.110406451755099333e-01
5.129154523213704797e-01
8.014402919345431364e-01
7.132040129767523995e-01
2.961917453342013951e-01
-3.607411384582519531e-01
nan
nan
nan
nan
4.623137248886956263e-02
1.226353327433268303e+00
8.054894871181911276e-02
5.376953019036186943e-01
-7.402364942762587052e-01
-1.012636290656195648e+00
1.022424909803602455e+00
-4.274898370107014789e-01
-3.762703736623128070e-01
9.150025049845377234e-01
5.286149515046013880e-02
-3.540543185340033761e-01
6.701375378502739955e-02
7.400923305087618864e-01
5.860557556152343750e-01
1.162254757351345535e+00
1.788980060153537277e+00
-3.246402210659450893e-01
1.712855974833170647e+00
1.359472380744086273e+00
-1.022001584370930916e+00
1.573128700256347656e+00
4.740463892618815289e-01
-7.989792293972439730e-01
1.674949195649888811e-01
1.433560901217990402e+00
-4.737444453769260044e-01
1.088777846760219936e-01
nan
nan
nan
nan
-1.222945186826917829e-01
-8.606082068549262276e-01
-3.569241099887424107e-01
9.418355756335788920e-02
3.433443771468268346e-02
-2.380319436391194754e-01
-4.583615197075737724e-01
-6.234522925482856026e-01
1.117688284979926200e-01
4.426098399692111607e-01
3.407638271649678779e-02
4.716958999633789062e-01
-5.037539800008138391e-01
1.342067718505859375e-01
-4.294751750098334542e-01
-6.389334996541341516e-01
-2.642293936676449323e-02
-8.541148503621419641e-01
-6.044732199774848214e-01
1.288973596360948326e+00
-6.249611112806532365e-01
7.925714386834038505e-01
5.962008370293511161e-01
3.779489133093091868e-02
3.345042069753010883e-01
-1.060727437337239537e-01
8.196578555636935270e-01
-3.630650573306613560e-01
nan
nan
nan
nan
-7.115318510267469865e-01
-5.269215901692708703e-01
-7.175076802571614953e-01
-4.855403900146484375e-01
1.870273802015516518e+00
6.920940611097547990e-01
3.244931168026394391e-02
-7.452549934387207031e-01
-8.664152357313368302e-01
9.671673244900174105e-01
2.301935619778103237e-01
-1.042486508687337166e+00
-9.103647867838541297e-01
3.166924582587348214e-01
-8.283621470133463172e-01
1.082468456692165848e+00
-1.023272209697299595e-01
9.820382859971787948e-01
2.863369782765706195e-01
1.040743324491712751e-01
2.890595065222846261e-01
-3.123982747395833148e-01
3.802546130286322823e-01
-1.931093533833821707e-01
-2.360289626651340122e-01
6.038831604851616630e-01
-9.769157833523220980e-01
6.845652262369791297e-01
nan
nan
nan
nan
1.604516108830769949e-01
1.603586011462741490e-01
7.126348283555772323e-01
1.596665912204318638e-01
-7.449493805567423965e-02
-8.225964970058865511e-01
1.936109330919053850e-01
-1.204198201497395759e+00
1.236075189378526451e+00
-1.684811049037509417e-02
6.342152489556206474e-01
9.461167653401693078e-01
2.869982189602321987e-01
9.351406097412109375e-01
-3.272842566172282086e-01
8.174076345231798268e-02
-6.610199610392252234e-01
3.928568098280165177e-01
8.210203382703993302e-01
4.080655574798583984e-01
-9.488581948810154154e-02
-1.121709929572211273e+00
1.010176128811306473e+00
-9.201765060424804688e-01
4.011961619059244977e-01
7.730884022182888948e-01
6.639871597290039062e-01
-3.420080078972710380e-01
nan
nan
nan
nan
-6.761074066162109375e-01
-3.679760826958550224e-01
7.568673027886284599e-01
3.680610391828749162e-01
4.180811180008782435e-02
-5.254277123345268974e-01
-4.568828476799858818e-01
-3.422889974382188338e-01
-8.167045381334092635e-01
7.314715120527479075e-02
-1.319678306579589844e+00
-1.058655526902940514e+00
-1.087050331963433258e+00
-6.354986826578775672e-01
-2.122839291890462124e-02
-5.184142854478623885e-01
1.837018330891927176e-01
-3.803523712688022113e-02
-4.339171515570746651e-01
1.540218353271484375e+00
7.232879002888997766e-01
-6.077014737659030413e-02
2.612537013159857979e-01
-1.275565640793906337e-02
-1.049456384446885826e+00
-3.499596648746066685e-01
1.061380969153510184e-01
5.493413607279459265e-01
nan
nan
nan
nan
1.466150813632541294e-01
5.424462954203287390e-01
4.009042316012912388e-01
-1.555855141745673409e-01
-9.762010574340820312e-01
1.690940062204996652e-01
1.804608662923177009e+00
-6.181604067484537390e-01
2.602985964881049386e-01
-2.350308630201551618e-01
3.535754680633544922e-01
-1.565405262841118583e-01
3.642061816321479073e-01
1.899253394868638811e-01
1.863035625881618862e-01
2.021445963117811384e-01
-2.129702170689900809e-01
-5.187508794996473771e-01
8.493767314487032927e-01
-1.494139141506618973e+00
-1.369617886013454910e+00
3.477963871426052456e-01
-3.785778681437174664e-01
-9.608802795410156250e-01
3.364366160498725167e-01
1.393240425321790876e-01
9.755235248141818083e-01
-3.413761456807454242e-01
nan
nan
nan
nan
8.660507731967501677e-01
3.775075011783176060e-01
-4.226313167148166294e-01
9.905682669745551339e-01
-1.653040356106228348e+00
-7.104049126307170059e-02
-1.161100069681803432e-01
-7.182385656568739396e-01
5.797485245598686943e-01
9.171549479166666297e-01
-7.507332166035970422e-01
2.484860420227050781e-01
1.105014801025390625e+00
-2.246687975194719064e-02
-7.770011689927842635e-01
5.215169588724771765e-01
-1.070512771606445312e+00
-1.190210051006740932e-01
3.189597858322991419e-02
-9.242939419216580355e-01
1.429010709126790291e+00
5.756200154622396203e-01
3.500942058033413434e-02
1.135300212436252121e+00
1.263602468702528236e+00
7.044538524415758229e-02
-9.220922258165147323e-01
5.539383888244628906e-01
nan
nan
nan
nan
4.657449722290039062e-01
5.469121403164334261e-01
-9.274793201022677458e-01
-6.021782557169595984e-01
-6.151437229580349886e-01
9.314237038294474746e-02
-3.399055269029405135e-01
-6.848735941780938197e-02
-5.951471858554415739e-01
2.584513028462727680e-01
5.369602309332953682e-01
-2.729743056827121372e-01
9.583607647154065989e-02
7.409838570488823661e-01
8.655327690972222099e-01
1.327419492933485268e+00
-2.184411949581570034e-01
8.507221009996202010e-01
-1.300176832411024330e+00
-7.294698821173773995e-01
4.341485434108310199e-02
6.704468197292751119e-02
-4.177845054202609654e-01
-1.770618889066908064e-01
-5.630399915907118302e-01
8.277096218532986605e-01
-1.482478645112779436e-01
-5.568588574727376672e-01
nan
nan
nan
nan
8.189763493008084261e-01
1.035571694374084473e-01
-1.070917116271124930e-01
8.815780215793185270e-01
-4.453649520874023438e-01
-4.797636138068304967e-02
1.089058876037597656e+00
-3.516565693749321708e-01
-5.314032236735025672e-01
6.134022606743706474e-01
-3.620743486616346818e-01
-5.512662993537055245e-01
-1.908362971411811104e-01
-1.133380148145887611e+00
-1.066934585571289062e+00
-1.496855629814995758e+00
-1.380572530958387611e+00
7.615066899193657923e-02
4.268159071604410992e-01
3.247792985704209823e-01
-1.844025320476955776e-01
5.697419908311631698e-01
-3.648928801218668388e-02
4.060218334197998047e-01
-1.346431202358669754e+00
-1.242363929748535156e+00
-8.788066969977484932e-01
-1.518078512615627651e-01
nan
nan
nan
nan
4.067149096065097308e-02
1.280695597330729241e+00
1.636655913458930023e+00
-1.756306489308675223e-01
1.267715454101562500e+00
-6.779479450649685823e-01
4.494962692260742188e-01
-5.734039412604438057e-01
4.398393895890977401e-01
3.434910045729742956e-02
-1.697529686821831474e-01
1.056429968939887054e+00
1.738613552517361160e+00
-2.722063064575195312e-01
-4.076162444220648995e-01
1.106684048970540291e+00
-5.901911523607041854e-01
8.086838722229003906e-01
3.405160109202067242e-01
-1.097668223910861496e+00
1.682126919428507394e-01
-6.175572077433267859e-01
-8.877555529276529578e-01
1.331990877787272209e+00
-9.056161244710286828e-01
2.380873627132839565e-01
6.073675685458712614e-01
4.955306980344983958e-02
nan
nan
nan
nan
-5.519410769144693640e-01
8.236613273620605469e-01
4.620112842983669643e-01
1.246532334221734040e+00
-2.729879220326741351e-01
1.218518680996365067e+00
7.045018010669285013e-02
3.690960009892781807e-02
3.194815317789713727e-01
-1.290598975287543304e+00
7.034491433037651786e-01
4.810207155015733260e-01
1.343361006842719085e+00
-7.730604807535806922e-01
-7.933577431572808036e-01
-1.443004078335232254e+00
-1.021310024791293736e-01
1.970428228378295898e-01
-4.198867744869656110e-02
-3.298102484809027901e-01
-9.472555584377713445e-03
-7.579397095574272880e-01
-3.189613024393717633e-01
4.935264057583279018e-01
-1.052948209974500893e+00
-2.673967414432101841e-01
-7.014275656806098214e-01
4.045755333370632534e-01
nan
nan
nan
nan
6.796587838066948661e-01
1.345315191480848549e+00
-7.138433456420898438e-01
2.033697565396626675e-02
-6.898452440897623328e-01
nan
-6.518155733744303015e-01
-1.014124188158247244e-02
-3.042288356357150669e-01
-5.177228715684678573e-01
-5.334423383076986047e-01
4.311284224192301617e-01
1.648585849338107590e+00
9.366522232691447403e-02
8.942475848727755583e-01
-1.306021796332465179e+00
-4.462928242153591518e-01
1.327241049872504242e+00
-2.199945052464803152e-01
-1.344126595391167633e+00
1.055713653564453125e+00
4.393467108408610211e-01
-3.313842879401313057e-01
-2.369996706644693918e-01
5.268639988369411969e-02
-6.417094336615668526e-01
-8.097512457105848771e-01
-6.139438947041829797e-01
nan
nan
