nan
nan
2.067936897277832031e+00
5.580959916114807129e-01
5.263684988021850586e-01
-4.426745176315307617e-01
-2.524332284927368164e+00
1.336969614028930664e+00
1.751641482114791870e-01
-5.417297482490539551e-01
7.762031555175781250e-01
5.738577842712402344e-01
1.432115435600280762e-01
-1.558431386947631836e-01
5.076788067817687988e-01
1.085359454154968262e+00
-5.976341962814331055e-01
-1.821211576461791992e-01
5.090833306312561035e-01
-5.612857341766357422e-01
-4.422224760055541992e-01
-1.034257650375366211e+00
2.132065743207931519e-01
-1.092020988464355469e+00
-9.323573857545852661e-02
-7.729398012161254883e-01
-1.063260361552238464e-01
-2.058065533638000488e-01
-5.719568729400634766e-01
1.128610134124755859e+00
nan
nan
nan
nan
7.098659873008728027e-01
-4.905406236648559570e-01
3.156379759311676025e-01
3.798460960388183594e-01
3.616588115692138672e-01
-8.095084428787231445e-01
-6.210585832595825195e-01
-5.387164354324340820e-01
2.765415906906127930e-01
6.479436755180358887e-01
-9.997554421424865723e-01
-7.539360523223876953e-01
-2.335029393434524536e-01
-1.116078719496726990e-01
-8.488206863403320312e-01
7.716583013534545898e-01
9.472020268440246582e-01
1.748437881469726562e+00
-6.248288750648498535e-01
-6.687412858009338379e-01
-3.778737783432006836e-01
-1.032056808471679688e+00
-3.650059103965759277e-01
-4.575286805629730225e-01
1.517551243305206299e-01
-3.269871473312377930e-01
1.076999664306640625e+00
2.857337594032287598e-01
nan
nan
nan
nan
5.031520128250122070e-01
-2.848685346543788910e-02
3.994849920272827148e-01
-9.436914324760437012e-02
-8.061456680297851562e-01
-5.986431241035461426e-01
1.620823144912719727e-01
-9.805294275283813477e-01
-1.209429621696472168e+00
-2.522627353668212891e+00
-5.820617675781250000e-01
1.097380995750427246e+00
-1.132420897483825684e+00
1.222411155700683594e+00
9.727990031242370605e-01
2.662916183471679688e-01
-1.035619497299194336e+00
6.820257306098937988e-01
-1.491079807281494141e+00
-6.133229136466979980e-01
3.362939059734344482e-01
2.338609844446182251e-01
-6.273994222283363342e-03
2.370475381612777710e-01
3.585174977779388428e-01
-6.360690593719482422e-01
9.584314376115798950e-02
1.237615227699279785e+00
nan
nan
nan
nan
-5.211899876594543457e-01
3.473785147070884705e-02
-8.982454538345336914e-01
3.381675481796264648e-01
-9.878771901130676270e-01
-8.459763526916503906e-01
3.379992246627807617e-01
2.608184814453125000e-01
1.181981682777404785e+00
4.107100665569305420e-01
1.242003202438354492e+00
-5.879977345466613770e-01
-3.482257723808288574e-01
9.729892611503601074e-01
-1.576449275016784668e-01
7.684313654899597168e-01
1.600661754608154297e+00
9.630177021026611328e-01
-8.252516388893127441e-01
7.259117960929870605e-01
-4.270130693912506104e-01
3.803347647190093994e-01
-1.022512435913085938e+00
-7.756531834602355957e-01
2.180525064468383789e-01
6.989375352859497070e-01
-5.193651914596557617e-01
1.005284190177917480e+00
nan
nan
nan
nan
-8.115782737731933594e-01
-1.882338970899581909e-01
6.925171017646789551e-01
-1.524323940277099609e+00
-3.400433063507080078e-01
9.226574897766113281e-01
1.870425045490264893e-01
1.698045432567596436e-01
-8.709088563919067383e-01
-5.951877832412719727e-01
1.303715705871582031e+00
1.471627354621887207e-01
-1.645988821983337402e+00
-2.952935695648193359e-01
6.294223070144653320e-01
2.688681483268737793e-01
-1.323575675487518311e-01
-2.177513241767883301e-01
2.569737136363983154e-01
-1.259313374757766724e-01
1.853341162204742432e-01
-1.025423645973205566e+00
-3.591360151767730713e-01
-1.239057421684265137e+00
2.851449847221374512e-01
-1.617219001054763794e-01
5.281934142112731934e-01
-3.751920759677886963e-01
nan
nan
nan
nan
-1.255534768104553223e+00
-1.099684953689575195e+00
4.542416334152221680e-01
-5.314106345176696777e-01
-6.057826280593872070e-01
7.730841040611267090e-01
-4.695358499884605408e-02
4.002125561237335205e-01
-7.533277273178100586e-01
-1.219975352287292480e+00
4.074303805828094482e-01
8.515120148658752441e-01
2.927167117595672607e-01
4.122180342674255371e-01
6.842933893203735352e-01
8.577709794044494629e-01
-1.036114096641540527e+00
3.030226230621337891e-01
2.979160845279693604e-01
1.266887068748474121e+00
-4.631293118000030518e-01
8.822500705718994141e-03
-3.533779978752136230e-01
-3.540109097957611084e-01
-7.668851017951965332e-01
-8.461629748344421387e-01
-1.599928975105285645e+00
1.179251909255981445e+00
nan
nan
nan
nan
9.792508184909820557e-02
-5.168479084968566895e-01
4.248394072055816650e-01
-2.529316581785678864e-02
8.747240900993347168e-01
1.019409775733947754e+00
2.050558567047119141e+00
-3.959558308124542236e-01
2.158238440752029419e-01
-4.633379280567169189e-01
-5.481815934181213379e-01
-2.518704161047935486e-02
-1.293054223060607910e-01
6.508187651634216309e-01
-9.405159354209899902e-01
-1.974171400070190430e-01
-4.221049845218658447e-01
-8.825294971466064453e-01
-1.373727247118949890e-02
-1.518934607505798340e+00
-6.809260845184326172e-01
8.023378849029541016e-01
2.055582702159881592e-01
3.411563038825988770e-01
-2.560625970363616943e-01
1.603076010942459106e-01
8.974970579147338867e-01
9.697543382644653320e-01
nan
nan
nan
nan
1.338490694761276245e-01
-4.742548167705535889e-01
-4.244908690452575684e-01
-7.655724883079528809e-01
1.016159176826477051e+00
4.035907685756683350e-01
-1.474682837724685669e-01
3.624937534332275391e-01
2.546142935752868652e-01
1.336785405874252319e-01
8.549933433532714844e-01
-2.447723746299743652e-01
6.772506833076477051e-01
2.646134495735168457e-01
-9.135441780090332031e-01
-1.358217000961303711e+00
4.672193825244903564e-01
6.000676155090332031e-01
1.442573815584182739e-01
-4.924295544624328613e-01
-5.329952836036682129e-01
-7.296021580696105957e-01
1.428155601024627686e-01
1.132938027381896973e+00
6.882295608520507812e-01
-7.849274277687072754e-01
-1.192211985588073730e+00
1.961615979671478271e-01
nan
nan
nan
nan
-1.408387899398803711e+00
-9.937611222267150879e-01
-1.184020996093750000e+00
-4.304760396480560303e-01
1.201828837394714355e+00
-3.558607399463653564e-01
1.904257297515869141e+00
-1.667917251586914062e+00
-1.808843165636062622e-01
-9.799579977989196777e-01
-4.987080991268157959e-01
2.299641966819763184e-01
-1.333287715911865234e+00
2.791998386383056641e-01
-2.683626115322113037e-01
-5.390266180038452148e-01
-6.572248339653015137e-01
-4.094972312450408936e-01
-1.421370953321456909e-01
1.548041820526123047e+00
-7.801325321197509766e-01
-9.019272923469543457e-01
-1.982020497322082520e+00
-7.656016945838928223e-01
6.143100261688232422e-01
-9.974001049995422363e-01
-7.069615721702575684e-01
6.221974492073059082e-01
nan
nan
nan
nan
-5.260733962059020996e-01
-7.626258134841918945e-01
-1.120967268943786621e+00
-5.197973251342773438e-01
-9.958928078413009644e-02
-8.100697398185729980e-01
9.272196888923645020e-01
-1.873507022857666016e+00
-3.557171523571014404e-01
-1.972353756427764893e-01
5.524025559425354004e-01
-1.249036937952041626e-01
1.006922602653503418e+00
1.259717643260955811e-01
1.306808352470397949e+00
1.085176229476928711e+00
-1.906080730259418488e-02
7.443595677614212036e-02
1.312776803970336914e+00
2.341787703335285187e-02
1.485832810401916504e+00
-8.454267680644989014e-02
8.311936259269714355e-02
7.324585318565368652e-01
-5.455946922302246094e-01
5.657209455966949463e-02
-1.962764382362365723e+00
-1.287755727767944336e+00
nan
nan
nan
nan
-4.984331727027893066e-01
2.009088993072509766e-01
-9.524540305137634277e-01
-1.384761214256286621e+00
-7.893325090408325195e-01
2.118334472179412842e-01
-1.052752733230590820e-01
-5.815373063087463379e-01
4.382677674293518066e-01
1.132908225059509277e+00
1.997067406773567200e-02
-9.522353298962116241e-03
-2.276245802640914917e-01
-1.903738379478454590e-01
-3.537451624870300293e-01
5.592088699340820312e-01
-1.169061660766601562e+00
-1.304575204849243164e-01
9.158598631620407104e-02
2.118977010250091553e-01
1.121687889099121094e-01
-4.864501059055328369e-01
-5.681641101837158203e-01
-1.579818129539489746e-01
8.963678032159805298e-03
-1.030704155564308167e-01
6.064347550272941589e-02
-4.172130227088928223e-01
nan
nan
nan
nan
-3.918811678886413574e-01
5.851112604141235352e-01
2.233861088752746582e-01
3.471952974796295166e-01
-9.189278483390808105e-01
-1.304924488067626953e+00
-1.028569936752319336e+00
-6.487454771995544434e-01
-9.997406601905822754e-01
2.224364578723907471e-01
1.476693987846374512e+00
-4.183053076267242432e-01
-2.623516693711280823e-02
3.273310661315917969e-01
-1.631416678428649902e-01
-5.270405411720275879e-01
-2.994859218597412109e-01
1.497501373291015625e+00
-1.335022449493408203e+00
1.240265369415283203e+00
-6.731699705123901367e-01
1.204769611358642578e+00
1.346430659294128418e+00
-4.679496958851814270e-02
-1.249857306480407715e+00
4.766587913036346436e-01
-1.578353166580200195e+00
1.476447880268096924e-01
nan
nan
nan
nan
-7.091367244720458984e-01
-9.174036979675292969e-02
-1.312691092491149902e+00
-5.471342429518699646e-02
-4.188479483127593994e-01
9.590480327606201172e-01
9.228909611701965332e-01
-1.282383948564529419e-01
4.518791139125823975e-01
5.659265518188476562e-01
5.618190169334411621e-01
2.966945990920066833e-02
-1.918863952159881592e-01
1.152661815285682678e-01
5.789222121238708496e-01
5.600461959838867188e-01
1.881169557571411133e+00
-9.375353902578353882e-02
8.055230975151062012e-01
6.426397562026977539e-01
-4.877135455608367920e-01
8.828322291374206543e-01
-4.310617446899414062e-01
4.917926490306854248e-01
-3.887642025947570801e-01
-4.766911864280700684e-01
-3.712768554687500000e-01
3.060868084430694580e-01
nan
nan
nan
nan
6.779601573944091797e-01
3.048307895660400391e-01
-6.855285167694091797e-01
3.889648616313934326e-02
-8.246400356292724609e-01
-2.862312495708465576e-01
2.035496979951858521e-01
-8.241934180259704590e-01
9.286889433860778809e-01
2.410231828689575195e+00
7.389068007469177246e-01
4.852682948112487793e-01
-1.102360725402832031e+00
7.842239141464233398e-01
-8.434867858886718750e-01
1.379317790269851685e-01
9.196094274520874023e-01
1.418200969696044922e+00
-5.357869863510131836e-01
4.064961671829223633e-01
-4.569968283176422119e-01
2.881121039390563965e-01
3.709178864955902100e-01
-7.961167693138122559e-01
3.926445543766021729e-01
3.964293003082275391e-01
-1.734674096107482910e+00
1.513245582580566406e+00
nan
nan
nan
nan
1.132566928863525391e+00
1.404182016849517822e-01
9.133223891258239746e-01
-7.338914871215820312e-01
4.087924957275390625e-01
2.146103084087371826e-01
1.516470670700073242e+00
-1.026341080665588379e+00
8.266048431396484375e-01
-3.356352150440216064e-01
2.199260592460632324e-01
1.147308111190795898e+00
5.367490649223327637e-01
-4.859057720750570297e-03
-2.048712968826293945e+00
8.502986431121826172e-01
-1.367777943611145020e+00
-1.266399264335632324e+00
1.209397912025451660e+00
-9.446718096733093262e-01
4.189043939113616943e-01
-3.154405951499938965e-02
2.921473383903503418e-01
-1.847057417035102844e-02
4.426407217979431152e-01
-6.340612173080444336e-01
-3.698148131370544434e-01
2.138463854789733887e-01
nan
nan
nan
nan
-5.122023224830627441e-01
-3.530231416225433350e-01
-8.586739748716354370e-02
5.352333784103393555e-01
8.723201155662536621e-01
-1.469457149505615234e+00
4.491241574287414551e-01
4.145869910717010498e-01
-9.116868972778320312e-01
1.984409391880035400e-01
-4.738403558731079102e-01
-3.915663957595825195e-01
-8.963130116462707520e-01
8.275269865989685059e-01
-1.066422700881958008e+00
3.275677561759948730e-01
1.298493504524230957e+00
1.227510124444961548e-01
1.725926399230957031e+00
8.044494390487670898e-01
-4.095094799995422363e-01
-3.549936115741729736e-01
5.890695452690124512e-01
3.663651347160339355e-01
6.788899302482604980e-01
2.052957862615585327e-01
1.906291097402572632e-01
-1.919147223234176636e-01
nan
nan
nan
nan
-2.610856108367443085e-02
2.715918421745300293e-01
-8.673470020294189453e-01
-1.186361983418464661e-01
-1.191566467285156250e+00
-1.772489547729492188e-01
6.339722871780395508e-02
1.880483746528625488e+00
3.185241818428039551e-01
-8.354759812355041504e-01
-1.260371208190917969e-01
1.179349899291992188e+00
-3.990149497985839844e-01
-1.490136504173278809e+00
8.660826683044433594e-01
2.795686721801757812e-01
6.693578958511352539e-01
1.147411704063415527e+00
-8.807909488677978516e-01
-1.251601696014404297e+00
7.214318513870239258e-01
3.423715829849243164e-01
1.181382656097412109e+00
1.063666790723800659e-01
6.063486933708190918e-01
-4.301947355270385742e-01
1.840164512395858765e-01
9.814433287829160690e-04
nan
nan
nan
nan
4.014830589294433594e-01
5.267991423606872559e-01
-1.519716680049896240e-01
-7.949721217155456543e-01
-6.352406740188598633e-01
2.219725102186203003e-01
5.016493201255798340e-01
-3.300505876541137695e-01
6.909816861152648926e-01
3.625108897686004639e-01
1.474004089832305908e-01
8.063387870788574219e-01
-1.415671825408935547e+00
2.883698642253875732e-01
6.996244192123413086e-02
-1.290583252906799316e+00
5.621987581253051758e-01
-1.131861686706542969e+00
-4.448670744895935059e-01
-1.409960240125656128e-01
6.152971982955932617e-01
3.531501889228820801e-01
1.012935519218444824e+00
3.200346231460571289e-01
2.654033899307250977e-01
-1.161198139190673828e+00
4.678621590137481689e-01
4.518848955631256104e-01
nan
nan
nan
nan
-6.076200008392333984e-01
-6.828933954238891602e-01
-2.311744727194309235e-02
-5.553781390190124512e-01
-1.466281712055206299e-01
9.507179856300354004e-01
7.147429585456848145e-01
-3.803778886795043945e-01
2.312613278627395630e-01
5.012590289115905762e-01
-5.745365023612976074e-01
-5.211898684501647949e-01
1.766449213027954102e+00
4.071007296442985535e-02
-1.439950764179229736e-01
9.317444562911987305e-01
-2.328682988882064819e-01
-1.133743762969970703e+00
1.675792455673217773e+00
1.063941717147827148e+00
8.105388283729553223e-01
1.497027575969696045e-01
-1.196860313415527344e+00
-1.916221976280212402e-01
5.037590861320495605e-01
7.954828143119812012e-01
-8.207404613494873047e-01
5.223332643508911133e-01
nan
nan
nan
nan
5.898845791816711426e-01
1.528624296188354492e-01
-1.176638412289321423e-03
-1.462246626615524292e-01
-1.094856619834899902e+00
-3.833630084991455078e-01
7.160954475402832031e-01
-9.428858757019042969e-02
2.038273662328720093e-01
1.491779983043670654e-01
8.778253942728042603e-02
6.839807033538818359e-01
9.169854521751403809e-01
1.358008265495300293e+00
-1.093292593955993652e+00
-1.828160047531127930e+00
1.452404260635375977e+00
-1.088933274149894714e-01
-1.203018352389335632e-01
5.784714818000793457e-01
3.576115667819976807e-01
1.107728481292724609e+00
6.268135905265808105e-01
-6.641913652420043945e-01
-6.468353271484375000e-01
8.486891537904739380e-02
-1.276173591613769531e+00
1.051437616348266602e+00
nan
nan
nan
nan
-1.303906589746475220e-01
3.375557661056518555e-01
-8.344730138778686523e-01
-9.940162301063537598e-01
2.282580286264419556e-01
2.094184011220932007e-01
1.230426549911499023e+00
-2.382091730833053589e-01
1.923752874135971069e-01
-3.726894259452819824e-01
1.106857419013977051e+00
4.580440223217010498e-01
8.815866112709045410e-01
-7.999659776687622070e-01
5.145210623741149902e-01
-3.132624626159667969e-01
4.773704335093498230e-03
1.126205801963806152e+00
3.047386407852172852e-01
-1.745885968208312988e+00
-7.370215058326721191e-01
2.291700989007949829e-01
5.431272387504577637e-01
4.758657217025756836e-01
7.925248146057128906e-01
9.735652804374694824e-02
-3.506792336702346802e-02
1.894353181123733521e-01
nan
nan
nan
nan
2.451921403408050537e-01
-5.670330524444580078e-01
-5.589994192123413086e-01
8.893812894821166992e-01
-3.230491578578948975e-01
-5.564461946487426758e-01
-4.676676094532012939e-01
5.472278594970703125e-01
8.149039745330810547e-01
-1.896425008773803711e+00
-3.833385109901428223e-01
-1.720995754003524780e-01
-6.548853963613510132e-02
-1.302009075880050659e-01
1.415004849433898926e+00
-2.923996448516845703e-01
-2.924591004848480225e-01
1.384874880313873291e-01
1.752802133560180664e-01
5.656512975692749023e-01
-3.595140576362609863e-01
-6.523561477661132812e-01
-1.088511109352111816e+00
-8.898338079452514648e-01
-1.564902514219284058e-01
-6.523985862731933594e-01
2.477475702762603760e-01
-4.350142478942871094e-01
nan
nan
nan
nan
-2.066806554794311523e-01
-5.792851448059082031e-01
7.400737702846527100e-02
-1.188864707946777344e+00
-2.649480700492858887e-01
-2.059374004602432251e-01
7.837780565023422241e-02
7.870927453041076660e-01
1.355813503265380859e+00
1.647466123104095459e-01
4.815562665462493896e-01
1.040915727615356445e+00
1.031339466571807861e-01
-5.067680478096008301e-01
-1.453733444213867188e-01
7.540211081504821777e-01
1.210886240005493164e+00
7.376823425292968750e-01
1.689193367958068848e+00
-3.419436886906623840e-02
1.343276947736740112e-01
-5.280355811119079590e-01
-1.711978167295455933e-01
-8.728438615798950195e-01
-1.144139528274536133e+00
8.134231567382812500e-01
2.220488339662551880e-01
4.948125481605529785e-01
nan
nan
nan
nan
6.417891383171081543e-01
-2.859011888504028320e-01
-9.698595404624938965e-01
1.099333167076110840e+00
-5.447245240211486816e-01
nan
1.275172233581542969e+00
6.455200910568237305e-01
6.507443785667419434e-01
-5.770798921585083008e-01
-1.746212244033813477e+00
6.260550022125244141e-01
1.373293876647949219e+00
-9.190548062324523926e-01
3.707044720649719238e-01
-3.840263932943344116e-02
1.571977287530899048e-01
1.072738289833068848e+00
6.687961816787719727e-01
9.571173787117004395e-02
8.568589687347412109e-01
2.377388477325439453e-01
1.101176142692565918e+00
2.918078899383544922e-01
-1.075582265853881836e+00
-3.830789029598236084e-01
-4.944552667438983917e-03
-1.142363309860229492e+00
nan
nan
