nan
nan
-1.816076397895812988e+00
4.360001385211944580e-01
2.609861493110656738e-01
-1.620056271553039551e+00
2.382069230079650879e-01
8.278441429138183594e-02
-2.164489507675170898e+00
-6.449494957923889160e-01
9.549322724342346191e-01
-9.567704200744628906e-01
2.607370913028717041e-01
6.965240836143493652e-01
1.809969246387481689e-01
1.044521853327751160e-01
2.697541713714599609e-01
-1.453358173370361328e+00
2.646899223327636719e-01
1.669855356216430664e+00
-4.245895743370056152e-01
8.807658553123474121e-01
-5.061868429183959961e-01
-5.301281809806823730e-01
1.460990309715270996e+00
-4.145663976669311523e-01
-2.122001945972442627e-01
-2.670495808124542236e-01
3.620272278785705566e-01
3.126342594623565674e-01
nan
nan
nan
nan
-1.156157135963439941e+00
-1.696073174476623535e+00
-1.208259344100952148e+00
-1.216752767562866211e+00
-4.086009040474891663e-02
-7.951445579528808594e-01
1.680871248245239258e-01
-1.807434707880020142e-01
-1.283765077590942383e+00
5.722063779830932617e-01
-9.647783637046813965e-01
3.083753287792205811e-01
-7.554062008857727051e-01
-2.502370774745941162e-01
-8.826270103454589844e-01
2.840434014797210693e-01
9.488372802734375000e-01
1.898411661386489868e-01
1.877057313919067383e+00
2.562686204910278320e-01
2.180567383766174316e-02
-8.983768522739410400e-03
1.087566614151000977e+00
9.963528253138065338e-03
1.469492614269256592e-01
4.219339787960052490e-01
1.754393130540847778e-01
3.897127807140350342e-01
nan
nan
nan
nan
-3.035235106945037842e-01
-1.308032155036926270e+00
-7.675187587738037109e-01
-9.771329350769519806e-04
-1.085003852844238281e+00
-4.799664914608001709e-01
4.871729314327239990e-01
9.404941201210021973e-01
2.037816196680068970e-01
4.423566758632659912e-01
-7.749779224395751953e-01
3.213760256767272949e-01
-2.764709591865539551e-01
5.427653789520263672e-01
-6.993244290351867676e-01
5.284361243247985840e-01
-9.677284955978393555e-02
5.409178137779235840e-01
1.027671098709106445e+00
2.049400806427001953e+00
-8.357357978820800781e-01
1.041981458663940430e+00
-1.222279906272888184e+00
7.032506465911865234e-01
-1.029900908470153809e+00
1.280922174453735352e+00
-1.372668266296386719e+00
2.981750667095184326e-01
nan
nan
nan
nan
-3.707042932510375977e-01
2.174857705831527710e-01
-1.303122758865356445e+00
-7.051837444305419922e-01
6.416145563125610352e-01
2.259615510702133179e-01
-8.736585378646850586e-01
1.411615014076232910e+00
1.071156486868858337e-01
-4.056032001972198486e-01
8.215055465698242188e-01
6.137990951538085938e-01
-6.558485031127929688e-01
-3.761012256145477295e-01
-7.702327519655227661e-02
1.291082054376602173e-01
-3.775008618831634521e-01
-6.424267888069152832e-01
1.967433393001556396e-01
5.076155662536621094e-01
9.149798154830932617e-01
3.425611257553100586e-01
-1.496433734893798828e+00
-1.600811928510665894e-01
1.111128926277160645e+00
-2.450074255466461182e-01
1.001460552215576172e+00
-2.101214826107025146e-01
nan
nan
nan
nan
1.866089344024658203e+00
-4.548031985759735107e-01
-1.748675704002380371e-01
-4.151996076107025146e-01
-1.380264610052108765e-01
1.249121308326721191e+00
4.025411009788513184e-01
6.560480594635009766e-01
6.374768018722534180e-01
-7.246820926666259766e-01
1.025902748107910156e+00
2.770013213157653809e-01
-7.732005119323730469e-01
-4.671800136566162109e-02
-1.244897603988647461e+00
1.055141165852546692e-01
-9.768160581588745117e-01
1.488773941993713379e+00
-4.568679630756378174e-01
5.462679266929626465e-01
6.071805953979492188e-02
1.083369016647338867e+00
-5.208013653755187988e-01
-2.771088480949401855e-01
-8.918520212173461914e-01
5.951651334762573242e-01
-9.652503728866577148e-01
-9.239323735237121582e-01
nan
nan
nan
nan
2.055760324001312256e-01
-1.648445725440979004e+00
-5.370378494262695312e-01
-3.896824717521667480e-01
-5.506652593612670898e-01
-3.474917635321617126e-02
-8.266420364379882812e-01
5.631316900253295898e-01
1.112281084060668945e+00
-1.135437607765197754e+00
3.921315371990203857e-01
1.010227322578430176e+00
-9.845592379570007324e-01
8.869255185127258301e-01
6.844288110733032227e-02
-5.174450278282165527e-01
-9.746762365102767944e-02
-5.433186888694763184e-01
3.974218070507049561e-01
7.112159729003906250e-01
-5.129420757293701172e-01
-5.098863840103149414e-01
-3.225454688072204590e-01
-1.958825252950191498e-02
-2.711352109909057617e-01
2.120341956615447998e-01
2.639560401439666748e-01
-5.486503839492797852e-01
nan
nan
nan
nan
3.111851513385772705e-01
-1.556925177574157715e-01
1.264921724796295166e-01
-3.532301783561706543e-01
1.669479534029960632e-02
-4.739124774932861328e-01
5.627076625823974609e-01
-7.339811325073242188e-01
-2.398979812860488892e-01
-1.535551995038986206e-01
-6.989983916282653809e-01
-5.325427278876304626e-02
-8.823472857475280762e-01
5.604211091995239258e-01
8.948961496353149414e-01
-6.874449253082275391e-01
1.446238756179809570e-01
2.991672158241271973e-01
8.046461343765258789e-01
4.909849762916564941e-01
-5.543877482414245605e-01
-5.198228955268859863e-01
-6.482744812965393066e-01
-8.884926438331604004e-01
-7.819210290908813477e-01
2.313151955604553223e-01
-1.001610886305570602e-02
-3.285500407218933105e-01
nan
nan
nan
nan
-1.061516880989074707e+00
3.300700187683105469e-01
-7.078495621681213379e-01
-8.722825646400451660e-01
-1.460400037467479706e-02
3.499005436897277832e-01
3.160813152790069580e-01
-1.933107525110244751e-02
1.464407801628112793e+00
1.021996021270751953e+00
-4.338364899158477783e-01
2.703816294670104980e-01
1.236792564392089844e+00
-4.455352723598480225e-01
-8.909780979156494141e-01
2.984446287155151367e-01
5.923883318901062012e-01
5.744836926460266113e-01
5.107275247573852539e-01
7.012084592133760452e-03
5.462772250175476074e-01
-1.942956209182739258e+00
-3.111732304096221924e-01
8.657938838005065918e-01
1.728937029838562012e-01
8.842785954475402832e-01
-4.824756681919097900e-01
-5.351417660713195801e-01
nan
nan
nan
nan
-5.846655964851379395e-01
-2.216303199529647827e-01
2.625354826450347900e-01
-4.641404747962951660e-01
-3.569369912147521973e-01
-1.094457268714904785e+00
3.894984424114227295e-01
6.116252541542053223e-01
-6.369736194610595703e-01
1.979623436927795410e+00
-1.698033452033996582e+00
-5.117674469947814941e-01
4.414207339286804199e-01
-3.668567538261413574e-02
9.129199981689453125e-01
-1.284002542495727539e+00
1.860291361808776855e+00
-9.625234603881835938e-01
-1.073071122169494629e+00
6.993225812911987305e-01
-3.397280275821685791e-01
1.522220522165298462e-01
1.655066758394241333e-01
5.813204050064086914e-01
3.200259804725646973e-01
3.831854164600372314e-01
4.160971343517303467e-01
6.976310610771179199e-01
nan
nan
nan
nan
3.876670598983764648e-01
-1.655208945274353027e+00
-1.013669133186340332e+00
8.388546109199523926e-01
1.204199790954589844e+00
-8.816823363304138184e-01
6.587083339691162109e-01
2.576197385787963867e+00
8.340789079666137695e-01
1.326752603054046631e-01
3.291619718074798584e-01
1.656465083360671997e-01
-8.514470458030700684e-01
1.605849266052246094e+00
-7.820139527320861816e-01
-4.324390888214111328e-01
1.768138259649276733e-02
-7.077105641365051270e-01
-4.904037714004516602e-01
5.422838926315307617e-01
-3.703679442405700684e-01
-3.726304471492767334e-01
7.117135077714920044e-02
-7.003211230039596558e-02
-1.277503848075866699e+00
-4.192976653575897217e-01
4.745245724916458130e-02
-4.763109087944030762e-01
nan
nan
nan
nan
-9.527151584625244141e-01
1.034604310989379883e+00
-4.156752824783325195e-01
-1.456639766693115234e-01
1.794532060623168945e+00
8.460641503334045410e-01
6.342216134071350098e-01
-9.128538966178894043e-01
-4.986022710800170898e-01
9.325831532478332520e-01
-9.421925544738769531e-01
1.919245570898056030e-01
8.938588500022888184e-01
-3.415243029594421387e-01
9.052936434745788574e-01
1.233736157417297363e+00
1.771161317825317383e+00
-7.626220583915710449e-03
-1.383517980575561523e-01
-3.839171528816223145e-01
2.054910659790039062e-01
-8.835844397544860840e-01
-7.001882791519165039e-01
-1.131973147392272949e+00
-7.931824922561645508e-01
2.239359915256500244e-01
-3.077817894518375397e-02
-1.418111205101013184e+00
nan
nan
nan
nan
1.605008393526077271e-01
1.197627782821655273e+00
-1.518151640892028809e+00
1.113450765609741211e+00
-1.127339720726013184e+00
-2.522629201412200928e-01
-6.674791574478149414e-01
-1.076590865850448608e-01
-4.481176380068063736e-03
4.029494225978851318e-01
-7.658841013908386230e-01
-9.344711154699325562e-02
7.056199759244918823e-02
-2.676354944705963135e-01
6.792964935302734375e-01
-6.109328866004943848e-01
9.614595025777816772e-02
-1.109513938426971436e-01
4.223139584064483643e-02
-1.367544889450073242e+00
-6.239426508545875549e-02
-5.045421123504638672e-01
-3.479533493518829346e-01
-5.077923834323883057e-02
-7.473932504653930664e-01
-7.270832657814025879e-01
-4.858260154724121094e-01
-8.193641901016235352e-03
nan
nan
nan
nan
-5.324863195419311523e-01
1.572306454181671143e-01
2.481664270162582397e-01
-4.758253693580627441e-01
-8.161864280700683594e-01
1.245838254690170288e-01
-2.934764623641967773e-01
8.976147770881652832e-01
-7.208482027053833008e-01
5.222859382629394531e-01
3.464506268501281738e-01
3.739860653877258301e-02
-7.916253209114074707e-01
2.691174298524856567e-02
8.323803544044494629e-01
4.093773961067199707e-01
2.572012245655059814e-01
6.838908195495605469e-01
-5.088484287261962891e-01
-1.501160383224487305e+00
1.057015825062990189e-02
2.046869754791259766e+00
1.759158372879028320e-01
-1.914688348770141602e+00
-1.161427378654479980e+00
-8.604593575000762939e-02
4.945004880428314209e-01
6.854152083396911621e-01
nan
nan
nan
nan
-3.417101800441741943e-01
-9.144674539566040039e-01
1.458828686736524105e-03
-1.318515241146087646e-01
8.622010946273803711e-01
-6.845740079879760742e-01
-4.465568363666534424e-01
9.948209524154663086e-01
1.743432283401489258e-01
5.094709247350692749e-02
-3.532284870743751526e-02
3.163928985595703125e-01
-1.144305825233459473e+00
7.911257147789001465e-01
8.530035614967346191e-01
-1.134635686874389648e+00
4.911471903324127197e-02
4.140012562274932861e-01
-7.803938388824462891e-01
-4.623178243637084961e-01
1.396508932113647461e+00
6.417874097824096680e-01
-1.760459542274475098e+00
-6.598843932151794434e-01
7.320029139518737793e-01
-4.259924218058586121e-02
-1.421882659196853638e-01
-5.125316977500915527e-01
nan
nan
nan
nan
9.961352497339248657e-02
3.981622755527496338e-01
4.721590578556060791e-01
1.673789173364639282e-01
1.241280794143676758e+00
-7.202485799789428711e-01
-6.688106060028076172e-02
-1.376434683799743652e+00
2.913091480731964111e-01
4.663940966129302979e-01
1.748671196401119232e-02
1.720355749130249023e+00
1.491566896438598633e-01
-4.263012483716011047e-02
1.319885492324829102e+00
-9.357149600982666016e-01
-2.829168438911437988e-01
2.134122885763645172e-02
-1.584326863288879395e+00
2.925045788288116455e-03
-4.615610539913177490e-01
-7.740436792373657227e-01
5.029058456420898438e-01
9.135918021202087402e-01
-3.375544846057891846e-01
-1.239426851272583008e+00
2.755592763423919678e-01
3.760662376880645752e-01
nan
nan
nan
nan
1.236356377601623535e+00
-5.526543259620666504e-01
9.283478856086730957e-01
1.528790034353733063e-02
1.393599271774291992e+00
7.879176139831542969e-01
-7.186637520790100098e-01
-9.675646424293518066e-01
9.472564458847045898e-01
-7.012321352958679199e-01
9.452889561653137207e-01
7.821788191795349121e-01
-5.842525959014892578e-01
-3.414993286132812500e-01
1.019362062215805054e-01
6.753537654876708984e-01
1.302388429641723633e+00
9.147316217422485352e-01
5.224345922470092773e-01
-1.249574065208435059e+00
2.087852656841278076e-01
-6.930055618286132812e-01
5.169627070426940918e-01
6.494462490081787109e-01
-2.264326959848403931e-01
-4.682482481002807617e-01
-5.419033579528331757e-03
-1.423093795776367188e+00
nan
nan
nan
nan
1.297316312789916992e+00
1.308373689651489258e+00
-1.381445288658142090e+00
-1.899535655975341797e-01
9.752090089023113251e-03
3.947663679718971252e-02
-1.247147083282470703e+00
2.444240152835845947e-01
7.683208584785461426e-01
-1.968590021133422852e+00
3.683946728706359863e-01
2.844551205635070801e-01
-4.226775467395782471e-01
-2.071977704763412476e-01
3.887318670749664307e-01
-9.889832139015197754e-01
-1.704027652740478516e+00
-4.194020926952362061e-01
3.527670204639434814e-01
4.716678857803344727e-01
-3.777163922786712646e-01
5.534861683845520020e-01
2.768119275569915771e-01
5.362609624862670898e-01
-1.167671680450439453e+00
9.902554750442504883e-02
-4.118275642395019531e-01
-4.551178216934204102e-01
nan
nan
nan
nan
-7.870110273361206055e-01
1.372364014387130737e-01
-2.033878087997436523e+00
-1.217423200607299805e+00
-1.342144906520843506e-01
1.560791432857513428e-01
6.688646078109741211e-01
6.235567927360534668e-01
-6.159563660621643066e-01
-2.693494558334350586e-01
-5.545110702514648438e-01
8.054087162017822266e-01
-2.930871397256851196e-02
-6.702145338058471680e-01
-1.324232697486877441e+00
7.653768062591552734e-01
-2.878613173961639404e-01
-8.914226293563842773e-01
1.002027034759521484e+00
6.177946329116821289e-01
-1.150080680847167969e+00
-1.451128721237182617e+00
-1.983323097229003906e-01
-3.731986880302429199e-01
2.185643762350082397e-01
-3.585078120231628418e-01
5.622141361236572266e-01
-2.617248333990573883e-02
nan
nan
nan
nan
5.920170545578002930e-01
6.597161293029785156e-01
2.871271073818206787e-01
-9.696947932243347168e-01
-6.552623510360717773e-01
7.596966624259948730e-02
-6.433147788047790527e-01
5.662499070167541504e-01
-2.679261267185211182e-01
-4.108709692955017090e-01
-1.200039148330688477e+00
-1.277706027030944824e+00
3.368362784385681152e-01
8.918545246124267578e-01
-2.053227424621582031e-01
2.449594885110855103e-01
-8.990676701068878174e-02
1.031393408775329590e+00
1.201829984784126282e-01
3.154691308736801147e-03
7.406214475631713867e-01
-1.888249665498733521e-01
-6.230857372283935547e-01
-2.123845577239990234e+00
-8.944119215011596680e-01
5.233576297760009766e-01
8.347400426864624023e-01
-2.038282603025436401e-01
nan
nan
nan
nan
-4.343471825122833252e-01
-1.403103321790695190e-01
1.073247194290161133e+00
-3.632673621177673340e-01
8.124911189079284668e-01
-5.310629680752754211e-02
5.657774806022644043e-01
-9.213995933532714844e-01
6.115962862968444824e-01
7.894221693277359009e-02
7.382836341857910156e-01
8.862885832786560059e-01
-1.666390150785446167e-01
-6.785908341407775879e-01
6.652575731277465820e-01
3.823617994785308838e-01
2.587350010871887207e-01
7.232056856155395508e-01
-3.131357952952384949e-02
-3.750357329845428467e-01
-9.011681079864501953e-01
-3.344163298606872559e-01
-1.900991678237915039e+00
5.093641281127929688e-01
-1.313108325004577637e+00
4.115405678749084473e-02
1.274018168449401855e+00
-1.884364843368530273e+00
nan
nan
nan
nan
2.424863129854202271e-01
1.242804229259490967e-01
nan
2.133386433124542236e-01
6.023600697517395020e-01
1.819480657577514648e-01
-1.264801740646362305e+00
-6.605303883552551270e-01
-4.378674924373626709e-01
-4.888016283512115479e-01
-9.690008312463760376e-02
-3.190616369247436523e-01
7.014740109443664551e-01
6.815940737724304199e-01
-6.880522966384887695e-01
-6.188655495643615723e-01
-6.694357097148895264e-02
-8.258817791938781738e-01
-6.203749179840087891e-01
4.196747839450836182e-01
4.315631687641143799e-01
-1.091111421585083008e+00
-5.947206616401672363e-01
2.705677747726440430e-01
1.467593461275100708e-01
1.180425643920898438e+00
1.141989469528198242e+00
7.917590141296386719e-01
nan
nan
nan
nan
-2.563601732254028320e-01
-2.791195176541805267e-02
3.588545694947242737e-02
1.016467928886413574e+00
7.627879381179809570e-01
8.414562791585922241e-02
-3.670005127787590027e-02
1.238795399665832520e+00
2.767441570758819580e-01
5.658495426177978516e-01
-9.193100929260253906e-01
6.216156482696533203e-01
-1.351433545351028442e-01
8.466096520423889160e-01
-3.895173966884613037e-01
-4.189331233501434326e-01
-7.920508980751037598e-01
2.673403918743133545e-01
1.671555042266845703e+00
-3.414461612701416016e-01
7.038458436727523804e-02
1.086730718612670898e+00
1.216583624482154846e-01
1.086620688438415527e-01
-1.146233677864074707e+00
6.517742276191711426e-01
3.765349984169006348e-01
-1.566213488578796387e+00
nan
nan
nan
nan
-1.509380936622619629e+00
-4.507578611373901367e-01
4.987721145153045654e-01
2.646855413913726807e-01
5.713154673576354980e-01
-2.039513736963272095e-02
-1.493615031242370605e+00
-1.434172987937927246e+00
1.899465918540954590e-01
-1.371594190597534180e+00
-1.820022016763687134e-01
-4.483718872070312500e-01
-6.716748476028442383e-01
-3.319448232650756836e-02
-7.605822384357452393e-02
-1.080184355378150940e-01
7.884671092033386230e-01
-3.342094719409942627e-01
1.287472963333129883e+00
-5.105840563774108887e-01
-9.437253475189208984e-01
1.052864789962768555e+00
3.298182487487792969e-01
-5.622857213020324707e-01
-3.462982177734375000e-01
4.684203565120697021e-01
-2.748561203479766846e-01
-5.223746895790100098e-01
nan
nan
nan
nan
-9.929721355438232422e-01
-1.100170165300369263e-01
8.332231640815734863e-01
8.985459804534912109e-01
4.737493693828582764e-01
nan
-5.159541368484497070e-01
4.269534349441528320e-02
-2.732197642326354980e-01
4.722453355789184570e-01
1.287724256515502930e+00
4.611558467149734497e-02
9.251888990402221680e-01
-1.776989221572875977e+00
-1.387624591588973999e-01
-4.031382501125335693e-01
-1.320015311241149902e+00
1.198772311210632324e+00
-3.918937146663665771e-01
-4.037141799926757812e-02
1.154351830482482910e+00
1.513573527336120605e+00
2.797268331050872803e-01
-9.296361804008483887e-01
-4.139015078544616699e-01
-7.864738255739212036e-02
2.930746078491210938e-01
9.811975359916687012e-01
nan
nan
