nan
nan
-5.357346534729003906e-01
-4.691136181354522705e-01
1.736375242471694946e-01
-6.479215621948242188e-01
-1.706377506256103516e+00
1.975090980529785156e+00
-6.989982128143310547e-01
-5.739707946777343750e-01
1.149810075759887695e+00
-2.418081313371658325e-01
-4.573512077331542969e-01
-1.698201179504394531e+00
1.371453702449798584e-01
-4.619476199150085449e-01
3.467079997062683105e-01
6.734405755996704102e-01
-1.162447690963745117e+00
-1.568696022033691406e+00
-1.925094425678253174e-01
-5.938714742660522461e-01
2.368436753749847412e-01
1.620802164077758789e+00
-6.485005021095275879e-01
7.564921677112579346e-02
-7.734339237213134766e-01
3.720551729202270508e-02
2.500644624233245850e-01
-4.745355546474456787e-01
nan
nan
nan
nan
4.160425066947937012e-01
1.283358931541442871e-01
2.980174422264099121e-01
9.318589568138122559e-01
-1.653169393539428711e+00
-5.500596165657043457e-01
4.351217150688171387e-01
5.763470530509948730e-01
2.485070377588272095e-01
-1.118414849042892456e-01
4.164414107799530029e-01
2.767804451286792755e-02
-4.354130327701568604e-01
-6.866630911827087402e-01
-6.644195318222045898e-01
-1.792128533124923706e-01
2.817090153694152832e-01
1.259820222854614258e+00
-5.514111518859863281e-01
-3.933627605438232422e-01
-7.367531657218933105e-01
-5.546752363443374634e-02
3.913393318653106689e-01
3.418409228324890137e-01
4.682064652442932129e-01
4.831984639167785645e-01
-7.362208962440490723e-01
2.630519270896911621e-01
nan
nan
nan
nan
7.212260365486145020e-01
1.379071027040481567e-01
-1.013750076293945312e+00
-9.250000119209289551e-01
-1.284471154212951660e-01
-3.323170542716979980e-01
1.234537720680236816e+00
-3.991239964962005615e-01
1.544231891632080078e+00
8.446982502937316895e-01
-1.537622809410095215e+00
5.103358626365661621e-01
8.840702176094055176e-01
-1.656941771507263184e-01
-1.071549952030181885e-01
-5.841864347457885742e-01
5.350878834724426270e-01
-1.088815927505493164e+00
-3.857805728912353516e-01
5.642673969268798828e-01
1.154659390449523926e+00
-3.106126189231872559e-01
8.508423566818237305e-01
3.097376786172389984e-02
-3.046902716159820557e-01
-4.040428698062896729e-01
-2.095099240541458130e-01
2.667486965656280518e-01
nan
nan
nan
nan
-6.342842578887939453e-01
-1.178868651390075684e+00
-1.705706596374511719e+00
-4.355900585651397705e-01
-1.135906100273132324e+00
-6.264944672584533691e-01
1.122630238533020020e+00
-1.538717031478881836e+00
1.493117362260818481e-01
-2.260128557682037354e-01
-5.509325265884399414e-01
1.061576843261718750e+00
-2.739695459604263306e-02
3.260944187641143799e-01
9.421138167381286621e-01
-7.097722291946411133e-01
3.469133377075195312e-01
-5.724951624870300293e-01
1.670169591903686523e+00
7.147367000579833984e-01
-1.878333926200866699e+00
4.499818980693817139e-01
8.630546331405639648e-01
2.210208028554916382e-01
1.888440489768981934e+00
-9.575402140617370605e-01
-5.494882464408874512e-01
7.915934324264526367e-01
nan
nan
nan
nan
-7.548986077308654785e-01
1.174827456474304199e+00
6.826144456863403320e-01
-6.856877207756042480e-01
2.292787283658981323e-01
-9.347977638244628906e-01
-2.545980811119079590e-01
9.136106371879577637e-01
1.439423441886901855e+00
5.479853153228759766e-01
1.224151477217674255e-01
-2.283953279256820679e-01
3.161325678229331970e-02
-5.257039070129394531e-01
-3.448483347892761230e-01
8.477842807769775391e-01
4.363087415695190430e-01
-1.115001663565635681e-01
4.919697046279907227e-01
-4.723916351795196533e-01
-4.579718410968780518e-01
-3.590855300426483154e-01
-2.397716343402862549e-01
2.218774706125259399e-01
-9.712195992469787598e-01
-6.986195445060729980e-01
1.635086089372634888e-01
-1.428272485733032227e+00
nan
nan
nan
nan
1.346528768539428711e+00
1.182586550712585449e+00
-1.060406804084777832e+00
-1.280877292156219482e-01
-7.072085142135620117e-01
4.241283237934112549e-01
-1.138770937919616699e+00
-3.979539573192596436e-01
2.994051575660705566e-02
2.559442222118377686e-01
2.319316387176513672e+00
3.224715292453765869e-01
-4.636445045471191406e-01
-1.266113042831420898e+00
4.524996280670166016e-01
8.134174346923828125e-01
-2.051060497760772705e-01
-3.804661035537719727e-01
1.072118282318115234e+00
1.154153943061828613e+00
5.433506965637207031e-01
5.289990901947021484e-01
1.388890266418457031e+00
-5.333347991108894348e-02
1.904980093240737915e-01
1.014289021492004395e+00
6.116348505020141602e-01
1.873765110969543457e+00
nan
nan
nan
nan
-5.244548916816711426e-01
4.934754073619842529e-01
-2.873835265636444092e-01
1.252964615821838379e+00
3.952340483665466309e-01
1.579323410987854004e+00
-3.014481663703918457e-01
1.126588225364685059e+00
1.784636139869689941e+00
5.026059746742248535e-01
2.001480907201766968e-01
1.475760579109191895e+00
7.438750267028808594e-01
2.241448871791362762e-02
3.373223543167114258e-01
-6.932696104049682617e-01
1.489483416080474854e-01
3.952375352382659912e-01
8.422280550003051758e-01
8.168642520904541016e-01
4.625699818134307861e-01
-1.037414789199829102e+00
8.694205880165100098e-01
2.224521338939666748e-01
1.347604036331176758e+00
9.708083868026733398e-01
7.624096274375915527e-01
7.254312634468078613e-01
nan
nan
nan
nan
8.770909309387207031e-01
-6.540271043777465820e-01
-1.028307795524597168e+00
-2.207934856414794922e-01
1.116426110267639160e+00
-1.702367812395095825e-01
-1.309055089950561523e+00
-8.650696277618408203e-02
-1.469779253005981445e+00
-2.216251790523529053e-01
-8.835612237453460693e-02
-1.015302777290344238e+00
1.290118694305419922e+00
-5.871764421463012695e-01
9.011538624763488770e-01
8.230754137039184570e-01
-5.665991306304931641e-01
-1.139278888702392578e+00
-3.228859305381774902e-01
-1.137198925018310547e+00
9.707819819450378418e-01
1.720708012580871582e+00
2.174598425626754761e-01
-2.523777186870574951e-01
-4.061355888843536377e-01
3.224713504314422607e-01
-2.514286935329437256e-01
-9.029163718223571777e-01
nan
nan
nan
nan
8.002424240112304688e-02
-4.197339713573455811e-01
1.199227422475814819e-01
-9.037778973579406738e-01
6.308851838111877441e-01
5.696070194244384766e-01
-2.708855569362640381e-01
-2.023898065090179443e-01
8.393588475883007050e-03
-3.632990717887878418e-01
6.753187775611877441e-01
1.925324201583862305e-01
5.928816199302673340e-01
8.085873723030090332e-01
-6.261168718338012695e-01
1.290250539779663086e+00
7.899959683418273926e-01
7.576615810394287109e-01
-1.178641319274902344e+00
3.142549097537994385e-01
3.949191272258758545e-01
-4.422945901751518250e-02
1.185767650604248047e+00
5.165886506438255310e-02
-1.733359694480895996e-02
-1.585494577884674072e-01
-5.531166791915893555e-01
3.513937294483184814e-01
nan
nan
nan
nan
2.047163248062133789e-01
-4.677903652191162109e-02
-1.636039167642593384e-01
-8.983021378517150879e-01
-8.624371886253356934e-01
-2.518458664417266846e-01
1.736749559640884399e-01
-2.019249796867370605e-01
-1.646181344985961914e+00
-7.989155054092407227e-01
-2.603381276130676270e-01
-4.557822346687316895e-01
-1.561537981033325195e-01
3.540002107620239258e-01
-3.070071637630462646e-01
-1.158678770065307617e+00
-1.239159330725669861e-01
-7.725855112075805664e-01
2.438376396894454956e-01
6.585727334022521973e-01
-1.623189449310302734e+00
3.349970281124114990e-01
1.369943618774414062e+00
2.145477682352066040e-01
7.356498241424560547e-01
-7.670156359672546387e-01
2.217863649129867554e-01
-1.645129472017288208e-01
nan
nan
nan
nan
3.790443837642669678e-01
-6.400002837181091309e-01
-5.718035697937011719e-01
-6.572831273078918457e-01
8.516382575035095215e-01
-1.243000105023384094e-01
-1.007134169340133667e-01
1.732786297798156738e+00
5.164402127265930176e-01
-8.256180286407470703e-01
-1.344732165336608887e+00
4.892819225788116455e-01
3.251372873783111572e-01
-1.937574297189712524e-01
-5.049123167991638184e-01
7.271499633789062500e-01
1.107831835746765137e+00
-1.281215667724609375e+00
1.355876445770263672e+00
-4.823190569877624512e-01
3.506333529949188232e-01
-6.199016571044921875e-01
1.202282905578613281e+00
9.304751753807067871e-01
1.970660239458084106e-01
1.083954572677612305e+00
1.120629429817199707e+00
-7.432512044906616211e-01
nan
nan
nan
nan
-5.587381720542907715e-01
-2.321625053882598877e-01
4.894242063164710999e-02
2.445037066936492920e-01
1.217479705810546875e+00
6.788440942764282227e-01
-7.867030799388885498e-02
-9.380733370780944824e-01
-1.022512197494506836e+00
-5.529409646987915039e-01
-7.835059762001037598e-01
-1.906986385583877563e-01
4.559923112392425537e-01
2.500123381614685059e-01
-1.791764050722122192e-01
4.657804071903228760e-01
4.185236990451812744e-01
-1.097591876983642578e+00
3.528560101985931396e-01
5.956325531005859375e-01
-2.934036776423454285e-02
3.769777119159698486e-01
-1.573487758636474609e+00
-9.698708057403564453e-01
1.072861671447753906e+00
-5.222771167755126953e-01
3.285566568374633789e-01
-1.026996612548828125e+00
nan
nan
nan
nan
1.023762702941894531e+00
-8.950778841972351074e-01
8.800866007804870605e-01
-1.056583046913146973e+00
7.207325696945190430e-01
-1.687099099159240723e+00
-4.876747727394104004e-01
-1.808259040117263794e-01
3.951914012432098389e-01
4.615431427955627441e-01
-1.181317210197448730e+00
-1.559170484542846680e-01
-1.633298873901367188e+00
-1.139380097389221191e+00
2.047446012496948242e+00
2.042386829853057861e-01
2.343063056468963623e-01
-4.785079956054687500e-01
-4.111796617507934570e-01
-2.824058234691619873e-01
9.790525436401367188e-01
-7.925537824630737305e-01
4.752344489097595215e-01
5.136321485042572021e-02
-6.718645989894866943e-02
-3.365101218223571777e-01
7.069146633148193359e-01
-1.068523406982421875e+00
nan
nan
nan
nan
1.182023763656616211e+00
1.532024621963500977e+00
-1.340709805488586426e+00
7.550637125968933105e-01
-5.670598149299621582e-01
3.524616956710815430e-01
5.371755361557006836e-01
4.299705326557159424e-01
-7.963429689407348633e-01
1.081926152110099792e-01
-1.197568535804748535e+00
-2.260658740997314453e+00
4.982990399003028870e-02
-9.099721908569335938e-01
4.780894517898559570e-01
2.908218204975128174e-01
-4.062326550483703613e-01
1.841118097305297852e+00
5.574533939361572266e-01
1.731648743152618408e-01
-5.358387231826782227e-01
-4.270291328430175781e-01
-3.299364745616912842e-01
-5.139816924929618835e-02
-1.132204174995422363e+00
6.301227211952209473e-01
-5.008494853973388672e-01
3.393098115921020508e-01
nan
nan
nan
nan
-5.901367068290710449e-01
3.678303956985473633e-01
9.788761734962463379e-01
1.116078376770019531e+00
-4.068598449230194092e-01
-5.876761674880981445e-01
-3.287979364395141602e-01
-3.382429853081703186e-02
9.944501519203186035e-02
1.075522780418395996e+00
6.724374890327453613e-01
4.310884177684783936e-01
-8.749806284904479980e-01
1.077834330499172211e-02
-1.439308166503906250e+00
-9.335027933120727539e-01
-1.348605155944824219e+00
-2.917433679103851318e-01
1.725857704877853394e-01
4.644487500190734863e-01
7.366405129432678223e-01
1.376341462135314941e+00
-3.682988882064819336e-01
6.509294509887695312e-01
-1.037639826536178589e-01
1.603308320045471191e-01
-8.292976021766662598e-02
-8.035991787910461426e-01
nan
nan
nan
nan
-9.678854942321777344e-01
1.427725553512573242e-01
2.929711043834686279e-01
-6.134907007217407227e-01
-1.776452064514160156e+00
3.689854145050048828e-01
-2.686772346496582031e-01
4.608568251132965088e-01
1.033477783203125000e+00
-7.068831324577331543e-01
-1.322520852088928223e+00
-6.617329120635986328e-01
-3.051036298274993896e-01
-1.317788839340209961e+00
8.355453014373779297e-01
-4.604734852910041809e-02
1.441291719675064087e-01
2.334063798189163208e-01
-8.998348116874694824e-01
1.417595744132995605e-01
9.069228768348693848e-01
-2.070006430149078369e-01
6.092880368232727051e-01
8.137855529785156250e-01
-3.277125656604766846e-01
7.623848319053649902e-01
6.629992723464965820e-01
4.927284121513366699e-01
nan
nan
nan
nan
-4.399442672729492188e-02
-1.830945372581481934e+00
-6.549344658851623535e-01
-5.917604565620422363e-01
-1.053190231323242188e+00
7.481297254562377930e-01
6.165639162063598633e-01
-8.189845681190490723e-01
1.330026030540466309e+00
2.231200188398361206e-01
7.481998950242996216e-02
-3.257285654544830322e-01
1.114430800080299377e-01
-1.139746189117431641e+00
-2.669909596443176270e-01
3.180347084999084473e-01
-5.001703500747680664e-01
-8.624045550823211670e-02
-7.238730788230895996e-01
4.238916635513305664e-01
3.206177055835723877e-01
4.721781909465789795e-01
1.132468938827514648e+00
4.166039228439331055e-01
9.734298586845397949e-01
1.637351810932159424e-01
8.274130821228027344e-01
3.925664722919464111e-01
nan
nan
nan
nan
-5.612192153930664062e-01
9.899845123291015625e-01
1.788740873336791992e+00
-6.984827667474746704e-02
1.601392626762390137e+00
5.715907216072082520e-01
7.185342162847518921e-02
-4.002752602100372314e-01
-1.345542788505554199e+00
-4.729835093021392822e-01
4.022423028945922852e-01
6.139144897460937500e-01
1.167375296354293823e-01
3.191740512847900391e-01
7.112455368041992188e-01
2.424850761890411377e-01
7.755132317543029785e-01
2.614775300025939941e-01
-1.417077183723449707e+00
-5.354359149932861328e-01
-2.186992019414901733e-01
3.098652362823486328e-01
-2.937847673892974854e-01
-3.463693857192993164e-01
-7.781382203102111816e-01
1.938776224851608276e-01
1.729582071304321289e+00
-4.503442645072937012e-01
nan
nan
nan
nan
-5.987725257873535156e-01
-7.813470065593719482e-02
2.348731644451618195e-02
3.266620635986328125e-01
-1.496056199073791504e+00
-4.120700657367706299e-01
-4.419268071651458740e-01
-1.696975111961364746e+00
6.216082349419593811e-02
5.787931382656097412e-03
-1.108206734061241150e-01
3.901610374450683594e-01
1.424649953842163086e+00
-2.408713251352310181e-01
-1.263196587562561035e+00
-8.275228738784790039e-01
-3.690351247787475586e-01
-2.540370225906372070e-01
2.343583554029464722e-01
4.796908795833587646e-01
3.259320855140686035e-01
9.325892925262451172e-01
6.096094846725463867e-01
4.705504477024078369e-01
9.524970650672912598e-01
-4.926441311836242676e-01
-7.829191684722900391e-01
3.077892214059829712e-02
nan
nan
nan
nan
1.496876031160354614e-01
1.729214191436767578e-01
5.594506859779357910e-01
-5.847122669219970703e-01
-3.789915740489959717e-01
2.171638906002044678e-01
-1.343821525573730469e+00
-2.366970330476760864e-01
-1.436236500740051270e-01
-1.242517381906509399e-01
1.393845118582248688e-02
-4.776240587234497070e-01
2.333521604537963867e+00
-1.011704683303833008e+00
8.496636152267456055e-01
-7.332500815391540527e-02
-7.862635254859924316e-01
4.028184711933135986e-01
2.762996405363082886e-02
-2.475579828023910522e-01
7.416749000549316406e-01
-6.350312232971191406e-01
5.992485880851745605e-01
-7.681722044944763184e-01
1.720150470733642578e+00
-6.132102012634277344e-01
1.077758669853210449e+00
5.807169079780578613e-01
nan
nan
nan
nan
-4.419904574751853943e-02
7.985329031944274902e-01
-6.751406788825988770e-01
-1.910998523235321045e-01
-3.404555916786193848e-01
-6.086877584457397461e-01
1.481880664825439453e+00
2.396291643381118774e-01
-2.234807796776294708e-02
-8.925510570406913757e-03
-3.125865757465362549e-01
-1.517930030822753906e-01
-6.557697057723999023e-01
2.746367454528808594e-01
7.930839657783508301e-01
6.445903778076171875e-01
6.590291857719421387e-01
-6.901091337203979492e-01
3.852087631821632385e-02
-1.373070716857910156e+00
-9.983350336551666260e-02
-4.601418077945709229e-01
3.913415968418121338e-01
4.143544659018516541e-02
-2.956065535545349121e-01
2.233012318611145020e-01
3.658334314823150635e-01
4.082690477371215820e-01
nan
nan
nan
nan
-6.616795063018798828e-01
-1.197319105267524719e-01
3.071125149726867676e-01
-2.985017895698547363e-01
1.279720902442932129e+00
-6.163390874862670898e-01
-4.212927520275115967e-01
-5.282992124557495117e-02
9.574013352394104004e-01
-5.532791018486022949e-01
1.190437227487564087e-01
-5.330781936645507812e-01
3.284122645854949951e-01
1.325628161430358887e-01
6.202806234359741211e-01
-3.492027223110198975e-01
8.634383082389831543e-01
-5.346465110778808594e-02
-9.872394055128097534e-02
-1.985842227935791016e+00
1.346260786056518555e+00
-2.366876602172851562e-02
1.520258281379938126e-02
-5.158997774124145508e-01
-3.202787935733795166e-01
1.893322914838790894e-01
9.997391104698181152e-01
-6.931664943695068359e-01
nan
nan
nan
nan
-9.560077786445617676e-01
6.434030532836914062e-01
-3.228147923946380615e-01
1.870669275522232056e-01
-6.710446476936340332e-01
5.162814855575561523e-01
-3.332014083862304688e-01
-8.139114081859588623e-02
-9.145062416791915894e-02
-6.917985677719116211e-01
-8.471812009811401367e-01
1.344920694828033447e-02
1.957740545272827148e+00
-6.428835988044738770e-01
-1.561375856399536133e-01
-6.987894773483276367e-01
-1.093411087989807129e+00
2.056366577744483948e-02
4.725967049598693848e-01
1.806961745023727417e-01
2.265485376119613647e-01
-8.905830979347229004e-01
-1.961276531219482422e-01
2.707975804805755615e-01
-2.746677994728088379e-01
1.797274649143218994e-01
-1.245145440101623535e+00
-8.243394494056701660e-01
nan
nan
nan
nan
1.594510912895202637e+00
-5.576146245002746582e-01
-3.302137255668640137e-01
6.864400207996368408e-02
1.285014033317565918e+00
nan
-8.180100917816162109e-01
5.035079717636108398e-01
8.378371000289916992e-01
-1.440259516239166260e-01
-4.410686492919921875e-01
3.047850131988525391e-01
-2.797670960426330566e-01
-5.689530968666076660e-01
-2.895091660320758820e-02
-5.725105404853820801e-01
-1.857089251279830933e-01
-2.929863333702087402e-01
3.813915550708770752e-01
1.858508586883544922e-01
-1.322197079658508301e+00
-4.421853423118591309e-01
1.088977813720703125e+00
-1.230432316660881042e-01
-1.396072655916213989e-01
-1.111011743545532227e+00
-7.707847952842712402e-01
7.789385318756103516e-01
nan
nan
