nan
nan
8.906226754188537598e-01
-4.966756105422973633e-01
-2.639085352420806885e-01
2.138377577066421509e-01
9.574229121208190918e-01
-8.427376747131347656e-01
-2.894580066204071045e-01
3.008886575698852539e-01
1.219381093978881836e+00
2.754777371883392334e-01
7.343550920486450195e-01
-3.807572647929191589e-02
4.460558891296386719e-01
-2.455851793289184570e+00
-5.144814848899841309e-01
7.364355921745300293e-01
1.205937862396240234e+00
-6.660918593406677246e-01
-5.174651741981506348e-01
-9.610080718994140625e-01
5.417873859405517578e-01
9.199990630149841309e-01
-1.403071731328964233e-01
4.912376403808593750e-01
-5.173085331916809082e-01
6.422667503356933594e-01
4.266551136970520020e-01
-8.749659061431884766e-01
nan
nan
nan
nan
-2.645489931106567383e+00
-8.639161586761474609e-01
6.136502027511596680e-01
1.293902277946472168e+00
-1.587473005056381226e-01
-9.552799463272094727e-01
7.126576304435729980e-01
9.019989371299743652e-01
-4.346677064895629883e-01
7.430472373962402344e-01
-8.159756064414978027e-01
5.680870413780212402e-01
-6.915355324745178223e-01
1.806630343198776245e-01
-1.091346621513366699e+00
1.255174875259399414e+00
6.959394216537475586e-01
-2.282374948263168335e-01
-8.619249612092971802e-02
4.952171742916107178e-01
1.458168864250183105e+00
-1.489207029342651367e+00
-2.609866857528686523e-01
-1.736845821142196655e-01
9.582886695861816406e-01
7.555841207504272461e-01
-1.028139233589172363e+00
3.531115651130676270e-01
nan
nan
nan
nan
-7.009684443473815918e-01
-8.278039097785949707e-01
-3.835329413414001465e-01
1.046884536743164062e+00
-1.565201401710510254e+00
-6.925069689750671387e-01
-2.128274917602539062e+00
-2.104553729295730591e-01
7.800432443618774414e-01
1.523864567279815674e-01
5.298548936843872070e-01
-9.738500416278839111e-02
6.721078604459762573e-02
-1.712200045585632324e-02
3.186208307743072510e-01
3.548700734972953796e-02
1.813415139913558960e-01
6.641624122858047485e-02
-4.613989591598510742e-01
-4.642090201377868652e-01
-1.687025666236877441e+00
6.924119591712951660e-01
-1.025653243064880371e+00
-2.564361691474914551e-01
-5.778661370277404785e-01
8.647532463073730469e-01
6.772850155830383301e-01
5.328199267387390137e-01
nan
nan
nan
nan
5.699655413627624512e-01
-1.858608424663543701e-01
-1.163863062858581543e+00
4.537070691585540771e-01
2.671733498573303223e-02
-1.613852083683013916e-01
-4.830418825149536133e-01
7.859287858009338379e-01
-1.241904377937316895e+00
-2.458717375993728638e-01
-1.520269036293029785e+00
3.295728564262390137e-01
7.692272961139678955e-02
5.572224855422973633e-01
1.312324851751327515e-01
5.848132967948913574e-01
1.088184237480163574e+00
1.001754760742187500e+00
1.728767395019531250e+00
1.808667182922363281e-01
9.655386805534362793e-01
4.271101355552673340e-01
2.086670160293579102e+00
-2.740698754787445068e-01
-1.585124492645263672e+00
-1.874338030815124512e+00
-7.626462578773498535e-01
-1.409757375717163086e+00
nan
nan
nan
nan
-1.327146738767623901e-01
9.221832752227783203e-01
4.647009670734405518e-01
2.998350262641906738e-01
8.778150677680969238e-01
-2.608538269996643066e-01
9.867926239967346191e-01
6.378362774848937988e-01
4.405878484249114990e-01
-1.110215783119201660e+00
-3.304424881935119629e-01
-8.379163742065429688e-01
-5.677213072776794434e-01
5.768924355506896973e-01
4.328057765960693359e-01
1.104193478822708130e-01
7.654896974563598633e-01
6.635363101959228516e-01
5.827328562736511230e-01
1.100732162594795227e-01
-6.711577177047729492e-01
1.696223020553588867e+00
8.474219441413879395e-01
1.161020040512084961e+00
-2.214647054672241211e+00
-3.580483198165893555e-01
4.743405878543853760e-01
7.765439748764038086e-01
nan
nan
nan
nan
1.426786780357360840e-01
1.141219213604927063e-01
1.116302251815795898e+00
9.029625058174133301e-01
7.513720989227294922e-01
8.101665377616882324e-01
-2.146133631467819214e-01
7.403419017791748047e-01
-6.798562407493591309e-01
-9.674546122550964355e-01
4.676604568958282471e-01
6.832208484411239624e-02
3.832972347736358643e-01
-1.924079179763793945e+00
-2.959563732147216797e-01
-4.242880344390869141e-01
-4.107947349548339844e-01
-5.502740740776062012e-01
-7.559098601341247559e-01
1.105888858437538147e-01
-3.154905438423156738e-01
-1.060673236846923828e+00
-5.166484713554382324e-01
-4.104085564613342285e-01
2.084920108318328857e-01
-1.567007303237915039e+00
-6.955861449241638184e-01
3.076099157333374023e-01
nan
nan
nan
nan
-8.092231154441833496e-01
-1.288015842437744141e+00
-7.149448394775390625e-01
9.052404761314392090e-01
-1.194694757461547852e+00
5.573405623435974121e-01
-4.761138558387756348e-01
-4.188227951526641846e-01
1.672018289566040039e+00
3.629678189754486084e-01
-1.291441202163696289e+00
8.147187232971191406e-01
9.296961426734924316e-01
2.701817154884338379e-01
-3.517171442508697510e-01
1.642329692840576172e-01
1.213612705469131470e-01
7.608092427253723145e-01
-1.060706853866577148e+00
4.289503395557403564e-01
8.381199836730957031e-01
1.336991429328918457e+00
-2.841796278953552246e-01
-2.047465741634368896e-01
7.834132015705108643e-02
-7.073606848716735840e-01
-4.160451292991638184e-01
1.271438002586364746e+00
nan
nan
nan
nan
-5.764338970184326172e-01
1.395544409751892090e-01
-1.205719947814941406e+00
1.045451283454895020e+00
-8.707466721534729004e-01
3.804229795932769775e-01
4.229651689529418945e-01
-6.616950631141662598e-01
-1.541880726814270020e+00
-4.021301269531250000e-01
4.913986027240753174e-01
3.774366080760955811e-01
5.993193984031677246e-01
9.897232055664062500e-02
7.559627294540405273e-01
1.528811901807785034e-01
-1.344343274831771851e-01
4.284738004207611084e-01
-4.584847688674926758e-01
-6.211512684822082520e-01
9.665912389755249023e-01
2.154454290866851807e-01
5.437617301940917969e-01
-5.483723878860473633e-01
-1.042719483375549316e+00
-1.134562492370605469e+00
-3.577471375465393066e-01
-9.260879158973693848e-01
nan
nan
nan
nan
-3.367344439029693604e-01
3.664207756519317627e-01
-1.522541195154190063e-01
-5.623525008559226990e-02
-1.392018079757690430e+00
-7.364753484725952148e-01
1.682788610458374023e+00
4.629304111003875732e-01
1.616590470075607300e-01
-1.953794658184051514e-01
-1.797175407409667969e-02
2.108855247497558594e+00
-1.445502996444702148e+00
-5.767794251441955566e-01
-6.556965708732604980e-01
5.489495396614074707e-01
-7.644816637039184570e-01
-7.644745707511901855e-01
3.267039954662322998e-01
-1.478211998939514160e+00
7.186043262481689453e-02
-8.356043100357055664e-01
-2.998243868350982666e-01
-4.725116789340972900e-01
-8.188818693161010742e-01
1.297241330146789551e+00
-5.024263858795166016e-01
-3.061915636062622070e-01
nan
nan
nan
nan
9.052074514329433441e-03
1.216457411646842957e-01
-2.816517651081085205e-01
-1.882633924484252930e+00
-1.653430797159671783e-02
1.899979829788208008e+00
3.790933787822723389e-01
1.956055015325546265e-01
7.055558562278747559e-01
-8.200452923774719238e-01
6.696298718452453613e-01
-8.436164259910583496e-02
4.684223830699920654e-01
5.241521000862121582e-01
4.215649068355560303e-01
-2.442677915096282959e-01
7.211348414421081543e-01
-1.794247627258300781e-01
2.312722444534301758e+00
9.015533328056335449e-01
-1.071408390998840332e+00
4.285807311534881592e-01
9.676516056060791016e-01
1.608425825834274292e-01
-2.485144287347793579e-01
-1.437474250793457031e+00
1.404868841171264648e+00
1.269776374101638794e-01
nan
nan
nan
nan
-9.084258079528808594e-01
-1.522297412157058716e-01
-1.717501319944858551e-02
-7.643041014671325684e-01
8.209444880485534668e-01
-4.055473208427429199e-01
-3.266082704067230225e-01
6.780592203140258789e-01
-1.300828695297241211e+00
-9.891534447669982910e-01
-1.251181483268737793e+00
-3.800252974033355713e-01
-5.293979644775390625e-01
-6.120758056640625000e-01
-1.417562127113342285e+00
-6.504020094871520996e-01
-8.896322920918464661e-03
-8.541000485420227051e-01
-5.090741515159606934e-01
1.741291284561157227e-01
-3.497551381587982178e-01
-7.832676768302917480e-01
2.068765878677368164e+00
-6.848243474960327148e-01
-7.199928164482116699e-01
3.977485001087188721e-02
-3.476044237613677979e-01
-1.672192692756652832e+00
nan
nan
nan
nan
1.558754324913024902e+00
4.151490926742553711e-01
1.077907562255859375e+00
8.102393746376037598e-01
-2.465020120143890381e-01
-4.921179115772247314e-01
2.221101820468902588e-01
9.759888648986816406e-01
2.371842712163925171e-01
4.889633655548095703e-01
-5.178426578640937805e-02
-3.691028356552124023e-01
2.007249593734741211e+00
-3.701991140842437744e-01
-1.554394215345382690e-01
-6.964932084083557129e-01
-7.065601348876953125e-01
-8.897265195846557617e-01
-3.089156448841094971e-01
5.418682098388671875e-01
-1.160017102956771851e-01
1.301830768585205078e+00
-1.123875193297863007e-02
9.036052823066711426e-01
1.091893553733825684e+00
-1.555335074663162231e-01
1.020188570022583008e+00
-2.230393141508102417e-01
nan
nan
nan
nan
-8.578988313674926758e-01
-7.437788844108581543e-01
-4.772362112998962402e-01
-3.221260309219360352e-01
-3.554736673831939697e-01
5.904679298400878906e-01
-4.533919692039489746e-01
-2.919809222221374512e-01
1.307995796203613281e+00
1.495545864105224609e+00
-5.366935580968856812e-02
9.506942331790924072e-02
6.629677116870880127e-02
-5.003335475921630859e-01
1.036150231957435608e-01
6.553699970245361328e-01
7.623358368873596191e-01
7.993265390396118164e-01
1.139180734753608704e-02
1.717738807201385498e-01
3.845672309398651123e-01
4.781833291053771973e-02
-1.231768131256103516e+00
6.280478239059448242e-01
-7.588237058371305466e-04
1.064234152436256409e-01
-5.726941823959350586e-01
7.388504743576049805e-01
nan
nan
nan
nan
2.063269376754760742e+00
-1.674014687538146973e+00
-1.683296203613281250e+00
-1.125428527593612671e-01
-4.345622658729553223e-01
-4.049223959445953369e-01
6.538936495780944824e-01
2.069047540426254272e-01
7.161130756139755249e-02
-1.298766851425170898e+00
-6.528864502906799316e-01
5.412057042121887207e-01
-1.061141490936279297e+00
-1.146818637847900391e+00
6.880033612251281738e-01
-4.351655244827270508e-01
-1.167691946029663086e+00
8.986401371657848358e-03
-1.812074482440948486e-01
5.776401758193969727e-01
6.276108622550964355e-01
-1.313008308410644531e+00
3.019337058067321777e-01
-1.582707524299621582e+00
-9.101538658142089844e-01
-2.454491555690765381e-01
3.332542181015014648e-01
-5.256202816963195801e-01
nan
nan
nan
nan
3.369421660900115967e-01
-5.587682127952575684e-01
4.711341112852096558e-03
3.560802340507507324e-01
-7.300135493278503418e-01
-2.576713263988494873e-01
7.611346244812011719e-01
-2.027126073837280273e+00
1.005592107772827148e+00
-5.866361409425735474e-02
1.241174459457397461e+00
1.764048933982849121e+00
6.853332519531250000e-01
-6.672701835632324219e-01
-1.049618422985076904e-01
-1.228979587554931641e+00
7.780905365943908691e-01
6.132749319076538086e-01
5.117177367210388184e-01
1.017884135246276855e+00
-1.036888360977172852e+00
2.202533632516860962e-01
-4.436123073101043701e-01
1.494059264659881592e-01
2.396749854087829590e-01
1.401231735944747925e-01
-1.217070698738098145e+00
1.607345044612884521e-01
nan
nan
nan
nan
1.122518703341484070e-01
-8.823962211608886719e-01
-3.450460731983184814e-01
6.775322556495666504e-01
7.665525376796722412e-02
-9.341176152229309082e-01
-7.633672356605529785e-01
-1.704218238592147827e-01
2.973271012306213379e-01
1.865285038948059082e+00
-1.561931490898132324e+00
-2.227492034435272217e-01
-7.032889127731323242e-01
9.458099491894245148e-03
5.045484304428100586e-01
-1.859592646360397339e-01
-4.905495047569274902e-01
3.268427848815917969e-01
-6.362214684486389160e-01
-1.511520445346832275e-01
-7.852377295494079590e-01
-2.112257182598114014e-01
-6.906511783599853516e-01
1.487926840782165527e-01
1.193944454193115234e+00
4.424080550670623779e-01
-1.754188299179077148e+00
-2.010222077369689941e-01
nan
nan
nan
nan
3.409027755260467529e-01
-6.669340133666992188e-01
-9.345247745513916016e-01
-7.770938873291015625e-01
-1.473977565765380859e+00
-2.843563854694366455e-01
7.024608850479125977e-01
-3.890660703182220459e-01
1.303428173065185547e+00
2.591016590595245361e-01
-9.096117615699768066e-01
-6.489628553390502930e-01
6.835669875144958496e-01
-4.930094778537750244e-01
1.537836641073226929e-01
1.437842130661010742e+00
1.026433892548084259e-02
-3.895693123340606689e-01
2.618708908557891846e-01
-1.452910155057907104e-01
-6.236500740051269531e-01
-4.436172544956207275e-01
-3.720266744494438171e-02
-1.402860641479492188e+00
-8.447708189487457275e-02
-8.105744123458862305e-01
-4.910398647189140320e-02
-2.784612774848937988e-01
nan
nan
nan
nan
5.816251039505004883e-03
-4.873979687690734863e-01
-1.747817754745483398e+00
-2.341141253709793091e-01
1.122739791870117188e+00
-6.145638227462768555e-01
-1.070079565048217773e+00
7.609775662422180176e-02
-2.593691945075988770e-01
-9.917989373207092285e-01
1.289808750152587891e+00
-5.109674930572509766e-01
-9.481915235519409180e-01
4.998965859413146973e-01
-1.007590889930725098e+00
1.045219600200653076e-01
-4.138333499431610107e-01
-1.644285678863525391e+00
-7.431634515523910522e-02
-1.143289923667907715e+00
7.041062414646148682e-02
1.444705367088317871e+00
-5.264367461204528809e-01
-1.217747569084167480e+00
-1.800434708595275879e+00
-2.938079535961151123e-01
3.944662511348724365e-01
-1.164674997329711914e+00
nan
nan
nan
nan
1.446981430053710938e+00
-1.677267432212829590e+00
1.283608555793762207e+00
-5.741249322891235352e-01
-1.736864328384399414e+00
-4.304271936416625977e-01
-1.305039227008819580e-01
1.052405118942260742e+00
-8.096560835838317871e-02
-4.359031021595001221e-01
-1.616494536399841309e+00
1.064187049865722656e+00
1.265525519847869873e-01
1.907219290733337402e-01
-1.471140861511230469e+00
4.960241913795471191e-01
1.908609271049499512e-01
-2.715305685997009277e-01
3.501889705657958984e-01
-2.007604539394378662e-01
3.665834665298461914e-01
1.758277267217636108e-01
3.614380955696105957e-01
9.950118660926818848e-01
5.732373595237731934e-01
-2.177905559539794922e+00
-7.225072979927062988e-01
2.156028151512145996e-01
nan
nan
nan
nan
-1.617934942245483398e+00
-5.133518576622009277e-01
-4.670084118843078613e-01
-6.498056054115295410e-01
1.745052188634872437e-01
-5.902069807052612305e-01
-3.354300856590270996e-01
-1.582716107368469238e-01
-1.089250564575195312e+00
-1.149466633796691895e+00
1.507974147796630859e+00
-5.829004049301147461e-01
3.525250852108001709e-01
5.937399268150329590e-01
-1.821921348571777344e+00
-2.078888863325119019e-01
-7.366418838500976562e-02
-1.412714600563049316e+00
4.689948558807373047e-01
-8.867536783218383789e-01
-6.793386340141296387e-01
-1.143353462219238281e+00
7.559971809387207031e-01
-1.117412447929382324e+00
6.989436149597167969e-01
2.067710608243942261e-01
-2.823895514011383057e-01
-9.490669369697570801e-01
nan
nan
nan
nan
-1.195694804191589355e-01
6.193572878837585449e-01
6.248122081160545349e-02
2.754592597484588623e-01
-1.182954683899879456e-01
1.006738305091857910e+00
-2.362731695175170898e-01
4.297442138195037842e-01
1.789582967758178711e-01
-9.023703932762145996e-01
-4.409432038664817810e-02
5.747509002685546875e-01
-8.149745464324951172e-01
3.385187685489654541e-02
-1.656970262527465820e+00
-1.126702427864074707e-01
-6.675888299942016602e-01
-9.948005676269531250e-01
-9.400361180305480957e-01
1.069683432579040527e-01
3.701861798763275146e-01
5.832716822624206543e-01
2.317081540822982788e-01
-1.666110277175903320e+00
-1.282721664756536484e-02
1.156694650650024414e+00
-3.742552697658538818e-01
-4.945893883705139160e-01
nan
nan
nan
nan
-2.308350056409835815e-03
-7.641776651144027710e-02
1.764985084533691406e+00
-3.295956552028656006e-01
-8.244108408689498901e-02
-9.100108146667480469e-01
-1.291252970695495605e+00
-6.628298759460449219e-01
1.440595626831054688e+00
-5.659325122833251953e-01
2.463940978050231934e-01
9.529377222061157227e-01
-8.383749127388000488e-01
-3.917574584484100342e-01
4.249101504683494568e-02
-1.702096223831176758e+00
-1.014984399080276489e-01
-1.467321813106536865e-01
-8.462806940078735352e-01
-4.667199552059173584e-01
-8.493210077285766602e-01
4.164082407951354980e-01
7.062482833862304688e-02
4.634203910827636719e-01
-5.464026331901550293e-01
-7.491752505302429199e-01
-1.977401822805404663e-01
2.248508334159851074e-01
nan
nan
nan
nan
1.337689310312271118e-01
-1.133750796318054199e+00
-2.899092733860015869e-01
2.073183655738830566e-01
-3.687203228473663330e-01
-4.926950633525848389e-01
3.435304760932922363e-01
5.716489553451538086e-01
-9.776837825775146484e-01
1.553617138415575027e-02
-3.988274633884429932e-01
-5.012976527214050293e-01
1.327494740486145020e+00
-6.267961263656616211e-01
6.812705993652343750e-01
6.823094934225082397e-02
-8.539096117019653320e-01
-8.361010551452636719e-01
-8.989336490631103516e-01
-2.234925143420696259e-02
-9.947248101234436035e-01
-6.831771731376647949e-01
-1.059849619865417480e+00
1.493885874748229980e+00
-4.126329720020294189e-02
-2.266337871551513672e-01
4.247821867465972900e-01
3.473127484321594238e-01
nan
nan
nan
nan
-4.076571166515350342e-01
1.531195193529129028e-01
-7.473338246345520020e-01
4.332230389118194580e-01
1.103028178215026855e+00
nan
-1.507893800735473633e+00
2.692600786685943604e-01
-5.210862755775451660e-01
-5.923752188682556152e-01
-1.639727950096130371e+00
-3.017806112766265869e-01
1.015079379081726074e+00
1.198375344276428223e+00
-6.660943627357482910e-01
9.799996018409729004e-01
8.969818800687789917e-02
7.590752243995666504e-01
7.403340935707092285e-01
-3.620196580886840820e-01
-6.256221532821655273e-01
1.497633814811706543e+00
9.192349314689636230e-01
-4.270275235176086426e-01
8.749024868011474609e-01
-8.586076498031616211e-01
-6.549325585365295410e-01
1.322935104370117188e+00
nan
nan
