nan
nan
-2.748413085937500000e-01
5.372079014778137207e-01
7.633634805679321289e-01
8.038699626922607422e-02
5.203782916069030762e-01
-1.084857225418090820e+00
5.128898620605468750e-01
3.733094036579132080e-01
-3.928893804550170898e-01
1.361932978034019470e-02
1.288431763648986816e+00
1.619154363870620728e-01
-3.778316378593444824e-01
-9.772109389305114746e-01
1.535476565361022949e+00
-2.023551464080810547e+00
-3.004185259342193604e-01
1.642764508724212646e-01
2.724152207374572754e-01
1.708946377038955688e-01
6.102497577667236328e-01
3.990734517574310303e-01
2.881560288369655609e-02
-8.260037899017333984e-01
1.933078020811080933e-01
-2.147993564605712891e+00
1.179992198944091797e+00
4.215098619461059570e-01
nan
nan
nan
nan
7.195943593978881836e-01
-7.590887546539306641e-01
3.781957924365997314e-01
-1.133495211601257324e+00
6.378609538078308105e-01
8.537424802780151367e-01
-4.609297215938568115e-01
-5.761571526527404785e-01
5.706059932708740234e-01
3.692477047443389893e-01
-1.252743363380432129e+00
-9.808478951454162598e-01
1.377669870853424072e-01
-4.550898075103759766e-01
1.734856367111206055e+00
1.197634696960449219e+00
8.440364003181457520e-01
1.015368103981018066e+00
7.656273841857910156e-01
3.202720284461975098e-01
-6.249226927757263184e-01
-3.908253014087677002e-01
1.754693388938903809e-01
-8.551989793777465820e-01
-3.816411271691322327e-02
1.205041527748107910e+00
-9.215676188468933105e-01
-1.209697484970092773e+00
nan
nan
nan
nan
1.687219142913818359e-01
-4.343341886997222900e-01
1.362494111061096191e+00
-2.364941537380218506e-01
2.925843298435211182e-01
3.960291743278503418e-01
3.144587278366088867e-01
-9.583033323287963867e-01
-2.441293448209762573e-01
7.790130563080310822e-03
3.905312120914459229e-01
-3.745919466018676758e-01
1.057170271873474121e+00
-1.102830767631530762e+00
-2.632591128349304199e-01
-6.400997042655944824e-01
4.486577808856964111e-01
4.605360627174377441e-01
-1.111294507980346680e+00
6.455763429403305054e-02
-5.659363269805908203e-01
-2.484418004751205444e-01
-1.581452190876007080e-01
1.415296792984008789e-01
-1.591883778572082520e+00
-3.077336549758911133e-01
6.690600514411926270e-01
1.418440341949462891e-01
nan
nan
nan
nan
2.239742130041122437e-01
6.933818012475967407e-02
7.568416595458984375e-01
7.090552449226379395e-01
6.638694554567337036e-02
2.251215577125549316e-01
-6.282238364219665527e-01
-2.654558420181274414e-01
1.823004961013793945e+00
-1.181811094284057617e+00
-1.276451647281646729e-01
6.738716363906860352e-01
1.803324580192565918e+00
-7.191701233386993408e-02
-4.636469483375549316e-01
-7.793109416961669922e-01
2.979869246482849121e-01
1.065925717353820801e+00
-6.272981762886047363e-01
-6.389714479446411133e-01
-1.068882942199707031e+00
-4.305773973464965820e-01
-2.712015993893146515e-02
-6.464055776596069336e-01
-1.745576262474060059e-01
-9.122739434242248535e-01
-9.179583787918090820e-01
-1.702632427215576172e+00
nan
nan
nan
nan
2.592896819114685059e-01
7.870908975601196289e-01
-8.948216438293457031e-01
-1.084957242012023926e+00
1.133094802498817444e-01
-6.037940382957458496e-01
-2.377655744552612305e+00
5.309095978736877441e-01
3.111843764781951904e-01
5.664158463478088379e-01
-1.099258065223693848e+00
1.020486116409301758e+00
-5.188005566596984863e-01
4.031224921345710754e-02
6.714458465576171875e-01
-6.890259385108947754e-01
2.015464603900909424e-01
-2.779689729213714600e-01
-8.077372908592224121e-01
1.332514733076095581e-01
1.220607519149780273e+00
-9.407603740692138672e-01
7.790227532386779785e-01
-3.007560968399047852e-01
-6.939299106597900391e-01
-3.938557505607604980e-01
-1.687949299812316895e-01
-6.422062516212463379e-01
nan
nan
nan
nan
-1.692893654108047485e-01
-6.832239031791687012e-01
1.355275213718414307e-01
1.801075935363769531e-01
-6.746802926063537598e-01
-1.681955754756927490e-01
1.297727465629577637e+00
5.784397721290588379e-01
-1.005409598350524902e+00
7.188810110092163086e-01
4.051712453365325928e-01
-9.839719533920288086e-02
-3.397704064846038818e-01
3.827110826969146729e-01
6.501782536506652832e-01
-9.998190402984619141e-01
1.611711680889129639e-01
3.332917392253875732e-01
-8.006802201271057129e-01
5.527065992355346680e-01
-1.482352614402770996e+00
-1.577528953552246094e+00
3.013443052768707275e-01
-7.364882826805114746e-01
1.652881354093551636e-01
-1.041995167732238770e+00
6.989294886589050293e-01
5.502116084098815918e-01
nan
nan
nan
nan
-2.378303706645965576e-01
2.534610927104949951e-01
-5.784022808074951172e-01
-2.830328941345214844e-01
-1.261919260025024414e+00
-6.247004866600036621e-01
-9.831802845001220703e-01
6.392044425010681152e-01
-1.560901999473571777e-01
-9.198576807975769043e-01
1.332091331481933594e+00
1.886281132698059082e+00
1.756220608949661255e-01
1.714553087949752808e-01
2.789619565010070801e-02
-6.875305771827697754e-01
1.416375488042831421e-01
5.243547558784484863e-01
-4.170056581497192383e-01
1.540678977966308594e+00
-1.675693273544311523e+00
5.112000107765197754e-01
4.923207163810729980e-01
3.385866284370422363e-01
1.483649969100952148e+00
-1.546123504638671875e+00
-6.397851705551147461e-01
4.877657890319824219e-01
nan
nan
nan
nan
5.600475072860717773e-01
-1.946474313735961914e-01
8.010681867599487305e-01
5.264402627944946289e-01
-2.108256071805953979e-01
-3.142692744731903076e-01
-7.466166019439697266e-01
-3.141119480133056641e-01
-1.912866532802581787e-01
-2.257939338684082031e+00
-1.023811697959899902e+00
1.788536190986633301e+00
1.061784386634826660e+00
-1.044020503759384155e-01
-1.528287529945373535e+00
7.578245401382446289e-01
1.768083572387695312e+00
9.471442103385925293e-01
-3.870696723461151123e-01
4.418951272964477539e-01
2.479503750801086426e-01
1.181379482150077820e-01
-4.183925688266754150e-01
-4.971827268600463867e-01
-2.162109017372131348e-01
-1.400563955307006836e+00
5.418042540550231934e-01
4.307025969028472900e-01
nan
nan
nan
nan
7.647288441658020020e-01
-5.074564218521118164e-01
-1.090203762054443359e+00
-5.487582683563232422e-01
1.924263536930084229e-01
-9.704128503799438477e-01
5.598069429397583008e-01
-1.045025467872619629e+00
1.205499768257141113e+00
-8.952647447586059570e-02
-3.133339881896972656e-01
3.269377946853637695e-01
-1.151613712310791016e+00
1.256224274635314941e+00
9.387552738189697266e-02
-4.322963654994964600e-01
2.457968592643737793e-01
-1.021698117256164551e+00
3.985942304134368896e-01
4.895702302455902100e-01
1.280842065811157227e+00
8.651204705238342285e-01
7.703037261962890625e-01
-8.169241547584533691e-01
-8.855054974555969238e-01
-4.679060876369476318e-01
-9.429763555526733398e-01
5.980174541473388672e-01
nan
nan
nan
nan
2.970002293586730957e-01
1.856527030467987061e-01
-1.189743399620056152e+00
-1.975633203983306885e-01
-9.978595972061157227e-01
6.322995424270629883e-01
-2.263003289699554443e-01
-3.389894366264343262e-01
4.433437585830688477e-01
6.265998482704162598e-01
-8.636432141065597534e-02
1.289686411619186401e-01
-8.230466842651367188e-01
4.216482043266296387e-01
-1.243435263633728027e+00
-6.874576807022094727e-01
-1.428409934043884277e+00
5.250167250633239746e-01
-3.003688752651214600e-01
1.894275784492492676e+00
-7.902523875236511230e-01
2.870874702930450439e-01
-8.099578619003295898e-01
-6.503048539161682129e-02
1.747619271278381348e+00
1.793980151414871216e-01
-2.628380656242370605e-01
-3.590395748615264893e-01
nan
nan
nan
nan
-8.791576027870178223e-01
-1.250711917877197266e+00
-3.866826370358467102e-02
7.775375843048095703e-01
-9.432514905929565430e-01
-8.773100376129150391e-01
-7.468619346618652344e-01
1.946099162101745605e+00
-8.635405898094177246e-01
3.699699938297271729e-01
-1.546622514724731445e-01
7.950379848480224609e-01
1.080251455307006836e+00
7.177703380584716797e-01
-7.620050907135009766e-01
-5.319466590881347656e-01
3.420608341693878174e-01
-2.041167914867401123e-01
-4.254110753536224365e-01
4.935382306575775146e-01
8.034945130348205566e-01
3.128819763660430908e-01
-1.223129510879516602e+00
8.539073467254638672e-01
-1.218278408050537109e+00
-2.388653308153152466e-01
-1.381227254867553711e+00
-4.325773119926452637e-01
nan
nan
nan
nan
-3.966955244541168213e-01
-2.829518616199493408e-01
1.330795288085937500e-01
9.573607444763183594e-01
-2.782160341739654541e-01
-7.398560643196105957e-01
6.596130132675170898e-01
-1.020375490188598633e+00
5.274912118911743164e-01
1.410104036331176758e-01
-9.036343097686767578e-01
-1.573855161666870117e+00
-3.644036054611206055e-01
-9.789838790893554688e-01
-1.060149192810058594e+00
-5.191314220428466797e-01
-3.866737484931945801e-01
1.132730245590209961e-01
5.117661952972412109e-01
-3.093499243259429932e-01
2.940829098224639893e-01
-2.395529299974441528e-01
2.222538925707340240e-02
-2.127285480499267578e+00
-1.106698036193847656e+00
-3.898339569568634033e-01
1.272638607770204544e-02
-5.298025608062744141e-01
nan
nan
nan
nan
4.140120744705200195e-01
-7.526408433914184570e-01
-6.821358203887939453e-01
-9.035344719886779785e-01
1.351313114166259766e+00
5.215919613838195801e-01
1.034891679883003235e-01
3.514188155531883240e-02
8.668421506881713867e-01
3.080794513225555420e-01
-7.051819562911987305e-01
-3.625706210732460022e-02
2.037462443113327026e-01
1.883086323738098145e+00
-7.280492782592773438e-01
8.342059850692749023e-01
4.411216080188751221e-01
1.540880560874938965e+00
-5.125192999839782715e-01
1.926191598176956177e-01
4.576649963855743408e-01
-1.373851299285888672e+00
-1.855350285768508911e-01
2.599946260452270508e-01
-2.014378607273101807e-01
-2.148307412862777710e-01
4.690176844596862793e-01
1.532449424266815186e-01
nan
nan
nan
nan
-3.156860470771789551e-01
2.162775844335556030e-01
1.199164390563964844e-01
-5.737190693616867065e-02
6.983368992805480957e-01
-6.157763004302978516e-01
-3.526674211025238037e-01
2.110874652862548828e-01
-5.457859039306640625e-01
5.383825302124023438e-01
-5.592316389083862305e-01
-5.315127968788146973e-01
-2.383818179368972778e-01
4.463344216346740723e-01
-8.832007646560668945e-01
-5.602388978004455566e-01
2.022406011819839478e-01
1.149180173873901367e+00
-1.014472171664237976e-01
-6.024463176727294922e-01
-4.222834706306457520e-01
1.064885973930358887e+00
-3.181884288787841797e-01
-1.846499919891357422e+00
6.664903163909912109e-01
-2.019919157028198242e-01
3.446001410484313965e-01
6.745483279228210449e-01
nan
nan
nan
nan
1.171096205711364746e+00
-5.364747047424316406e-01
-2.613318562507629395e-01
1.237135604023933411e-01
7.078914642333984375e-01
1.363081574440002441e+00
-1.535468816757202148e+00
1.521170139312744141e+00
-1.041553914546966553e-02
-3.891717791557312012e-01
2.632389068603515625e-01
-3.182069063186645508e-01
-2.198390245437622070e+00
-3.780701756477355957e-01
4.447105154395103455e-02
-1.195916533470153809e+00
-9.867631793022155762e-01
7.558237314224243164e-01
-2.650160193443298340e-01
-7.218369245529174805e-01
-6.363530158996582031e-01
-1.405180990695953369e-01
-7.437266111373901367e-01
3.387473523616790771e-01
1.871988028287887573e-01
-7.059313654899597168e-01
-9.105979204177856445e-01
2.219446450471878052e-01
nan
nan
nan
nan
1.332480907440185547e+00
8.604905009269714355e-02
-6.693617105484008789e-01
6.584508419036865234e-01
-2.887187600135803223e-01
1.624410897493362427e-01
-8.651548027992248535e-01
1.459047555923461914e+00
7.417764663696289062e-01
6.191419959068298340e-01
-3.070136904716491699e-01
8.198367357254028320e-01
6.316437125205993652e-01
-7.020190358161926270e-01
4.079656600952148438e-01
6.339933872222900391e-01
-1.075496554374694824e+00
-5.001205205917358398e-01
-7.275771349668502808e-02
-1.613049149513244629e+00
-6.328951120376586914e-01
1.662376821041107178e-01
7.720507383346557617e-01
8.203928470611572266e-01
-9.976221919059753418e-01
1.300492882728576660e+00
-4.939829111099243164e-01
-5.256968736648559570e-01
nan
nan
nan
nan
1.144826412200927734e+00
-1.053466200828552246e+00
1.090861678123474121e+00
1.053548604249954224e-01
7.104982733726501465e-01
8.718196749687194824e-01
-1.863589137792587280e-01
1.538942009210586548e-01
-7.247357368469238281e-01
9.750395417213439941e-01
5.691562891006469727e-01
1.140489935874938965e+00
2.838782072067260742e-01
6.397997494786977768e-03
-3.340432643890380859e-01
-7.465316653251647949e-01
-5.638501793146133423e-02
2.411543369293212891e+00
-4.422818422317504883e-01
3.511368036270141602e-01
-2.623588033020496368e-02
-2.188338786363601685e-01
-5.509146451950073242e-01
4.731065630912780762e-01
1.150419831275939941e+00
-9.633619189262390137e-01
-4.086090922355651855e-01
5.994406938552856445e-01
nan
nan
nan
nan
3.962430357933044434e-01
4.958764091134071350e-02
6.852836608886718750e-01
-1.568881571292877197e-01
7.818098366260528564e-02
1.202536821365356445e+00
3.424322605133056641e-01
-3.547715246677398682e-01
4.513391256332397461e-01
2.637103199958801270e-01
1.174445033073425293e+00
4.413153529167175293e-01
6.441562175750732422e-01
-4.431555867195129395e-01
-1.117911040782928467e-01
1.126932859420776367e+00
-3.991196453571319580e-01
-6.213313713669776917e-02
-4.717031717300415039e-01
-1.222605586051940918e+00
3.508009910583496094e-01
1.524982750415802002e-01
-2.749264538288116455e-01
2.668052017688751221e-01
-5.254538655281066895e-01
1.456936120986938477e+00
7.694389820098876953e-01
8.695821166038513184e-01
nan
nan
nan
nan
9.288393259048461914e-01
7.706478238105773926e-01
-1.385318994522094727e+00
-5.479199886322021484e-01
-1.732358485460281372e-01
-1.842015683650970459e-01
-1.470059514045715332e+00
-8.395356535911560059e-01
8.531706333160400391e-01
4.208934605121612549e-01
-1.112949624657630920e-01
1.416687726974487305e+00
6.986840367317199707e-01
6.819947957992553711e-01
3.875832855701446533e-01
6.547996401786804199e-01
9.822151064872741699e-01
-3.106771707534790039e-01
1.550528645515441895e+00
-8.003031462430953979e-02
2.946573793888092041e-01
6.946906447410583496e-01
2.600165307521820068e-01
5.173739194869995117e-01
-6.813219785690307617e-01
3.135366737842559814e-01
9.174673557281494141e-01
-9.038347005844116211e-01
nan
nan
nan
nan
-1.157766938209533691e+00
-5.052377581596374512e-01
7.506321072578430176e-01
5.261176228523254395e-01
-9.601526260375976562e-01
-2.675077021121978760e-01
2.830506801605224609e+00
8.522527813911437988e-01
-9.771324992179870605e-01
-9.716283082962036133e-01
7.924589514732360840e-01
-5.506860017776489258e-01
3.055428266525268555e-01
2.018595695495605469e+00
-1.754335761070251465e+00
1.805489361286163330e-01
9.023203700780868530e-02
-1.634490132331848145e+00
-1.117965936660766602e+00
4.245542585849761963e-01
1.174217939376831055e+00
1.115501642227172852e+00
-5.961675047874450684e-01
-3.413100242614746094e-01
6.560996174812316895e-01
-1.462438702583312988e-01
6.858752965927124023e-01
8.661365509033203125e-01
nan
nan
nan
nan
-8.458135724067687988e-01
-2.249770462512969971e-01
nan
-1.124548077583312988e+00
-1.116085767745971680e+00
1.097304821014404297e+00
-7.950589656829833984e-01
2.846805145964026451e-03
1.362600922584533691e+00
1.006522625684738159e-01
6.561768054962158203e-01
2.535538971424102783e-01
-3.821358084678649902e-01
1.457957267761230469e+00
2.701307535171508789e-01
-6.617531776428222656e-01
-1.122999191284179688e+00
6.620842218399047852e-01
-1.399128079414367676e+00
-1.478769421577453613e+00
1.279838383197784424e-02
-2.738599181175231934e-01
-1.463964939117431641e+00
-1.279417276382446289e-01
9.948343038558959961e-02
6.541298031806945801e-01
1.352208256721496582e+00
-5.138180851936340332e-01
nan
nan
nan
nan
-5.730877518653869629e-01
-1.561972498893737793e+00
-6.555932164192199707e-01
-4.539134800434112549e-01
4.814132452011108398e-01
-5.778316855430603027e-01
-8.901462554931640625e-01
3.660097420215606689e-01
-1.167180165648460388e-01
-9.903965890407562256e-02
-1.437599956989288330e-01
-7.644717693328857422e-01
-7.061011344194412231e-02
3.270872235298156738e-01
1.979630351066589355e+00
5.926223397254943848e-01
-7.617387771606445312e-01
-1.566775560379028320e+00
-4.845410883426666260e-01
-5.552158951759338379e-01
-3.222622871398925781e-01
-2.254828214645385742e-01
-4.077101647853851318e-01
1.366819024085998535e+00
-2.285793423652648926e-01
1.292990595102310181e-01
-3.087791204452514648e-01
2.703508436679840088e-01
nan
nan
nan
nan
9.967735409736633301e-02
-5.214000940322875977e-01
3.934285938739776611e-01
2.832815349102020264e-01
1.161880135536193848e+00
5.464631319046020508e-01
1.246339917182922363e+00
-1.622198224067687988e+00
-3.031454086303710938e-01
-2.382504940032958984e-01
2.168090194463729858e-01
-2.452719509601593018e-01
1.161163449287414551e+00
-3.106764853000640869e-01
1.428608059883117676e+00
8.295896649360656738e-01
1.347981572151184082e+00
-1.144056841731071472e-01
-4.612985551357269287e-01
3.194932639598846436e-01
3.234247267246246338e-01
-2.983110547065734863e-01
8.719518184661865234e-01
-5.746292881667613983e-03
-8.589699864387512207e-01
-6.317548453807830811e-02
2.454920858144760132e-01
-4.115422368049621582e-01
nan
nan
nan
nan
-1.298548728227615356e-01
-9.411548376083374023e-01
7.128580212593078613e-01
3.061583340167999268e-01
-1.631694138050079346e-01
nan
-1.636079430580139160e+00
7.301331311464309692e-02
-2.020910084247589111e-01
-9.957070350646972656e-01
4.359308183193206787e-01
-1.520355582237243652e+00
-1.416605114936828613e+00
-5.505656599998474121e-01
3.848436772823333740e-01
-1.187032580375671387e+00
-2.661365866661071777e-01
6.825441718101501465e-01
-1.371268779039382935e-01
-4.365232586860656738e-01
-1.459997594356536865e-01
-4.264047443866729736e-01
4.001922905445098877e-01
1.129419922828674316e+00
-1.332945674657821655e-01
6.858558058738708496e-01
9.174871444702148438e-01
7.210096120834350586e-01
nan
nan
