nan
nan
1.077830433845520020e+00
-4.765306711196899414e-01
-2.733403742313385010e-01
-4.546435475349426270e-01
-1.502961963415145874e-01
1.115032553672790527e+00
3.021821081638336182e-01
1.323048591613769531e+00
1.045147061347961426e+00
-3.435316085815429688e-01
9.925267100334167480e-02
-3.759376704692840576e-01
-3.427245020866394043e-01
-1.558956056833267212e-01
-1.118604764342308044e-01
-5.517391562461853027e-01
5.630244016647338867e-01
8.003370165824890137e-01
2.449225425720214844e+00
-3.278514146804809570e-01
5.747625827789306641e-01
9.571483135223388672e-01
2.627425789833068848e-01
-4.809038043022155762e-01
-3.147276937961578369e-01
5.169314742088317871e-01
1.006033539772033691e+00
-1.190128028392791748e-01
nan
nan
nan
nan
1.176122307777404785e+00
-9.696318507194519043e-01
3.374570608139038086e-01
1.101944565773010254e+00
1.316927224397659302e-01
5.145628452301025391e-01
2.302323281764984131e-01
6.083081960678100586e-01
3.260769248008728027e-01
-9.024338126182556152e-01
1.596755385398864746e-01
6.890006065368652344e-01
4.996083974838256836e-01
8.633084893226623535e-01
-8.435468673706054688e-01
1.425020575523376465e+00
-1.730201095342636108e-01
-5.442702770233154297e-01
7.202605009078979492e-01
-4.942055344581604004e-01
-1.528167247772216797e+00
1.178225949406623840e-01
7.490079402923583984e-01
8.752269744873046875e-01
1.798261888325214386e-02
1.617950350046157837e-01
-1.298145651817321777e+00
3.801909983158111572e-01
nan
nan
nan
nan
1.795897483825683594e-01
1.336608767509460449e+00
8.952331542968750000e-01
8.937528133392333984e-01
-1.047722697257995605e+00
-4.742327332496643066e-01
-1.293942332267761230e+00
1.173000216484069824e+00
7.097685933113098145e-01
-1.084457412362098694e-01
-1.066966652870178223e+00
1.494567543268203735e-01
-3.471702337265014648e-01
-1.745561659336090088e-01
1.109464690089225769e-01
2.778709530830383301e-01
1.336454987525939941e+00
-7.953757643699645996e-01
-1.677450895309448242e+00
-1.829972624778747559e+00
-1.036904454231262207e+00
-8.926790952682495117e-01
-2.706390619277954102e-01
-7.521334886550903320e-01
5.848665237426757812e-01
-6.157197952270507812e-01
3.723062872886657715e-01
-9.407364726066589355e-01
nan
nan
nan
nan
-5.987358093261718750e-01
1.181580781936645508e+00
-4.104656279087066650e-01
-2.430883944034576416e-01
5.888461470603942871e-01
-6.171219944953918457e-01
1.158662915229797363e+00
-4.822145104408264160e-01
3.094976395368576050e-02
-1.335493922233581543e-01
-3.931133449077606201e-01
1.228767514228820801e+00
2.894628345966339111e-01
1.402457207441329956e-01
-5.493898391723632812e-01
9.389227628707885742e-01
7.113589644432067871e-01
-2.991011142730712891e-01
-1.532726645469665527e+00
-4.052583873271942139e-01
4.470615386962890625e-01
-7.140435576438903809e-01
3.891180753707885742e-01
7.115395665168762207e-01
-4.064339995384216309e-01
2.983347773551940918e-01
8.820336312055587769e-03
-3.727710247039794922e-01
nan
nan
nan
nan
-1.119701385498046875e+00
2.961642146110534668e-01
-1.832681298255920410e+00
-1.571964979171752930e+00
2.233617603778839111e-01
1.222948193550109863e+00
-2.686968147754669189e-01
9.168094992637634277e-01
1.197314620018005371e+00
8.304086327552795410e-01
2.434864640235900879e-01
-2.249675393104553223e-01
6.702259778976440430e-01
5.530344843864440918e-01
-6.952515244483947754e-02
-1.668183445930480957e+00
-9.989880323410034180e-01
5.622944235801696777e-01
5.018168687820434570e-01
-5.433531999588012695e-01
-4.709401726722717285e-01
2.869446203112602234e-02
1.180131956934928894e-01
1.650405824184417725e-01
-5.289856791496276855e-01
-1.300382971763610840e+00
9.525454044342041016e-01
1.881395816802978516e+00
nan
nan
nan
nan
5.403911471366882324e-01
1.445517659187316895e+00
-2.972164154052734375e-01
-8.133249878883361816e-01
-4.945650994777679443e-01
-5.583516955375671387e-01
-3.914157152175903320e-01
-2.437130659818649292e-01
1.226394772529602051e+00
-1.452347755432128906e+00
-2.721496820449829102e-01
3.529674708843231201e-01
-3.600212931632995605e-01
5.997794866561889648e-01
7.038699984550476074e-01
2.281368374824523926e-01
1.415562480688095093e-01
-9.569656103849411011e-02
3.352367505431175232e-02
-6.317453980445861816e-01
-1.653352618217468262e+00
-5.917996764183044434e-01
-1.040379256010055542e-01
-4.420781433582305908e-01
3.124749101698398590e-02
1.407258361577987671e-01
3.119613416492938995e-02
-1.462718248367309570e+00
nan
nan
nan
nan
-1.129135131835937500e+00
-6.519013643264770508e-01
-7.583132386207580566e-01
3.208274543285369873e-01
-1.660540699958801270e+00
-2.137949913740158081e-01
-1.487803339958190918e+00
4.068840146064758301e-01
1.331808209419250488e+00
-7.887213230133056641e-01
1.545305371284484863e+00
3.666028380393981934e-02
1.552246212959289551e+00
-5.253673791885375977e-01
-2.018497467041015625e+00
-8.492929339408874512e-01
-2.633641660213470459e-01
-1.153163433074951172e+00
-4.603619575500488281e-01
1.617050319910049438e-01
-6.251055598258972168e-01
3.479895889759063721e-01
-9.678076207637786865e-02
-7.997933626174926758e-01
1.486276626586914062e+00
-6.947478652000427246e-02
1.725802719593048096e-01
-5.698294639587402344e-01
nan
nan
nan
nan
-2.062471508979797363e-01
1.160044193267822266e+00
6.336225867271423340e-01
3.136858344078063965e-02
3.981095254421234131e-01
4.435458481311798096e-01
5.210883021354675293e-01
-1.673774242401123047e+00
-1.206827640533447266e+00
-5.293546319007873535e-01
2.243290990591049194e-01
3.643915951251983643e-01
2.372130006551742554e-01
-4.088804423809051514e-01
2.123275041580200195e+00
-7.273274064064025879e-01
-1.711667329072952271e-01
-7.827097177505493164e-01
4.232993721961975098e-01
-1.034089207649230957e+00
6.040708422660827637e-01
-2.372655570507049561e-01
4.873525798320770264e-01
1.000052213668823242e+00
-2.978039681911468506e-01
1.461642384529113770e+00
-5.072266608476638794e-02
-2.776094079017639160e-01
nan
nan
nan
nan
1.672170996665954590e+00
-9.841704368591308594e-01
-2.677619218826293945e+00
9.281658530235290527e-01
-3.805713057518005371e-01
1.026947736740112305e+00
-3.950364291667938232e-01
4.290144518017768860e-02
-1.372711300849914551e+00
1.164563596248626709e-01
-6.401934623718261719e-01
8.519523143768310547e-01
1.062049508094787598e+00
4.390518665313720703e-01
-8.378112316131591797e-01
-1.110248714685440063e-01
-8.358449339866638184e-01
1.304560780525207520e+00
-2.373550683259963989e-01
-3.889412879943847656e-01
6.559566259384155273e-01
-4.834079444408416748e-01
-2.171159237623214722e-01
1.574739933013916016e+00
1.615404605865478516e+00
7.580906152725219727e-01
-5.917544960975646973e-01
5.744017362594604492e-01
nan
nan
nan
nan
-3.311174809932708740e-01
6.643293499946594238e-01
9.735671877861022949e-01
7.153195142745971680e-02
-9.706647396087646484e-01
8.107032775878906250e-01
-6.543140411376953125e-01
6.462370753288269043e-01
-1.262547373771667480e-01
7.642775774002075195e-02
3.294431567192077637e-01
-9.091869592666625977e-01
2.593329548835754395e-01
-2.179387211799621582e-01
4.710018634796142578e-01
5.117216110229492188e-01
-8.681740164756774902e-01
5.209432169795036316e-02
2.798243984580039978e-02
7.471198439598083496e-01
5.178871750831604004e-01
-1.352792978286743164e-01
-6.160088777542114258e-01
-6.675775051116943359e-01
1.756872087717056274e-01
2.967612147331237793e-01
-7.578945159912109375e-02
4.681974351406097412e-01
nan
nan
nan
nan
-8.786947131156921387e-01
-2.531038224697113037e-01
1.447741985321044922e+00
-2.894033677875995636e-03
-7.344014942646026611e-02
-9.143702983856201172e-01
-6.875161528587341309e-01
-8.516427874565124512e-02
-3.083216547966003418e-01
-7.129139304161071777e-01
-7.221679687500000000e-01
1.922097206115722656e-01
-6.930410861968994141e-01
-6.310482025146484375e-01
5.359521508216857910e-01
-1.733559012413024902e+00
7.837278246879577637e-01
-7.213510274887084961e-01
1.113626122474670410e+00
2.551673948764801025e-01
1.612341046333312988e+00
-3.071114122867584229e-01
1.842266693711280823e-02
-6.999019384384155273e-01
-2.096172273159027100e-01
-3.763282299041748047e-01
9.522449970245361328e-01
8.239043503999710083e-02
nan
nan
nan
nan
4.262606799602508545e-01
5.263731479644775391e-01
8.321968466043472290e-02
3.436650633811950684e-01
3.093255758285522461e-01
1.461037755012512207e+00
2.763578593730926514e-01
3.288487792015075684e-01
3.002041876316070557e-01
1.094645977020263672e+00
-2.389900535345077515e-01
8.478960990905761719e-01
2.215975373983383179e-01
-3.133700191974639893e-01
-2.641750872135162354e-01
-2.991693913936614990e-01
-3.161460757255554199e-01
-8.629877567291259766e-01
6.492508649826049805e-01
-9.046528935432434082e-01
-1.280458807945251465e+00
-1.046827435493469238e+00
4.369287788867950439e-01
1.105589419603347778e-01
-6.426427513360977173e-02
1.034216880798339844e+00
7.441510260105133057e-02
4.967510700225830078e-01
nan
nan
nan
nan
-5.794611573219299316e-01
-8.192166686058044434e-01
4.873650670051574707e-01
1.982090592384338379e+00
-2.776987850666046143e-01
-2.003625780344009399e-01
4.933154582977294922e-01
4.309081733226776123e-01
2.403619587421417236e-01
-6.558205485343933105e-01
2.193066626787185669e-01
-1.495615243911743164e+00
-7.174659371376037598e-01
1.570420265197753906e-01
-6.016219854354858398e-01
1.604064106941223145e+00
2.187159538269042969e+00
5.236485227942466736e-02
1.877034425735473633e+00
-1.582585692405700684e+00
-1.492202877998352051e+00
9.777562618255615234e-01
-5.897068381309509277e-01
5.690428614616394043e-01
-1.312937736511230469e+00
-1.300440669059753418e+00
2.144602239131927490e-01
9.480166435241699219e-02
nan
nan
nan
nan
-5.731831789016723633e-01
-1.098264381289482117e-01
7.082020491361618042e-02
1.148587241768836975e-01
4.139247834682464600e-01
9.620314836502075195e-01
9.426751732826232910e-01
-1.826832443475723267e-01
-7.610673308372497559e-01
-1.402973890304565430e+00
7.241246700286865234e-01
1.274762988090515137e+00
1.095656603574752808e-01
-3.738945126533508301e-01
-5.272357463836669922e-01
-1.539775729179382324e+00
-6.114503145217895508e-01
-1.388765692710876465e+00
-4.063773155212402344e-01
8.250291943550109863e-01
-1.041709899902343750e+00
-7.788217663764953613e-01
-9.421436786651611328e-01
3.873183727264404297e-01
4.694728553295135498e-01
1.195649385452270508e+00
6.091859340667724609e-01
2.020592987537384033e-02
nan
nan
nan
nan
-1.243304967880249023e+00
-1.733481436967849731e-01
8.583755493164062500e-01
-3.889731764793395996e-01
1.437581300735473633e+00
1.229127883911132812e+00
5.481373667716979980e-01
-1.018339157104492188e+00
-6.004506349563598633e-01
-8.213022351264953613e-01
9.891502261161804199e-01
5.482184290885925293e-01
1.086013391613960266e-01
6.914358139038085938e-01
-9.295282512903213501e-02
8.313089609146118164e-01
-4.063051939010620117e-01
-3.899283409118652344e-01
4.956863522529602051e-01
-6.008222699165344238e-01
-1.001908659934997559e+00
-2.283137887716293335e-01
1.700573563575744629e-01
5.366728901863098145e-01
-3.029069304466247559e-01
-8.586112260818481445e-01
-5.134603381156921387e-01
-3.887339681386947632e-02
nan
nan
nan
nan
6.453318595886230469e-01
-1.174643263220787048e-01
5.421003103256225586e-01
-7.032806277275085449e-01
4.988382160663604736e-01
-5.846111178398132324e-01
5.862658619880676270e-01
1.467687010765075684e+00
-1.236720681190490723e+00
2.446583509445190430e-01
7.323685884475708008e-01
6.290296316146850586e-01
-4.829294979572296143e-01
-7.239846587181091309e-01
4.535942673683166504e-01
6.963442564010620117e-01
2.854576408863067627e-01
-3.925911486148834229e-01
1.377605080604553223e+00
1.872598379850387573e-01
-1.070192337036132812e+00
-1.019592732191085815e-01
-8.955227732658386230e-01
4.068756401538848877e-01
-7.238830924034118652e-01
1.277243971824645996e+00
-3.203652203083038330e-01
-1.478188753128051758e+00
nan
nan
nan
nan
-6.772614121437072754e-01
-6.906013488769531250e-01
1.656775236129760742e+00
-7.342855930328369141e-01
-1.662617325782775879e-01
-6.461609005928039551e-01
-2.320662587881088257e-01
-5.078803300857543945e-01
1.465707570314407349e-01
6.809646487236022949e-01
3.062854111194610596e-01
-5.405932292342185974e-02
3.293852508068084717e-01
1.057847499847412109e+00
5.734614133834838867e-01
7.469748258590698242e-01
-1.282009005546569824e+00
1.195618152618408203e+00
2.095338255167007446e-01
-8.553957343101501465e-01
4.686466157436370850e-01
4.930888414382934570e-01
-2.010106295347213745e-01
-3.973966538906097412e-01
3.321149647235870361e-01
5.393959283828735352e-01
3.468724787235260010e-01
2.364481210708618164e+00
nan
nan
nan
nan
2.950240671634674072e-01
-1.498239487409591675e-02
2.066410379484295845e-03
-3.283383548259735107e-01
1.245021343231201172e+00
-1.364826858043670654e-01
7.378020882606506348e-01
5.664025247097015381e-02
-7.318699955940246582e-01
4.438861608505249023e-01
4.514392092823982239e-02
-2.157708555459976196e-01
-2.444088272750377655e-02
-4.236505627632141113e-01
7.779863476753234863e-01
2.437530606985092163e-01
-9.688240289688110352e-01
-5.653976202011108398e-01
-5.678268671035766602e-01
1.307065486907958984e+00
9.506063461303710938e-01
-5.044057965278625488e-01
2.236973047256469727e+00
7.207927703857421875e-01
1.062262058258056641e+00
4.372342675924301147e-02
2.446194291114807129e-01
1.724363207817077637e+00
nan
nan
nan
nan
-1.284318566322326660e+00
1.565009504556655884e-01
1.089996457099914551e+00
6.807264089584350586e-01
2.580151557922363281e-01
4.150978028774261475e-01
1.943343728780746460e-01
1.156642362475395203e-01
-1.797227859497070312e-01
1.805500835180282593e-01
4.972321912646293640e-02
-2.135170251131057739e-02
1.948292255401611328e+00
1.718439936637878418e+00
9.432166814804077148e-02
1.209158599376678467e-01
-5.242093801498413086e-01
-1.733724117279052734e+00
-1.018452405929565430e+00
2.801578305661678314e-02
-9.502939581871032715e-01
1.427595496177673340e+00
-1.661265939474105835e-01
-1.806295365095138550e-01
-4.854949116706848145e-01
1.091267466545104980e+00
3.434000909328460693e-01
2.896114625036716461e-02
nan
nan
nan
nan
-1.629368215799331665e-01
-2.990914285182952881e-01
6.680865287780761719e-01
6.825158596038818359e-01
1.247397065162658691e+00
4.651491940021514893e-01
-1.655365109443664551e+00
-6.302835047245025635e-02
-7.194735407829284668e-01
1.310598850250244141e+00
4.699330925941467285e-01
7.562816143035888672e-01
6.444422006607055664e-01
-7.742574065923690796e-02
-1.253014504909515381e-01
-3.959211707115173340e-01
-1.311369419097900391e+00
2.583908438682556152e-01
1.138725638389587402e+00
-6.936540007591247559e-01
-5.924795866012573242e-01
-1.998062618076801300e-02
1.436100244522094727e+00
-6.149088144302368164e-01
-3.615596890449523926e-01
-2.806372642517089844e-01
-4.963224828243255615e-01
3.756851553916931152e-01
nan
nan
nan
nan
1.681673377752304077e-01
4.922796487808227539e-01
nan
-9.181082248687744141e-01
4.070225954055786133e-01
-8.405359834432601929e-02
-4.317095577716827393e-01
-6.937561035156250000e-01
-8.334336280822753906e-01
-1.229857444763183594e+00
4.313910305500030518e-01
-3.948476016521453857e-01
-9.310637116432189941e-01
-5.875273346900939941e-01
2.712405920028686523e-01
6.722159385681152344e-01
-3.109028935432434082e-01
9.256214499473571777e-01
2.340184599161148071e-01
-9.651536941528320312e-01
-8.842023611068725586e-01
-7.651634514331817627e-02
-7.011774182319641113e-01
-7.630922794342041016e-01
-2.623811066150665283e-01
-5.052477121353149414e-01
-3.715393543243408203e-01
6.528687477111816406e-01
nan
nan
nan
nan
-3.108963929116725922e-02
-3.262698948383331299e-01
-1.138421595096588135e-01
-1.313734948635101318e-01
-5.733869075775146484e-01
-1.305443048477172852e-01
-1.050930857658386230e+00
3.007410466670989990e-01
-6.765542179346084595e-02
-2.750954963266849518e-02
9.181382060050964355e-01
9.171669185161590576e-02
1.101834550499916077e-01
1.049728274345397949e+00
3.195284903049468994e-01
6.036798357963562012e-01
-1.025980234146118164e+00
4.415284097194671631e-01
2.760837376117706299e-01
-3.221748471260070801e-01
1.550306081771850586e-01
-1.812257170677185059e+00
1.709270179271697998e-01
7.592960596084594727e-01
-4.233564734458923340e-01
-1.452902704477310181e-01
9.380611181259155273e-01
4.199257791042327881e-01
nan
nan
nan
nan
-1.517060250043869019e-01
5.344521403312683105e-01
-1.206160902976989746e+00
-1.094540476799011230e+00
-2.642528712749481201e-01
-9.605219364166259766e-01
-4.899160861968994141e-01
-1.550284028053283691e+00
4.738078713417053223e-01
2.369680255651473999e-01
6.109390854835510254e-01
-2.276863306760787964e-01
8.327960371971130371e-01
1.794793605804443359e-01
-8.720940947532653809e-01
-1.104601174592971802e-01
2.097579956054687500e+00
-5.025285482406616211e-01
-1.943743824958801270e-01
6.529492139816284180e-01
4.900571405887603760e-01
-5.799212455749511719e-01
7.696847319602966309e-01
-9.273878931999206543e-01
4.986775219440460205e-01
3.319874107837677002e-01
8.969921618700027466e-02
1.888605237007141113e+00
nan
nan
nan
nan
5.056415200233459473e-01
1.478678345680236816e+00
7.277991771697998047e-01
-5.601305365562438965e-01
7.647775411605834961e-01
nan
-1.016481041908264160e+00
5.288797020912170410e-01
-5.274389982223510742e-01
-4.231696128845214844e-01
-7.319987416267395020e-01
1.994781792163848877e-01
5.208268761634826660e-01
-6.733895540237426758e-01
-6.092726588249206543e-01
-7.244794368743896484e-01
4.729868769645690918e-01
1.531819701194763184e-01
-5.897962450981140137e-01
-2.792068719863891602e-01
-4.681252315640449524e-02
1.964893490076065063e-01
-1.041708827018737793e+00
1.400387585163116455e-01
-1.074659109115600586e+00
3.881089687347412109e-01
-2.290569692850112915e-01
1.182051226496696472e-01
nan
nan
