nan
nan
-1.034040927886962891e+00
-6.482450366020202637e-01
7.839426398277282715e-01
1.955524325370788574e+00
4.453022480010986328e-01
9.300586581230163574e-01
8.444074541330337524e-02
4.643248319625854492e-01
4.631077051162719727e-01
1.431723356246948242e+00
-1.124328017234802246e+00
-1.494731605052947998e-01
6.665317416191101074e-01
1.453332424163818359e+00
1.096679791808128357e-01
5.643090009689331055e-01
6.565348058938980103e-02
-1.230674266815185547e+00
-1.044817209243774414e+00
-1.161045670509338379e+00
1.058845445513725281e-01
-1.188177943229675293e+00
2.944723665714263916e-01
5.486358329653739929e-02
-8.743805438280105591e-02
-1.333721280097961426e+00
-2.975954413414001465e-01
1.094345211982727051e+00
nan
nan
nan
nan
8.042403459548950195e-01
1.262503504753112793e+00
2.284802496433258057e-01
1.372079610824584961e+00
1.193786144256591797e+00
1.090443849563598633e+00
-1.249682903289794922e+00
-7.001435160636901855e-01
5.906028151512145996e-01
-1.251424312591552734e+00
3.248793184757232666e-01
6.540511250495910645e-01
-8.643624931573867798e-02
7.166668176651000977e-01
4.807099401950836182e-01
2.715707719326019287e-01
8.012084960937500000e-01
1.584120035171508789e+00
8.439044356346130371e-01
-5.542732477188110352e-01
4.376230239868164062e-01
5.317137837409973145e-01
2.534826695919036865e-01
3.834837377071380615e-01
-7.349500805139541626e-02
-5.661579966545104980e-01
-9.384680390357971191e-01
9.108741283416748047e-01
nan
nan
nan
nan
7.009729146957397461e-01
-8.055130839347839355e-01
-1.153925061225891113e+00
-8.120512366294860840e-01
1.922872960567474365e-01
5.772489309310913086e-01
-4.945266842842102051e-01
-1.742322444915771484e-01
2.006957679986953735e-01
-2.408819645643234253e-01
1.012794613838195801e+00
-1.048808693885803223e+00
-1.128614902496337891e+00
-6.596796512603759766e-01
-6.728286743164062500e-01
-2.250394076108932495e-01
1.048456192016601562e+00
2.487441897392272949e-01
6.132733225822448730e-01
-1.344374567270278931e-01
1.126535296440124512e+00
-8.025950938463211060e-02
-1.209859848022460938e+00
6.194943785667419434e-01
1.138245820999145508e+00
-1.729933023452758789e-01
-5.389030575752258301e-01
5.036830306053161621e-01
nan
nan
nan
nan
-1.502768509089946747e-02
-8.445162177085876465e-01
1.017202019691467285e+00
1.584342360496520996e+00
-8.540536761283874512e-01
-1.829756610095500946e-02
1.879960894584655762e-01
-5.208378434181213379e-01
-5.734389424324035645e-01
-1.819836348295211792e-01
1.736872494220733643e-01
1.068080782890319824e+00
5.504229664802551270e-01
-2.481306046247482300e-01
-3.196948468685150146e-01
1.378256797790527344e+00
-1.187715291976928711e+00
-2.006153613328933716e-01
-1.026593804359436035e+00
3.579582571983337402e-01
-1.645318508148193359e+00
-9.890569448471069336e-01
-2.991104125976562500e-01
-1.036409497261047363e+00
5.646645426750183105e-01
9.185790419578552246e-01
-1.250970005989074707e+00
8.517794609069824219e-01
nan
nan
nan
nan
-5.195865035057067871e-01
1.049727320671081543e+00
1.803306460380554199e+00
-5.621157586574554443e-02
1.108638644218444824e+00
-1.451416015625000000e+00
8.525028824806213379e-02
-1.613787114620208740e-01
1.330403208732604980e+00
1.162508651614189148e-01
4.195853695273399353e-02
-5.575860142707824707e-01
1.110222935676574707e+00
1.333166658878326416e-01
2.652143537998199463e-01
2.079192847013473511e-01
1.644256114959716797e+00
-3.478469550609588623e-01
7.768857479095458984e-01
1.215701103210449219e-01
1.092489719390869141e+00
2.036312103271484375e+00
2.680887579917907715e-01
2.501787543296813965e-01
-8.099513053894042969e-01
4.643099606037139893e-01
8.884025365114212036e-02
-1.386648058891296387e+00
nan
nan
nan
nan
-9.547082185745239258e-01
3.263798952102661133e-01
-2.988315224647521973e-01
6.803032755851745605e-01
8.769459128379821777e-01
-4.531552270054817200e-02
-1.052375674247741699e+00
-7.057012617588043213e-02
5.899732708930969238e-01
1.109920144081115723e+00
3.289381265640258789e-01
-7.247372269630432129e-01
9.376487135887145996e-01
-4.404757022857666016e-01
-5.403419584035873413e-02
-1.919593214988708496e-01
-1.046980857849121094e+00
5.441988110542297363e-01
-9.653383493423461914e-02
6.140163540840148926e-01
5.611229538917541504e-01
-8.573761582374572754e-01
-4.769830778241157532e-02
-4.448874890804290771e-01
4.593092203140258789e-02
-2.786882519721984863e-01
5.364726781845092773e-01
-1.284535169601440430e+00
nan
nan
nan
nan
1.028617024421691895e+00
9.679557085037231445e-01
-8.366994857788085938e-01
8.788217306137084961e-01
8.945965170860290527e-01
2.364393509924411774e-02
1.361768960952758789e+00
-8.442877531051635742e-01
5.528866052627563477e-01
-4.855850711464881897e-02
-1.190715283155441284e-01
3.741183280944824219e-01
-1.039875864982604980e+00
-1.026234626770019531e+00
8.880993723869323730e-01
-1.950513869524002075e-01
-2.531272172927856445e-01
9.536246657371520996e-01
-1.316544250585138798e-03
-4.128585457801818848e-01
-8.203487992286682129e-01
1.559805274009704590e-01
3.171758353710174561e-01
-8.876067399978637695e-01
1.422710537910461426e+00
5.049559473991394043e-01
4.446833133697509766e-01
-5.384130477905273438e-01
nan
nan
nan
nan
2.079931050539016724e-01
-1.442999601364135742e+00
-2.532078325748443604e-01
7.525163888931274414e-01
1.505638837814331055e+00
2.112841010093688965e-01
-7.503610253334045410e-01
8.181450963020324707e-01
-4.806355237960815430e-01
6.398403048515319824e-01
-3.340173959732055664e-01
9.497074037790298462e-02
-5.348107814788818359e-01
-6.773915886878967285e-01
-1.735593199729919434e+00
2.668313980102539062e-01
-2.563330233097076416e-01
-9.472846984863281250e-02
5.160955786705017090e-01
6.077923774719238281e-01
2.237934321165084839e-01
-3.073567152023315430e-01
-1.387969851493835449e+00
7.998992800712585449e-01
1.804929412901401520e-02
4.079082608222961426e-01
6.698569059371948242e-01
1.381875276565551758e+00
nan
nan
nan
nan
-3.798813819885253906e-01
2.657106518745422363e-01
3.955435454845428467e-01
5.579556822776794434e-01
3.936560153961181641e-01
4.413049221038818359e-01
1.974054872989654541e-01
-1.498288750648498535e+00
7.024707198143005371e-01
-6.229992508888244629e-01
-2.391012191772460938e+00
1.152510523796081543e+00
2.124041318893432617e-01
2.658917307853698730e-01
-1.209928512573242188e+00
-1.189368247985839844e+00
6.843535900115966797e-01
9.927756190299987793e-01
7.410290837287902832e-02
-7.393005490303039551e-01
-2.542712092399597168e-01
1.813503727316856384e-02
3.646380007266998291e-01
-9.174385666847229004e-02
-2.512342929840087891e-01
1.354932546615600586e+00
-3.747119903564453125e-01
2.853168547153472900e-01
nan
nan
nan
nan
-8.552666306495666504e-01
5.959299206733703613e-01
5.517616868019104004e-01
-4.967688024044036865e-01
1.747603565454483032e-01
-3.532303124666213989e-02
3.080384247004985809e-02
-5.331926941871643066e-01
-1.804482638835906982e-01
-3.240805864334106445e-01
5.666071176528930664e-01
7.674604058265686035e-01
-4.507911205291748047e-01
-1.114126682281494141e+00
4.005236327648162842e-01
-6.337719559669494629e-01
1.035507321357727051e+00
-6.671325564384460449e-01
-1.752943848259747028e-03
7.838065028190612793e-01
-3.845519423484802246e-01
2.761271595954895020e-01
-1.044986248016357422e+00
5.960187911987304688e-01
3.555194735527038574e-01
-7.794317007064819336e-01
6.778244972229003906e-01
-5.760217905044555664e-01
nan
nan
nan
nan
3.214377164840698242e-01
-2.483993023633956909e-01
-1.013042569160461426e+00
-1.251715898513793945e+00
1.595186293125152588e-01
-4.266158342361450195e-01
3.496393263339996338e-01
-1.467631906270980835e-01
3.402034938335418701e-01
-2.114968061447143555e+00
-5.385102033615112305e-01
-2.674278318881988525e-01
5.924468040466308594e-01
-2.659047245979309082e-01
3.662592172622680664e-01
8.254937827587127686e-02
-6.680408120155334473e-01
1.354360222816467285e+00
-2.107977569103240967e-01
8.215570449829101562e-01
-9.139029383659362793e-01
1.215415000915527344e+00
-1.176150202751159668e+00
2.457726895809173584e-01
-1.706731081008911133e+00
8.253807425498962402e-01
5.572687387466430664e-01
-1.007167026400566101e-01
nan
nan
nan
nan
-5.141597390174865723e-01
-9.834098219871520996e-01
-2.324630133807659149e-02
2.128529399633407593e-01
-1.444611191749572754e+00
-3.881815075874328613e-01
4.431949853897094727e-01
2.089574635028839111e-01
5.017718672752380371e-01
-1.078669428825378418e+00
-1.096482753753662109e+00
-1.744530946016311646e-01
-4.979772567749023438e-01
3.842090815305709839e-02
7.303947210311889648e-01
6.996227502822875977e-01
-1.498481154441833496e+00
-9.259909987449645996e-01
-3.152029812335968018e-01
-5.545231103897094727e-01
-2.576879560947418213e-01
-2.807880043983459473e-01
-7.507120817899703979e-02
-8.535296320915222168e-01
1.568244397640228271e-01
-7.897884398698806763e-02
-4.956073164939880371e-01
-5.183325409889221191e-01
nan
nan
nan
nan
5.357058644294738770e-01
-2.523818314075469971e-01
-4.450180828571319580e-01
4.918136596679687500e-01
4.856707453727722168e-01
9.282279014587402344e-01
4.676606059074401855e-01
4.608293995261192322e-02
1.357916891574859619e-01
-2.220121771097183228e-01
-7.086247205734252930e-01
-7.469574455171823502e-03
5.217159986495971680e-01
5.981220602989196777e-01
-7.050720453262329102e-01
5.156366229057312012e-01
-7.739185541868209839e-02
1.622143685817718506e-01
9.920661151409149170e-02
-1.975170671939849854e-01
8.235805630683898926e-01
9.932211041450500488e-01
7.682949900627136230e-01
-4.674411416053771973e-01
-2.871659994125366211e-01
-4.995584487915039062e-01
-2.413974553346633911e-01
2.414400726556777954e-01
nan
nan
nan
nan
8.695489913225173950e-02
1.994631290435791016e-01
-1.132737696170806885e-01
-9.267514348030090332e-01
3.344260454177856445e-01
-3.292813003063201904e-01
1.654435992240905762e-01
6.791970133781433105e-02
-6.689015030860900879e-01
-2.640507519245147705e-01
2.145071029663085938e+00
1.128650069236755371e+00
-8.437846302986145020e-01
2.079291105270385742e+00
5.315477401018142700e-02
-8.757193088531494141e-01
8.546547293663024902e-01
1.169921923428773880e-02
-5.155714154243469238e-01
-1.929359793663024902e+00
-6.525581479072570801e-01
-2.200496643781661987e-01
1.081636786460876465e+00
4.880467951297760010e-01
-5.955782532691955566e-01
3.692551255226135254e-01
4.054120779037475586e-01
-4.756185710430145264e-01
nan
nan
nan
nan
-6.900576353073120117e-01
3.073556125164031982e-01
-2.525927424430847168e-01
4.637209475040435791e-01
1.280719339847564697e-01
-1.335766166448593140e-01
1.200054287910461426e+00
1.661019027233123779e-01
1.500021517276763916e-01
-6.478303074836730957e-01
-9.244607686996459961e-01
-2.637628614902496338e-01
2.664114236831665039e-01
-3.700425028800964355e-01
4.372796714305877686e-01
3.850204646587371826e-01
-1.099670767784118652e+00
-3.377030193805694580e-01
1.761673808097839355e+00
-1.095187589526176453e-01
2.105133533477783203e-01
-7.607393860816955566e-01
1.661699563264846802e-01
2.105769962072372437e-01
6.883823275566101074e-01
4.114143252372741699e-01
4.972456395626068115e-01
1.067906618118286133e+00
nan
nan
nan
nan
-5.297428369522094727e-01
1.745337963104248047e+00
-1.282579064369201660e+00
5.972131490707397461e-01
-2.836412489414215088e-01
2.354166656732559204e-01
-9.224270582199096680e-01
-2.441632747650146484e-01
-4.225161671638488770e-01
1.668381929397583008e+00
5.972691178321838379e-01
-5.509458780288696289e-01
7.280651330947875977e-01
-3.664638102054595947e-01
1.809027343988418579e-01
8.264438062906265259e-02
1.779957860708236694e-01
-3.434673845767974854e-01
3.290588855743408203e-01
5.929234623908996582e-01
2.124198973178863525e-01
4.917277395725250244e-01
9.154307246208190918e-01
-1.452569961547851562e+00
-2.691653966903686523e-01
2.536616027355194092e-01
5.421190857887268066e-01
-9.998009800910949707e-01
nan
nan
nan
nan
3.164063692092895508e-01
-1.307768344879150391e+00
6.693271994590759277e-01
-1.066205024719238281e+00
-5.517382621765136719e-01
-1.319947242736816406e-01
1.393871307373046875e+00
-7.243926525115966797e-01
-1.814533352851867676e+00
2.819715067744255066e-02
-9.536989331245422363e-01
-5.924996733665466309e-01
-1.634647250175476074e-01
1.440590858459472656e+00
-4.025835990905761719e-01
4.563688039779663086e-01
1.316508948802947998e-01
2.718994021415710449e-01
-1.700453162193298340e-01
7.768680453300476074e-01
-1.027396559715270996e+00
-1.258557319641113281e+00
-5.104625225067138672e-02
1.269626975059509277e+00
5.083780884742736816e-01
8.324760794639587402e-01
1.490976095199584961e+00
1.644556283950805664e+00
nan
nan
nan
nan
4.507720097899436951e-02
2.726266980171203613e-01
3.986232876777648926e-01
-3.902523219585418701e-01
-6.162970066070556641e-01
-6.712910532951354980e-01
5.228640437126159668e-01
1.145118713378906250e+00
-4.351617991924285889e-01
1.274819374084472656e-01
-3.040946424007415771e-01
-9.448787569999694824e-01
-9.745813161134719849e-02
5.981639772653579712e-02
1.639696396887302399e-02
-6.314578056335449219e-01
-6.540883183479309082e-01
7.933032512664794922e-01
-8.192369341850280762e-01
-2.388082146644592285e-01
-5.071179866790771484e-01
-6.468968987464904785e-01
2.641326487064361572e-01
-6.639930009841918945e-01
-4.773448780179023743e-02
-1.128349453210830688e-01
1.673763096332550049e-01
9.354959130287170410e-01
nan
nan
nan
nan
6.429738402366638184e-01
9.375005364418029785e-01
-5.316002964973449707e-01
-1.044650554656982422e+00
-6.499888300895690918e-01
-1.340032696723937988e+00
-7.873231172561645508e-01
-4.273155033588409424e-01
-9.394929409027099609e-01
9.472969770431518555e-01
3.328732848167419434e-01
-5.348243117332458496e-01
3.549835681915283203e-01
9.700299799442291260e-02
1.872232407331466675e-01
-1.425273716449737549e-01
2.282145023345947266e-01
-1.587457768619060516e-02
-3.030268549919128418e-01
-1.473464250564575195e+00
1.947361230850219727e-02
5.965726375579833984e-01
4.400072395801544189e-01
2.557072639465332031e-01
-1.018780246376991272e-01
1.946527510881423950e-01
-2.449463754892349243e-01
-3.030131757259368896e-01
nan
nan
nan
nan
-1.119963407516479492e+00
2.078486792743206024e-02
2.772043049335479736e-01
2.827425897121429443e-01
5.441374182701110840e-01
-4.026902019977569580e-01
1.808445453643798828e-01
-6.891168951988220215e-01
5.411400794982910156e-01
3.901655972003936768e-01
-2.717174589633941650e-01
6.836860179901123047e-01
-4.457703232765197754e-01
5.478006601333618164e-01
1.323529332876205444e-01
1.636268757283687592e-02
9.310410618782043457e-01
-5.085455253720283508e-02
8.868508040904998779e-02
-1.620669603347778320e+00
-1.082428544759750366e-01
-7.804781198501586914e-01
-2.292377650737762451e-01
4.720024168491363525e-01
4.781591892242431641e-01
-2.818305194377899170e-01
-8.983225822448730469e-01
-2.999904006719589233e-02
nan
nan
nan
nan
2.306407839059829712e-01
-8.514165878295898438e-01
nan
6.331292390823364258e-01
-1.191239595413208008e+00
7.939952015876770020e-01
1.298341393470764160e+00
7.834238409996032715e-01
6.974703669548034668e-01
7.795163989067077637e-01
-8.513822555541992188e-01
1.477227568626403809e+00
-9.253581166267395020e-01
7.852210402488708496e-01
-1.296578884124755859e+00
-1.582012772560119629e+00
8.679367303848266602e-01
8.520315885543823242e-01
9.402605146169662476e-02
5.526759624481201172e-01
1.149417281150817871e+00
4.309113621711730957e-01
-2.823531031608581543e-01
-1.689575463533401489e-01
5.249492526054382324e-01
-3.039203584194183350e-01
1.081367731094360352e+00
-1.117295742034912109e+00
nan
nan
nan
nan
-1.719626545906066895e+00
-5.096688866615295410e-01
-1.292589157819747925e-01
-3.936049044132232666e-01
-1.697077043354511261e-02
1.689491629600524902e+00
-8.063529133796691895e-01
6.455666422843933105e-01
-5.586361885070800781e-01
1.828193664550781250e-01
1.000654250383377075e-01
-8.673905730247497559e-01
1.531781256198883057e-01
1.253160685300827026e-01
-9.062948822975158691e-01
-1.003820151090621948e-01
-5.570492744445800781e-01
-1.649432033300399780e-01
-5.723021626472473145e-01
9.570136070251464844e-01
4.465861022472381592e-01
-5.781115293502807617e-01
-7.728327810764312744e-02
-1.975834555923938751e-02
-4.285151958465576172e-01
1.504591464996337891e+00
-9.299911260604858398e-01
1.528331637382507324e-01
nan
nan
nan
nan
-9.382744431495666504e-01
3.660240173339843750e-01
1.300744295120239258e+00
3.678617477416992188e-01
-1.260329335927963257e-01
-8.128256201744079590e-01
-1.003933906555175781e+00
5.138488411903381348e-01
-4.453037381172180176e-01
1.609764456748962402e+00
2.562905251979827881e-01
5.361430048942565918e-01
5.577675700187683105e-01
3.394142091274261475e-01
6.885691285133361816e-01
-2.007374316453933716e-01
-2.336009025573730469e+00
-4.535996317863464355e-01
8.678686618804931641e-01
-2.365914881229400635e-01
-5.483020544052124023e-01
6.710929870605468750e-01
-2.479511797428131104e-01
1.136811077594757080e-01
8.853493928909301758e-01
9.952644705772399902e-01
3.745029270648956299e-01
-2.291101366281509399e-01
nan
nan
nan
nan
-6.613906621932983398e-01
-7.065750658512115479e-02
-4.850220978260040283e-01
1.007638797163963318e-01
-2.949918508529663086e-01
nan
4.184597432613372803e-01
-6.425912976264953613e-01
-5.723622441291809082e-01
-5.319489240646362305e-01
2.489055842161178589e-01
-2.929790616035461426e-01
9.888728857040405273e-01
-8.579279184341430664e-01
-5.512832999229431152e-01
-5.079507231712341309e-01
-6.746809482574462891e-01
5.556626319885253906e-01
-2.855861783027648926e-01
-1.478106021881103516e+00
1.883545398712158203e+00
6.470338702201843262e-01
-6.683434247970581055e-01
-3.266733288764953613e-01
5.724109411239624023e-01
3.806305825710296631e-01
-2.075965330004692078e-02
5.993618965148925781e-01
nan
nan
