nan
nan
-3.005523085594177246e-01
-7.252933382987976074e-01
-4.014138579368591309e-01
-1.238150119781494141e+00
1.601578742265701294e-01
-3.837573528289794922e-01
-1.133046150207519531e+00
3.524994552135467529e-01
-1.098480820655822754e+00
1.603385657072067261e-01
1.318611741065979004e+00
1.617688775062561035e+00
-5.442619919776916504e-01
-2.379334121942520142e-01
1.178713679313659668e+00
-6.220245957374572754e-01
-1.300063304370269179e-04
-4.019104242324829102e-01
-6.058523654937744141e-01
-1.108717679977416992e+00
-2.349182590842247009e-02
5.309371948242187500e-01
-1.467225551605224609e+00
1.259679079055786133e+00
7.550296932458877563e-02
-4.812320470809936523e-01
1.263227224349975586e+00
5.661303997039794922e-01
nan
nan
nan
nan
-7.134769558906555176e-01
-1.543029695749282837e-01
-1.377573013305664062e-01
-5.580717325210571289e-01
9.643745422363281250e-01
-1.227028131484985352e+00
1.349084079265594482e-01
8.207176625728607178e-02
3.098781220614910126e-02
-4.379415512084960938e-01
4.738172292709350586e-01
-8.158352375030517578e-01
-1.422245025634765625e+00
-1.241717696189880371e+00
-3.312266170978546143e-01
-1.234466552734375000e+00
-5.866494774818420410e-01
-3.023092448711395264e-01
5.680099725723266602e-01
-2.941923141479492188e-01
2.723627984523773193e-01
1.070265173912048340e+00
6.946268081665039062e-01
-8.376001715660095215e-01
-8.913772553205490112e-02
1.284753084182739258e+00
-2.912459373474121094e-01
-1.558378189802169800e-01
nan
nan
nan
nan
7.099016904830932617e-01
1.511983871459960938e+00
8.441756963729858398e-01
-1.769884526729583740e-01
-1.340803742408752441e+00
4.284257292747497559e-01
7.407998200505971909e-03
1.166138648986816406e-01
-5.889125466346740723e-01
-1.514622122049331665e-01
-1.024921655654907227e+00
2.210391759872436523e-01
8.644777536392211914e-01
1.030072927474975586e+00
5.281943678855895996e-01
-7.729119658470153809e-01
-1.195074439048767090e+00
-1.453571021556854248e-01
-4.446506202220916748e-01
-3.202207386493682861e-01
4.827943071722984314e-02
-4.072142243385314941e-01
-4.860172867774963379e-01
-1.302106857299804688e+00
8.464647531509399414e-01
3.260055184364318848e-01
1.730979979038238525e-01
2.315281391143798828e+00
nan
nan
nan
nan
2.777868807315826416e-01
1.103892922401428223e-01
-4.960102736949920654e-01
-2.619435191154479980e-01
-7.608285546302795410e-01
-7.441258430480957031e-01
4.727884382009506226e-02
-2.307145148515701294e-01
-7.512950897216796875e-01
-6.151342988014221191e-01
9.765622019767761230e-01
-3.069363832473754883e-01
-6.733865737915039062e-01
-8.626083135604858398e-01
7.849261164665222168e-01
2.503848075866699219e+00
8.424278497695922852e-01
-2.002323865890502930e+00
2.158393263816833496e-01
-9.152743816375732422e-01
2.850869596004486084e-01
-8.367077708244323730e-01
3.641607463359832764e-01
6.992448121309280396e-02
3.488296568393707275e-01
-1.481595873832702637e+00
7.009604573249816895e-02
9.399779438972473145e-01
nan
nan
nan
nan
6.710430383682250977e-01
3.491765260696411133e-02
3.482761234045028687e-02
1.319531202316284180e-01
3.657128512859344482e-01
-3.046366758644580841e-02
3.902145028114318848e-01
-1.281333208084106445e+00
1.194225788116455078e+00
-6.716070771217346191e-01
1.540469080209732056e-01
-3.121989369392395020e-01
1.901004195213317871e+00
1.472546458244323730e+00
-9.759594202041625977e-01
-8.287525177001953125e-01
-1.704127341508865356e-01
3.274495899677276611e-01
-1.533391952514648438e+00
-4.705335795879364014e-01
3.206744492053985596e-01
-3.361474275588989258e-01
-1.255413293838500977e+00
4.553449749946594238e-01
2.386143356561660767e-01
-3.797204196453094482e-01
4.930006265640258789e-01
1.375261545181274414e+00
nan
nan
nan
nan
-3.418691158294677734e-01
-1.047599196434020996e+00
2.159686535596847534e-01
-6.277415752410888672e-01
1.182457432150840759e-01
-1.846761703491210938e-01
1.449996709823608398e+00
7.459803223609924316e-01
1.453771591186523438e+00
3.223238289356231689e-01
5.815793871879577637e-01
-1.959950476884841919e-01
1.171828031539916992e+00
-3.401565253734588623e-01
-9.196766018867492676e-01
-5.108050107955932617e-01
-2.147329807281494141e+00
-1.343269228935241699e+00
-5.146335959434509277e-01
-3.182637989521026611e-01
6.822830438613891602e-01
-8.914868831634521484e-01
7.625273466110229492e-01
-1.467871218919754028e-01
4.243376851081848145e-01
-9.982467293739318848e-01
-1.945794343948364258e+00
1.004060387611389160e+00
nan
nan
nan
nan
1.068379521369934082e+00
-1.564208984375000000e+00
1.272625088691711426e+00
-2.387314140796661377e-01
-1.264904618263244629e+00
6.466206312179565430e-01
-6.429641693830490112e-02
2.186076641082763672e-01
-9.032562375068664551e-01
1.218966960906982422e+00
-5.010293126106262207e-01
2.110287904739379883e+00
-5.111619830131530762e-01
-3.214382529258728027e-01
7.132723331451416016e-01
-1.334282010793685913e-01
-7.071339488029479980e-01
-4.498491585254669189e-01
3.987745642662048340e-01
-2.123723775148391724e-01
-4.334661662578582764e-01
6.047004461288452148e-01
6.361603140830993652e-01
9.789463281631469727e-01
2.364522665739059448e-01
-3.058752715587615967e-01
7.857249975204467773e-01
-2.612899243831634521e-01
nan
nan
nan
nan
1.028493046760559082e+00
1.451844692230224609e+00
6.219184994697570801e-01
-9.139763712882995605e-01
-6.483588814735412598e-01
1.191255688667297363e+00
2.095190435647964478e-01
1.250098347663879395e-01
1.931707113981246948e-01
3.614092469215393066e-01
-5.622066855430603027e-01
-3.974336385726928711e-01
-2.772270441055297852e-01
-5.354429483413696289e-01
1.222682118415832520e+00
-9.759076237678527832e-01
-3.491852879524230957e-01
1.237578749656677246e+00
-6.015292182564735413e-02
2.511088550090789795e-01
-2.205013930797576904e-01
2.159958183765411377e-01
9.368538260459899902e-01
-3.279454112052917480e-01
5.931357666850090027e-02
5.168538689613342285e-01
1.598480224609375000e+00
-1.674335151910781860e-01
nan
nan
nan
nan
1.190389513969421387e+00
6.485447287559509277e-01
-3.492632880806922913e-02
5.649058222770690918e-01
-1.501298189163208008e+00
4.520494639873504639e-01
-4.509015679359436035e-01
-5.689969062805175781e-01
3.830811679363250732e-01
7.923019528388977051e-01
1.160309791564941406e+00
-1.969788372516632080e-01
5.329996943473815918e-01
1.122910499572753906e+00
-1.121199846267700195e+00
7.733827829360961914e-02
9.473654031753540039e-01
1.885673031210899353e-02
-7.728978395462036133e-01
4.572787582874298096e-01
6.889604926109313965e-01
-3.774320483207702637e-01
6.036791205406188965e-01
7.386464476585388184e-01
-3.548062443733215332e-01
1.188535928726196289e+00
7.054212093353271484e-01
1.235877722501754761e-02
nan
nan
nan
nan
-3.768525421619415283e-01
1.109962105751037598e+00
5.118525028228759766e-01
2.136371433734893799e-01
-5.395595431327819824e-01
6.984027624130249023e-01
-1.484501659870147705e-01
3.846064805984497070e-01
-1.873952746391296387e+00
5.361921787261962891e-01
-6.032371520996093750e-01
3.654916584491729736e-01
-1.484954506158828735e-01
-2.818615138530731201e-01
1.912821978330612183e-01
-3.053588271141052246e-01
-9.310954213142395020e-01
1.980106234550476074e+00
3.388125896453857422e-01
3.467069566249847412e-01
-2.969295680522918701e-01
-5.894908905029296875e-01
-1.472203016281127930e+00
7.440571188926696777e-01
-8.699927479028701782e-02
4.841893315315246582e-01
4.286896586418151855e-01
-1.017060041427612305e+00
nan
nan
nan
nan
1.202868580818176270e+00
-5.674387216567993164e-01
-8.389902710914611816e-01
-2.114822715520858765e-01
8.114933371543884277e-01
-1.003236845135688782e-01
-3.097718209028244019e-02
-6.202652454376220703e-01
-1.633506059646606445e+00
-5.181232690811157227e-01
-9.393925666809082031e-01
-9.151636958122253418e-01
5.044544935226440430e-01
3.688970208168029785e-01
1.616712957620620728e-01
4.982663691043853760e-02
9.905185699462890625e-01
-3.625455796718597412e-01
-1.138546347618103027e+00
2.150494791567325592e-02
-1.502830386161804199e-01
2.926318943500518799e-01
-8.678534030914306641e-01
-7.678597569465637207e-01
3.124908506870269775e-01
2.552458941936492920e-01
1.642536371946334839e-01
2.338979989290237427e-01
nan
nan
nan
nan
-4.044016003608703613e-01
6.757505536079406738e-01
1.475015878677368164e-01
-1.314803063869476318e-01
4.127504676580429077e-02
2.024684250354766846e-01
9.353768825531005859e-01
1.094653844833374023e+00
1.108377650380134583e-01
-8.579391837120056152e-01
5.924616456031799316e-01
2.458583563566207886e-01
-7.084482312202453613e-01
-3.035018444061279297e-01
-9.686843156814575195e-01
-1.308873891830444336e-01
-4.557839035987854004e-01
9.092829227447509766e-01
2.919521331787109375e-01
-2.373579740524291992e-01
-8.892492651939392090e-01
-7.751350998878479004e-01
-7.228770107030868530e-02
-5.893024802207946777e-01
-1.968533396720886230e+00
-2.264798641204833984e+00
-3.640771806240081787e-01
-1.253193974494934082e+00
nan
nan
nan
nan
-1.163821816444396973e+00
-4.978408217430114746e-01
5.189978703856468201e-02
-1.577445715665817261e-01
-5.428679585456848145e-01
-2.515930915251374245e-03
9.355136752128601074e-02
-1.540127992630004883e-01
1.529889367520809174e-02
-4.285088479518890381e-01
-6.769733130931854248e-02
-2.280750572681427002e-01
-2.086474448442459106e-01
-7.121729105710983276e-02
-7.573040723800659180e-01
-7.074451446533203125e-01
-2.862469255924224854e-01
1.595919370651245117e+00
-1.470990657806396484e+00
-1.080017805099487305e+00
-4.229571521282196045e-01
-1.204387784004211426e+00
4.911048412322998047e-01
4.346702992916107178e-01
1.525361180305480957e+00
3.855466842651367188e-02
1.826007843017578125e+00
-3.431999087333679199e-01
nan
nan
nan
nan
-2.339960336685180664e-01
8.470105528831481934e-01
1.336719870567321777e+00
-5.370960831642150879e-01
1.809724606573581696e-02
4.012206196784973145e-01
1.206887245178222656e+00
2.972674071788787842e-01
-1.090851426124572754e-01
-1.715288400650024414e+00
-2.622409164905548096e-01
1.687632501125335693e-02
7.531371116638183594e-01
-3.824864625930786133e-01
2.382172942161560059e-01
2.384104132652282715e-01
1.221057057380676270e+00
7.820184826850891113e-01
2.130817651748657227e+00
4.865684509277343750e-01
1.279535293579101562e+00
6.899925321340560913e-02
-7.075697779655456543e-01
-3.540970981121063232e-01
-1.785112619400024414e-01
3.074016273021697998e-01
6.672259569168090820e-01
2.582860887050628662e-01
nan
nan
nan
nan
1.397211074829101562e+00
9.014531373977661133e-01
5.638011097908020020e-01
3.490996658802032471e-01
-7.974184751510620117e-01
4.751698076725006104e-01
-8.623831272125244141e-01
-1.079764813184738159e-01
1.050430417060852051e+00
-7.900533676147460938e-01
5.192765593528747559e-01
1.421195149421691895e+00
9.366359710693359375e-01
3.020403981208801270e-01
-1.067524477839469910e-01
-1.308481395244598389e-02
-1.017608046531677246e+00
-2.944905459880828857e-01
-4.454831182956695557e-01
6.315867304801940918e-01
-1.150022447109222412e-01
8.637428879737854004e-01
-7.107606530189514160e-01
5.735252499580383301e-01
-7.470700144767761230e-02
1.007212996482849121e-01
-2.049225717782974243e-01
-4.043369591236114502e-01
nan
nan
nan
nan
1.252040028572082520e+00
4.113594293594360352e-01
-2.237991839647293091e-01
-4.508483409881591797e-01
1.172516942024230957e+00
2.088705450296401978e-01
7.524635195732116699e-01
1.519654691219329834e-01
-8.246631622314453125e-01
-1.497026532888412476e-01
-8.728630542755126953e-01
1.225020959973335266e-01
-6.358569264411926270e-01
-7.670866250991821289e-01
-6.485300660133361816e-01
2.121907323598861694e-01
4.427947998046875000e-01
-5.296110510826110840e-01
-1.353720903396606445e+00
-9.678523540496826172e-01
2.618503272533416748e-01
-3.919499814510345459e-01
-1.489534139633178711e+00
6.554188728332519531e-01
8.130322098731994629e-01
-1.779996454715728760e-01
-8.040623664855957031e-01
-1.083689406514167786e-01
nan
nan
nan
nan
-5.136622190475463867e-01
-3.876559138298034668e-01
4.608740806579589844e-01
4.483070969581604004e-01
1.364687681198120117e+00
2.137068808078765869e-01
1.804157137870788574e+00
2.747034132480621338e-01
1.435285687446594238e+00
2.731550931930541992e-01
5.982952117919921875e-01
9.853608906269073486e-02
-3.244939446449279785e-01
-1.423288732767105103e-01
7.741019129753112793e-02
-3.505287766456604004e-01
-1.730890572071075439e-01
5.521127581596374512e-01
-1.173290014266967773e-01
-5.715497136116027832e-01
-5.134209394454956055e-01
6.202780604362487793e-01
-1.329270899295806885e-01
-5.570449233055114746e-01
7.013412117958068848e-01
-1.988682895898818970e-01
8.943437337875366211e-01
-4.197533726692199707e-01
nan
nan
nan
nan
2.428255975246429443e-01
3.798476159572601318e-01
1.341445446014404297e-01
5.769034028053283691e-01
1.221991181373596191e+00
-3.743579611182212830e-02
-2.939640581607818604e-01
4.057650864124298096e-01
1.716193370521068573e-02
-2.844780385494232178e-01
-3.291873335838317871e-01
1.082888245582580566e-01
1.510256052017211914e+00
-3.716798722743988037e-01
6.085965633392333984e-01
8.888797163963317871e-01
6.262497901916503906e-01
1.227529421448707581e-01
-9.171276092529296875e-01
1.271296143531799316e-01
8.713096976280212402e-01
4.857686161994934082e-01
-3.111429214477539062e-01
-1.002824231982231140e-01
-3.300706297159194946e-02
4.283317625522613525e-01
-7.838775515556335449e-01
4.460043609142303467e-01
nan
nan
nan
nan
5.764288306236267090e-01
-4.262774884700775146e-01
8.639100790023803711e-01
-8.033376932144165039e-01
7.836164832115173340e-01
-3.042349815368652344e-01
-1.647698581218719482e-01
2.175709009170532227e+00
-3.408642709255218506e-01
-1.010263562202453613e+00
1.821329593658447266e+00
-5.369023978710174561e-02
3.895774483680725098e-01
-7.363941073417663574e-01
1.555732846260070801e+00
8.002239465713500977e-01
7.558504343032836914e-01
1.445258408784866333e-01
3.266893029212951660e-01
-4.100141525268554688e-01
-8.970980048179626465e-01
-5.951402783393859863e-01
7.695477455854415894e-02
-5.629436969757080078e-01
-3.371012210845947266e-01
3.940446674823760986e-01
-4.952490925788879395e-01
-4.494849741458892822e-01
nan
nan
nan
nan
-3.241880536079406738e-01
8.994488418102264404e-02
3.526395261287689209e-01
7.844161391258239746e-01
1.217304944992065430e+00
-3.385442495346069336e-01
6.943151354789733887e-01
-7.215403914451599121e-01
1.360936284065246582e+00
1.602720096707344055e-02
-2.181441545486450195e+00
-1.309023704379796982e-02
-3.740958869457244873e-01
6.172649860382080078e-01
-5.109694227576255798e-02
-4.268249869346618652e-01
1.034515142440795898e+00
-1.617745757102966309e-01
1.263967514038085938e+00
1.060833632946014404e-01
-1.727485954761505127e-01
1.914707422256469727e-01
-8.938999176025390625e-01
-9.381902217864990234e-01
6.596469879150390625e-01
-5.331534147262573242e-01
-9.922295212745666504e-01
2.426971495151519775e-01
nan
nan
nan
nan
-1.210490822792053223e+00
8.156298995018005371e-01
-8.810694217681884766e-01
-6.240613460540771484e-01
2.048661112785339355e-01
4.990981519222259521e-01
7.167321443557739258e-01
-2.308614999055862427e-01
2.013110965490341187e-01
6.851506233215332031e-01
-2.096287310123443604e-01
4.466278851032257080e-01
6.844527125358581543e-01
5.890733599662780762e-01
2.761120498180389404e-01
3.136882483959197998e-01
-2.223211973905563354e-01
8.756239414215087891e-01
-1.008176326751708984e+00
2.352455556392669678e-01
2.851075232028961182e-01
-3.748140037059783936e-01
1.076147630810737610e-01
6.904982328414916992e-01
8.163111805915832520e-01
3.960962593555450439e-01
-2.238172590732574463e-01
1.554462552070617676e+00
nan
nan
nan
nan
-6.035326123237609863e-01
4.307015240192413330e-01
-1.168588519096374512e+00
5.795452594757080078e-01
-9.857516288757324219e-01
-5.245365500450134277e-01
9.932266920804977417e-02
1.206073760986328125e+00
9.344615340232849121e-01
5.868991613388061523e-01
4.796849191188812256e-01
-4.941864311695098877e-01
-1.135540127754211426e+00
2.332951314747333527e-02
-6.325842142105102539e-01
-7.457182407379150391e-01
-4.499042630195617676e-01
-7.987285852432250977e-01
-9.878625869750976562e-01
5.628325939178466797e-01
-4.097036719322204590e-01
7.216543555259704590e-01
7.587009072303771973e-01
-4.602184891700744629e-02
2.203387916088104248e-01
-7.158103585243225098e-01
1.239870209246873856e-02
-2.486032992601394653e-01
nan
nan
nan
nan
9.359670430421829224e-02
8.238592743873596191e-01
6.503384560346603394e-02
9.839067459106445312e-01
3.334520161151885986e-01
-1.103718280792236328e+00
3.626242280006408691e-01
9.808383584022521973e-01
5.674906373023986816e-01
1.906156301498413086e+00
-5.868256092071533203e-01
-1.078272104263305664e+00
-2.118505239486694336e+00
-4.410412907600402832e-01
-2.231836766004562378e-01
1.246286630630493164e+00
4.540493488311767578e-01
1.519736796617507935e-01
7.563132792711257935e-02
5.548825860023498535e-01
-2.410755753517150879e-01
7.288280725479125977e-01
-2.543258070945739746e-01
4.255758225917816162e-01
8.084321022033691406e-01
9.289839267730712891e-01
2.868119180202484131e-01
-2.548677623271942139e-01
nan
nan
nan
nan
-1.345152378082275391e+00
8.974874019622802734e-01
6.307542920112609863e-01
1.060073375701904297e+00
1.461181402206420898e+00
nan
2.933543324470520020e-01
1.120712831616401672e-01
1.050343155860900879e+00
6.592509746551513672e-01
3.031420409679412842e-01
-5.744656324386596680e-01
-6.351921558380126953e-01
-9.545779228210449219e-01
-4.523499011993408203e-01
-4.489808678627014160e-01
7.414455711841583252e-02
-6.525751352310180664e-01
-6.375567913055419922e-01
1.343511581420898438e+00
-6.384348273277282715e-01
-8.441495895385742188e-01
9.943429380655288696e-02
6.266475319862365723e-01
1.016490936279296875e+00
2.222519367933273315e-01
2.555423080921173096e-01
4.302681088447570801e-01
nan
nan
