nan
nan
-1.813492668999566071e+00
-1.363260613547431221e-01
1.305662896898057701e+00
5.271405643886990511e-01
6.507254176669650114e-01
2.711471451653374443e-01
5.477279027303060266e-01
-1.155032449298434849e-01
-4.224078390333387834e-01
3.054377237955729352e-01
-5.051843855116102677e-01
-1.438489384121365067e+00
4.646377563476562500e-01
-4.101026852925618305e-01
-9.783665339152017859e-01
3.882150650024414062e-01
1.244175268544091099e-02
-5.027810401386684919e-02
5.044414202372232703e-01
-2.142076227400037947e-01
3.711321089002821427e-01
-2.908761501312255859e-01
9.186453951729668665e-02
-2.114657825893825893e-01
4.249322414398193359e-02
3.076176908281114120e-01
-4.050785435570610771e-01
-6.743053330315483818e-01
nan
nan
nan
nan
-6.448015107048882255e-01
-3.978502750396728516e-01
-4.563441276550292969e-01
-5.949728224012587052e-01
7.601775593227810823e-01
-1.019776026407877678e+00
-6.474279695087009623e-02
2.518135441674126396e-01
2.576015790303547992e-01
5.646329985724555245e-01
-1.880666547351413365e-01
2.405844529469808035e-01
-9.151733186509873885e-01
2.563248740302191964e-01
-3.408030403984917411e-01
8.060298495822482145e-01
4.101539717780219307e-01
1.992104715771145229e-01
5.996408992343478239e-01
9.112633599175347099e-01
3.067386680179172154e-01
8.994526333279080355e-01
2.945839564005534039e-01
-5.931574503580728797e-01
-6.235535409715440291e-01
3.578976790110270367e-01
2.129613558451334543e-01
9.508736928304036828e-01
nan
nan
nan
nan
1.959518061743842354e-01
5.251744058397080916e-01
-3.192127082082960032e-02
3.793825043572319755e-01
7.544583214653862724e-01
1.510148710674709682e-01
-1.090957005818684822e+00
6.797638469272189177e-01
-3.421048588222927456e-01
-2.038435538609822684e-01
-1.385792520311143639e+00
-8.602750566270616073e-01
-5.401227209303114396e-01
-2.678368621402316685e-01
2.158296373155381975e-01
-4.458539221021864396e-01
-2.965159151289198380e-01
7.286151780022515068e-01
3.351523346371120815e-01
-7.222014003329806364e-01
2.168880038791232590e+00
1.481550667021009626e-01
-1.214934666951497322e+00
-3.569111824035644531e-01
-2.465801239013671875e-01
3.410060935550265904e-01
-1.035411026742723284e-01
2.329795890384250279e-01
nan
nan
nan
nan
-7.659737269083658484e-01
-1.043555259704589844e+00
8.460871378580728797e-01
-1.430300288730197433e+00
3.084901968638102399e-01
5.185901853773329240e-01
-1.494840939839680916e+00
-5.243660079108344307e-01
-8.468757735358344030e-02
-1.556631591584947405e-01
-1.332990858289930580e+00
6.627241770426431922e-01
1.248281134499443917e-01
-3.435056474473741073e-01
3.146378729078505021e-01
1.094523217942979576e+00
8.401053746541341516e-01
-1.364379723866780691e-01
-8.948979907565646208e-01
8.044357829623751677e-01
5.817625257703992747e-02
1.481432384914821987e-01
1.695249875386556082e-01
-2.424134943220350447e-01
-5.892517831590440291e-01
5.297704272800021208e-01
-2.584088378482394810e-01
-5.718037287394205359e-01
nan
nan
nan
nan
-4.536442756652832031e-01
4.448997709486219865e-01
-5.750946468777127230e-01
5.006383260091146203e-01
-4.425337314605712891e-01
1.301806767781575447e+00
9.534206390380859375e-01
-9.083182017008463172e-01
-5.664550993177626115e-01
1.484617869059244866e+00
-4.354057841830783482e-01
-9.153124491373697547e-01
-1.712870597839355469e-02
7.485993703206379746e-02
-6.513993475172255021e-01
4.322457313537597656e-01
3.944819238450791854e-01
-2.620531717936198102e-01
-4.183770020802815570e-01
-1.268048683802286691e-01
-3.501353263854980469e-01
-4.502963357501559710e-02
-1.964603847927517410e+00
-2.816726631588405971e-01
1.797901789347330637e-01
1.506419844097561245e-01
4.606116082933213729e-01
-2.628246413336859932e-01
nan
nan
nan
nan
-3.370447953542073383e-01
-7.207145161098904573e-01
-1.522679752773708817e+00
2.806194093492295760e-01
-9.142736858791775667e-01
-6.055993503994412386e-01
2.484607961442735491e-01
5.130780008104112166e-01
-1.118664317660861496e+00
6.503845320807563057e-01
1.033053610059950111e+00
-4.745621151394314174e-01
-3.294089370303683872e-01
3.849648767047458148e-02
5.716922018263075334e-01
-5.225436422559950334e-01
1.260975996653238840e-01
-1.088070273399353027e-01
-4.209708422422409058e-03
6.387118763393826448e-01
-2.105581283569335938e+00
-4.837517208523220424e-01
-1.226523929172091965e+00
-1.224949624803331139e+00
-3.764522075653076172e-01
4.070803523063659668e-02
-3.493484126196967354e-01
1.543502012888590402e-01
nan
nan
nan
nan
-1.049306551615397209e+00
1.400782797071668806e-01
9.216065936618380583e-01
2.356406052907308035e-01
-9.498251809014214286e-01
-2.460846371120876674e-01
1.507481786939832924e+00
3.041919734742906320e-02
1.803983264499240402e+00
-6.203719774881998328e-01
-4.235747125413683034e-02
-1.783287392722235909e-01
1.071215311686197991e+00
4.758630328708224888e-01
-1.241739590962727818e-01
-7.079164187113444300e-03
-1.705118947558932896e-01
1.687809308369954353e+00
9.092618094550238839e-01
-8.587979210747612724e-01
-7.139192157321505583e-01
8.695142534044053573e-01
1.060887654622395759e+00
1.345005777147081139e+00
-5.488630400763617745e-01
-2.427546713087293806e-01
1.242431402206420898e-01
-5.501675605773925781e-01
nan
nan
nan
nan
-1.002722104390462166e+00
1.834308200412326340e+00
-1.230663511488172768e+00
-6.319130791558159599e-01
-1.081636534796820648e+00
1.511677106221517020e-01
9.841798146565755578e-01
-1.660717434353298660e+00
1.488075123892890206e-01
-1.007305145263671875e+00
5.615335040622286833e-01
4.376862578921847935e-01
-4.601597785949707031e-01
4.975026448567708148e-01
-9.052142037285698661e-01
2.374805079566107979e-01
4.880214797125922432e-01
1.161396450466579910e+00
5.875090095731946849e-02
6.143172052171494979e-01
9.652260674370659599e-01
-3.818365203009711495e-01
-1.361589007907443527e+00
3.802941242853800224e-02
-3.113131523132324219e-01
-9.189054701063368302e-01
6.476672490437825058e-02
-3.848062886132134208e-01
nan
nan
nan
nan
4.022434022691514510e-01
6.747114923265244979e-01
-2.741432454850938338e-01
7.021513912412855052e-02
4.343549410502116070e-01
9.625857671101888391e-01
-2.075802352693345842e-01
1.585531764560275558e+00
-6.932707627614338730e-02
6.383800506591796875e-01
6.884308920966254464e-01
-3.734338548448350448e-01
-9.867468939887152901e-01
4.890919791327582589e-01
-3.051179316308763254e-02
2.027853462431165876e-01
1.129426532321506027e+00
-5.337501631842719307e-01
-7.311167716979980469e-01
-4.696467717488606586e-01
3.987716303931342354e-01
-1.247967720031738281e+00
-1.598793347676594978e+00
8.938242991765340748e-03
8.181705739763048268e-02
7.467272016737196427e-01
2.766635517279307163e-02
-4.211973879072401505e-01
nan
nan
nan
nan
6.848031679789224890e-01
2.008108695348103934e-01
-5.233869022793240511e-01
-7.518494923909505578e-01
-2.132839229371812639e-01
4.215650028652614956e-01
-1.368277337816026451e+00
-2.840443717108832589e-01
-1.900543636745876674e-01
9.003747304280599328e-01
7.245772414737278178e-02
3.119002713097466239e-01
-1.249123891194661384e+00
3.819747765858967914e-01
-7.017473114861382255e-01
-2.047277424070570173e-01
-1.735685348510742188e+00
9.702426062689887276e-01
-1.664861785040961273e+00
-1.608637471993764126e-02
-1.499078141318427315e-01
2.223216427697075614e-01
3.297883669535319195e-01
-2.693511644999186383e-01
-9.215574794345432474e-02
-1.091491712464226632e-01
-2.756641970740424386e-01
-1.059898482428656585e+00
nan
nan
nan
nan
-8.600299888186985209e-02
1.641088989045884905e-01
4.924578666687011719e-01
5.680572191874185828e-01
1.256009949578179352e+00
2.269240061442057144e+00
6.811790466308593750e-01
1.082294464111328125e+00
1.684571266174316406e+00
3.369582692782083916e-02
-1.234339396158854241e+00
-1.137817568249172573e-01
-1.017560535007052902e+00
1.853595177332560129e-01
2.788326475355360282e-02
1.105086644490559822e+00
-2.871233622233073102e-01
-6.002880732218424109e-01
-5.215139389038085938e-01
5.438916948106553573e-01
-1.494836807250976562e-01
3.490187856886122209e-01
4.108444518513149762e-02
7.616325219472248886e-02
-1.410429530673556808e+00
2.853864034016926898e-01
7.853143082724677038e-02
-7.032364739312065849e-01
nan
nan
nan
nan
-3.223319517241583776e-02
6.255625618828667411e-01
9.721858633889092494e-02
5.467073122660318640e-01
-6.443884637620713729e-01
-6.987918747795952568e-01
-2.829636136690775669e-02
3.457929823133680802e-01
1.847178565131293304e+00
-6.446573469373915177e-01
9.097620646158853797e-01
9.132998784383138391e-01
5.535611576504178011e-01
-3.979908095465766182e-01
5.436968273586697542e-01
2.556482156117756976e-01
-1.797509855694241071e-02
1.185626665751139397e+00
1.702537536621093750e-01
8.981002171834310266e-01
5.692600144280327568e-01
-9.796659681532118302e-01
-6.823071903652615511e-01
1.254700978597005134e+00
-2.563783327738444195e-01
-7.450639406840006140e-01
-2.222632037268744698e-01
2.578999466366238003e-01
nan
nan
nan
nan
-2.466865380605061941e-01
-5.651297039455838167e-01
3.516728613111708146e-01
-8.920303980509439734e-01
-4.186056454976399555e-01
-9.175711737738715401e-01
-2.627245585123698032e-02
-1.488720542854733014e-02
7.110702196756998328e-01
4.846932623121473771e-01
4.120547241634792690e-01
-4.828581280178493862e-01
1.012225786844889397e+00
1.081323305765787834e+00
4.088231987423366909e-01
-2.451674143473307199e-01
-3.803437550862630023e-01
-4.748079511854383927e-01
3.638230694664849052e-01
-8.989020453559027901e-01
-2.949890825483534318e-01
-5.889115333557128906e-01
-6.627743509080674666e-01
2.592318587832980747e-01
1.277210447523329018e+00
1.445749998092651367e-01
-8.186690542432997209e-01
7.742666138543022880e-01
nan
nan
nan
nan
1.045412421226501465e-01
1.291443083021375893e+00
-5.278336736891005021e-01
6.171239217122396203e-01
1.015126440260145424e+00
7.622485690646700895e-01
-6.336460113525390625e-01
-6.003155310948690010e-02
-2.500817775726318359e-01
6.386156876881916855e-02
5.933576822280883789e-02
-7.098973592122396203e-01
7.109973165724012834e-01
5.152057541741265068e-01
-7.724151081509060823e-01
-7.393262783686320450e-02
8.153735796610513953e-01
-1.117639435662163727e+00
6.389902432759603235e-01
1.075450367397732254e+00
-3.045660124884711495e-01
-8.054451412624783480e-01
2.939107682969834823e-01
7.243334452311197547e-01
1.640277226765950447e+00
1.649261474609375000e+00
4.355982773833804757e-03
-8.017319043477376672e-01
nan
nan
nan
nan
3.683954874674479352e-01
-1.257371796502007477e+00
2.680724991692436943e-01
2.294045521153344203e-02
4.528458913167317523e-01
3.586295578214857005e-02
-5.460939937167696989e-01
-5.600307782491048547e-01
5.894957648383246651e-01
-7.086730533175997770e-01
-5.779925452338324776e-01
3.380882740020751953e-01
1.575262281629774330e+00
-1.497822973463270424e+00
-1.244739558961656389e-01
-9.714190827475653600e-02
1.430151409573025223e+00
-1.348092820909288225e-01
6.094068421257866630e-01
5.698288811577690849e-01
7.335974375406900672e-01
8.667820824517143974e-01
5.432252420319451380e-02
6.041105588277181360e-01
-1.419574022293090820e-01
-9.329121907552083703e-01
9.410241444905599328e-01
-3.197556071811252232e-01
nan
nan
nan
nan
-6.643031438191732141e-01
-7.134044435289170760e-01
1.206308046976725334e+00
1.907568905088636579e-01
-4.408990807003445034e-01
-2.914418644375271206e-01
7.696557044982910156e-01
4.517419073316786271e-01
4.550205336676703405e-02
2.595224380493164062e-01
-1.240640428331163170e+00
-2.670059733920627232e-01
-7.915297084384493864e-01
-1.493124432033962723e+00
1.108583145671420689e-01
4.443638589647080916e-01
-2.291501396232181048e-02
1.664940516153971262e-01
2.981588575575087052e-01
-7.693446477254232141e-01
-2.322050730387369699e-01
-7.868864801194932479e-01
1.029741181267632477e+00
1.445089843538072405e-01
1.537668016221788170e+00
-4.030661053127712612e-01
-8.779525756835937500e-01
-4.494671291775173549e-01
nan
nan
nan
nan
6.138422754075791854e-01
-6.600275039672851562e-01
-4.030439323849148159e-01
8.662154939439561940e-02
-9.569916460249159457e-03
-1.028230243259006027e+00
1.371301809946695871e-01
-4.527562459309895648e-01
1.084648132324218750e+00
-5.019065009223090401e-01
-4.480555322435166854e-01
1.786125236087375279e-01
-7.348560227288140068e-01
-1.096241527133517746e+00
2.222549120585123605e-01
8.120956950717501677e-01
2.051882346471150809e-01
1.699713203642103376e-01
-2.088643974728054409e-01
-5.245091120402017859e-01
-1.993192301856147042e-01
1.253029637866550083e-01
-7.610768742031521761e-01
-2.278229925367567243e-01
-8.480317327711317521e-01
8.048637708028157922e-01
-7.064000765482584265e-01
2.254066467285156250e-01
nan
nan
nan
nan
9.844789505004882812e-01
3.012056350708007812e-01
5.828137927585177458e-01
-8.712343374888102676e-02
-8.701713879903157922e-01
-3.632739186286926270e-02
2.577930481897460283e-03
9.144412146674262276e-01
-4.070739216274685268e-01
-6.457322968377007255e-01
-4.385043250189887276e-01
-1.915326913197835379e-01
-1.348913908004760742e-01
-6.316736009385850448e-01
5.292925834655761719e-01
-1.303664101494683258e+00
-2.538554138607448940e-01
-1.703753868738810129e-01
6.686945491366915739e-01
-4.808585378858778459e-01
-8.385775354173448104e-01
8.111245367262098771e-01
1.177510049608018639e+00
7.699892785814073104e-01
-5.461750560336642302e-01
-3.193211555480957031e-01
1.053872373369005022e-01
-4.793273078070746374e-02
nan
nan
nan
nan
-3.413602775997585659e-01
-1.455146683586968415e+00
-2.137726379765404749e-02
8.051123619079589844e-01
-6.121612654791938057e-01
4.730837610032823104e-01
5.670220586988661271e-01
8.766512870788574219e-01
-4.196506871117485771e-01
-1.273287137349446707e-01
-5.912436379326714286e-01
8.022345436943901786e-01
-4.461044404241773509e-02
1.491015089882744560e-01
1.242276403639051674e+00
-1.602011919021606445e-01
3.568744924333360213e-01
9.300727976693047572e-02
-1.740054951773749581e-01
1.556011305914984710e+00
9.394266340467665177e-01
-4.182283083597818779e-02
-7.920537524753146208e-01
1.064259211222330803e+00
-4.787084261576334820e-01
-8.892001046074761439e-02
2.665627168284522008e-02
2.810358206431071149e-01
nan
nan
nan
nan
-5.033914248148599890e-01
-8.684795697530111047e-01
3.544461197323269253e-01
1.356155607435438393e+00
-8.770400153266059151e-01
8.875701990392472623e-03
1.473358869552612305e-01
2.875325414869520646e-01
5.009801122877333146e-01
-1.887845860587226143e-01
8.319496578640408480e-01
1.102448503176371303e-01
-2.422296735975477400e-01
-9.051194720798068083e-01
-3.284335666232638951e-01
-1.385251892937554352e+00
-4.711402257283528461e-01
-3.749615351359049664e-01
6.865404446919759485e-01
4.138823880089653739e-01
9.411944945653279160e-02
5.901723437839084124e-02
9.164882236056857145e-01
-1.751980675591362946e+00
2.256898350185818081e-01
3.431252307362026716e-02
1.313202513588799247e-01
7.101422945658365515e-01
nan
nan
nan
nan
-1.147400008307562919e-01
-1.982900003592173374e-02
7.542746596866184428e-02
-6.260603666305541992e-02
2.543614175584580916e-01
-1.922096278932359514e-01
-8.088047239515516740e-01
-1.993707898590299770e-03
9.882367451985677453e-01
-1.314499510659111747e-01
4.575533337063259487e-01
-9.519140455457899552e-01
-7.259716590245564316e-02
5.945675108167860490e-01
-3.014447689056396484e-01
-2.279648251003689174e-01
4.148059421115451451e-01
1.147862010531955357e-01
-1.450019412570529576e-01
-4.039317237006293526e-01
-1.152514881557888393e-01
7.033189800050523854e-02
-1.970319350560506277e-01
-1.905796792772081194e-01
6.389866272608439590e-02
1.987842851214938755e-01
7.138886451721191406e-01
6.530619329876369283e-02
nan
nan
nan
nan
1.227690031131108660e-02
-7.535737752914428711e-02
-1.112443817986382477e+00
1.946441994773017159e-01
4.926334487067328682e-01
1.472565068138970146e-01
1.562413745456271652e+00
1.007974942525227791e+00
1.487522257698906669e-01
7.760057979159884489e-01
4.200371636284722099e-01
-6.327323913574218750e-01
1.812280813852945871e-01
-1.211938460667928014e-01
-3.280102941724989396e-01
-3.131519423590766182e-01
7.543712854385375977e-02
5.802220238579643974e-01
7.127086851331922990e-01
3.351234065161810827e-02
-2.666130860646565570e-01
-7.015268537733290177e-01
-6.428314579857720423e-02
-7.209078470865885047e-01
-2.065314683649275077e-02
-6.159176296657986605e-01
6.645402643415662669e-02
-3.783200846778022042e-01
nan
nan
nan
nan
3.757896158430311662e-01
-5.797108014424641638e-03
8.814241621229383927e-01
8.709165255228678015e-01
-2.820522520277235490e-01
-5.192221005757650110e-01
1.317601203918457031e-01
-1.487454202440049889e+00
-1.250283347235785492e+00
-1.447739071316189174e-01
2.880738841162787667e-01
2.963184250725640068e-01
4.155953311257892281e-03
2.627403736114501953e-01
5.320053100585937500e-01
-2.776232030656602401e-01
4.722545941670735492e-01
-1.015064981248643694e-01
4.293726815117729911e-01
-4.407967461480034876e-02
-2.493091921011606968e-02
-1.060250494215223549e+00
-3.351835144890679130e-01
-7.473007308112250557e-01
-7.474505636427137834e-01
6.742691331439548685e-02
-1.419888178507487053e+00
2.866282463073730469e-01
nan
nan
nan
nan
-1.680384390056133270e-03
-2.053232722812228794e-01
6.469363636440701448e-01
9.654468297958374023e-02
7.655496067470974886e-01
nan
2.015477683809068499e-01
-7.601574261983236047e-01
1.579515006807115374e-01
-1.826810704337226143e-01
8.621953328450521203e-01
-7.496660550435384485e-01
-6.399751371807521627e-02
-4.552344216240776786e-01
7.778018712997436523e-02
5.900671746995713729e-01
-3.319107492764791084e-02
-2.275895542568630581e-01
-2.495659722222222099e-01
-4.238402313656277065e-01
-8.346933258904351005e-01
-1.689742273754543667e-01
7.234315872192382812e-01
-3.575659592946370258e-01
2.058815956115722656e-01
-9.409378899468315849e-01
8.196041848924424666e-01
9.299275080362955359e-01
nan
nan
