nan
nan
-2.078429990344577427e-01
8.453665309482150114e-01
-7.701838281419541854e-01
5.145621299743652344e-01
1.573876168992784264e+00
-7.120537757873535156e-02
4.552135997348361607e-01
8.720846176147460938e-01
-5.990294350518120536e-01
1.134883032904730804e+00
7.023047341240776786e-01
9.981778462727864953e-01
1.118214077419704910e+00
2.841198444366455078e-02
-5.755459997389051896e-01
1.459908088048299246e-01
4.890861511230468750e-01
-1.223381360371907506e-01
1.148081567552354576e+00
-5.801680882771810266e-01
-9.634476767645941964e-01
-2.912569046020507812e-01
7.928411165873209265e-01
-1.217227829827202790e+00
5.632468859354654578e-01
9.830428229437934151e-01
-2.919705973731147042e-01
7.743031183878580359e-01
nan
nan
nan
nan
-1.073805703057183258e+00
-1.644546853171454659e-01
1.505639182196722992e+00
6.004536946614583703e-01
8.496919737921820870e-01
-1.131125026279025558e+00
3.717173205481635323e-01
6.058655314975314177e-01
-9.107486936781141740e-01
-1.536938084496392021e-01
-1.181556701660156250e+00
-5.635442998674181081e-02
-6.438561545477973214e-01
4.758129119873046875e-01
1.185225380791558175e-01
9.377066294352213172e-01
7.146115104357401819e-03
1.122254901462131027e+00
4.839203622606065291e-01
7.346854209899902344e-01
4.714888996548122768e-01
-1.073709130287170410e-01
1.248963144090440514e+00
-6.596370273166232145e-01
-9.148412280612521208e-01
-1.209068934122721428e+00
5.094193882412381136e-01
-7.448169920179579240e-01
nan
nan
nan
nan
-7.732627126905652903e-02
-5.597315894232855749e-02
4.008807341257731305e-01
-1.503464248445298967e-01
6.696209377712674105e-01
-7.429641617668999443e-01
7.038334740532768974e-01
2.929776774512397042e-01
1.600763665305243721e-01
1.248736805386013504e+00
3.448621167076958427e-01
8.372937308417426339e-01
-8.869234720865885047e-01
4.968023300170898438e-01
1.655193646748860603e+00
4.832308557298448104e-01
-8.771104812622070312e-01
4.116160074869791852e-01
-6.195707321166992188e-01
6.008296012878417969e-01
-1.515212800767686607e+00
5.594715542263455355e-01
-1.145281897650824554e+00
-1.776648097568088169e-01
3.144684632619221820e-01
5.092633565266927453e-01
2.166601551903618583e-01
-1.449481010437011719e+00
nan
nan
nan
nan
-2.431568304697672434e-01
-2.591978973812527065e-01
-3.414017889234755021e-01
-1.204330258899264927e-01
-1.244650284449259486e-01
9.295371373494466516e-01
-1.111735343933105469e+00
-6.014581256442599333e-01
3.828008174896240234e-01
-3.223159048292372209e-01
-1.553532414966159458e-01
-1.106016582912868973e+00
1.207480218675401451e+00
-1.184357007344563728e+00
-5.383106337653266182e-01
1.044344796074761383e+00
3.468961185879177456e-01
1.481769482294718332e-01
-2.094217936197916574e-01
-3.447638617621527901e-01
3.728687763214111328e-01
-9.848431481255425224e-01
-1.927225987116495676e-01
-4.986672401428222656e-01
2.524311542510986328e-01
1.011159155103895424e+00
-5.743630727132161828e-01
-2.527745034959580916e-01
nan
nan
nan
nan
7.837405204772949219e-01
1.109120746453603167e-02
-5.366008546617295760e-01
-3.712226814693874721e-01
1.032506942749023438e+00
1.464769177966647740e-01
-4.893280665079752789e-01
7.714822557237412948e-01
-6.500812106662325895e-01
-1.887743208143446150e-01
-6.625229782528346822e-02
-3.189479774898952846e-01
-6.319565243191189730e-01
1.387949307759602791e+00
1.175214237636990067e+00
5.896915859646267855e-01
-8.841525713602701453e-01
-4.094702667660183315e-01
3.600398964352077846e-01
9.786123699612088167e-01
1.625952296786838058e+00
4.459591971503363839e-01
6.563587188720703125e-01
5.209657218721178151e-02
3.448798656463623047e-01
-4.172372023264567242e-01
4.038707945081922990e-01
3.397598862648010254e-02
nan
nan
nan
nan
-1.681410683525933258e+00
-2.399603260887993583e-01
1.118350982666015625e+00
1.548760308159722321e+00
2.172702365451388840e+00
1.816979514227972992e+00
6.524278852674696427e-01
8.217096858554415739e-01
4.790121714274088727e-01
-1.549120267232259041e+00
-1.541573736402723493e-01
-9.804476632012261161e-01
-5.518346362643771208e-01
-4.174954361385769218e-03
2.069601615269978934e-01
-7.838938501146104354e-01
8.840561972724066964e-01
2.495893372429741630e-01
-1.012137333552042689e-01
-6.864996088875664759e-02
-6.827078395419650114e-01
1.053070598178439621e+00
2.207510835594601178e-02
7.803748448689779016e-01
5.020127826266818083e-01
-6.332417064242892302e-01
3.946277300516764508e-01
-1.047358777787950335e-01
nan
nan
nan
nan
-1.600924200481838588e-01
-7.435805532667372209e-01
5.605839093526204797e-01
-7.738910781012641182e-01
-4.795246124267578125e-01
-7.673220634460449219e-01
-4.884851243760850448e-01
7.781859503851996651e-01
-2.035278346803453264e-01
-1.762154036098056292e-02
4.451433155271741771e-02
-3.700994650522868024e-01
-6.599818865458170203e-01
4.013562202453613281e-01
-3.554875055948893414e-01
-4.765792952643500557e-01
-3.243375089433457870e-01
6.907293531629774552e-01
3.166326681772868024e-01
-2.163748741149902344e-01
5.115756988525390625e-01
8.216460545857747766e-01
-4.424273437923855190e-01
-7.266163825988769531e-01
4.197838836246066685e-01
-1.404248555501302009e+00
9.513448344336615514e-02
6.714465883043077010e-01
nan
nan
nan
nan
7.125243610805935823e-01
-3.210722572273678153e-03
-5.852655304802788505e-01
1.972164842817518415e-01
-8.510449727376302453e-01
-5.008565584818521765e-01
-6.892105208502875557e-01
-5.410729514227973214e-01
-2.543285687764485492e-01
8.811392254299588167e-01
-5.539119508531358260e-01
-7.891782654656304130e-01
-3.901982572343614120e-01
5.669136047363281250e-01
-5.980620384216308594e-01
-5.740807321336534041e-01
-7.158080206976996651e-01
1.365869839986165291e+00
-3.507183127933078404e-01
-1.344605154461330776e-01
-8.315822813245985490e-01
-8.107773462931314734e-01
1.201944986979166741e+00
9.342120488484700891e-01
-3.953073819478352680e-01
-3.112434016333686104e-01
-1.445823669433593750e+00
-8.315693007575141182e-01
nan
nan
nan
nan
-8.194702863693237305e-02
3.452361159854465122e-01
1.059244791666666741e+00
6.484664281209310266e-01
-7.337138917711045760e-01
-1.686186790466308594e+00
1.274614201651679268e-01
1.531622409820556641e-01
7.433790630764430807e-02
1.343039539125230608e-01
-1.334649191962348214e-01
-1.395296123292711077e-01
-8.176100254058837891e-02
-4.350940651363796596e-01
5.487084388732910156e-01
-2.975721624162461776e-01
1.987574663427140939e-02
-1.565935081905788784e-01
-8.989872402615017855e-01
9.722651375664605189e-02
3.483016490936279297e-01
-3.034758302900526505e-01
-4.117603103319803642e-02
-3.037029372321234932e-01
-6.598725848727755583e-01
9.365784327189127234e-01
5.262349446614583703e-01
1.322554906209309822e+00
nan
nan
nan
nan
-2.370123333401150112e-01
1.491806507110595703e-01
-6.327122582329643974e-01
-7.915567689471775248e-02
6.637209256490071985e-01
1.124788708157009598e+00
-1.768021583557128906e-01
-2.823775609334309711e-01
6.601783964369032365e-01
4.126868512895371932e-01
7.146213452021281387e-02
4.321752985318502022e-02
9.340629577636718750e-01
-9.922161102294921875e-01
1.124760733710394867e+00
-1.863667037751939592e-01
-4.833350711398654576e-01
8.937216674288114273e-04
-2.689962387084960938e-01
7.523280249701606026e-01
1.488897111680772545e+00
-8.089733123779296875e-01
1.905478371514214286e-01
-1.227054066128201004e+00
-9.540211359659830359e-01
-3.918449083964030133e-01
-1.431919733683268137e-01
-9.592304229736328125e-01
nan
nan
nan
nan
6.885221269395616628e-02
-4.408686425950791854e-01
-1.931344535615709124e-01
7.502302063835991630e-01
1.803817351659139090e-01
5.779479874504936943e-01
2.864217493269178849e-01
-8.526296085781521761e-01
-1.415449566311306473e+00
1.904841131634182338e-01
8.546188142564561940e-02
-3.359253141615126115e-01
2.574584749009873885e-01
-2.993916140662299108e-02
6.011393335130479354e-01
4.669502576192219867e-01
-1.777754253811306473e+00
4.930630260043674107e-01
3.222366505199008441e-02
-6.753488381703694199e-02
-4.187029732598198661e-01
2.869697941674126396e-01
-4.058260652754042130e-01
2.928938070933024274e-01
1.611385875278049107e-01
-5.133876270718045198e-01
-1.542217042711045982e+00
-2.937813334994845982e-01
nan
nan
nan
nan
-7.509682575861613418e-02
3.506456216176350726e-01
-3.501103719075520648e-01
3.381311098734537945e-01
-1.094473308987087723e+00
-7.660813861423068083e-01
4.426447020636664620e-01
2.324197027418348493e-01
3.051426675584580916e-01
9.368761910332573661e-01
5.584159427218966520e-01
8.370779355367025110e-01
1.353175110287136440e-01
1.122535811530219085e+00
9.910890791151258927e-01
-6.444781621297200891e-01
1.196948157416449554e+00
7.913221253289116630e-01
-2.957650290595160714e-01
-9.602752261691622770e-01
4.628047413296169643e-01
2.730818059709336776e-01
7.130541801452636719e-01
-1.805903540717230804e+00
4.381552007463243026e-01
7.792504628499349328e-01
-3.502152231004502791e-01
-5.206869973076714286e-01
nan
nan
nan
nan
-1.227550506591796875e-01
8.573354615105522880e-01
-9.077022473017375137e-02
2.165692779752943220e-01
-8.615535100301107141e-01
7.309746212429470980e-01
1.561128828260633705e+00
2.022438049316406250e-01
4.030764102935791016e-01
-8.160328202777439310e-02
-5.735376808378431224e-02
1.528852515750461216e-01
3.260896735721164341e-01
-1.906399461958143415e-01
-1.216407669915093415e+00
1.368632051679823103e-01
-2.132449150085449219e-01
3.649537828233506698e-01
1.161648912562264317e-02
5.230587853325737724e-01
-1.201626459757487025e-01
2.098790804545084543e-01
-2.111818922890557060e-01
-5.614932378133138391e-01
7.166243659125434151e-01
-5.971417824427286553e-02
6.402787102593315849e-01
-6.288648181491427458e-01
nan
nan
nan
nan
6.913982497321234932e-01
-3.664329581790500279e-01
-1.132005479600694420e+00
-6.131762398613823661e-01
-5.659487512376573104e-01
-4.598552982012430596e-02
3.210221131642659320e-01
-8.642657068040635604e-01
6.705974472893608818e-01
2.060983048544989815e-01
-1.822288698620266323e-01
7.766184806823730469e-01
3.418746524386935826e-01
4.390188323126898995e-01
1.848449640803866839e-02
-1.280886226230197433e+00
1.361754735310872488e-01
-1.333441628350152008e+00
1.103121121724446541e+00
-4.725450409783257255e-01
3.791295488675435615e-02
-2.595516045888264789e-01
-8.743455674913194198e-01
7.788135210673013953e-01
6.034978760613335380e-01
-3.296190367804633370e-01
8.959045675065782643e-02
-6.432446373833550224e-01
nan
nan
nan
nan
1.257731252246432896e-01
-1.085376315646701340e+00
-2.907070053948296318e-01
-9.365546968248155135e-01
-5.480570263332791292e-01
1.123804728190104241e+00
1.849542193942599888e-01
1.451766543918185715e+00
5.901854832967122766e-01
-1.008692423502604241e+00
6.223936213387383509e-02
1.113580385843912834e+00
7.580423355102539062e-01
-1.221187273661295647e+00
3.438258171081542969e-02
5.242804686228434534e-03
5.094875229729546318e-01
-7.685305277506510047e-01
6.467565430535210380e-01
-6.024089919196234932e-01
1.438140736685858956e-01
-2.215136422051323661e-01
4.891809357537163505e-01
-8.773328463236490515e-01
9.211905797322591516e-01
8.453877766927083703e-01
-1.219242201911078460e+00
-6.273775630527073099e-02
nan
nan
nan
nan
4.969688587718539691e-02
-1.449031962288750419e-01
3.413912720150417690e-01
-2.355379263559977121e-01
4.415628910064697266e-01
9.988338682386610490e-01
1.172679159376356361e+00
6.383099555969238281e-01
-5.519031948513455355e-01
8.209827211168077565e-02
5.958269437154134485e-01
2.147729131910535993e-01
3.599300649431016463e-01
3.515324592590332031e-01
6.772476832071939734e-01
-9.128086302015516740e-01
5.312507947285970422e-01
-6.859784656100802458e-01
8.448862499660916292e-01
4.504514270358615513e-01
-1.299791971842447991e+00
-5.279598236083984375e-01
4.019030465020073661e-01
-3.833817640940348492e-01
5.111349953545464286e-01
-1.112171702914767746e+00
-3.796959718068440570e-01
2.488853136698404855e-01
nan
nan
nan
nan
9.830227163102892018e-02
8.450425995720757255e-01
-1.030834184752570243e-01
9.408148659600151786e-01
4.083478715684678573e-01
-4.467741648356119977e-01
-7.482370800442166292e-01
-3.146761788262261161e-01
-4.679810206095377789e-01
-7.387927373250325891e-01
-3.745809131198459263e-01
-1.009167247348361496e+00
1.114730623033311607e+00
1.030401057667202358e-01
-1.307580735948350670e+00
5.033549202813042411e-01
3.930250273810492745e-01
-3.086218817366493880e-03
4.049086901876661204e-02
-2.504597769843207589e-01
3.959903187221950893e-01
8.847035831875271761e-01
-3.390427960289849052e-01
-1.707108550601535435e-01
-3.869091669718424664e-01
1.127289666069878488e-01
-1.663925780190361747e-01
3.216229014926486607e-01
nan
nan
nan
nan
-9.078665839301215401e-01
2.283164925045437221e-01
2.698402934604220982e-01
-3.058379888534545898e-02
3.573066658443874721e-01
-5.375599861145019531e-01
7.682482401529947547e-01
-7.039985126919217073e-01
4.908736546834309711e-01
-2.691196070777045479e-01
-8.772038353814018974e-01
-1.032907274034288170e+00
-1.171608924865722656e+00
7.511210441589355469e-01
-2.026115258534749441e-01
1.045408580038282575e-01
-4.805177052815755023e-01
-7.909513579474555245e-01
3.362453248765733260e-01
1.013458887736002678e+00
-2.808055612776014787e-01
3.962195184495713729e-01
-2.352687517801920480e-01
4.846483336554633370e-01
9.068903658125135325e-02
2.668956385718451729e-01
-5.334820217556424105e-01
1.032727559407552009e+00
nan
nan
nan
nan
-4.942226409912109375e-01
7.713860405815972099e-01
4.729029867384169084e-01
-5.333024130927191964e-01
9.379093382093641740e-01
3.235925833384196149e-01
7.614794307284884489e-01
4.183453983730739956e-01
7.396656142340766182e-01
7.076021830240885047e-01
-1.979693942599826340e+00
-2.729423178566826869e-02
-8.100785679287381136e-01
4.420795175764296037e-01
2.099993228912353516e-01
-3.372116088867187500e-01
1.536947568257649666e+00
1.592442327075534458e-01
-1.091627544826931362e-01
-1.800721089045206613e-01
1.026540862189398773e+00
-1.046537187364366295e+00
-5.364216168721517297e-01
6.205477184719510042e-01
-1.780307292938232422e-01
2.745486895243327008e-01
4.715040524800618305e-01
-2.739203506045871372e-01
nan
nan
nan
nan
-5.875139766269259489e-01
-4.111653698815239677e-01
-1.952630811267428990e-01
1.438561333550347321e+00
1.053411695692274330e+00
5.305521024598015833e-02
6.671649085150824776e-01
-6.657545301649305802e-01
-1.133140775892469643e+00
9.598750008477104911e-01
-1.013336777687072754e-01
4.068460729387071151e-01
-6.916374630398220980e-01
1.007363531324598549e+00
-3.279409408569335938e-01
-2.171100378036499023e-01
6.841106414794921875e-01
-1.462230947282579241e-01
-1.578266753090752372e-01
-3.120058377583821430e-01
-6.426142983966404154e-02
3.507253858778212052e-01
5.898486243353949776e-01
6.219930118984646761e-01
-1.425498856438530915e+00
8.417845831976996651e-01
1.507321145799424889e+00
-8.093964788648817521e-01
nan
nan
nan
nan
4.065122538142734027e-02
-1.969480726453993080e+00
-5.610301759507920760e-01
-1.100612004597981697e+00
3.234655592176649552e-01
-1.507966915766398019e-01
7.636515299479167129e-02
-1.027479105525546665e-01
-2.072921858893500557e-01
-3.150362703535292130e-01
7.945104704962836495e-01
-3.617679278055827008e-01
4.625403616163465959e-01
7.117339769999185828e-01
8.089601728651258927e-01
3.303723865085178013e-01
-2.356324725680881138e-01
7.214956283569335938e-01
-1.609392298592461357e-01
8.399731847974989396e-01
-8.049155341254340401e-01
4.696473545498318081e-01
-4.845810466342502232e-01
7.967379358079698659e-02
-2.440958817799886160e-01
1.232393980026245117e-01
3.226261403825547713e-01
-1.112586869133843415e+00
nan
nan
nan
nan
6.449526680840386161e-01
-1.159991158379448883e+00
-1.180705388387044197e+00
1.659052742852105133e+00
2.459558380974663505e-01
7.600381639268662948e-01
-1.604299147923787527e-01
1.067130102051628976e-01
2.198452287250095005e-01
7.135907808939615515e-01
-2.834701538085937500e-01
4.685165087381998883e-01
-6.614777776930066966e-02
1.277983347574869866e+00
1.434500084982978096e-01
-4.747989442613390065e-02
-9.797540240817599333e-01
-1.257970386081271652e+00
6.286109288533529016e-01
6.373495525783963167e-01
7.409713665644328262e-02
5.599929491678873328e-01
3.698361714680989398e-01
2.735590669843885880e-01
-4.909598827362060547e-02
-6.042848163180880583e-01
-8.644069035847982141e-01
1.307660632663302902e+00
nan
nan
nan
nan
-8.071222835116915739e-01
-4.012151559193928851e-01
-4.991861979166666852e-01
-5.216858651902940291e-01
-1.598736021253797768e+00
4.712089432610405693e-01
-5.287203258938260042e-01
-3.624942832522922154e-01
7.963887850443521765e-01
1.349853542115953264e-01
1.775148709615071707e-01
-6.155620680914984932e-01
-4.556410047743055802e-01
-1.043135431077745201e+00
7.942538791232638395e-01
3.179208437601725445e-01
-8.338883717854818078e-01
4.931626849704318638e-01
1.162680625915527344e+00
1.335110558403862946e+00
-2.924114863077799664e-01
2.033849159876505441e-01
-3.080521159701877232e-01
-4.669580989413791294e-01
-3.927029172579447197e-02
-8.294508854548136856e-02
1.023117065429687500e+00
9.469580120510525667e-01
nan
nan
nan
nan
-4.063227971394856586e-01
-3.457456429799397601e-01
3.104680114322238560e-01
5.633948114183213729e-01
-5.756417380438910714e-01
nan
3.908763461642795201e-01
-6.072474585639106026e-01
-1.108244154188368080e+00
4.246924718221028461e-01
3.677256372239854354e-01
-9.333221647474501115e-01
-2.610683706071641463e-01
4.584744241502550222e-02
1.321435398525661942e+00
1.236777411566840179e+00
-5.706100463867187500e-01
2.014706201023525739e-02
-1.358381244871351423e-01
1.558594074514177072e-02
-1.790913475884331474e-01
3.082048628065321427e-01
3.716100321875678292e-01
1.160999086168077232e+00
-2.530413468678792133e-01
7.112924257914225723e-02
1.308794975280761719e+00
-2.732659445868598214e-01
nan
nan
