nan
nan
-1.065787911415100098e+00
1.310806423425674438e-01
-4.798076674342155457e-02
3.856538534164428711e-01
-1.072697162628173828e+00
-3.378081023693084717e-01
-9.237898141145706177e-02
7.405240535736083984e-01
-6.248747110366821289e-01
1.308211684226989746e+00
-1.309961080551147461e-01
2.043803691864013672e+00
-1.247499823570251465e+00
-1.245638132095336914e+00
3.445289433002471924e-01
-1.317743510007858276e-01
-5.827229619026184082e-01
-7.104167938232421875e-01
-6.818588376045227051e-01
2.759216129779815674e-01
8.768821358680725098e-01
9.332896023988723755e-02
-8.523328304290771484e-01
-1.051672399044036865e-01
-2.640825510025024414e-01
1.796061396598815918e-01
3.822794556617736816e-01
-6.440696716308593750e-01
nan
nan
nan
nan
-9.655446410179138184e-01
1.535063982009887695e+00
-3.233129680156707764e-01
8.343423008918762207e-01
-1.195911020040512085e-01
3.738448619842529297e-01
-4.462373852729797363e-01
6.704137921333312988e-01
-1.422547817230224609e+00
1.063390076160430908e-01
2.209154665470123291e-01
-5.423441529273986816e-01
3.019995391368865967e-01
2.617454230785369873e-01
-1.596360802650451660e+00
4.077716767787933350e-01
-1.014078974723815918e+00
-2.518523670732975006e-02
-4.267093241214752197e-01
1.172687888145446777e+00
-1.072048306465148926e+00
-4.213608801364898682e-01
8.222546577453613281e-01
-2.340155839920043945e-01
-4.676073193550109863e-01
-3.486051857471466064e-01
2.148648351430892944e-01
-9.906889498233795166e-02
nan
nan
nan
nan
-1.060300469398498535e+00
8.743082284927368164e-01
-6.410899162292480469e-01
4.089250415563583374e-02
-1.775476038455963135e-01
2.701031863689422607e-01
-7.978349328041076660e-01
1.878729701042175293e+00
-3.190187513828277588e-01
1.562343120574951172e+00
-5.109947323799133301e-01
1.263228416442871094e+00
3.967085480690002441e-01
1.587353587150573730e+00
-6.694031953811645508e-01
1.870801597833633423e-01
-6.110432744026184082e-01
-7.203466296195983887e-01
-7.231020182371139526e-02
9.434175491333007812e-01
7.089190483093261719e-01
1.107425570487976074e+00
6.830201745033264160e-01
-8.201405405998229980e-01
-4.832715988159179688e-01
-2.137263566255569458e-01
-1.232918445020914078e-02
1.209742873907089233e-01
nan
nan
nan
nan
9.171406626701354980e-01
-1.917774915695190430e+00
-9.593350291252136230e-01
-9.519869685173034668e-01
4.301667809486389160e-01
6.957944482564926147e-02
1.491073012351989746e+00
7.987955212593078613e-01
2.115615367889404297e+00
-6.270465850830078125e-01
-4.959831535816192627e-01
6.125007271766662598e-01
1.504716128110885620e-01
6.309707164764404297e-01
6.222664937376976013e-02
1.017178297042846680e+00
1.305034458637237549e-01
-7.876391410827636719e-01
4.603841006755828857e-01
-4.552395939826965332e-01
-9.864424169063568115e-02
6.408254057168960571e-02
-9.723145961761474609e-01
-6.778041124343872070e-01
9.079335927963256836e-01
-7.141190767288208008e-01
5.066947937011718750e-01
-8.811033368110656738e-01
nan
nan
nan
nan
9.839590191841125488e-01
5.300302058458328247e-02
-5.732789635658264160e-01
1.489636182785034180e+00
1.008880257606506348e+00
-7.506437599658966064e-02
1.124851465225219727e+00
-6.658869385719299316e-01
-1.397393196821212769e-01
-6.579388678073883057e-02
9.851520657539367676e-01
4.917808771133422852e-01
-1.705137252807617188e+00
-6.756860613822937012e-01
8.888411521911621094e-01
1.076825857162475586e+00
3.498574197292327881e-01
7.561432123184204102e-01
4.517050087451934814e-01
4.227320849895477295e-01
-3.807432577013969421e-02
5.417467355728149414e-01
-1.124425888061523438e+00
9.621878862380981445e-01
3.095713555812835693e-01
6.640156507492065430e-01
5.201646089553833008e-01
-7.684463262557983398e-01
nan
nan
nan
nan
-1.034126639366149902e+00
1.590957641601562500e+00
-3.543578982353210449e-01
1.185592651367187500e+00
8.443445563316345215e-01
3.008849322795867920e-01
-1.875405192375183105e+00
1.001366853713989258e+00
-3.178970515727996826e-01
-1.431907773017883301e+00
1.555052697658538818e-01
1.782552003860473633e+00
8.202079534530639648e-01
-5.155262351036071777e-01
6.442312598228454590e-01
1.624612361192703247e-01
6.810097694396972656e-01
-2.372720003128051758e+00
5.815641880035400391e-01
-2.212591767311096191e-01
-3.163824379444122314e-01
-1.336816191673278809e+00
1.052695363759994507e-01
4.707204997539520264e-01
2.729841470718383789e-01
-2.050683259963989258e+00
5.549214482307434082e-01
9.032847285270690918e-01
nan
nan
nan
nan
5.666279792785644531e-01
-7.846738100051879883e-01
-6.885821223258972168e-01
1.855231881141662598e+00
4.885995686054229736e-01
-3.647317886352539062e-01
-1.189092636108398438e+00
5.998671427369117737e-02
-8.108772635459899902e-01
8.267639279365539551e-01
-1.018625617027282715e+00
-1.325440049171447754e+00
-4.331057965755462646e-01
1.370591878890991211e+00
-5.948467254638671875e-01
9.427708387374877930e-01
1.024841904640197754e+00
9.903905540704727173e-02
1.823673211038112640e-02
1.042474269866943359e+00
4.880624711513519287e-01
1.207773685455322266e+00
-7.441682815551757812e-01
1.078734397888183594e+00
-1.285767316818237305e+00
9.333981275558471680e-01
2.544694662094116211e+00
1.306909918785095215e+00
nan
nan
nan
nan
1.452762484550476074e+00
1.231431841850280762e+00
-5.945621728897094727e-01
-4.975207746028900146e-01
-1.997272521257400513e-01
-3.929453194141387939e-01
-6.095081567764282227e-01
-2.510836422443389893e-01
2.029640823602676392e-01
7.862859964370727539e-01
-2.921898961067199707e-01
4.345358908176422119e-02
1.095121383666992188e+00
1.127848744392395020e+00
1.761990040540695190e-01
-3.433431386947631836e-01
-6.789855659008026123e-02
-2.507275938987731934e-01
7.362077832221984863e-01
3.478458821773529053e-01
5.746158584952354431e-02
7.945355027914047241e-02
2.122652530670166016e-01
5.318929553031921387e-01
1.909067034721374512e+00
-2.541255354881286621e-01
-3.572768867015838623e-01
-4.024522900581359863e-01
nan
nan
nan
nan
-7.176228165626525879e-01
-6.605134606361389160e-01
-1.589384824037551880e-01
-4.658843278884887695e-01
-7.226003408432006836e-01
-1.338445901870727539e+00
-1.868074059486389160e+00
2.257620841264724731e-01
2.284839283674955368e-03
7.286292910575866699e-01
-3.327138423919677734e-01
-8.309728503227233887e-01
5.192013382911682129e-01
1.145365715026855469e+00
-5.707993507385253906e-01
-8.748981952667236328e-01
-4.738678038120269775e-01
2.604724466800689697e-01
4.722744598984718323e-02
3.884551525115966797e-01
5.478133559226989746e-01
1.326221108436584473e+00
7.294791340827941895e-01
-1.397884368896484375e+00
-2.222466170787811279e-01
8.400138616561889648e-01
1.189885139465332031e+00
-7.216819524765014648e-01
nan
nan
nan
nan
1.520717144012451172e+00
4.237743616104125977e-01
-6.475032567977905273e-01
-4.220873713493347168e-01
-2.787644863128662109e-01
5.335265994071960449e-01
2.716845870018005371e-01
1.513691782951354980e+00
1.356316566467285156e+00
5.008004307746887207e-01
4.429302215576171875e-01
-1.594959735870361328e+00
1.600977063179016113e+00
4.791909158229827881e-01
4.183323681354522705e-01
2.846380770206451416e-01
-3.920920789241790771e-01
5.193127989768981934e-01
6.737443059682846069e-02
4.927875101566314697e-01
3.162011504173278809e-01
-1.438045036047697067e-02
-4.208432137966156006e-01
-1.616729617118835449e+00
7.131284475326538086e-02
6.546740531921386719e-01
-5.957172513008117676e-01
6.810913234949111938e-02
nan
nan
nan
nan
-9.563091397285461426e-02
1.200158894062042236e-01
-8.391623198986053467e-02
-8.649427443742752075e-02
-4.070056378841400146e-01
5.829905867576599121e-01
1.308614730834960938e+00
5.225650966167449951e-02
1.108820438385009766e+00
1.991934537887573242e+00
-8.137449622154235840e-02
2.745791673660278320e-01
-7.169055938720703125e-02
-6.001716256141662598e-01
1.528931617736816406e+00
-7.882455587387084961e-01
-9.995261430740356445e-01
1.642270326614379883e+00
4.951817691326141357e-01
-4.027064144611358643e-01
-6.517387628555297852e-01
-5.320692062377929688e-01
-8.949409127235412598e-01
5.131700038909912109e-01
1.910077691078186035e+00
-1.039288043975830078e+00
1.282691001892089844e+00
4.463941156864166260e-01
nan
nan
nan
nan
-7.171079050749540329e-03
4.416664242744445801e-01
-8.111989498138427734e-01
-1.031256675720214844e+00
8.120517134666442871e-01
-6.260967999696731567e-02
-2.460475713014602661e-01
-7.688538730144500732e-02
-1.295310705900192261e-01
1.304803937673568726e-01
1.488209217786788940e-01
2.587511539459228516e-01
-3.635723292827606201e-01
8.262246102094650269e-02
2.526206374168395996e-01
1.541540771722793579e-01
-2.542832493782043457e-01
2.746985256671905518e-01
2.691721618175506592e-01
6.024571657180786133e-01
-4.467766731977462769e-02
-6.583988070487976074e-01
2.899425923824310303e-01
6.823404431343078613e-01
5.902226567268371582e-01
-5.356661975383758545e-02
-7.721824198961257935e-02
5.656934380531311035e-01
nan
nan
nan
nan
2.222717553377151489e-01
8.350180387496948242e-01
3.729684352874755859e-01
5.858904495835304260e-02
2.949704825878143311e-01
1.640768766403198242e+00
-7.898191213607788086e-01
5.411725640296936035e-01
-1.612390875816345215e-01
-1.013962507247924805e+00
-1.085063815116882324e+00
-9.944429993629455566e-02
-3.231419026851654053e-01
-4.168248176574707031e-01
3.420342132449150085e-02
1.070140123367309570e+00
5.317153930664062500e-01
-2.362609654664993286e-01
1.962920874357223511e-01
-9.168735146522521973e-01
4.353727996349334717e-01
1.445357799530029297e-01
-4.305976033210754395e-01
-3.599227964878082275e-01
-3.264594078063964844e-01
1.571305394172668457e+00
-1.442891657352447510e-01
-8.905887007713317871e-01
nan
nan
nan
nan
5.742219686508178711e-01
-1.147516295313835144e-01
1.181994080543518066e-01
5.281409025192260742e-01
4.131767451763153076e-01
5.383974313735961914e-01
4.014454185962677002e-01
1.196559518575668335e-01
6.689095497131347656e-01
2.860293388366699219e-01
-2.761641442775726318e-01
-2.916066441684961319e-03
8.524479866027832031e-01
1.051034688949584961e+00
1.207940459251403809e+00
1.125378727912902832e+00
3.672077953815460205e-01
2.380414605140686035e-01
3.976142406463623047e-01
7.209378480911254883e-01
-1.262363433837890625e+00
4.919178783893585205e-01
-1.651684045791625977e-01
1.420240104198455811e-01
7.460266947746276855e-01
5.668647885322570801e-01
-1.028238058090209961e+00
-5.493613481521606445e-01
nan
nan
nan
nan
-4.156200885772705078e-01
7.696672528982162476e-02
6.212909817695617676e-01
1.056083068251609802e-01
-7.495903968811035156e-01
-9.435743689537048340e-01
3.563955128192901611e-01
-7.393227219581604004e-01
-5.368256568908691406e-01
6.921267509460449219e-02
-2.221569567918777466e-01
2.014462947845458984e-01
5.065231919288635254e-01
-1.225811541080474854e-01
-3.984900712966918945e-01
1.019254088401794434e+00
-2.121122032403945923e-01
-1.088407278060913086e+00
5.311180949211120605e-01
-1.497835963964462280e-01
5.579887628555297852e-01
1.232101470232009888e-01
2.634158432483673096e-01
1.589649915695190430e-01
4.631657600402832031e-01
2.813243772834539413e-03
-1.232876256108283997e-01
3.121377825736999512e-01
nan
nan
nan
nan
-1.196616530418395996e+00
-6.499058604240417480e-01
4.620666150003671646e-03
1.275958418846130371e-01
5.775350928306579590e-01
1.258791804313659668e+00
5.912913084030151367e-01
5.258616209030151367e-01
2.873823232948780060e-02
-9.020224213600158691e-01
-9.085571169853210449e-01
7.449439167976379395e-01
3.530148267745971680e-01
7.601118087768554688e-01
-5.897481441497802734e-01
-1.006556630134582520e+00
-3.611988723278045654e-01
7.183065414428710938e-01
2.155255973339080811e-01
-4.366800189018249512e-01
5.147691071033477783e-02
4.100978076457977295e-01
2.655146457254886627e-02
-4.462413191795349121e-01
8.871300220489501953e-01
8.913953304290771484e-01
-4.113829433917999268e-01
8.670546412467956543e-01
nan
nan
nan
nan
4.848265349864959717e-01
-4.660383760929107666e-01
-3.363430127501487732e-02
-2.080840021371841431e-01
-1.003543019294738770e+00
6.980046629905700684e-01
-6.494221836328506470e-02
-1.779739409685134888e-01
8.375124931335449219e-01
7.046485543251037598e-01
-3.073518276214599609e-01
-1.711400449275970459e-01
6.374147534370422363e-01
-1.150670647621154785e+00
1.549454629421234131e-01
-5.057979822158813477e-01
-3.957288265228271484e-01
4.891926050186157227e-01
-9.064378738403320312e-01
1.323784291744232178e-01
-1.327327787876129150e-01
-6.491352319717407227e-01
-1.692069172859191895e-01
3.784756660461425781e-01
-3.243816792964935303e-01
-1.970286011695861816e+00
-1.526540517807006836e-01
4.170943498611450195e-01
nan
nan
nan
nan
-6.193273663520812988e-01
4.835523962974548340e-01
-2.153439521789550781e-01
-2.963488698005676270e-01
-6.121008992195129395e-01
-1.361379861831665039e+00
-4.285187423229217529e-01
1.193606615066528320e+00
-3.847210109233856201e-01
-6.633278727531433105e-01
1.099810674786567688e-01
-3.447528481483459473e-01
-6.236850023269653320e-01
-2.594186961650848389e-01
-1.503551483154296875e+00
1.478277564048767090e+00
4.601599574089050293e-01
1.280735015869140625e+00
-4.898303151130676270e-01
7.153923809528350830e-02
7.805417776107788086e-01
2.130557298660278320e-01
6.298999786376953125e-01
-7.091186046600341797e-01
-3.162623345851898193e-01
-3.676903247833251953e-01
3.666088283061981201e-01
-6.100063323974609375e-01
nan
nan
nan
nan
-1.363123208284378052e-01
1.637184143066406250e+00
1.127015277743339539e-01
5.356113314628601074e-01
-1.557293772697448730e+00
5.240600109100341797e-01
7.631712406873703003e-02
-7.354372739791870117e-01
-2.813772261142730713e-01
1.060034036636352539e+00
-1.213045343756675720e-01
-7.323978543281555176e-01
-7.319494485855102539e-01
8.151546120643615723e-01
-9.929830431938171387e-01
6.052072644233703613e-01
-3.578602671623229980e-01
6.714862585067749023e-01
2.287167906761169434e-01
3.913759589195251465e-01
-2.210504002869129181e-02
4.767812415957450867e-02
1.722611784934997559e+00
8.795793652534484863e-01
-8.743009567260742188e-01
5.389401912689208984e-01
2.179609835147857666e-01
-2.971437275409698486e-01
nan
nan
nan
nan
-8.374958634376525879e-01
-2.646981477737426758e-01
5.915940999984741211e-01
8.375719189643859863e-01
-7.141461372375488281e-01
-2.024194151163101196e-01
6.485823392868041992e-01
3.882999718189239502e-01
-7.788243889808654785e-01
4.853398203849792480e-01
-1.201854348182678223e+00
1.843927741050720215e+00
-4.485182464122772217e-01
9.113025665283203125e-01
-6.252679824829101562e-01
-2.161115407943725586e-01
8.143680691719055176e-01
-1.040075421333312988e+00
7.641345262527465820e-01
1.232257962226867676e+00
-7.130989432334899902e-01
1.660137474536895752e-01
4.195875823497772217e-01
1.628577336668968201e-02
-3.815721273422241211e-01
-3.480658531188964844e-01
-5.862896442413330078e-01
1.171837687492370605e+00
nan
nan
nan
nan
-1.031747937202453613e+00
-1.189508914947509766e+00
2.483421564102172852e-02
4.195512533187866211e-01
-1.228566288948059082e+00
1.304148435592651367e+00
8.915607929229736328e-01
-1.172805309295654297e+00
-8.264851570129394531e-02
-3.095924258232116699e-01
-6.277199834585189819e-02
1.856382489204406738e-01
-5.484211444854736328e-01
1.784644871950149536e-01
-7.983048558235168457e-01
-5.227837562561035156e-01
6.226834058761596680e-01
3.262847959995269775e-01
-7.906829714775085449e-01
2.107358351349830627e-02
2.585065364837646484e-02
-2.294557243585586548e-01
6.999387741088867188e-01
2.927962243556976318e-01
7.887366414070129395e-01
-1.033619999885559082e+00
-1.117118448019027710e-01
-2.235642224550247192e-01
nan
nan
nan
nan
-6.266295313835144043e-01
-1.291314363479614258e+00
7.704719305038452148e-01
-1.432394832372665405e-01
-8.695596456527709961e-01
1.313220858573913574e-01
1.650397777557373047e+00
1.306673586368560791e-01
-6.540392041206359863e-01
-2.342852577567100525e-02
1.051924586296081543e+00
9.372367858886718750e-01
4.621404111385345459e-01
-6.452776789665222168e-01
-1.469962716102600098e+00
9.570237398147583008e-01
4.756729304790496826e-01
-1.829843044281005859e+00
-6.009246110916137695e-01
-6.238310784101486206e-02
-1.365260601043701172e+00
-2.632043361663818359e-01
-1.537957429885864258e+00
-1.158126473426818848e+00
-6.230736970901489258e-01
7.018983364105224609e-02
-5.694022178649902344e-01
-4.442946612834930420e-01
nan
nan
nan
nan
1.034714058041572571e-01
-7.449866533279418945e-01
9.919052124023437500e-01
8.453828692436218262e-01
5.448485612869262695e-01
1.051886081695556641e+00
-5.727603435516357422e-01
-3.181140720844268799e-01
-2.821100652217864990e-01
-1.881861388683319092e-01
4.917309805750846863e-02
-6.179126724600791931e-02
1.838692724704742432e-01
-2.372712343931198120e-01
-1.277391433715820312e+00
3.378768265247344971e-01
1.149321675300598145e+00
1.552399545907974243e-01
7.517952322959899902e-01
-9.210072755813598633e-01
4.770409762859344482e-01
-1.003858804702758789e+00
1.065784215927124023e+00
7.149082422256469727e-01
-5.297223925590515137e-01
-8.259933590888977051e-01
-2.931347116827964783e-02
-1.579603195190429688e+00
nan
nan
nan
nan
-8.421991020441055298e-02
1.309726238250732422e+00
9.324424266815185547e-01
-1.485438346862792969e-01
-1.208160594105720520e-01
nan
1.429915070533752441e+00
-6.283858418464660645e-01
-4.250543713569641113e-01
7.975051403045654297e-01
-4.935643970966339111e-01
-2.999179363250732422e-01
3.019159436225891113e-01
-9.890249371528625488e-01
6.174033880233764648e-02
-3.328608870506286621e-01
-2.777327001094818115e-01
-9.694538712501525879e-01
-1.990389227867126465e-01
1.057634115219116211e+00
-3.005714416503906250e-01
-3.300070464611053467e-01
2.504977285861968994e-01
-1.803378313779830933e-01
-7.139120101928710938e-01
2.020838737487792969e+00
-8.104370832443237305e-01
7.961733341217041016e-01
nan
nan
