nan
nan
4.610544840494791852e-01
6.307855182223849333e-01
1.371080478032430106e-01
-6.448861625459459401e-02
-9.538865619235568083e-01
3.992048104604085101e-01
-9.457290437486436385e-01
-1.627552641762627372e-01
4.528319570753309709e-01
1.131053765614827428e-01
-5.328500535753037948e-01
-4.015174176957871932e-01
-7.447566588719685410e-02
4.590530395507812500e-01
-4.616496298048231584e-01
-5.962237252129448661e-01
-8.338081571790907365e-01
-8.681752946641709823e-01
-2.008916669421725865e-01
2.203230328030056362e-01
3.721450699700249443e-01
-6.970712343851724890e-01
-1.270985497368706696e+00
1.068311267428927902e+00
1.174631118774414062e-01
2.202099058363172546e+00
-1.670887337790595284e-01
-5.896603266398111609e-01
nan
nan
nan
nan
-2.099776003095838728e-01
1.055807603730095773e-01
-1.083806355794270759e+00
-3.305101659562852401e-01
8.575340906778970984e-01
6.082091861300997770e-01
-1.310435507032606361e+00
-1.324520375993516741e-01
-1.004797723558213951e+00
-3.152740266587998885e-01
-4.689479404025607701e-01
-1.562651740180121429e+00
-1.142977820502387054e+00
8.486092885335286828e-01
-1.256655375162760491e+00
-1.257077429029676674e+00
-5.445992151896158484e-01
-4.408384693993462611e-02
1.118184129397074324e-02
-1.625744819641113281e+00
-3.129492335849338169e-01
1.692090564303928013e-01
-8.531812032063802453e-01
3.692777951558431221e-02
-1.494325955708821541e+00
-6.488050354851616630e-01
1.747678551408979666e-02
-2.119652032852172852e-01
nan
nan
nan
nan
3.238994545406765485e-02
5.157673623826768416e-01
8.545277913411458703e-01
2.088992198308309012e-01
-4.490090476142035714e-01
-9.922913048002454661e-02
3.504557609558105469e-01
1.369894742965698242e-01
4.361165629492865792e-01
5.439089139302571985e-01
1.423670583301120396e-01
7.622771792941623881e-02
-8.713071611192491073e-01
5.674374898274739953e-01
-1.667176617516411552e-01
-1.134313477410210602e+00
-3.781255616082085380e-01
1.291948424445258148e+00
4.418714311387803573e-01
-7.172299755944146205e-02
-8.108580907185872766e-01
7.720916006300184709e-01
-1.877445512347751255e-01
-8.044838905334472656e-02
5.192272398206922990e-01
-7.647256718741522741e-02
-7.906713088353474472e-02
-1.010217772589789398e+00
nan
nan
nan
nan
4.421592752138773369e-02
-1.321971813837687082e-01
7.954930596881443217e-02
4.867235819498698102e-01
-2.946738931867811662e-01
-1.656493928697374107e+00
1.063114802042643303e+00
7.107848061455620536e-01
2.748538123236762276e-01
1.592452791002061607e+00
9.968631532457139510e-01
1.298106087578667633e+00
1.461659272511800223e-01
4.303180376688639508e-01
-3.537094328138563615e-01
8.281689749823676339e-01
1.227486822340223549e+00
-1.049519432915581696e+00
-6.954669952392578125e-01
3.653775983386569476e-02
-3.996194998423258649e-01
1.017348077562120201e+00
4.552788734436035156e-01
2.321253617604573660e-01
-6.183433532714843750e-01
9.728657404581705359e-01
1.544210248523288365e-01
-3.232638570997450334e-01
nan
nan
nan
nan
-4.115486476156446360e-02
5.570609834459092635e-01
-1.708609925376044503e-01
-8.668352497948540736e-02
3.338626755608452568e-01
-9.919516245524088172e-01
6.905612018373277761e-02
1.491080390082465401e-01
-8.979665736357370434e-03
-2.340299553341335659e-01
-9.170821507771810266e-01
-1.193902492523193359e-01
-3.918766710493299943e-01
1.173737181557549386e-01
1.631563372082180385e-01
7.423173056708441964e-01
-3.378107017940945034e-01
1.226280662748548689e-01
3.519677056206597099e-01
1.822443644205729241e+00
2.482353846232096262e-01
-4.192975891960991630e-01
-1.203974750306871233e-01
-1.489058732986450195e-01
-1.476436614990234375e+00
1.453383763631184822e+00
-9.837250179714627230e-01
-1.180653969446818080e-01
nan
nan
nan
nan
8.631359206305609932e-01
1.957082748413085938e-01
1.348060925801594978e+00
5.809593200683593750e-01
2.901306682162814732e-01
3.504798147413465959e-01
3.294103940327962055e-01
-1.894310845269097321e+00
-5.375016000535752791e-01
-3.829841150177849818e-02
-3.716897434658474331e-01
-4.551546838548448104e-01
1.038080520100063686e-01
-5.653162002563476562e-01
-9.293233686023288920e-02
1.067549705505371094e+00
-9.975820117526583708e-01
-4.627731111314561385e-01
1.275915967093573800e-01
5.945059988233778459e-01
-4.079024328125847865e-02
-2.203750444783104945e-02
6.691134240892198104e-01
5.612955623202853239e-01
-6.307774649726020089e-01
-6.120068762037489396e-01
-2.654873265160454521e-01
-1.185891257392035492e+00
nan
nan
nan
nan
-2.583038012186686383e-01
-5.126984384324815291e-01
2.936236063639323102e-01
-3.463520606358846260e-02
-8.415496084425184709e-01
1.541997459199693499e-01
6.896020041571723214e-01
-3.668322496944003558e-02
-4.796578619215223771e-01
6.057864003297355515e-05
-3.624497519599066964e-01
-9.666388829549154016e-01
1.560352775785658064e-01
4.282484319474961776e-01
4.455397393968369979e-01
-7.396410836113823661e-01
-1.333447244432237389e+00
1.637079848183525810e-01
-3.698910872141520367e-01
-3.229623039563497139e-02
-4.757189220852321987e-01
-8.501461346944173547e-01
4.114978429343964933e-03
1.236528820461696987e-01
5.567251841227213172e-01
-7.309063805474175224e-01
7.830192248026529578e-01
-7.031242582533094865e-01
nan
nan
nan
nan
-6.573743820190429688e-01
-5.233262379964193078e-01
-3.295896053314208984e-01
9.343296686808267859e-01
1.027718120151095871e+00
9.678466584947373885e-01
-8.842791981167263948e-01
-8.596852620442708703e-01
7.319360838996039620e-01
9.866335127088758927e-01
-9.178554746839735490e-01
-6.890230708652071989e-01
-6.606548627217611047e-01
7.849722438388400114e-01
-4.586074617173936385e-01
1.312562624613444084e+00
6.041056315104166297e-01
-1.187728034125433929e+00
2.376451492309570312e-01
-8.527299563090006140e-01
-1.322067154778374665e+00
-8.152035375436147632e-03
-6.455919477674696427e-01
1.463992542690701004e+00
1.998659504784477958e-01
8.495439423455132255e-01
7.195834583706326448e-01
-3.771560192108154297e-01
nan
nan
nan
nan
8.602941301133897323e-01
8.150468402438693083e-01
-1.449042293760511579e-01
-3.057871659596760883e-01
-3.737506866455078125e-01
1.834112167358398438e+00
1.763112147649129324e-01
5.474256939358181917e-01
-1.006355603535969978e+00
4.913122918870713729e-01
2.344002988603380022e-01
-4.074161582522922154e-01
6.848032209608290177e-01
2.894676062795851004e-02
4.398087660471598492e-01
5.779249933030869979e-01
1.039904912312825447e+00
5.278380182054307479e-01
5.517932044135199776e-01
1.343585650126139230e-01
-9.230135811699761161e-01
6.457890404595269251e-02
-2.119554413689507255e-01
-5.817327499389648438e-01
8.055603769090440291e-01
-1.453036069869995117e-01
-5.728568500942654573e-01
1.038573265075683594e+00
nan
nan
nan
nan
6.147004763285318640e-01
9.750495486789279020e-01
4.476405249701606026e-01
7.635657654868231725e-02
3.644625610775417690e-01
1.204191181394788923e-01
2.607140011257595424e-01
1.063521173265245201e+00
-4.310253991021050224e-01
-2.506142722235785714e-01
-4.003521336449517021e-01
-7.965392536587185823e-01
9.534469180636935270e-01
-4.448854128519694195e-01
-1.820936732821994419e-01
-1.350847456190321205e+00
1.281473106808132534e-01
1.212825245327419754e+00
-7.507683436075845984e-01
1.711684730317857561e-01
2.731049590640597935e-01
-3.264121744367811662e-01
1.239090760548909459e-01
1.730740202797783622e-01
-6.336524221632215959e-01
6.641618940565321427e-01
-4.709797965155707589e-01
4.920303026835123883e-01
nan
nan
nan
nan
7.613365385267469865e-01
9.906567467583550224e-01
1.877603001064724331e-01
-7.777556445863512136e-02
2.306000126732720146e-01
-8.217838075425889510e-01
-5.016465716891818083e-01
-8.247116406758626672e-01
8.760679033067491073e-01
-9.477718141343858260e-01
-4.553190867106119977e-01
3.950083785586886997e-01
-1.418691078821817941e-01
4.947161674499511719e-01
-4.030698670281304130e-01
1.549838648902045375e-02
-1.023684872521294503e-01
-9.920775095621744422e-01
-9.117893642849392855e-01
1.930753654903835659e-01
3.913225862714979630e-01
1.195433828565809486e+00
9.874317381117079240e-01
3.165456453959147320e-01
9.403742021984523580e-02
4.220874309539794922e-01
9.542357259326511576e-02
1.024164292547437849e-01
nan
nan
nan
nan
-3.668288389841715680e-01
-6.642554071214463729e-01
-1.941149764590793247e-01
1.080179638332790848e+00
-1.497313605414496429e+00
-4.833117061191135044e-01
2.485251956515842076e-01
1.082429223590427037e-01
5.422343677944607698e-01
-7.402539253234863281e-02
6.909357176886664620e-01
4.301838344997829799e-01
-4.507095019022623883e-01
2.798619270324707031e-01
3.219265143076578961e-01
-2.373999224768744698e-01
2.304499679141574497e-01
-1.111950662400987389e+00
1.218250804477267746e+00
-1.242931789822048660e+00
5.606946945190429688e-01
3.010911941528320312e-01
5.963338216145833703e-01
9.945528242323133927e-01
4.970348676045735492e-01
8.922163645426431922e-01
-1.761469946967230804e+00
1.089456134372287277e+00
nan
nan
nan
nan
3.740784857008192521e-01
-1.965325408511691685e-01
-3.664663102891710378e-02
-5.792440308464897880e-01
-4.292927318149142857e-01
-8.907350964016385042e-01
-2.059412797292073660e-01
1.320636325412326340e+00
8.999741872151693078e-01
-2.827283011542426339e-01
4.753476248847113839e-01
2.221748232841491699e-03
8.830767207675509489e-01
2.382764551374647391e-02
-6.363845533794826835e-03
-1.469949086507161384e+00
-2.047592798868815012e-01
-2.038176589541965122e-01
1.504428386688232422e-01
2.029648489422268276e-01
-7.554951243930392302e-01
1.809307601716783342e-01
2.070292578803168304e+00
-1.515733665890163784e-01
3.609839280446370258e-01
2.970629003312852401e-01
4.322788185543484096e-01
7.576583491431342077e-02
nan
nan
nan
nan
3.625857300228542690e-01
-6.706587473551431922e-01
3.790651758511861397e-02
2.838764455583360213e-01
-7.874544461568196985e-01
-3.994043668111165180e-01
-1.000802146063910492e+00
-1.158212979634602791e+00
1.595244142744276228e-01
-3.807396358913845424e-01
5.253586173057556152e-02
-1.872791051864624023e-01
-8.429915110270181922e-01
1.168893390231662277e+00
-3.350732326507568359e-01
-1.349312464396158762e-01
1.195694817437066071e+00
1.834819714228312082e-01
-7.569199668036566964e-01
1.088324122958713169e-01
5.345686806572808036e-01
4.286555978986952287e-01
-1.319759051005045647e+00
3.282188309563530693e-01
6.489798757765028459e-01
5.554315778944227122e-02
1.725858847300211496e-01
-3.957324557834201451e-01
nan
nan
nan
nan
-1.120015117857191267e-01
-5.210518307156033480e-01
6.490027639600965959e-01
2.730510234832763672e-01
3.723131020863850726e-01
-4.165332582261827010e-01
3.050262928009033203e-01
1.843733893500433929e+00
-2.410000695122612724e-01
-4.579819573296440849e-01
7.994063165452744979e-01
6.255291832817925224e-01
5.791716443167792272e-02
1.226265271504719978e+00
-1.352467934290567941e-01
-5.150751272837320732e-02
-4.572235743204752789e-01
9.257715013292100448e-01
-3.004582722981770648e-01
1.429513427946302664e-02
-9.894227981567382812e-01
1.188049316406250000e+00
1.029753367106119866e+00
-3.770949310726589565e-01
-9.667503568861219865e-01
-1.142781151665581696e+00
-6.515138943990071985e-01
-5.414576000637478792e-01
nan
nan
nan
nan
-1.119260920418633370e-01
3.963718944125705357e-01
2.505399386088053570e-01
-1.312128490871853348e+00
1.243469980027940514e+00
1.801415973239474777e+00
1.696842776404486886e-01
8.085131645202636719e-01
2.550662093692355747e-01
-2.319519784715440569e-01
-1.391764746771918304e+00
-4.086644781960381556e-02
-6.648930443657768974e-01
-9.982383516099717635e-01
-6.991343365775214147e-02
6.317415767245821989e-01
-1.702068514294094448e-01
1.146549648708767410e+00
-4.563476244608561383e-01
-7.365885310702853239e-01
-1.078620553016662598e-01
-6.577007505628797990e-01
1.530219051573011579e-01
6.965271631876627234e-01
-3.961943255530463448e-01
5.398114522298177315e-02
4.540353880988227120e-01
-1.461026006274753208e-01
nan
nan
nan
nan
1.037738389439052944e-01
4.379612869686550641e-02
-1.820005973180135184e-01
6.780349943372938615e-01
-1.735306845770941742e+00
1.035456657409667969e+00
-2.157882716920640764e-01
-7.354132864210340959e-01
5.310637685987684709e-01
5.925028059217665177e-01
1.346342298719618025e-01
-1.041193220350477455e+00
1.593212233649359710e+00
1.675025092230902901e-01
-1.442822880215115067e+00
-6.775392426384819755e-01
-6.922714445326063615e-01
4.330716662936740513e-01
-4.345695972442626953e-01
1.507501814100477455e+00
8.844907018873426896e-01
-2.084875769085354213e-01
4.326500892639160156e-01
-3.964863883124457589e-01
1.223072581821017746e+00
-2.010061343510945731e-01
2.604069395197762191e-03
-9.041357040405273438e-01
nan
nan
nan
nan
1.860112216737535296e-01
2.839230696360270367e-01
3.076338238186306362e-01
3.898734781477186662e-01
2.237437831030951729e-01
8.891485002305772323e-01
8.384975327385796318e-01
8.798243734571669084e-01
3.620864815182155971e-01
6.522561709086099890e-01
-6.674332618713378906e-01
9.951315985785590401e-01
-3.343849976857503070e-01
8.636410501268174666e-01
-7.702821095784505578e-01
4.320860173967149276e-01
-1.090275552537706139e+00
8.411935965220133926e-02
-1.870292239718966965e+00
-3.528819878896077289e-01
1.025753617286682129e-01
4.268834061092800503e-01
4.337593714396159039e-01
-6.596481005350748328e-01
-1.004371775521172433e-01
2.119972043567233677e-01
-2.264855437808566685e-01
-8.254383405049642297e-01
nan
nan
nan
nan
5.081077681647406807e-01
1.212850464714898102e+00
1.597293085522121792e-01
-1.232737541198730469e+00
-7.238073348999023438e-01
8.302530712551541292e-01
-2.997109889984130859e-01
-5.604135327868991351e-02
-1.106455458535088449e-01
-3.280062410566542130e-01
-1.157209210925632115e-01
-4.936017990112304688e-01
-2.322879102494981585e-01
-7.740533086988661271e-01
-1.901068290074666434e-01
-6.312385665045844307e-01
4.366949664221869698e-01
2.421878443823920479e-01
6.981961594687567663e-02
2.421419090694851284e-01
-2.227771116627587367e-02
2.409388224283854074e-01
2.101268702083163714e-02
8.929814232720268974e-01
-2.138153844409518833e-01
5.754352675543891182e-01
-6.186667018466525114e-01
-7.665669918060302734e-02
nan
nan
nan
nan
-1.824823617935180664e-01
-1.789290640089246931e-01
-2.130145364337497349e-01
-2.840942806667751674e-01
-2.177385091781616211e-01
3.235055340660942802e-01
-1.200131522284613617e+00
-3.418758975134955636e-01
-3.403788937462700614e-01
3.361026446024577008e-01
6.563771565755208703e-01
-5.606956481933593750e-01
-1.216908295949300084e-01
-5.315787527296278459e-01
-3.253635300530327568e-01
4.518767462836371651e-01
-4.737683931986491070e-01
-5.730889638264974328e-01
8.441503842671712610e-01
2.762823369767930526e-01
-5.285829967922635042e-01
4.361759026845296039e-01
-8.669114775127834127e-02
7.445095380147298547e-01
-2.310508622063530693e-01
-5.381160312228732145e-01
4.344413015577527903e-02
-1.165332052442762611e+00
nan
nan
nan
nan
-6.081125471327040177e-01
5.756760703192816964e-01
3.994473814964294434e-02
5.903140174018012276e-01
-4.509746697213914968e-02
6.963107983271281387e-02
-1.217573801676432366e+00
-3.812397056155734654e-01
-2.681082089742024555e-01
1.878525813420613699e-01
-6.176712777879502791e-01
-1.842864778306749107e+00
-3.089223305384318150e-02
-5.354766315884060823e-01
8.838018841213650667e-01
-3.381042745378282088e-01
-7.719118860032823104e-01
4.562179777357313615e-01
-6.499609947204589844e-01
9.506165186564127234e-01
-7.477567460801866073e-01
-5.559770266215006140e-01
8.425776826010809850e-02
5.047315359115600586e-02
-1.128452195061577790e+00
-9.744523366292318078e-01
-2.429849571651882534e-01
6.347363789876302453e-01
nan
nan
nan
nan
-1.344106727176242466e-01
5.693511962890625000e-01
-2.310575379265679130e-01
2.416283289591471262e-01
-1.226016283035278320e-01
1.091473261515299553e+00
4.306139945983886719e-01
1.760910219616360073e-01
4.274154239230685826e-01
-9.616460800170898438e-01
-2.913406160142686385e-01
-3.520888090133666992e-02
-1.302257219950358147e+00
6.945535871717665177e-01
7.681723170810275114e-01
7.019522455003526784e-02
-3.302116129133436662e-01
-1.995919413036770229e-01
-6.414056354098849333e-01
-5.560607380337185823e-01
9.567597177293565847e-02
-2.886949314011467982e-02
-2.910561362902323521e-02
6.250675519307454797e-01
-7.893945607874128939e-03
-4.294690820905897599e-01
-1.460387547810872322e+00
-1.318917804294162388e-01
nan
nan
nan
nan
-5.443115234375000000e-01
-4.012383355034722376e-02
-5.712573793199327010e-01
-5.142472585042318078e-01
-1.781840191947089425e-01
-1.005427890353732590e+00
3.430004649692111607e-01
1.152982562780380249e-02
-1.456401507059733147e+00
-3.305242061614990234e-01
-7.460842662387423552e-01
-9.860698911878797990e-01
-2.039366033342149553e-01
-7.355646557278103792e-01
-1.517750024795532227e-01
-6.582248475816514510e-01
-3.026756445566813336e-01
5.705273946126302453e-01
7.717562781439887276e-01
-4.072813987731933594e-01
3.984025783008999372e-02
-2.665510972340901508e-01
9.356977674696180802e-01
-7.360008027818467635e-01
-4.953717655605739956e-01
-1.287679566277398102e+00
-1.351487477620442634e+00
-3.705734345648023509e-02
nan
nan
nan
nan
-4.381453196207682477e-01
-5.126843982272677458e-01
-1.239072481791178459e+00
-1.258449872334798103e+00
-8.406453662448458708e-01
nan
-1.606763336393568220e-01
-6.043753623962402344e-01
-1.035402933756510491e+00
1.908337142732408342e-01
4.420657687717013951e-01
-2.430644830067952566e-01
-7.789512740241156807e-01
7.853758070203993302e-01
-3.183511628044976005e-01
1.462825304932064557e-02
-3.466162416670057200e-02
-5.321676466200087052e-01
2.124822669559054966e-01
-1.026151445176866295e+00
-5.727900399102104911e-01
-3.679076035817464008e-01
-1.132900132073296540e+00
2.795193460252549666e-01
6.004772186279296875e-01
3.875005245208740234e-01
-1.392015457153320312e+00
-2.026858859592013840e+00
nan
nan
