nan
nan
3.360283406575521048e-01
2.216581386990017499e-01
-3.021756659613715201e-01
-2.734834120008680647e-01
4.486811998155381676e-01
7.069190809461805003e-01
3.793460422092013729e-01
3.846613566080729352e-01
-4.885208553738064341e-02
-3.650356377495659888e-01
9.107588873969184318e-02
-2.595857408311632100e-02
1.915745205349392299e-02
1.628649732801649430e-01
-4.349475775824652724e-01
9.628715515136718195e-02
5.431330023871527857e-01
6.512293836805556069e-01
-5.397509765625000400e-01
1.271731228298611238e-01
3.368208821614583348e-01
3.416323852539062678e-01
-3.508865017361111338e-01
-1.135717705620659768e+00
-4.286798265245225781e-02
4.471736653645833393e+00
5.447041151258680269e-01
4.671534220377604463e-02
nan
nan
nan
nan
-1.236896853976779537e-01
-3.613815985785590046e-01
1.146932220458984353e-01
-2.300427076551649352e-01
-4.929760742187500044e-01
3.820275539822048372e-01
5.008601888020833837e-01
-1.865549045138888973e-01
-7.987472534179687611e-02
1.796422661675347310e-01
1.376900482177734475e-01
-2.652055867513020693e-01
2.603804694281683929e-01
1.020768144395616250e-01
5.719825744628906361e-02
-3.492052544487846966e-01
3.000335354275173727e-01
-1.405912526448567790e-01
-1.912694973415798583e-01
1.087706756591796942e-01
2.309240553114149386e-01
-7.513882785373263706e-01
-4.623663160536024656e-03
-1.500189251369900105e-02
6.810427771674262831e-02
-3.520519341362847165e-01
4.889279683430989426e-02
-3.062358601888020559e-01
nan
nan
nan
nan
-2.059622870551215401e-01
-1.528867085774739676e-01
-2.529712592230902724e-01
-6.786829969618055625e-01
-3.468550957573784954e-01
1.509007093641493158e-01
-2.580613708496093950e-01
1.152692752414279515e-01
-6.313205295138889228e-02
-5.088553534613715623e-01
7.662458949618869246e-03
-1.599880642361111160e-01
-2.140148756239149408e-01
2.506981574164496296e-01
-2.394718933105468850e-01
-6.527942572699653168e-01
3.171201070149739371e-02
6.441901991102430003e-01
3.160713619656033146e-02
-3.139026429918077149e-02
1.970330980088975670e-01
-1.511929300096299944e-02
-2.543352180057101633e-03
1.040469169616699274e-02
2.312715827094184162e-01
-6.679929097493489398e-02
-1.173520321316189191e-01
1.076453484429253510e-01
nan
nan
nan
nan
-3.102193535698784532e-01
-3.274411010742187544e-01
3.072126388549804854e-02
1.299575297037760535e-01
-5.972314622667100614e-02
2.384244113498263928e-01
3.368682522243923727e-01
3.408887227376301843e-02
5.788804117838541874e-01
-1.468461778428819531e-01
-3.882983059353298794e-01
2.567490302191840490e-01
5.663600328233506787e-01
2.936630249023437500e-01
1.344734700520833215e-01
-6.768488905164931069e-01
-2.226900227864583304e-01
6.934882948133680447e-01
-5.902442402309841622e-03
-4.077658759223090068e-01
-2.367687310112847332e-01
-4.510140736897786523e-02
-1.427942742241753438e-01
-9.764987097846136721e-03
-5.000643836127387221e-02
-2.011343638102213588e-02
6.924313015407985994e-02
-1.423302374945746573e-01
nan
nan
nan
nan
5.117557779947916607e-01
2.758893669976128504e-01
5.310279846191406222e-02
-7.100838025410970145e-03
2.573581441243489309e-01
-4.552468657493591092e-04
-3.029236178927951495e-01
-5.840944078233507170e-02
2.781577724880642255e-01
-5.294138251410590579e-01
3.099338107638888729e-01
-8.146102566189236116e-01
1.096673923068576390e-01
2.350736151801215146e-01
2.702994113498263795e-01
1.525362311469184162e-01
-4.857936604817708059e-01
-1.418786705864800435e-01
-1.905777994791666707e-01
-9.056666904025607867e-02
-7.364194064670138706e-01
-4.316949123806423372e-01
-6.571168687608507086e-02
1.838658481174045012e-01
-2.047131856282552176e-01
-6.225658840603298660e-02
5.715437825520833792e-01
-1.150707668728298549e-01
nan
nan
nan
nan
2.125209011501735912e+00
-3.418901655409071344e-02
1.061928219265407952e-01
-1.602817853291829339e-02
5.877669440375433985e-02
-5.774845377604166385e-01
2.526029798719617858e-01
2.374881659613715390e-01
-3.156975640190972099e-01
5.811882188585069109e-01
-2.589416503906250000e-01
7.714444308810763928e-01
-3.025219726562500266e-01
-3.039978705512152990e-01
-2.590276421440972365e-01
-4.153208075629340468e-01
-8.501849704318575895e-02
-1.186637539333767338e-01
3.519687567816840446e-01
1.130952570173475447e-03
5.783757866753471699e-01
1.684135097927517422e-01
-2.745592329237196011e-02
1.450684611002604207e-01
2.452687072753906294e-01
-4.760355631510416741e-01
-3.899412027994791918e-01
-6.411458333333333037e-01
nan
nan
nan
nan
-1.564720153808593639e-01
-1.512142096625433974e-01
-1.984656016031901074e-02
-9.498635525173610983e-01
-7.634145100911458037e-01
1.721125814649793889e-02
-2.388749864366319364e-01
-6.222126219007704032e-03
3.588484361436631853e-01
2.936116197374131764e-01
-3.545476277669271092e-01
1.645461188422309151e-01
3.655362277560764150e-01
1.578021240234374900e-01
3.408191935221354107e-01
2.379126993815104119e-01
-5.728229437934028168e-01
-1.778711446126302054e-01
3.321317884657117858e-01
-3.027094862196180736e-01
4.501672956678602622e-02
7.724653455946181024e-01
-4.040857272677951251e-01
-4.333433702256944686e-01
3.137716335720486249e-01
5.191009860568576162e-01
-1.617184787326388928e-01
-2.616066318088107745e-01
nan
nan
nan
nan
1.364740329318576417e-01
-9.752427842881944420e-01
2.215642717149522711e-02
-4.061193996005588169e-03
-2.139924452039930480e-01
1.772815619574652779e-01
2.842676968044705044e-01
1.278676774766710107e-02
1.931303066677517444e-01
-2.005601247151692773e-02
3.522619967990451295e-01
-1.494644334581163303e-01
-9.673461066351995985e-02
6.078451792399088699e-02
3.432498168945312678e-01
2.228371005588107578e-01
3.379197184244791541e-01
-6.451507568359374778e-01
-3.488844807942708126e-01
1.054367658827039950e-01
3.050990422566731905e-02
-1.901483323838975559e-01
-2.235476175944010324e-01
2.791214328342013773e-01
-1.116772884792751747e-01
-7.057219187418620199e-02
-2.365083312988281172e-01
-5.040135362413193931e-01
nan
nan
nan
nan
3.028637356228298660e-01
-4.269249471028646048e-01
-4.601992797851562345e-01
-8.864577229817708348e-01
4.114941406250000044e-01
-1.925356038411458470e-01
-3.044243367513020937e-01
-3.690528021918402790e-01
1.388063388400607723e-01
-4.851825714111328292e-02
1.368141598171657980e-01
-1.891015285915798594e-01
4.516005198160807227e-02
-1.420839309692382806e-02
-3.754699028862847343e-01
5.309877183702257364e-01
1.581198628743489543e-01
4.638449774848090595e-02
-2.690757073296440871e-01
1.965983581542968817e-01
1.209027184380425390e-01
-1.804519483778211919e-01
1.681008741590711841e-01
-6.853085623847113804e-03
4.337198893229166630e-01
-2.806306966145833415e-01
-2.931902398003471966e-01
1.066674804687500061e-01
nan
nan
nan
nan
-4.683909776475694287e-01
1.007395765516493069e-01
5.635517035590277279e-01
6.191382514105903123e-01
2.538966878255208282e-01
-1.013080173068576367e-01
1.070025634765624956e+00
1.281125047471788070e-01
6.163803524441189424e-02
-2.685265774197048705e-01
-1.777299160427517344e-01
1.028890245225694500e+00
3.448175048828124867e-01
2.644856346978081627e-02
-2.593632539113362688e-03
3.684424167209201517e-01
-3.532393731011284621e-01
1.450820244683159732e-01
3.688861083984374956e-01
4.411187744140624978e-01
4.329122585720486249e-01
2.999923027886284843e-01
3.168676418728298416e-01
-1.268494584825303750e-01
6.952503119574652279e-01
3.602030012342664900e-02
4.265704006618923350e-01
5.779881456163193931e-01
nan
nan
nan
nan
-2.570510864257812278e-01
-3.001973809136284643e-01
4.805576324462890875e-02
9.496400621202256975e-02
-1.396622212727864631e-01
1.878077401055229870e-02
5.537021891276041607e-01
3.950830078124999978e-01
-8.129018995496961608e-02
1.833852132161458426e-01
-2.874202473958333282e-01
-1.835609605577256942e-01
-1.950826856825086941e-01
1.137362331814236044e-01
-6.042845323350694020e-01
-1.964860873752170001e-01
-2.718066109551323800e-02
-6.787071651882595202e-02
6.104680803087022406e-02
-4.063768174913194309e-01
5.360523139105902724e-01
1.660971217685275683e-02
1.032393731011284760e-01
6.907171885172526393e-02
2.296866861979166563e-01
1.990959845648871407e-01
-5.855397966172960073e-02
-5.630335150824652413e-01
nan
nan
nan
nan
-1.153771633572048677e-01
1.838752237955729174e-01
4.907055664062500155e-01
1.692094590928819309e-01
-1.917172580295138928e-01
3.784679412841796681e-02
9.815513102213541119e-01
-1.717290072970920067e-01
2.714290364583333282e-01
-1.249095238579644163e-01
2.839234754774305758e-01
-1.294304233127170078e-01
-3.154926554361979218e-01
7.110682063632541190e-03
-7.816312577989367044e-03
-3.243839518229166829e-01
4.016805691189236360e-01
-9.996014912923177620e-02
-3.114565022786458526e-01
9.591162787543403012e-02
-4.163902113172743280e-01
-5.298747422960069509e-01
3.650578816731770981e-01
2.928952111138237793e-02
3.781907823350694198e-01
7.414682345920139417e-01
2.051918199327256997e-01
-6.165067460801866572e-02
nan
nan
nan
nan
-2.270780944824218883e-01
-1.531568569607204833e-01
1.818515862358940915e-01
-2.857529364691840379e-01
-3.336848280164930736e-01
8.502746582031249500e-02
-3.593231201171875194e-02
-5.946334499782985894e-01
-1.889666578504774208e-01
3.929560343424479130e-01
5.377104017469618302e-01
3.632371351453992925e-01
-1.093347507052951362e-01
-4.477719794379340090e-01
2.662138832939995800e-02
1.832263522677951284e-01
4.550048828125000111e-01
3.615629408094618302e-01
-2.620502556694878638e-01
-2.584768337673611360e-01
3.891897413465712080e-02
-6.791606309678819287e-01
9.610652499728732090e-02
-8.088557773166232812e-02
-4.172394137912326384e-01
3.855433993869357423e-02
3.443009101019965379e-01
-2.577305094401041718e-01
nan
nan
nan
nan
9.002092149522569753e-02
-1.130178493923611055e-01
-7.423386043972439105e-03
3.488634236653646026e-01
-2.162210252549913170e-01
3.782378811306423838e-01
4.066849602593315682e-02
4.750685373942057504e-02
-2.285765075683593717e-01
-1.113985951741536390e-01
-2.746853934393988714e-02
-3.164418199327256875e-01
5.538625420464409199e-01
6.686104329427083881e-01
2.945084042019314313e-02
-8.003679911295573379e-02
1.158779737684461769e-01
2.145962609185112988e-02
-2.427875773111979052e-01
1.458549160427517477e-01
-2.418910556369357756e-01
-4.337884182400173483e-01
-1.517317877875433985e-01
-8.071663644578721750e-03
7.570916917588975392e-02
2.467544725206163303e-01
-2.625284618801540862e-02
-5.659524536132812811e-01
nan
nan
nan
nan
-2.488784790039062500e-01
-1.135168541802300396e-01
5.052752176920572574e-02
-2.110683356391059029e-01
-6.996456993950737890e-02
-3.894161648220486049e-01
-4.849298773871527635e-01
1.680574035644531172e-01
6.804921362135145022e-03
6.520429144965277368e-01
3.377972751193576428e-01
-1.281111823187933985e-01
-1.224662865532769040e-01
4.659493764241536169e-03
3.711065334743923749e-01
6.280860900878906805e-02
-1.458901299370659807e-02
-2.043256123860676954e-01
2.769641960991753304e-01
1.520464070638020970e-01
7.814710828993055858e-02
5.437045627170138395e-01
3.842507256401909710e-01
9.800130208333333037e-01
4.674995659722222641e+00
2.548331197102864376e-01
4.197832912868923461e-01
7.074945068359375089e-01
nan
nan
nan
nan
6.257906087239583082e-01
-8.294302198621961164e-02
3.569661458333333454e-02
6.298606024848089902e-02
4.841781277126736005e-01
-3.218056572808159488e-01
1.878101094563802143e-01
-3.869828118218315849e-02
1.735889858669704966e-01
-4.521337212456597032e-01
-1.838452826605902757e-01
2.938672171698676356e-03
3.835129208034938897e-02
-9.464888678656684096e-02
-1.764113532172308929e-01
-6.076003604465060604e-02
-3.545211452907985894e-01
2.774369303385416652e-01
6.913785807291666918e-01
-1.583238389756944364e-01
2.054901462131076273e-01
9.969784206814236160e-02
1.006955549452039911e-01
3.187063598632812744e-01
-1.109947882758246518e-01
2.542152743869357523e-01
-5.608509657118055935e-01
-7.006437852647569020e-01
nan
nan
nan
nan
-2.943145073784722010e-01
4.356726328531901338e-02
-3.964310116238064369e-02
6.503077528211805847e-01
-1.693553670247395782e-01
8.267211066351996818e-02
2.747450934516059151e-01
2.553326076931423660e-01
3.927204555935329827e-02
2.755818684895833259e-01
2.094424947102864476e-01
-1.239257388644748326e-01
-1.381750827365451351e-01
-3.186138916015625044e-01
-1.415915764702690982e-01
3.490782674153645737e-01
8.062704128689236471e-01
-2.090086195203993136e-01
3.256607394748263773e-01
-2.838257471720377623e-02
-2.674070400661892610e-01
2.431913163926866309e-02
-2.280114237467447957e-01
-2.355416191948784752e-02
2.595728895399305736e-01
3.026037258572048527e-01
3.528451283772786329e-02
-8.633779737684461886e-02
nan
nan
nan
nan
2.454830254448784610e-01
3.506820000542534843e-01
-1.220276302761501702e-01
-1.337100558810764006e-01
4.345575968424478935e-02
-2.935084703233507009e-01
1.699350823296441049e-01
-2.760188632541232812e-01
1.120967102050781233e-01
2.780801391601562256e-01
7.252182006835937444e-02
2.223609246148003371e-01
-2.793704901801215001e-01
1.212700737847222238e-01
-4.237010701497395671e-01
1.300030093722873148e-01
-7.075545840793186214e-02
-6.520579698350694731e-01
3.955994500054253737e-02
-4.171786838107638951e-01
-1.419128417968749944e-01
-1.480636088053385313e-01
3.795429484049478996e-01
-3.636436292860242836e-01
3.914599609375000178e-01
-4.778767479790581307e-02
-1.193914116753472254e-01
1.160114118787977378e-01
nan
nan
nan
nan
1.663239373101128571e-01
8.764118618435329244e-02
-5.796815999348958748e-01
-7.188212924533420034e-02
-2.393713209364149372e-02
-4.282262590196397878e-02
1.208361223008897617e-01
-2.699176703559027501e-01
-3.291390313042534821e-01
7.244529215494791563e-01
2.558633253309461897e-01
-5.563209533691406555e-02
1.188254547119140664e-01
-2.092967732747395837e-01
1.158997217814127650e-02
-3.412159220377604107e-01
-3.916341824001736138e-01
1.155278947618272600e-01
-5.003049723307291252e-01
5.701356336805555314e-01
3.576142713758680425e-01
-8.869788275824652679e-02
1.331861707899305580e-01
2.806444464789496496e-01
2.292555067274305580e-01
-6.459815767076280794e-03
-1.640106709798176965e-01
1.499500698513454855e-01
nan
nan
nan
nan
2.725158860948350692e-01
3.617502509223090024e-01
6.837724473741318976e-01
2.437012396918402657e-01
2.780679914686414941e-02
6.345437791612412726e-02
2.467556084526909832e-01
-5.326471286349826473e-01
-7.284509446885850670e-02
7.159674750434028012e-02
-5.862568325466580021e-02
-1.570715332031250022e-01
4.252538045247395981e-01
-4.260014851888020981e-01
3.682177056206596966e-01
-2.889897325303819597e-01
2.039411248101128393e-01
3.828633287217881875e-01
7.657413736979166163e-01
-3.609887695312499756e-01
1.438317701551649341e-01
4.350034586588541474e-01
2.129093594021267410e-01
-1.803299119737413192e-01
-7.369714355468750533e-01
4.888174777560763684e-01
2.954129748874240527e-02
-3.105333794487847299e-01
nan
nan
nan
nan
3.397753228081596966e-01
-3.964922756618923794e-01
6.434959835476344869e-02
3.616009606255425612e-02
-1.118259175618489532e-01
6.326841227213542140e-01
9.265640258789062389e-02
3.223999023437499889e-01
-1.728690592447916785e-01
2.634834628634982745e-01
5.925827365451389328e-01
8.644011773003472676e-01
-1.607439168294270970e-01
2.288016086154514017e-01
-9.519517686631943920e-03
2.176527743869357545e-01
1.166597663031684051e-01
5.286518690321180269e-01
-4.653768242730034754e-01
-1.654511006673177187e-01
-3.971069675021701162e-01
-3.038204616970486271e-01
-6.736161973741319753e-02
2.687561459011501841e-02
3.382290734185113001e-02
-4.657263183593750022e-01
8.851907518174913225e-02
4.364811537000868324e-01
nan
nan
nan
nan
8.948271009657117470e-02
2.532097540961371629e-01
3.534722646077474023e-02
4.479568481445312389e-01
4.675831688774956252e-02
3.354174465603298461e-01
-2.835700819227430780e-01
-1.519597503874037031e-03
-2.873277113172743036e-01
2.867209116617838553e-03
-5.748749203152126591e-02
1.110927497016059029e-01
-2.818640475802951517e-01
-1.423998175726996496e-01
-2.355688137478298694e-01
3.531950632731119949e-02
-1.778778245713975581e-01
2.159989420572916707e-01
2.670503404405382142e-01
-5.433886718749999512e-01
-3.342816246880425668e-02
1.932746887207031361e-01
4.556841023763020804e-01
-4.656097412109375111e-01
4.135594007703993213e-01
1.412321048312716876e-01
2.084338378906250178e+00
2.301286892361110947e+00
nan
nan
nan
nan
-2.702297465006510691e-01
-2.401186625162760394e-02
-5.979429796006944242e-01
-2.339287312825520937e-01
1.098035600450303767e-01
-1.713260057237413203e-01
1.047011040581597330e+00
3.641514417860243213e-01
1.393081241183810881e-01
3.291861640082465179e-01
6.298768446180555980e-01
2.789442104763454888e-01
6.946332465277778034e-01
8.841844346788194087e-02
6.283649359809028168e-01
-2.522704399956597343e-01
1.293071746826171819e-01
-7.215080430772569109e-01
-4.945787217881944531e-01
-3.894827948676215512e-01
5.361098225911458126e-01
-7.001887342664930847e-01
-2.565139982435438518e-02
-5.182064480251735716e-01
7.226862589518229241e-02
-1.491611735026041607e-01
-6.902490403917101169e-02
-4.350950029161241434e-02
nan
nan
nan
nan
-6.464383019341363168e-02
-3.506064181857638795e-01
-2.975899590386284488e-01
-4.442306179470486005e-01
4.042151692708332966e+00
nan
2.947274576822916714e+00
3.301008648342556445e-02
-7.715740627712673605e-02
4.161907958984374933e-01
2.354047139485676912e-02
-2.511552768283419890e-01
5.587198554144965357e-01
-4.433425055609808985e-02
1.386640845404731037e-01
2.648550584581162992e-01
-2.012223307291666763e-01
3.189092000325520759e-01
-3.553680578867594517e-03
-3.403036838107638684e-01
-2.734289720323350714e-01
-2.457946946885850581e-01
-1.024991438123914883e-01
-1.349923366970486038e-01
-1.155814700656467020e-02
1.558280266655815982e-01
1.886649915907118169e-01
5.134686787923176815e-02
nan
nan
