nan
nan
-8.097193400065104407e-02
1.547558593749999989e-01
2.276031494140625111e-01
-1.932750701904296931e-02
-1.915564303927951295e-01
-1.479094950358073035e-01
-1.740774536132812522e-01
-7.810578240288627849e-02
-3.250908067491319331e-01
-1.394133673773871596e-01
3.870830281575520782e-01
-4.013699849446614870e-02
3.543477037217881986e-01
2.105241054958767455e-01
-1.332186126708984342e-01
2.237251790364583326e-01
-3.243425835503472299e-01
-6.049431016710069553e-01
-2.962389119466145582e-01
2.268869357638888806e-01
6.979254150390624689e-01
-2.886431206597221966e-01
3.364212375217013884e-01
-3.381618245442708504e-01
8.933597140842013118e-03
5.308268229166666963e+00
3.623956298828124867e-01
-2.873712158203124978e-01
nan
nan
nan
nan
5.289191351996527790e-02
3.315548027886284776e-01
-3.445690578884548771e-01
-5.181663682725694553e-01
2.783979627821180428e-02
-5.704649607340495088e-02
-3.103128729926215024e-01
-4.067254299587673705e-01
-4.459057278103298327e-02
1.942654079861111105e-01
-2.688531155056423372e-01
-3.817152659098307227e-02
-2.084655422634548727e-01
-6.076369222005207904e-01
-3.975084771050347299e-01
1.209080420600043421e-01
1.163656277126736138e-01
-2.030820549858941004e-01
-1.924841647677951462e-01
-3.080028279622396004e-01
-1.826520114474826373e-01
5.927238633897569109e-01
-7.962248060438367747e-02
6.200492011176215318e-02
-2.848519897460937700e-01
1.350351206461588571e-01
2.429805967542860226e-02
-1.107971276177300290e-01
nan
nan
nan
nan
-2.793446180555555491e-01
2.011145189073350603e-01
-2.616534254286024264e-01
5.566758049858940710e-02
2.560008578830295228e-02
4.180954318576388662e-01
-2.751433690388997363e-02
1.266411844889323013e-01
8.791221788194444331e-01
4.176700592041015375e-02
-1.978850640190972232e-01
-2.426990932888454817e-03
-3.223225275675455775e-02
2.190685017903645782e-01
-3.756489054361979441e-01
1.047442423502604081e+00
2.663524712456597499e-01
3.973305257161458548e-01
2.137198554144965346e-01
3.561656019422743125e-01
-1.980158487955729074e-01
-3.773828124999999978e-01
2.589392259385850936e-01
-3.715342680613199864e-03
-6.794656965467664456e-02
4.323453267415364870e-02
8.132908799913194375e-01
-3.503460354275173549e-01
nan
nan
nan
nan
-1.340931532118055658e-01
-1.167155541314019163e-01
7.623157501220703160e-03
-9.208274841308593250e-02
1.377482689751519107e-01
-3.087765163845486160e-01
7.487889268663194819e-01
-3.287975735134548438e-01
4.926574283175998159e-02
-3.508816528320312655e-01
-2.122234090169270726e-01
3.676870727539062744e-01
-4.626343451605902657e-01
1.764051649305555525e-01
-6.734112209743924049e-02
-4.749223158094618147e-01
-4.810487874348958193e-01
-3.512485419379340335e-01
4.782263861762152679e-01
-2.879524061414930336e-01
3.416130235460069220e-01
2.057323879665798674e-02
4.638139512803819420e-01
2.165628390842013751e-01
-2.805070326063368036e-01
1.370390828450520904e-01
-2.783348422580295134e-01
-1.030451032850477483e-01
nan
nan
nan
nan
-3.250829739040798638e-01
-2.780973815917968661e-01
1.461184522840711930e-01
1.398643408881293515e-01
2.945290798611110983e-01
-3.720086839463975642e-02
3.818001980251736205e-01
1.095676506890190943e-01
-2.051292080349392255e-01
3.529871622721353908e-01
1.005831400553385407e-01
4.656359863281249734e-01
1.166034698486328181e-01
4.902668592664930491e-01
1.349362860785590368e-01
5.249972873263888395e-01
3.496112738715277946e-01
2.862339952256944264e-01
-1.963696289062500100e-01
-2.173752339680989631e-01
3.043938869900173483e-01
4.952863566080729085e-01
-3.063510047064887248e-02
7.044474283854167129e-02
5.930223931206597410e-01
-1.006682840983072896e-01
1.123843807644314269e-01
1.628163486056857512e-01
nan
nan
nan
nan
9.568201361762153079e-01
9.965738932291666463e-02
1.442638142903645837e-01
-6.828496636284722143e-01
-2.575555419921874978e-01
1.782996114095052043e-01
1.249061414930555530e-01
4.515739271375868169e-01
2.128687879774305569e-01
6.314709472656250266e-01
-2.920315890842014039e-01
-3.624694824218749889e-01
1.860293918185763895e-02
5.172982109917534377e-02
-6.417923312717014328e-01
-4.117432657877604374e-01
2.455216810438368147e-01
1.992056104871961775e-01
2.083132425944010380e-01
-4.366346147325304156e-02
-4.033739556206596966e-01
3.524998346964518248e-02
4.161075507269965112e-01
-1.800337897406684151e-01
-4.893881903754340179e-01
-1.236879221598307238e-01
-4.341921488444010213e-02
2.635804578993055647e-01
nan
nan
nan
nan
2.528309292263454799e-01
-1.643262736002604196e-01
9.476470099555121818e-02
-1.842931111653645926e-01
5.248094685872395360e-01
-2.305940924750433940e-01
5.465093655056423305e-01
2.766417439778645626e-01
2.390558200412326306e-01
2.943959214952256986e-01
5.037695142957899358e-02
-5.184880150689018946e-02
2.972440253363715090e-01
-4.678004794650607312e-02
3.293584187825520648e-01
-6.834520806206597632e-01
1.506023491753472332e-01
3.340731133355034910e-01
-1.559960937500000089e-01
4.203971354166666785e-01
-2.667665778266058996e-01
2.094669596354166718e-01
-4.243478054470485872e-01
2.810746765136718506e-01
3.525047132703992836e-01
-4.766702270507812700e-01
2.433291456434461819e-01
-2.651188998752170289e-01
nan
nan
nan
nan
5.132210286458332993e-01
1.959628634982638895e-01
-4.888548787434895959e-01
-2.746206325954861360e-01
1.496412997775607712e-01
1.647827996148003571e-01
-2.436331346299913103e-01
6.721923149956596788e-01
-2.142957729763454999e-01
-3.317104763454861160e-01
-1.444760131835937378e-01
-3.903563435872395848e-01
9.405704074435763951e-02
-3.779892306857638995e-01
-8.136408487955729130e-02
-1.663859219021267266e-01
3.056917995876736183e-01
1.734452989366319364e-01
4.067325168185763618e-01
3.714503648546007009e-01
-5.521144866943359514e-02
-2.508779059516059173e-01
1.048958926730685776e-01
2.364144388834635291e-01
3.186146036783853996e-01
-2.015663825141059129e-01
2.872340562608506898e-01
-2.282578531901041652e-01
nan
nan
nan
nan
7.351425170898437389e-02
-1.312445916069878427e-01
3.598242865668402901e-01
2.751882934570312744e-01
-3.002248128255208259e-01
1.689197455512152779e-01
-6.929888407389322991e-02
-2.924434068467882120e-01
5.508615705702039900e-02
9.056015862358940405e-02
-2.805983818901909843e-01
-1.064680480957031217e-01
2.261668056911892433e-01
3.160046386718750044e-01
1.050690629747178806e-01
-2.767221238878038170e-01
3.365736558702256964e-01
2.540533447265624911e-01
1.031324005126953158e-01
-2.879093424479166607e-01
-2.412148030598958437e-01
2.348303053114149386e-01
-1.038674079047308962e-01
3.179195192125108815e-02
1.669553226894802608e-02
4.126158650716145737e-01
-3.556765747070312345e-01
-8.900099860297308596e-02
nan
nan
nan
nan
1.058203697204589816e-02
2.103400760226779593e-03
-2.268532816569010513e-01
-2.631155056423611360e-01
3.083836534288194597e-01
3.801884969075520759e-01
1.433229437934027795e+00
8.772711181640624467e-01
-2.645024617513020981e-01
2.699851481119791563e-01
6.073059760199652768e-01
-4.445341322157118080e-01
1.526113552517361083e-01
5.168801201714410265e-01
-4.091557481553819708e-01
-1.783255513509114654e-01
-3.175322002834744112e-02
-3.188325670030381920e-01
2.489345465766059085e-01
1.178504731920030323e-02
5.213474697536892022e-02
-2.948954603407117903e-01
7.337142096625434706e-02
-5.398318142361111516e-01
-4.481795586480034621e-01
-1.195836130777994805e-01
6.243674045138888351e-01
1.796709187825520915e-01
nan
nan
nan
nan
-7.768419731987846744e-01
-1.502165561252170045e-01
-5.888317192925347499e-01
-3.225215657552083504e-01
3.192519463433159954e-01
-1.628266059027777823e-01
3.937840779622395759e-01
9.878099229600694198e-01
-2.859957207573784466e-01
-3.511988321940104352e-01
5.710472954644096877e-01
3.742119004991319442e-01
-1.452879333496093772e-01
-5.477588229709201562e-01
6.085430230034721832e-01
9.501172171698676547e-03
4.554536268446180425e-01
5.588199530707465001e-01
-1.837793816460503438e-01
4.021343655056423827e-02
2.524214511447482878e-01
-1.183388688829210000e-01
2.213927544487847288e-01
-1.410136922200520837e-01
5.066062927246093445e-02
-9.620672861735025602e-03
6.069074842664931024e-01
-2.821403672960069442e-01
nan
nan
nan
nan
1.517399936252170067e-01
3.285840182834201539e-01
-1.063899887932671408e-02
5.445463392469618302e-02
-1.818731350368923694e-01
8.507575141059027235e-01
2.476335525512695160e-02
1.257178836398654444e-02
5.479109700520833348e-01
2.871524047851562456e-01
1.376362525092230948e-01
-3.687256283230251619e-02
-2.500353283352322112e-02
2.533654615614149286e-01
5.211242675781250222e-01
-5.661611260308159199e-01
-1.994600931803385546e-01
-6.340217420789930891e-01
-1.616082424587673705e-01
-6.141263834635416474e-01
1.599623616536458293e-01
4.522651502821180558e-01
-8.504259745279947602e-02
2.987295532226562633e-01
-6.658111996120877341e-02
8.084461636013455521e-02
-1.662598334418402823e-01
-7.101597256130642855e-02
nan
nan
nan
nan
7.356690809461805536e-01
1.625132073296441104e-01
3.563768513997395693e-01
9.408617655436198046e-02
-3.992926364474826406e-01
-5.198978339301215668e-01
-7.697167290581596877e-01
-6.016451517740885324e-02
-3.398390367296006964e-01
2.878895060221354218e-01
2.306622314453125044e-01
-5.887967745463053293e-03
-1.807800971137152879e-01
-1.851071336534288181e-01
-1.160768127441406256e-01
2.694342041015624911e-01
7.157642788357204688e-02
-2.732837253146701562e-01
4.631601291232638751e-01
5.407845730251735761e-01
1.680971103244357501e-01
-2.512140062120225559e-01
2.279512023925781283e-01
1.715574815538194464e-01
-1.917016092936197902e-01
-1.219313981797960078e-01
7.231823052300346832e-01
-4.229560004340277568e-01
nan
nan
nan
nan
-3.541795857747395693e-01
-3.398834228515625056e-02
-2.482023451063368191e-01
-1.045335388183593756e-01
4.193810696072048372e-01
-2.781452094184027612e-01
-8.869660271538629126e-02
2.429261101616753404e-01
3.020456737942165890e-02
-2.249981180826823024e-01
6.449623616536458437e-01
1.074964531792534705e+00
9.693590630425347188e-01
5.013944159613715756e-01
3.192856852213541430e-01
-4.085904947916666474e-01
-3.468706936306423794e-01
5.444738070170084335e-03
5.481574164496527679e-01
7.743637084960937333e-02
-8.145796034071180192e-02
1.820315551757812622e-01
3.030825127495659910e-01
-4.033361138237847032e-01
7.790781656901041297e-02
-3.295697699652777590e-01
1.763614124721950976e-02
1.092848141988118568e-02
nan
nan
nan
nan
3.092819213867187278e-01
8.046218024359809429e-02
-4.950220065646701584e-01
2.796654383341471220e-02
-1.731559244791666674e-01
-1.986732143825954977e-01
-5.703416188557942912e-02
-6.895566813151041696e-01
-1.865316094292534810e-01
-2.787631056043836653e-01
-2.684133572048610916e-01
-8.872055053710938000e-02
-1.386638217502170201e-02
-5.477991061740451473e-01
4.007985093858507097e-01
1.365021769205729263e-01
2.026931762695312611e-01
5.287651909722221877e-01
-1.737657165527343728e-01
5.791507297092014089e-02
3.440613810221354041e-01
-6.894120534261068134e-02
6.907275729709201617e-02
5.171531507703992503e-01
3.923805609809027928e+00
6.237585449218749911e-01
-2.461737399631076517e-01
1.855740017361111049e-01
nan
nan
nan
nan
-7.260390218098958792e-01
1.954466925726996429e-01
2.285747273763020782e-01
-1.764673360188802054e-01
8.650828721788194065e-01
-2.396476067437066093e-01
1.875882636176215146e-01
-1.291712273491753549e-01
1.787114969889322946e-01
-2.506518893771701381e-02
-5.725307210286458837e-01
-4.196440972222222343e-01
-1.065951741536458330e+00
-5.642712741427950984e-01
1.219490051269531278e-01
-2.180257670084635446e-01
4.501468573676215001e-01
-3.608239067925347321e-01
-9.278987248738606794e-03
-1.640726894802517488e-01
4.747793409559461497e-02
4.642886352539062345e-01
-1.173319091796874991e+00
-4.301852756076388618e-01
7.464846462673611072e-01
-3.412669881184896004e-01
3.996017879909938980e-02
8.168768141004774386e-02
nan
nan
nan
nan
-2.166424560546874878e-01
-1.195183648003472321e+00
5.688758680555555669e-01
6.829173448350694953e-01
4.010833062065972121e-01
1.759920756022135546e-01
9.305429246690538614e-02
2.831455654568142480e-02
9.159201727973090290e-02
-1.357996537950303950e-01
-2.795274013943142566e-01
-4.483031209309895626e-01
3.861725870768228930e-01
-4.861584133572048882e-01
-8.334108988444009769e-02
5.170150078667534732e-01
-1.501101345486111072e-01
1.221501827239990321e-03
3.937846544053819620e-01
-4.746153767903645848e-01
-4.684755791558159466e-01
2.800352478027343661e-01
-3.439401923285590468e-01
5.319520738389756920e-01
1.008193037245008750e-01
2.621875508626301809e-01
-4.934635077582465446e-01
3.813593885633680403e-01
nan
nan
nan
nan
3.174789428710937389e-01
1.297175682915581718e-01
5.498196411132812988e-01
-3.122850545247395915e-01
-3.231464979383680824e-01
9.118342929416232978e-02
-3.061911349826388906e-01
-5.944334581163194242e-01
7.097555266486274203e-03
-6.146304660373264062e-01
-1.893809424506293429e-02
1.729585753546820578e-02
-9.725478278266058707e-02
9.529240078396267188e-02
4.139556884765625000e-01
-2.144041485256618917e-02
-2.560322062174479329e-01
-5.345108032226562056e-01
-4.051988728841146026e-01
-1.210285780164930491e+00
-3.059851752387152818e-02
-5.731374104817708037e-01
-7.974819607204861605e-01
-1.172611083984375080e+00
-6.225574408637152279e-01
2.423925950792100714e-01
-7.784536573621961275e-02
-5.184013197157117947e-01
nan
nan
nan
nan
4.493816121419270671e-01
-4.310156589084201406e-01
-7.273950873480903301e-01
-1.438282097710503471e-01
2.870682822333441714e-02
4.570304022894965401e-01
1.185314856635199671e-01
6.834128485785589957e-02
-1.405503167046441050e-02
5.749055311414930092e-01
-3.571057637532552148e-02
-3.336105685763888773e-01
1.227236345079210089e-01
-4.513223944769965135e-01
-1.516539679633246429e-01
-1.350190989176432155e-01
-4.809148491753472143e-01
-8.136868625217014150e-01
5.018758477105034199e-01
4.094587877061631742e-01
-4.691030205620659865e-01
-7.665018717447916741e-01
-1.140751546223958357e+00
7.355996873643663725e-02
-2.473422071668836819e-01
-4.547399902343750022e-01
1.523799896240234314e-03
-1.375653584798177120e-01
nan
nan
nan
nan
3.134792751736111271e-01
-2.486902025010850614e-01
-1.511140441894531228e-01
-1.620089789496527821e+00
-2.832580735948350692e-01
-1.393392605251736027e+00
-6.107047186957464957e-02
-1.615243699815538114e-01
3.645968543158636943e-02
-6.056837293836805358e-01
-1.635890536838107701e-01
9.230440775553384880e-02
-1.485694546169704922e-01
2.509274122450086963e-01
5.991290283203124512e-01
-6.581871880425347321e-01
-2.092809210883246618e-01
-1.353202141655815982e-01
-2.948004669613308541e-03
-2.825823635525173683e-01
6.360191345214843972e-02
-2.100065782335069353e-01
5.733251953125000355e-01
-2.657584804958767477e-01
-1.492186143663194464e-01
5.084990776909722454e-01
-2.707139587402343506e-01
2.062226528591579733e-01
nan
nan
nan
nan
-3.294044664171006942e-01
2.856912909613715246e-01
-4.720441606309679072e-02
-1.216300879584418376e-01
-1.735819159613715412e-01
4.639085896809895804e-01
3.267845323350694331e-01
-9.172361924913194908e-01
9.207013617621527812e-01
5.595446777343749956e-01
7.477316623263888795e-01
1.426516248914930562e+00
5.467134941948784688e-01
4.579131062825521070e-01
-1.105890062120225698e-01
5.047898017035590268e-01
-2.846539984809027812e-01
-4.295339626736111027e-01
3.329894002278646070e-01
7.931698269314235716e-02
-4.728681246439616313e-03
2.136698744032118069e-01
1.200218115912543432e-01
2.108239746093749922e-01
-1.408257632785373248e-01
-7.673622639973958215e-01
6.319354248046874512e-01
2.749178907606336653e-01
nan
nan
nan
nan
-4.854964870876736227e-01
1.827146572536892388e-01
-8.072910563151041163e-01
-4.145857408311631742e-01
5.061879475911458259e-01
-3.890007866753472099e-01
-3.398248630099826584e-01
2.894480387369791630e-01
5.254885186089409688e-01
-2.646621068318684780e-02
-2.267702950371636161e-02
1.935407638549804799e-02
-4.749168565538194331e-01
7.114330715603298105e-02
-2.080298699273003538e-01
-8.635157606336805181e-01
8.413969590928819242e-01
1.604633246527777668e-01
3.765832858615451584e-01
-4.142420789930555403e-01
-5.275330607096354596e-01
-3.102209133572048638e-01
-5.787430148654514328e-01
4.407430013020833259e-01
8.457776557074653256e-01
1.218431125217013911e+00
2.066210123697916679e+00
2.626446702745225958e-01
nan
nan
nan
nan
1.495617167154947857e-01
1.297525617811415011e-01
-4.307476467556423660e-01
-5.089366997612847499e-01
1.200127156575520881e-01
-1.907488844129774375e-01
-2.466158888075086764e-01
-1.263773871527777759e+00
-1.550714280870225670e-01
-4.012884860568576295e-01
-4.901833767361111205e-01
-8.708988613552517966e-02
-4.225667741563585156e-02
1.724783494737413270e-01
-4.398824734157986138e-01
-5.956083170572916696e-01
2.164813062879774319e-01
8.450161404079861716e-02
9.279896206325954910e-02
-3.450089857313368147e-01
2.408717515733506953e-01
-4.248630438910590001e-01
-3.449369303385416696e-01
-6.995705159505208881e-01
-5.092754448784722054e-01
-1.659506734212239654e-01
2.338100518120659610e-01
5.342212677001953458e-02
nan
nan
nan
nan
-1.022505866156684096e-01
-4.670658026801215446e-01
6.242225646972656555e-02
-1.579607327779134276e-02
5.122707790798610716e+00
nan
2.968625759548610965e+00
-1.952484300401475803e-01
1.303888193766276071e-01
-5.375897555881076206e-01
2.398035854763454766e-01
-1.268507215711805580e+00
3.755976359049479352e-01
1.890081617567274455e-02
8.332140435112846966e-01
-1.306085544162326473e-01
-6.598036024305554970e-02
-8.206938107808431013e-03
-4.743804083930121263e-02
-1.393385908338758694e-01
-2.194270494249132009e-01
-9.680681016710068754e-02
-8.572734408908419534e-02
-4.581145901150173727e-01
-4.555410766601562522e-01
-2.005809190538194453e-01
-3.192647976345486249e-01
5.353763156467014062e-01
nan
nan
