nan
nan
8.443014356825087260e-03
2.520986429850260446e-01
1.771509467230902857e-01
9.028650071885850614e-02
-2.884665595160590401e-01
-2.894673665364583259e-01
2.554022725423177320e-01
5.037708875868055491e-01
-9.439393785264757475e-02
-3.565895928276909821e-01
1.962518480088975559e-01
-1.616605122884114676e-01
-3.139056057400173572e-01
3.608954535590278012e-01
-1.499403211805555580e-01
2.388593546549479252e-01
3.001944986979166452e-01
-3.893920220269097010e-01
2.941962348090277901e-01
-3.319998508029514128e-01
-4.897332424587673705e-01
-5.894555664062499645e-01
-7.261837429470485716e-02
-2.972250366210937300e-01
-4.758678860134548660e-01
4.278782009548611320e+00
-1.814006890190972276e-01
-4.923745049370659710e-01
nan
nan
nan
nan
-3.763084581163194664e-01
9.987804836697049271e-02
8.523252699110242525e-02
9.464285108778211497e-02
-9.767911275227864065e-02
2.025810919867621629e-01
2.306982421875000133e-01
4.197297498914930314e-01
2.462581888834635413e-01
-5.723610772026909571e-02
2.399439324273003604e-01
4.278681437174479130e-01
1.421605173746744721e-01
-3.778370751274956474e-02
1.556909179687500089e-01
-2.742652893066406181e-02
3.906734466552734542e-02
2.679318745930989731e-01
-4.161594306098090335e-01
9.418419731987846821e-02
3.293486192491319464e-01
-1.691342841254340201e-01
7.874131944444444642e-01
-4.200951046413845674e-02
1.974559360080295201e-01
-4.142192925347222276e-01
2.088890414767795023e-01
-1.502390543619791796e-01
nan
nan
nan
nan
1.046490902370876691e-01
-2.786599731445312256e-01
-3.704037475585937322e-01
8.602979024251301843e-02
-6.639706929524739898e-02
-6.823427327473958748e-01
2.324327256944444531e-01
-4.292519124348958548e-01
4.981701999240451539e-01
-1.354864671495225603e-01
-3.789076741536458459e-01
2.962442355685763751e-01
4.264875623914930469e-01
-3.542745293511284643e-01
1.035237884521484353e-01
-2.978118896484375222e-01
-1.302824147542317734e-01
-4.615929497612847321e-01
9.173053317599826062e-02
4.054988861083984319e-02
-1.783228895399305569e-01
1.706241692437066026e-01
-5.175517442491319731e-01
1.295648108588324521e-01
2.566946241590711830e-01
-1.660574340820312467e-01
-4.691063096788194442e-01
-1.898537699381510346e-01
nan
nan
nan
nan
-3.552877468532986138e-01
3.844666544596354041e-01
3.490801662868923683e-01
-2.148713684082031172e-01
-2.899736870659722077e-01
-1.505596245659722165e-01
-9.081057230631510435e-02
-5.152841356065538531e-02
-5.388397216796875222e-01
-1.952877807617187378e-01
-2.842578803168402946e-01
-4.472679307725694331e-01
1.220166269938151027e-01
7.890992058648003959e-02
2.743668958875867814e-01
-9.950217141045464286e-03
2.274009535047742947e-01
-1.715827263726128482e-01
-6.116726769341362946e-02
-1.344435543484157891e-01
-5.424402872721354463e-01
3.841683620876736316e-01
-6.969000498453776019e-03
-2.188870917426215257e-01
2.570461357964409776e-01
-3.164350721571180802e-01
-3.768945990668402524e-01
-2.002559407552083337e-01
nan
nan
nan
nan
-9.400132921006944253e-02
4.125739542643229174e-01
-6.153267330593532869e-02
-1.956253560384114687e-01
7.090311262342664789e-02
2.066315205891927076e-01
-3.806427341037326162e-01
-4.406169467502170367e-02
-8.741990831163194420e-01
-1.396942308213975636e-01
-5.569216240776909688e-01
-2.844315761990017233e-01
1.337133958604600770e-01
-8.512629191080729740e-02
1.334169599745008671e-02
-4.181607055664062766e-01
2.072584788004557324e-02
-2.631452433268229307e-01
-5.292024824354383400e-02
-4.812209659152560937e-02
-3.501366509331597099e-01
-7.603132459852430802e-01
-1.399636247422960111e-01
2.661375427246093772e-01
-1.025590209960937527e+00
2.314309522840711786e-01
-6.690342797173394473e-02
1.403605567084418304e-01
nan
nan
nan
nan
7.721763780381944997e-01
8.051069471571180303e-02
-3.929778374565972010e-01
2.915463256835937322e-01
-2.508775160047743147e-01
-5.925343831380208703e-01
1.865357971191406172e-01
-2.207896338568793304e-02
-1.221320427788628454e-01
-2.535346306694878371e-01
1.985432264539930547e-01
-1.343019612630208248e-01
-3.646036783854166852e-01
-2.478739420572916574e-01
3.547808837890624734e-01
2.908381483289930736e-01
-8.397038777669270024e-03
-2.975879245334201451e-01
2.461785040961371462e-01
1.392049323187934118e-01
7.069989098442924780e-02
-3.984897867838541607e-01
-1.562189229329427054e-01
-5.796877119276258594e-02
-3.504395887586805314e-01
-1.149164623684353383e-02
-2.278142123752170123e-01
7.689227973090277946e-01
nan
nan
nan
nan
-3.272025892469618280e-01
-3.888426038953993191e-02
-3.630439588758680447e-01
6.338706122504340901e-02
-6.609950764973958615e-01
5.677674018012153212e-01
-6.042042371961805491e-01
-1.843866475423177054e-01
1.379485321044921775e-01
-2.155054389105902912e-01
-4.695331149631076229e-01
2.235187106662326340e-01
2.714502122667100670e-01
7.346046956380208881e-01
3.120225694444444392e-02
-1.751347690158420178e-01
-2.894378662109374778e-01
-3.905566067165798794e-01
-1.696114095052083381e-01
1.425581529405381964e-01
-4.717992146809895648e-01
2.462458801269531150e-01
3.344321695963541896e-01
-1.580819702148437422e-01
3.528919474283854218e-01
5.575757768419054017e-02
-6.669158257378472454e-01
-1.500150214301215201e-01
nan
nan
nan
nan
-2.743058437771267455e-01
-4.824546390109592242e-02
5.594463772243923882e-01
2.067272949218749989e-01
1.307057020399305658e-01
-2.678744337293836875e-01
2.249318271213107678e-01
-1.436419089635213291e-03
2.269856346978081640e-02
1.252429623074001741e-01
-5.383890787760416963e-01
-1.468830193413628582e-01
-2.230664232042100792e-01
6.508036454518636516e-04
2.497592841254340224e-01
-5.710452927483452429e-03
1.358667214711507072e-03
-9.180892096625434262e-02
2.416703626844617925e-01
1.459772067599826306e-01
-2.600567287868923438e-01
-1.517594401041666707e-01
1.458704800075954766e-01
-9.613202412923177800e-03
-8.615377468532986471e-01
1.913628133138020881e-01
-2.509921603732638840e-01
2.924314371744791696e-01
nan
nan
nan
nan
-8.658374701605903168e-01
-2.296802520751953236e-02
-1.483219231499565971e-01
-1.884368726942274308e-01
-2.270052422417534743e-01
-5.597201453314887276e-02
-3.464635891384548749e-01
-1.184642283121744855e-01
-1.379272460937500111e-01
-4.075521850585937522e-01
-1.637846544053819520e-01
2.172983127170138862e-01
-7.534403483072916741e-01
-2.504828219943576184e-01
-1.851115587022569564e-01
-2.328434753417968628e-01
2.192480638292100825e-01
-1.477805921766492947e-01
5.211482069227431069e-01
-4.239940388997395782e-01
-5.907841576470269224e-02
-3.427708265516493102e-01
3.530664020114474694e-02
-1.095354292127821150e-01
-1.955363379584418304e-02
-2.918844943576389128e-01
-3.440422227647569331e-01
-3.098221164279513773e-01
nan
nan
nan
nan
-4.717947387695312633e-01
-4.656495836046006809e-01
-1.097832489013671892e-01
2.839101494683159976e-01
-4.303032090928819442e-01
-4.298697577582465124e-02
5.609597439236111427e-01
-3.333128526475694353e-01
-2.161585659450954988e-01
2.288818147447374204e-02
-6.447553168402777590e-01
-2.626117282443576548e-02
-2.056529066297743125e-01
-2.624563598632812522e-01
2.259567260742187389e-01
1.155559031168619799e-01
-4.181120469835069575e-01
-5.056035698784722143e-01
3.776087782118055514e-01
2.656688096788194509e-01
-2.779967074924045156e-01
-3.419244045681423816e-01
-2.511132346259222978e-02
6.316567738850911717e-02
8.558943684895833348e-01
-6.199129909939236072e-01
-1.766885206434461730e-01
-1.855889892578125033e-01
nan
nan
nan
nan
9.719356960720485980e-03
1.048251766628689186e-01
-1.386766645643446316e-01
1.349497053358290066e-01
2.495723470052083337e-01
9.784305996365016966e-02
3.657242499457465379e-01
-1.206541781955295101e-01
4.863742743598090112e-01
4.477314588758680713e-01
-4.291047159830729263e-01
-1.715183003743489532e-01
-1.153227827284071250e-01
6.180818006727430980e-01
-2.104943678114149230e-01
9.177426486545139372e-01
3.806915622287326273e-01
7.903979831271701340e-02
2.430321926540798538e-01
-4.085503133138020937e-01
-3.803638034396701340e-01
-2.043213907877604041e-01
3.695108032226562256e-01
-8.739413113064236072e-01
-2.741280619303385624e-01
2.287184821234808929e-01
-4.092140028211805336e-01
1.720016649034288303e-01
nan
nan
nan
nan
-9.664111667209202006e-02
-4.179866875542534999e-01
-5.775062391493055447e-01
-1.241599782307942768e-01
3.336811659071180491e-01
-8.461415608723957815e-01
6.026609971788194908e-01
-4.838888549804687411e-01
2.765779113769531450e-01
-3.552823215060764150e-01
-2.700297715928819398e-01
-1.258518727620442645e-01
1.625416225857204966e-01
-4.566414048936631720e-01
-1.749121559990777022e-02
4.140765719943576562e-01
-2.271090348561604841e-03
-3.368785858154296764e-02
3.009322441948784621e-01
2.409462992350260291e-01
-4.871423339843750089e-01
1.494613986545138828e-01
8.006415473090278123e-02
-4.197769843207465046e-01
1.805771721733940849e-01
8.323208279079861160e-01
-6.209240044487847054e-01
1.918201700846354218e-01
nan
nan
nan
nan
6.521087646484374778e-02
-1.367135535346137021e-01
-3.469663831922742969e-01
-7.656063503689236605e-01
1.148242272271050302e-01
1.734685770670572891e-01
1.117819756401909670e+00
8.263063218858507364e-02
1.761129697163899693e-02
-2.444987657335069564e-01
3.392900254991319531e-01
4.612029012044270848e-01
1.823491414388020704e-01
-3.290725029839409732e-01
-4.708919525146484236e-02
-7.849551052517360628e-01
-4.655651516384548549e-01
1.795553080240885335e-01
-2.067103491889105832e-02
4.414472791883680691e-02
8.110744158426920480e-03
-1.323187594943576462e-01
-2.218784417046441026e-01
-9.527339511447482923e-02
-1.955844963921440915e-01
2.504422717624240485e-02
-1.756081136067708381e-01
1.972978379991319475e-01
nan
nan
nan
nan
3.886040581597222099e-01
-2.335578918457031361e-01
1.020541042751736127e-01
5.735289171006944242e-01
3.312264675564235983e-01
-5.873530493842230721e-02
-1.073113441467285142e-02
-2.544132656521267410e-01
2.875379774305555566e-02
5.734388987223307255e-02
-3.909993150499131986e-01
-6.107259792751735805e-01
1.029265543619791723e+00
2.678831481933593994e-01
-3.636495632595486138e-01
5.632020060221354374e-01
-1.001618279351128432e-01
-2.700795915391709934e-02
2.597614712185329910e-01
-2.045363532172309040e-01
1.647771199544270926e-01
7.978718227810330244e-02
5.667721218532986022e-02
7.727071804470485583e-01
6.712496015760634205e-02
1.860724724663628538e-01
-7.031627061631944287e-01
2.834134589301215423e-01
nan
nan
nan
nan
-1.584570821126302098e-01
-8.542480468749999445e-02
5.005762312147352122e-02
-2.846073744032118213e-01
1.721882629394531350e-01
2.931502956814235894e-01
3.100503540039062367e-01
4.903890991210937411e-01
1.250809563530815849e-01
3.098589791191948620e-02
-2.619084167480468794e-01
5.189166937934027724e-01
-1.444780307345920056e-01
-2.284073215060763995e-01
-2.134248521592881920e-01
2.178093465169270715e-01
-2.776731279161241336e-02
-3.085783216688368080e-01
-1.259351603190104196e-01
-3.886687755584716970e-03
-4.667995198567708171e-01
9.739212883843316459e-02
-3.429626803927951495e-01
7.106642659505207904e-01
4.209719780815972534e+00
1.262042100694444446e+00
1.712999131944444309e-01
-8.017982991536458659e-01
nan
nan
nan
nan
8.386633978949652179e-02
-2.806549919976128460e-01
-1.304778544108072813e-01
-9.843122694227431080e-02
-9.107438829210069420e-01
3.624837133619520507e-03
3.874839613172743058e-01
-2.123932732476128404e-01
-3.782860649956596988e-01
3.559987725151909643e-01
4.256092839770847101e-04
3.736192491319444420e-01
8.388322618272568976e-01
-3.310844251844617947e-01
-4.781090948316786202e-03
2.160247802734374944e-01
5.972243245442708792e-01
4.353033786349826406e-01
-5.951743570963541341e-01
2.570868767632378260e-01
5.991699896918403212e-01
-5.339125569661458126e-01
1.028132324218749893e+00
2.221975538465711941e-01
-6.970983208550347587e-01
-1.998291863335503460e-01
4.271235148111979241e-01
-1.542478264702691060e-01
nan
nan
nan
nan
3.838180881076388995e-01
1.170231119791666607e+00
2.954636976453993147e-01
4.145490519205728974e-01
-7.034221225314669923e-02
2.967191908094617969e-01
7.555664740668402990e-01
3.300236341688367880e-01
9.316349029541015278e-03
1.751541476779513995e-01
3.060424126519097343e-01
-2.776760313245985393e-02
-5.702500661214193051e-02
7.093836466471353797e-03
5.070075141059027235e-01
-2.093912760416666574e-01
7.430681016710068976e-01
-6.776680840386284377e-02
3.395336235894097499e-01
1.989094373914930547e-01
8.050899929470485550e-02
-6.664802975124782536e-02
1.029552035861545090e-01
3.199839952256944287e-01
2.860813395182291718e-01
-6.505598280164930081e-02
-3.355256822374132197e-02
5.479238552517361471e-01
nan
nan
nan
nan
-3.294029066297742836e-01
5.265033976236979107e-01
-7.256625705295138840e-02
-1.281837039523654465e-01
-1.279238467746310892e-01
-6.408945719401042129e-02
-2.241584947374131997e-01
4.948304578993055758e-01
1.595504082573784843e-01
-1.874106174045138962e-01
1.066581895616319497e-01
2.354833475748698002e-01
3.826219346788194420e-01
1.671376037597656350e-01
-2.566440667046441249e-01
-9.568982442220051732e-02
-1.728206952412923020e-02
7.620680745442708348e-01
3.253879123263888618e-01
9.904507107204860716e-01
-3.155431450737847254e-01
-2.544882710774739598e-01
2.966547987196180292e-01
1.063337266710069340e+00
6.938382297092013928e-01
-2.563246663411458126e-01
-3.198616536458333548e-01
2.982965766059027524e-01
nan
nan
nan
nan
7.536208258734808374e-02
3.363584391276041585e-01
3.440707736545138562e-02
-1.312319967481825021e-02
1.977932569715711852e-01
-4.275573052300347121e-01
1.754589335123697968e-01
-1.676383293999565982e-01
1.159440951877170195e-01
-1.853013992309570160e-02
-1.983481301201714397e-02
-4.402520073784722127e-02
-1.973646884494357767e-01
-5.469619411892361338e-01
6.445192548963758761e-02
-1.532765197753906128e-01
7.196217007107204300e-02
1.290873548719617958e-01
-1.907365247938367925e-01
-3.843469407823350836e-02
8.367859564887152324e-01
2.964107259114583393e-01
3.143748982747395782e-01
1.360806783040364454e-01
4.566360812717014106e-01
-1.729975891113281206e-01
-3.487824503580729263e-01
-4.547433471679687700e-01
nan
nan
nan
nan
-3.831066555447048549e-01
-4.311288197835286273e-02
4.069734700520833415e-01
1.250245361328125027e+00
6.003089735243055669e-01
1.483981933593750080e+00
2.598566691080729241e-01
-4.078190104166666829e-01
8.576207478841145482e-02
6.171468777126736249e-01
1.608855353461371429e-01
-1.425900777180989509e-01
-3.896506076388888684e-01
2.024866909450954988e-01
-2.837962680392794868e-01
8.008003234863281250e-02
1.504653591579861172e-01
5.611913469102647323e-02
2.720610555013021070e-01
-3.264893256293402990e-01
-5.167864651150173572e-01
8.025848388671874556e-02
-2.243671162923177032e-01
-9.050031026204427564e-02
2.239138454861111238e-01
2.644572109646267100e-01
2.077343749999999989e-01
4.677317640516492903e-01
nan
nan
nan
nan
7.736436631944444697e-02
-2.194559563530815993e-01
8.368375142415364343e-02
6.805558268229167096e-01
2.418543328179253438e-01
-4.358158535427517077e-02
2.348808119032118058e-01
-1.041928270128038153e-01
1.527184719509548649e-01
2.602934095594617858e-01
8.437338595920138573e-01
1.455903320312500027e+00
-8.011753506130642188e-02
-5.677783542209201562e-01
-1.131479729546440993e-01
-4.260368347167968472e-02
-2.400508795844183974e-01
8.191862657335069464e-01
-1.782483757866753504e-01
-4.091278076171874778e-01
3.123913913302951428e-01
-1.636587185329861083e-01
-1.563171895345052131e-01
-1.232277086046006942e-01
-1.135951995849609347e-01
5.689478895399305847e-01
-1.827354643079969615e-02
5.570882500542534421e-01
nan
nan
nan
nan
1.799939303927951262e-01
-1.818387349446614620e-01
7.314358859592013928e-01
9.515009562174479851e-02
-1.533716159396701362e-01
-7.806178622775607201e-02
2.360129250420464272e-02
-4.927661048041449832e-02
-7.566263834635417185e-01
2.009750196668836919e-01
1.215873294406467076e-01
2.281653171115451406e-01
5.278934393988715668e-01
1.756449720594618069e-01
4.779994032118055625e-01
4.248209635416666519e-01
-5.319942898220486605e-01
3.669808970557318639e-03
-7.713991292317707860e-01
-1.194452497694227372e-01
1.145720587836371596e-01
1.472253078884548649e-01
-2.773410542805989643e-01
-2.796063062879774463e-01
7.277760823567708259e-02
2.101494683159722321e+00
1.967871500651041661e+00
-2.380635155571831502e-02
nan
nan
nan
nan
2.259067959255642299e-01
-6.015927632649739620e-02
-1.324135928683810859e-01
2.810988362630208459e-01
-1.481756761338975659e-01
3.195037163628472454e-01
5.465165879991319420e-01
8.819434950086805225e-01
6.228706868489582993e-01
8.738130696614583304e-01
2.050040690104166785e-01
-2.204412036471896721e-02
6.735735405815972410e-01
-1.875229560004340323e-01
6.437358940972222054e-01
2.296489291720920090e-01
-3.304342990451388795e-01
-2.588180033365885535e-01
-3.838903215196397267e-02
5.835065375434027590e-01
2.995455593532986294e-01
8.789238823784721599e-02
-8.430281745062934151e-02
4.973069932725694420e-01
1.897591315375433962e-01
1.368954976399739676e-01
-3.148144531250000044e-01
-3.869792514377170395e-02
nan
nan
nan
nan
1.114176177978515592e-01
1.449684482150607745e-01
-6.660421689351399450e-03
-1.502539740668402679e-01
3.878297526041666554e+00
nan
2.924116753472222108e+00
1.290101962619357723e-01
-6.805226643880207815e-02
1.707519531249999944e-02
3.547227308485242925e-01
1.176237114800347205e+00
-1.407990264892578225e-01
2.495649719238281217e-01
1.899750094943576384e-01
4.471793280707465068e-01
-6.189944373236762332e-02
-1.809522840711805525e-01
-2.513451470269097432e-01
3.730059814453124956e-01
-2.738759528266059284e-01
3.834438069661458282e-01
4.438800387912326118e-01
-3.272849867078992947e-01
7.738627115885416963e-01
-2.640564982096353930e-01
5.932811821831597276e-01
5.759360758463542007e-01
nan
nan
