nan
nan
-7.812505933973523664e-02
-6.810884602864583082e-01
3.854499393039279714e-02
-7.372529432508680980e-01
1.819154315524630985e-02
7.334005567762587330e-02
1.673959520128038281e-01
-3.046740383572048572e-01
3.265962812635633816e-02
1.452235751681857714e-02
-6.409098985460069953e-01
-3.485310194227430602e-01
-3.232378811306423350e-01
-1.547776963975694420e-01
1.276751285129123226e-01
-7.709206475151909876e-02
7.825279235839843750e-02
-3.380179850260416896e-01
-2.712434048122829844e-01
-5.481124538845486560e-01
-4.452631293402777857e-01
-3.945419650607638884e-01
4.563167656792534999e-01
-1.952046881781684118e-01
-1.658408376905653276e-03
3.293243543836805731e+00
1.352642483181423494e-01
-4.259994845920138662e-01
nan
nan
nan
nan
6.476850721571181246e-02
-5.568221706814235894e-01
5.078915066189235716e-01
-2.103190612792968650e-01
3.048404905531141434e-02
2.070240953233506986e-01
-3.009528266059027790e-01
4.103151448567708415e-01
-1.939777459038628526e-01
3.444724612765841937e-02
-2.398342386881510413e-01
-4.263933308919271026e-01
5.635151841905381431e-01
-2.177688768174913247e-01
4.339567820231119560e-02
7.518389892578124512e-01
3.858902655707465157e-01
-7.181787278917101114e-02
-8.522900390625000044e-01
2.187715318467881864e-01
-4.142821587456597121e-01
-4.474377780490451650e-01
-7.837447102864583126e-01
-3.461728583441840423e-01
-2.817837524414062433e-01
-2.527767096625433974e-01
-1.434494336446126388e-02
-1.579386901855468761e-01
nan
nan
nan
nan
-2.141536119249131953e-01
-4.976534016927083304e-01
-4.932692125108507075e-01
1.562703620062934062e-01
6.811910841200086164e-02
2.083906724717881909e-01
3.113546752929687300e-01
-3.027099609375000222e-01
-3.743214925130208259e-01
-5.723319159613715623e-02
5.261212666829426926e-02
3.840322197808159754e-01
-4.570322566562228482e-03
-2.818472798665364598e-01
-1.359265645345052002e-02
-2.579650539822048727e-01
-2.155875947740342954e-02
2.113151380750868114e-01
-2.173114352756076451e-01
-5.766701931423611205e-01
7.480432807074652857e-01
1.706149461534288148e-01
-1.826055569118923694e-01
-7.209287007649739509e-02
-6.223613145616319065e-01
-5.492422824435764239e-01
-9.600426567925347821e-02
5.900373246934678684e-02
nan
nan
nan
nan
4.082611423068576162e-01
1.721862623426649308e-01
1.800805664062500033e-01
3.351636081271701650e-01
1.856906297471788148e-01
-3.049762641059027835e-01
2.744321526421441004e-01
1.060520595974392410e-01
3.333684285481771092e-01
-1.913966200086805458e-01
9.028835296630859444e-03
-1.893696085611979163e-01
5.018315845065646555e-03
4.066465589735243080e-01
-5.867308213975694908e-01
-3.161804877387152657e-01
-6.341502549913194953e-01
9.639115227593315904e-02
7.874906751844618080e-02
-5.029679022894965046e-01
-4.353998480902777635e-01
-2.785189310709635380e-01
3.944569905598958592e-01
-4.555450015597873464e-02
4.746022881401909532e-01
-1.534358045789930569e-01
-2.370292663574218861e-01
-3.575930107964409577e-01
nan
nan
nan
nan
3.342048814561631720e-01
-2.556818135579427276e-01
-5.022884453667534332e-01
-3.132895914713541563e-01
-6.116284857855902590e-01
-6.968345133463541563e-01
-2.505076429578992903e-01
3.056243896484375222e-01
-5.445061577690972765e-01
-6.869531843397352899e-02
-1.037177700466579838e-01
-1.045000118679470513e-01
-1.032444339328341953e-01
2.622557576497395737e-01
-1.242446984185112818e-01
3.788198174370659976e-01
3.579707251654731109e-02
2.410328165690104052e-01
5.019704606797960322e-02
-2.451732381184895948e-01
2.519460890028211650e-02
9.072663031684027324e-01
-5.040369330512153301e-01
-7.354112201266818638e-03
2.602743699815538436e-01
-1.559329732259114587e-01
8.514132181803385491e-02
4.654518975151909488e-01
nan
nan
nan
nan
1.413418240017361160e+00
1.224075402153862874e-01
5.536020914713541546e-02
1.187448204888237879e-01
1.480720011393229230e-01
-8.723054673936632419e-02
-4.014767795138888817e-01
1.803791469997829966e-01
-3.718669297960069398e-01
-2.371953964233398590e-02
-4.167496744791666652e-01
-1.757230631510416641e-01
1.078022087944878471e-01
-6.838723924424913725e-02
1.387882995605468628e-01
-1.871235995822482512e-01
3.016126166449653034e-01
9.708090040418837496e-02
-5.838982476128472543e-01
-2.846704694959852414e-02
2.465992906358507042e-01
1.841424391004774230e-01
2.367836507161458215e-01
5.272501627604166824e-02
4.286891513400607756e-02
4.186848619249132208e-01
-1.365242343478732523e-01
-3.376740519205729263e-01
nan
nan
nan
nan
8.508145480685763706e-01
1.022321065266927065e-01
-3.675802951388889017e-01
-1.417187054951985631e-02
-5.627622477213541918e-01
-1.033947414822048577e-01
-3.446652560763888706e-01
1.388253953721788059e-01
-1.742709181043836930e-01
3.116302829318576273e-01
-6.609624565972221921e-01
1.611499362521701395e-01
1.404703097873263862e-01
8.775156656901041130e-02
6.421479119194878349e-02
-2.029540846082899253e-01
5.700043572319878245e-03
-7.847087436252170312e-02
1.356410047743055458e-01
-1.889407179090711875e-01
4.375354682074652501e-01
-1.426830546061197968e-01
-3.641078694661458171e-01
3.343760850694444398e-01
-7.576534695095485938e-01
-3.991845364040798594e-01
2.349966430664062467e-01
-3.248341200086805602e-01
nan
nan
nan
nan
9.560355292426214735e-02
3.392930094401041541e-01
1.708369149102105175e-02
4.245034790039062256e-01
2.925213919745551366e-02
-2.698809475368923461e-01
4.977509562174479152e-01
-4.119224039713541563e-01
2.631123436821831627e-02
-1.001867845323350659e-01
-3.780691867404513684e-01
1.545417277018229230e-01
4.363221571180555536e-01
2.026880391438801998e-01
-1.622515869140624956e-01
-8.165448506673177176e-02
4.567283206515841687e-02
-3.303247409396701251e-01
-9.340102301703559484e-02
-1.399106174045138817e-01
4.417969428168402879e-01
-3.573215738932291607e-01
4.872147623697916652e-01
-3.876978217230902524e-01
2.582679409450954755e-01
9.158616807725694642e-01
3.921702745225694176e-01
4.265065171983506986e-01
nan
nan
nan
nan
-2.656084431542290580e-03
3.571693589952256720e-01
4.704819742838541874e-01
1.379106563991970569e-01
6.290953911675347676e-01
9.823530409071180858e-02
2.926128599378797698e-02
4.341950819227430314e-01
-6.698731825086805536e-01
3.552669270833333504e-01
4.083895365397135352e-02
4.833358425564235894e-01
-3.011164135403103168e-02
-2.570999145507812597e-02
-5.132731119791666963e-01
4.080234368642170900e-03
-4.967883300781250067e-01
1.119746398925781233e-01
-8.759811740451388662e-01
4.041847652859158202e-02
3.113534545898437589e-01
1.627210320366753449e-01
5.906728532579209878e-02
-3.213079155815972143e-01
-4.729657660590277923e-01
-4.061670939127604019e-01
1.519953748914930625e-01
4.416591389973958393e-01
nan
nan
nan
nan
-3.915876261393229085e-01
4.888148668077256787e-01
1.004222191704644135e-01
-1.424948459201388906e-01
8.512220594618055136e-01
7.586135525173610672e-01
4.616310967339409821e-01
1.233957587348090273e-01
-1.688885498046875100e-01
7.469028727213541385e-01
1.625957234700520782e-01
1.384927452935112713e-01
-3.160608249240451362e-01
2.717736985948350781e-01
-3.939241833157009973e-03
1.812346225314670212e-01
6.181924777560764417e-01
3.712977939181857923e-02
6.179689301384820241e-03
-2.952178955078125222e-01
5.198384602864583037e-01
3.243278333875868058e-01
-1.136804050869411921e-02
-1.065215471055772634e-01
2.751081509060329666e-01
6.034615410698784821e-02
5.134705946180555536e-01
2.100607130262586719e-01
nan
nan
nan
nan
9.354093763563367525e-02
1.834530978732638873e-01
3.835284762912326562e-01
6.651407877604166297e-01
-1.805926428900824637e-02
2.636094156901041541e-01
-2.586280314127604174e-01
2.176769171820746585e-01
5.980199517144096921e-01
3.257344563802083148e-01
-1.180580817328558962e-01
-3.172434149848090135e-01
1.225808461507161412e-01
-2.809511990017360961e-01
5.129021199544271381e-01
-1.250500488281250100e-01
-1.205483669704861122e-01
9.468529595269097043e-02
1.349634891086154420e-01
-9.927669101291232423e-02
1.244196319580078147e-01
-1.413630421956380279e-01
-2.642433336046006720e-01
-3.681493547227647489e-02
-1.338026089138454888e-01
-8.877293056911891855e-02
1.462534925672742958e-01
3.244226752387152635e-01
nan
nan
nan
nan
-9.354628668891058763e-02
3.223952568901909954e-01
-5.032657623291015431e-02
-3.202410803900824360e-02
-4.292174614800347010e-01
-1.757254197862413159e-01
1.256728490193684961e-02
-3.470721138848198439e-02
-4.099498494466145559e-01
-1.844739956325954777e-01
2.537509324815538370e-01
-4.967684851752387359e-02
-4.808432685004340179e-01
-5.780832248263888529e-01
4.793794420030381837e-02
2.551127115885416519e-01
3.922497219509548660e-01
-3.569106038411458126e-01
-1.331752777099609319e-01
5.043728976779513484e-01
2.018561299641927209e-01
8.544002109103732145e-02
6.717427571614583703e-01
1.855621507432725636e-01
-1.194012112087673542e-02
4.761531236436631898e-01
-2.502312384711371518e-01
4.289710150824652679e-01
nan
nan
nan
nan
-3.312042236328124889e-01
6.876808166503906028e-02
4.270543077256944708e-01
6.660438368055555669e-01
5.623976982964409288e-01
5.328310139973958526e-01
-1.024506632486979207e-01
-3.328643798828124778e-01
2.862546115451388706e-01
9.750330183241102608e-03
-1.753631761338975692e-01
-3.894026353624132075e-01
-2.663473510742187522e-01
1.227912478976779520e-01
-2.059532335069444442e-01
-6.655841827392577903e-02
1.158176506890190999e-01
1.114862908257378410e-01
-6.710653093126084379e-02
1.940807257758246640e-01
3.745030381944444708e-01
3.181697930230034665e-01
-1.908027140299479174e-01
4.139776441786024302e-02
-3.072906494140624778e-01
2.480690511067708270e-01
4.760707007514106137e-02
5.245540025499132453e-01
nan
nan
nan
nan
2.770113457573784577e-01
3.962416924370659732e-01
-3.407900322808159466e-01
-2.188665432400173638e-01
-2.840507719251844643e-02
1.725884840223524397e-01
1.040775722927517327e-01
-3.728551567925347254e-01
1.152426995171440954e-01
-1.139945983886718750e-01
2.859080367618136841e-03
6.509806993272569953e-01
1.217274814181857623e-01
5.365213351779514195e-01
-1.206501515706380201e-01
9.050834825303819553e-01
-4.809213595920138751e-01
1.227639007568359364e-01
-1.326685418023003382e-01
-1.091263563368055634e+00
3.262973149617513086e-02
3.531260172526041741e-01
-1.425951470269097299e-01
2.636531066894531317e-01
3.330702039930555358e-02
6.733513302273221035e-02
-1.588511334525214303e-03
-6.524358452690972587e-01
nan
nan
nan
nan
2.690473429361979196e-01
-1.915731133355034754e-01
6.909634484185113446e-02
1.823514133029513762e-01
-9.439715915256076395e-02
3.457095093197292638e-03
6.105402967664930181e-01
5.990941789415147462e-02
-5.459524875217013351e-01
2.040286933051215224e-01
2.318408372667100648e-01
1.472982618543836886e-01
-5.199019707573784288e-01
-4.818530612521701451e-01
-1.827599758572048538e-01
3.156903754340277812e-01
2.608470831976996696e-01
3.223489040798611094e-01
-2.177468872070312533e-01
-6.487716335720485894e-01
6.684059143066406472e-02
4.287111409505208193e-01
1.551321750217014017e-01
8.943060980902777235e-01
3.528842230902777821e+00
2.561438157823350825e-01
4.331496853298610894e-01
1.609462483723958226e-01
nan
nan
nan
nan
3.237236870659722099e-01
3.002873738606770884e-02
2.775040859646267233e-01
4.244881863064235983e-01
-2.070203823513454833e-01
4.328335571289062544e-01
1.671925693088107678e-01
-3.316843668619791630e-01
-1.735894944932725725e-01
1.751940070258246607e-01
-2.240417989095052076e-01
3.820881822374131986e-01
-2.395831637912326506e-01
-6.450955539279513706e-01
-1.515790303548177065e-01
2.708424886067708481e-01
-1.754300604926215257e-01
5.144655015733506920e-01
3.534264458550347432e-01
6.196009657118055625e-01
6.219446394178602261e-02
7.287295871310763840e-01
-6.448888481987846699e-01
5.608396742078992914e-02
-1.169457329644097154e-01
-2.056365119086371596e-01
5.318511962890625222e-01
-7.310758802625867692e-02
nan
nan
nan
nan
1.566330803765191015e-02
8.653578016493056191e-02
-3.165169949001735983e-01
2.627310858832465068e-01
3.409357706705729019e-01
2.323063320583767244e-01
1.444093322753906283e-01
-6.083059522840712080e-02
-4.068981933593749933e-01
3.617761230468750089e-01
6.841624620225694731e-01
-2.977891498141818638e-02
-1.144900427924262082e-02
-4.606501600477430625e-01
6.313881344265408202e-02
-1.244252268473307332e-01
4.823690626356336858e-02
4.132028198242187478e-01
2.841646194458007785e-02
-8.150956047905816293e-02
5.522081502278646248e-01
2.183080715603298583e-01
-4.816340806749132009e-01
1.486487494574652846e-01
-1.519999864366319564e-01
-1.546074083116319442e-01
1.191717529296874994e-01
1.126401795281304317e-02
nan
nan
nan
nan
2.815743340386284710e-01
-2.118235609266493069e-01
-2.650626288519965512e-01
4.511347113715277746e-01
1.366966883341471338e-02
2.291092936197916541e-01
-1.054017723931206657e-01
1.658441162109375033e-01
1.548504638671875100e-01
-3.249899291992187633e-01
1.887850443522135491e-01
2.548696729871962052e-01
2.495470852322048683e-01
-1.191412014431423583e-01
-2.646664937337239731e-01
2.632348971896701362e-01
5.990590413411458481e-01
-1.131612989637586879e-02
-2.379395887586805425e-01
-2.750752427842881875e-01
3.094452328152126619e-02
-1.096452585856119849e-01
4.305897691514756764e-01
1.622027587890625122e-01
-2.596567620171441049e-01
-7.662998623318142966e-02
-2.415935431586371529e-01
-3.319702148437500000e-01
nan
nan
nan
nan
6.970481363932291563e-01
5.647699991861979685e-01
-1.013643815782335061e-01
6.244555155436198185e-02
9.644746780395508246e-04
-1.389827473958333282e-01
-2.634224446614583104e-01
-5.242222764756944153e-01
-5.297079467773437855e-01
3.484641859266492947e-01
-2.525499131944444406e-02
7.625131564670138973e-01
-1.243003251817491328e-01
-5.691120741102430047e-01
-2.545582071940103996e-01
6.104783376057942856e-02
-1.106016794840494755e-01
3.450082397460937367e-01
8.086361355251736605e-02
-1.146790483262803834e-01
-3.569290839301215157e-01
2.357015482584635391e-01
6.742936876085069420e-01
-4.877994113498264062e-01
1.486749437120225559e-01
2.107250128851996529e-01
-2.185565524631076506e-01
-1.166600545247395843e-01
nan
nan
nan
nan
-1.017960866292317718e-01
-5.180889129638671653e-02
3.460353215535481603e-03
4.351630655924479396e-01
-4.570115152994791430e-01
9.005074395073785209e-02
-6.147409651014539705e-02
6.532174428304036995e-02
2.245818074544270737e-01
-2.880918375651041474e-01
5.295413886176215668e-01
-2.292248365614149297e-01
-2.326157972547742980e-01
-1.566345214843750111e-01
-3.532197528415256110e-02
-7.703911675347222543e-01
-1.092316691080729152e-01
3.088311089409722099e-01
4.145349121093749867e-01
1.840761142306857612e-01
-7.754151238335503515e-02
1.582371351453993047e-01
1.217257859971788148e-01
3.533939276801215112e-01
2.022926118638780288e-02
2.511114501953125022e-01
-4.041573757595486316e-01
2.680597432454426832e-01
nan
nan
nan
nan
1.919392395019531294e-01
4.002116309271918498e-02
-3.670544518364800279e-02
-2.821468989054361914e-02
-5.360772026909722127e-02
-5.687208726671006964e-01
1.734686957465277901e-01
6.063028971354166297e-01
-1.309726503160264788e-02
-8.559698316786024108e-02
2.991253323025173660e-01
2.285728115505642477e-01
4.573399183485243324e-01
1.181378512912326373e-01
1.845699055989583337e-01
-3.951994493272569242e-01
2.435403951009114665e-01
3.380808173285590468e-01
-2.141365390353732745e-01
1.681358337402343861e-01
1.369594150119357590e-01
3.522108968098958126e-01
5.504572550455728852e-02
-5.757732476128472054e-01
-5.894457499186198102e-02
5.040384080674913114e-02
-2.936083645290798461e-01
6.395053439670138340e-02
nan
nan
nan
nan
2.715319315592447658e-01
4.809411960177951140e-01
2.120106336805555602e-01
-3.408148871527778012e-01
-5.164906480577257097e-01
-4.649133046468099245e-02
-1.639683871799045012e-01
1.995388285319010524e-01
-5.569449954562716992e-02
1.660873582628038247e-01
-8.672799004448784876e-02
-9.553826226128472876e-02
2.837998453776041652e-01
5.675404527452256875e-01
-6.468993716769748381e-02
3.508165825737847299e-01
-9.693575541178385546e-02
2.493894280327690893e-01
1.206100124782986116e-01
6.925354003906250000e-01
-3.903360663519965246e-01
1.670279100206163159e-01
9.572552490234375044e-01
2.029777865939670078e-01
4.902260674370659821e-01
3.303497653537326162e-01
7.854070366753471699e-01
7.522870551215278256e-01
nan
nan
nan
nan
1.756670633951823088e-02
3.190579223632812322e-01
-3.424949010213216433e-02
-4.866554090711805447e-01
-4.892460801866319597e-01
-6.731227620442707948e-01
1.480415852864583326e-01
8.708373175726996651e-02
8.864021301269531250e-02
-2.819532436794704999e-01
2.305458492702908146e-02
4.093564860026041585e-01
-1.758410644531250011e-01
-4.390785429212781983e-03
2.229029168023003438e-01
4.941315714518229041e-01
2.262663269042968772e-01
-3.494245741102430716e-03
-7.971327887641059540e-02
-1.681225077311197802e-01
2.545697191026475847e-01
2.284735955132378427e-01
6.007503085666232590e-02
-1.421882120768229174e-01
-8.132384618123373113e-03
-5.701341417100694864e-01
1.039360639784071144e-01
3.090239800347222010e-01
nan
nan
nan
nan
4.486153835720486094e-01
-4.697703891330295284e-02
-2.169676378038194464e-01
6.789666069878472210e-02
1.456665852864583277e+00
nan
4.352637532552082966e+00
3.003245035807291519e-01
7.221190558539496152e-02
2.432971530490451451e-01
9.573997497558593694e-02
4.514661322699652923e-01
1.277737681070963416e-01
1.064273325602213549e-01
6.465583801269531028e-02
-2.328458319769965146e-01
-5.570305718315972029e-03
2.866712443033854196e-01
2.029770067003038303e-01
-1.423609076605902857e-01
1.685907999674479130e-01
2.767519632975260283e-02
-2.689608086480034799e-01
-1.951691351996527879e-01
5.501590304904513395e-01
2.989782714843750022e-01
3.401535034179687389e-01
-2.158611551920572857e-01
nan
nan
