nan
nan
-4.331604682074652879e-01
-2.707284545898437367e-01
-2.262931611802842732e-02
5.441189236111111382e-01
-1.181540595160590346e-01
7.891958279079861471e-01
-1.195718638102213488e-01
1.571335008409288081e-01
-3.141217380099826650e-01
4.217863633897569464e-01
-1.393244934082031317e-01
-4.762579006618923860e-01
1.475625949435763751e-01
1.843185933430989687e-01
-9.036532931857639561e-02
2.871883816189236271e-01
-2.835573662651909577e-01
4.670275878906249845e-01
2.241512383355034610e-01
1.475864495171440860e-01
7.063707139756943976e-01
-3.203925238715277790e-01
-4.611230468749999978e-01
-1.299416775173611038e-01
3.799526977539062766e-01
4.871244574652777715e+00
-1.246951124403211791e-01
-4.622949218749999867e-01
nan
nan
nan
nan
-9.731267293294271203e-02
1.148631371392144079e-01
-7.045668707953559040e-02
1.993239084879557324e-02
4.379748026529947658e-02
6.292674170600043304e-02
2.399020046657986127e-01
-1.083007727728949599e-01
3.146943495008680536e-01
1.264313761393229263e-01
2.919874742296006964e-01
-1.751991271972656306e-01
-8.239362080891926565e-02
-1.750565931532118147e-01
2.462821112738715346e-01
4.420121256510416430e-01
3.113613213433159554e-01
4.776891750759548749e-01
-1.458124118381076417e-01
2.510421074761284843e-01
-3.092507934570312700e-01
1.080482398139105960e-01
3.945263332790798771e-01
-1.013869222005208265e-01
1.983516057332356669e-02
6.548066541883680314e-01
-1.653786044650607523e-01
2.146572875976562600e-01
nan
nan
nan
nan
-6.285201009114583792e-01
4.126872762044270782e-01
5.025621541341145360e-01
-2.769026692708333459e-01
-4.220453219943576251e-01
1.398174285888671986e-01
7.857014126247829910e-02
-2.238098314073350692e-01
-1.346630096435546819e-01
3.810060628255208526e-01
-2.103027682834201495e-01
-4.094550916883680780e-01
1.018164316813151005e-01
-3.411570909288194620e-01
-4.557802666558159466e-01
-5.577653672960069392e-02
-2.310219658745659710e-01
-3.226034884982638684e-01
3.762711588541666763e-01
2.915839640299479063e-01
4.857190619574652812e-01
-2.062000020345051976e-01
-2.713903639051649108e-01
-2.952536349826389017e-01
1.856989881727430514e-01
2.100730048285590346e-01
3.549800957573784888e-01
-3.998067220052083370e-01
nan
nan
nan
nan
-5.051024712456597676e-01
-3.838701714409722410e-01
-4.223333740234375133e-01
-2.752927652994791585e-01
2.212119632297092006e-02
-1.310027058919270848e-01
-1.794988505045573002e-01
4.246617296006944264e-01
2.065971883138020826e-01
-3.668249850802951517e-01
-4.252322726779513701e-02
1.615478854709201384e-01
-6.555780707465277413e-01
-1.292170884874132009e-01
-2.459145016140407841e-02
-3.546347384982638795e-01
-2.946552870008680713e-01
-6.017371961805555447e-01
1.016416761610243052e-01
2.412340164184570424e-02
-3.523437500000000111e-01
-4.358058081732855971e-02
3.589770846896701562e-01
-1.869477505154079899e-01
1.021219804551866256e-01
1.425013054741753604e-01
7.970762125651041918e-01
-2.378624301486545189e-01
nan
nan
nan
nan
1.777133941650390486e-02
-3.125985378689236094e-01
-6.181763543023003488e-02
2.583040703667534577e-01
2.900732421875000244e-01
-4.362658013237847299e-01
-2.387427944607204977e-01
-4.524102444118923705e-01
3.940400526258680536e-01
7.829260084364149386e-02
-6.530268012152777857e-01
4.061072116427951184e-01
2.872388712565104307e-01
1.734947713216145881e-01
4.226786295572916574e-02
-1.023523966471354130e-01
-2.754193623860676926e-02
-3.309959242078993058e-01
-4.485705566406250067e-01
-3.141114128960503793e-02
-1.256146664089626830e-01
2.048323101467556390e-02
-2.360563829210069464e-01
3.338330078125000266e-01
-2.656376987033420289e-01
2.510182062784830845e-02
3.180754131740994028e-02
6.078614128960503626e-02
nan
nan
nan
nan
2.857522515190972001e+00
4.923439873589409710e-01
-2.075483534071180525e-01
-5.880807156032986649e-01
5.706428358289930003e-01
-4.554812961154514062e-01
1.406822882758246573e-01
7.203546312120225059e-02
1.689493645562065993e-01
-1.775223456488715379e-01
-1.263511149088541730e-01
-1.612185329861111072e-01
-1.711299981011284721e-01
-2.089482964409722088e-01
-1.986335245768229285e-01
3.911286078559027546e-01
5.250817532009548483e-01
2.420580546061197880e-01
-1.160387166341145804e-01
2.087630716959635313e-01
-2.186842515733506964e-01
5.346181911892361471e-01
-5.703040907118055447e-01
-2.966338433159722010e-01
-8.495408799913194420e-01
3.976492309570312522e-01
3.265000745985243147e-01
1.272455936008029531e-01
nan
nan
nan
nan
-1.605087110731336919e-01
-2.695559692382812345e-01
3.648858642578124978e-01
2.273091803656684118e-01
-7.747358534071180358e-01
2.214954121907552198e-01
-3.346801545884874052e-02
2.147098456488715224e-01
-1.265325588650173527e-01
4.459607272677951206e-01
-2.568794589572482856e-01
-2.011274549696180636e-01
2.588553195529513795e-01
3.734369913736979019e-01
2.456137763129340179e-02
-8.301407199435764106e-01
3.414260525173611338e-01
8.727506001790365231e-02
3.448566691080729441e-01
-9.866467285156249600e-01
-2.203293355305989687e-01
9.987980312771267688e-02
5.852098994784884697e-03
-2.298129102918836930e-01
9.648484124077691404e-02
-7.794170464409722054e-01
5.820715332031249911e-01
4.662837049696180736e-01
nan
nan
nan
nan
-1.493983374701605971e-02
-7.517531331380208348e-01
-7.663472493489582871e-02
2.407678053114149230e-01
3.591080729166666874e-01
2.132058037651909654e-01
-1.377549404568142455e-01
1.298401133219400927e-01
-5.831906467013888706e-01
-6.340624491373697547e-02
3.744393581814235983e-01
-3.901824273003472454e-01
-8.967292785644531694e-02
4.250766669379340001e-01
1.173153686523437517e-01
-2.378311835394965323e-01
9.572555541992187889e-02
2.600345018174913259e-01
-4.492655775282117792e-01
5.560054185655382009e-01
-6.961777750651041430e-01
2.390982521904839314e-02
-2.735427517361110894e-01
3.160248480902777546e-01
-1.705612288581000516e-02
7.271301269531249556e-02
3.156060960557725836e-02
6.301471710205078236e-02
nan
nan
nan
nan
1.501917182074652690e-01
1.739173210991753482e-01
-1.773897467719184051e-01
2.476352267795138840e-01
1.089792378743489609e-01
-3.060282177395290751e-02
5.650679524739583570e-01
1.543479919433593806e-01
3.218136596679687655e-01
-1.247147199842664894e-01
1.193802897135416707e-01
-1.538629659016927109e-01
2.385926988389756864e-02
-1.710559929741753415e-01
1.440424431694878604e-01
-3.425433900621202565e-02
-2.730576917860242925e-01
6.724503835042318356e-02
8.436515808105468639e-02
3.506746419270833082e-01
2.380144415961371607e-01
1.909934828016492947e-01
-4.350486924913194442e-01
9.168876647949218694e-02
-4.759657457139757075e-01
-2.648209253946940192e-02
5.052320014105903256e-01
-8.606710645887587219e-02
nan
nan
nan
nan
8.749218410915798882e-02
3.761624823676215090e-01
8.465954250759548383e-02
-4.512709893120659954e-01
4.353772057427300612e-02
2.756959533691406006e-01
2.950722927517361316e-01
1.447834777832031350e-01
9.136567009819877849e-02
6.828148312038845313e-02
5.461500379774305580e-01
-1.556385803222656294e-01
3.743284861246744949e-02
2.838823954264322880e-01
8.226352267795139506e-02
4.381622738308376536e-02
-8.586951361762153179e-02
-1.548914421929253604e-01
3.657654147677951162e-01
-1.862933688693576423e-02
-3.237358940972221988e-01
-2.878612603081597276e-01
3.263911946614583282e-01
-2.317164950900607590e-01
-4.778921169704861138e-01
6.196580674913194642e-01
-2.189322365654839536e-02
-1.148243119981553761e-01
nan
nan
nan
nan
1.944143507215711775e-01
1.196615091959635363e-01
-3.412454901801215135e-01
2.067272101508246529e-01
-8.603407796223958570e-01
3.530323282877604329e-01
2.718380398220486202e-02
-6.000825330946180092e-01
1.151419236924913214e-01
4.273118760850694309e-01
-1.214209026760525167e-02
-3.317071533203124756e-01
2.180491638183593706e-01
6.377684190538194242e-01
4.342159016927083504e-01
-3.732010904947916652e-01
6.675413343641492525e-02
1.524436781141493003e-01
3.173860677083333304e-01
-1.315702141655815949e-01
2.772508578830295001e-01
4.361628553602430736e-01
2.832784016927083481e-01
-1.255367618136935814e-01
-5.196371290418836525e-02
-3.613384670681423633e-02
-2.190902709960937389e-01
1.916613599989149264e-01
nan
nan
nan
nan
-3.690739101833767632e-02
-3.565576510959201362e-01
3.270595296223958171e-01
-5.546112060546875000e-01
4.382842169867621346e-02
5.235340711805555047e-01
-4.898953247070312322e-01
-1.703026156955295134e-01
3.653504096137152879e-01
1.242918735080295184e-01
1.533511522081163203e-01
1.165854560004340318e-02
2.196743604871961852e-01
-8.201052517361111516e-01
7.250735812717014339e-02
-2.381556362575954766e-01
-1.093347761366102455e-01
-1.867956203884548749e-01
2.664016893174913081e-01
3.252428521050347299e-01
-3.197732543945312478e-01
-1.164419979519314280e-01
3.965667046440972121e-01
-6.212032063802083171e-01
1.679826524522569364e-01
5.420438639322916474e-01
-3.551426866319444264e-01
-6.589993370903862724e-02
nan
nan
nan
nan
-1.940902031792534621e-01
3.007316758897569664e-01
4.768839094373914650e-02
-4.659659152560763906e-01
2.099277750651041552e-01
-1.458878729078504771e-02
2.932456122504340512e-01
2.630320739746093706e-01
-4.551544613308376730e-02
4.986675262451172042e-02
-6.521718343098957815e-01
5.097132703993055847e-01
-2.004152425130208415e-01
-1.548126390245225803e-01
3.758357365926106620e-03
1.769004652235243169e-01
5.684147135416666163e-01
-2.557862684461805758e-01
-3.149862670898437300e-01
7.449840969509548272e-02
4.282556152343749978e-01
-3.591902330186632075e-01
3.106033537122938198e-02
2.272942267523871407e-01
-7.889570448133680081e-02
3.882875230577256809e-02
-1.987409125434027868e-01
-3.033809746636284554e-01
nan
nan
nan
nan
-2.160349867078993069e-01
5.616479449801974923e-03
-2.141455586751302154e-01
2.087995953030056390e-02
4.443364037407768891e-02
-4.009480794270833259e-01
2.346549987792968806e-01
-4.321061028374566237e-02
2.763497416178385402e-01
-1.370630052354600559e-01
-1.994983927408854052e-01
-8.156052652994791874e-01
-1.415017445882161551e-01
8.894825405544705410e-02
3.816597154405381720e-01
2.096763102213541619e-01
3.573551601833767355e-02
-1.598342895507812444e-01
-5.346527438693576828e-01
-1.506831359863281261e-01
-1.428473409016927098e-01
-1.793203396267361027e-01
-7.588759528266059151e-02
-2.262556287977430525e-01
2.964893764919704702e-02
-4.214388359917534688e-01
5.219011773003472410e-01
-5.231500583224826251e-01
nan
nan
nan
nan
-3.215761650933159910e-01
5.150798543294270448e-01
4.332700602213541696e-01
4.122315724690755329e-02
-1.241744062635633666e-01
-4.802657063802083237e-01
-5.272025214301214735e-01
2.837639278835720619e-02
-2.823586357964409932e-01
3.115730116102430336e-01
-2.164684719509548660e-01
-1.892808066474066866e-02
7.774502902560763706e-01
1.588079664442274275e-01
3.559889051649305358e-01
1.883122422960069320e-01
6.641878763834635491e-02
-2.061986626519097254e-01
-2.160954962836371396e-01
-2.086375766330295090e-01
-4.353163401285807532e-02
4.874543592664930536e-01
2.455429924858940904e-01
2.353648274739583268e+00
1.651765950520833304e+00
-3.539702012803819242e-01
2.474468994140625044e-01
-3.098860337999131964e-01
nan
nan
nan
nan
1.663336520724826295e-01
3.940692053900824582e-02
-8.075273980034721744e-01
-2.871191406249999911e-01
5.937410142686631864e-02
4.190880330403645715e-01
-4.427698432074652635e-01
-5.817949761284721966e-01
2.861390177408854041e-01
-1.491536797417534754e-01
4.827410380045572824e-02
1.462478976779513773e-01
4.272929297553168526e-02
1.740714687771267311e-01
-2.738011847601996562e-01
-1.881385972764756942e-01
-2.581870693630642366e-01
-3.133172607421875200e-01
4.858386230468749734e-01
-1.527763260735405873e-02
-1.266953108045789922e-01
-5.788385687934027857e-01
-2.865815904405382142e-01
3.847023857964409488e-01
-5.868177625868055136e-01
3.474402533637152568e-01
1.543622504340277646e-01
-2.876739162868923727e-01
nan
nan
nan
nan
5.107753499348958171e-01
-1.712518988715277801e-01
3.234876505533854085e-01
1.485910018285115618e-03
3.325836181640625111e-01
-1.235285949707031206e-01
2.762479654947916918e-01
4.212284342447916718e-01
1.927561442057291741e-01
1.461246236165364698e-01
-5.152609592013889239e-01
-1.732555813259548660e-01
-3.812094455295139128e-01
-1.973915608723958437e-01
3.875164031982421958e-02
5.217805650499132142e-01
9.966287570529513973e-01
-2.273157925075954822e-01
-3.843326822916666718e-01
1.254492070939805743e-03
2.730351935492621451e-01
-4.301294284396701140e-01
2.630601882934570368e-02
2.101824951171875067e-01
-1.853844536675347265e-01
4.961608208550347121e-01
6.777947743733724051e-02
-1.485035027398003415e-01
nan
nan
nan
nan
-4.564847140842013817e-01
6.473149278428819153e-01
-1.154727511935763895e-01
-2.192509290907118102e-01
4.365823957655164816e-02
-7.681291368272569198e-01
1.505651855468750078e-01
6.304082870483398819e-03
2.650472852918836844e-02
-6.154693603515625222e-01
3.077822261386447666e-03
8.669777764214409155e-02
3.666014268663194686e-01
5.686599392361111338e-01
-1.774808247884114565e-01
-1.892864651150173716e-01
4.127682156032986271e-01
-2.336605326334635357e-01
-7.030447726779514017e-01
-2.743393622504340379e-01
-5.234099663628472010e-01
-9.316764831542968806e-02
1.822891913519965323e-01
-1.245632086859809057e-01
-1.267801072862413114e-01
2.263416375054253526e-01
-2.238513353135850592e-01
9.941452026367186834e-02
nan
nan
nan
nan
6.159756130642360938e-01
-7.848112657335069020e-01
-2.707789272732205044e-01
-2.853848605685763706e-01
6.299043104383680314e-01
-3.945382351345486094e-01
2.973748101128472210e-01
-3.058132256401909776e-01
2.347337849934895970e-01
-4.541379123263888928e-01
5.419815402560763662e-01
-5.900444878472221877e-01
2.545428297254774264e-01
-1.932468811670939130e-03
-8.298245747884114287e-02
-1.035577816433376763e-01
2.099814520941840346e-01
2.104029846191406150e-01
2.268274095323350725e-01
-1.997736273871527912e-01
1.577267116970486049e-01
3.926958889431423350e-01
4.632577175564235872e-01
2.937840779622395981e-01
-3.229195488823784488e-01
4.783359103732638951e-01
5.324649047851562900e-01
-6.031140645345051815e-02
nan
nan
nan
nan
1.268338945176866392e-02
3.554044596354166696e-01
-2.288030497233072835e-01
-5.300716824001736049e-02
2.139972262912326340e-01
5.419134182400173749e-01
5.749759928385416163e-01
-3.678414916992187589e-01
3.312139553493923527e-01
-3.510912407769097299e-01
1.339205339219834978e-01
-1.372816960016886309e-03
-7.679654439290364842e-02
9.230676439073350059e-02
8.193551805284288170e-02
-6.682823763953315383e-04
-3.810438028971354085e-01
-2.224980502658420178e-01
-1.771230740017361027e-01
1.715093321270412833e-03
9.927282545301649441e-02
1.422588878207736544e-02
4.444485982259114426e-02
-1.302012295193142322e-01
4.650398423936631942e-01
4.820036994086371318e-02
-2.777932230631510180e-01
7.298333062065972543e-01
nan
nan
nan
nan
3.902394951714409643e-01
-1.494610595703124989e-01
nan
3.236352199978298483e-01
1.586921522352430503e-01
1.248729536268446128e-01
-5.515144771999783146e-02
-2.573571946885850892e-01
5.275503879123263351e-01
3.707611762152777657e-01
3.541547648111978974e-01
3.248109605577256809e-01
-2.175085449218749911e-01
7.296197509765625089e-01
1.243299187554253449e-01
4.483135647243923633e-02
4.189982096354166741e-01
-6.342448764377170423e-02
3.186421034071180713e-01
5.319581434461805314e-01
-5.428882514105902724e-01
-1.942329067654079977e-01
1.735048590766058996e-01
4.245445760091146048e-01
-3.043766954210069264e-01
-3.610104370117187544e-01
4.355399661593967187e-02
7.775134955512152946e-01
nan
nan
nan
nan
2.737725575764974120e-02
-5.312857394748263795e-01
-6.148162163628472232e-01
-3.580893961588541563e-01
-1.094500308566623281e-01
-2.720752557118733851e-03
-2.166289774576822813e-01
8.116722954644097765e-01
5.283326890733507364e-01
-9.685187445746528123e-01
-8.201237148708767632e-02
-8.744458007812500044e-01
1.665445624457465301e-01
-1.853773752848307185e-02
8.816613939073350559e-02
-2.886507161458333193e-01
-5.641830444335937944e-01
5.341184828016493080e-01
-5.084336005316840712e-01
-5.979888237847221788e-01
1.177287122938368014e-01
3.337773980034722254e-01
1.687850443522135313e-01
-1.410386064317491195e-01
1.412519481447008013e-03
1.255928463406033035e-01
4.970005628797742880e-01
1.724518636067708277e+00
nan
nan
nan
nan
9.477388170030381920e-02
8.708324856228298605e-02
4.197639295789930558e-01
1.692727152506510457e-01
-2.128443823920355901e-02
-4.611842515733506898e-01
4.493324788411458548e-01
-6.662371826171874512e-01
4.533514658610025838e-02
5.122030639648437189e-01
5.913362630208333082e-01
-7.486217583550347499e-01
-6.404332139756944153e-01
-1.525258890787760391e-01
2.685018073187934173e-01
-1.871767849392361183e-01
6.753017001681857479e-02
2.263247341579861238e-01
1.497506713867187422e-01
-7.507773844401041119e-01
-3.218443128797743302e-01
3.494119940863715246e-01
-1.631885104709201451e-01
-8.874148898654514450e-02
6.324776882595486427e-01
4.268066067165798838e-01
5.271694268120660221e-01
4.376111857096354196e-01
nan
nan
nan
nan
-4.913983239067925418e-02
-1.187969462076822885e-01
-3.910799153645833082e-01
-5.008978610568576295e-01
2.173637966579861303e+00
nan
4.686721462673610894e+00
2.597541809082031250e-01
5.813136800130208615e-01
2.885042317708333415e-01
3.615225897894965013e-02
2.238015747070312422e-01
-1.948963928222656183e-01
-2.387423536512586764e-01
2.795902676052517410e-01
3.769748602973090335e-01
3.071456570095486005e-01
-3.233556450737847254e-01
3.715609063042534799e-01
-7.875602213541667007e-01
-4.061463758680555758e-01
-1.509621514214409821e-01
1.321551683213975648e-01
3.510834079318576606e-01
6.947269439697265070e-02
7.067991129557291696e-01
4.465791151258680647e-01
-6.315923394097222587e-01
nan
nan
