nan
nan
-7.815174696180555713e-01
1.836676873101128482e-01
8.602524651421440682e-02
2.397091505262586852e-01
-2.032584635416666563e-01
-6.247142791748046958e-02
-2.647835795084635402e-01
-1.488421122233072880e-01
4.489896647135416807e-01
-2.824198744032118125e-01
-4.432314046223958526e-01
7.841126844618055980e-01
1.104236178927951451e-01
1.576279025607638939e-01
-3.370644463433159488e-01
-6.595090654161241128e-02
-2.639360894097222410e-01
-2.567331261105007794e-03
1.656330193413628471e-01
-9.916989008585612442e-03
2.210525682237413081e-01
-5.742147488064236471e-01
1.700593566894531283e-01
-1.716570366753472354e-01
1.207187228732638923e-02
5.613573133680555216e+00
2.049425252278645748e-01
-1.992636786566840401e-01
nan
nan
nan
nan
-5.925446912977430092e-01
-1.633005269368489609e-01
-1.039369710286458387e-01
1.140950605604383744e-01
7.837978108723958615e-01
5.338614145914713505e-02
6.885260687934027790e-02
-7.467272949218749512e-01
-1.103924984402126774e-01
-6.409480306837293806e-03
5.136488808525933522e-03
1.909314812554253338e-01
-2.135387166341145837e-01
1.921642896864149408e-01
1.744703843858506909e-01
-3.570694647894965268e-01
6.585286458333333703e-01
3.169820488823784643e-01
-5.775146484375000000e-01
6.125118679470485938e-01
-1.110891808403862840e-01
-5.992426872253418281e-03
-4.380911933051215290e-02
-1.914839850531684096e-01
3.207286919487847276e-01
1.457646687825520926e-01
4.902274915907118280e-01
4.480294799804687700e-01
nan
nan
nan
nan
-4.432784695095486338e-01
-4.564789496527777990e-01
8.778022766113281750e-02
1.853260125054253526e-01
-5.323639933268229374e-01
3.859096272786458059e-01
1.267106374104817745e-01
-3.311119927300347487e-02
-1.178686247931586342e-02
1.181520589192708304e-01
-2.532003784179687744e-01
-3.875306193033853930e-01
1.093756145901150258e-02
-4.161954752604166696e-01
4.470202975802951145e-02
5.682098727756076384e-01
1.426754315694173103e-02
-4.169127061631944242e-01
1.178956519232855910e-01
-8.395067850748698379e-02
2.653741794162326473e-01
-2.662298583984374911e-01
3.728899807400173350e-01
4.481670125325520893e-01
2.122494803534613617e-02
4.457284884982639084e-01
5.503976609971788364e-02
1.547588433159722276e-01
nan
nan
nan
nan
-5.885435655381944242e-01
1.764580620659722265e-01
-3.674372355143228908e-01
-1.775345865885416541e-01
-9.058878580729167185e-01
-3.347751532660590001e-01
-1.609313286675347343e-01
1.191163720024956546e-01
-2.948040432400173549e-01
3.750765652126736294e-01
-1.439054701063368080e-01
-2.862861463758680780e-01
-4.330714925130208504e-01
-5.854342990451388840e-01
5.926843261718750533e-01
7.187488979763455299e-02
2.079291788736979119e-01
-3.320060899522569442e-01
-6.379537624782986027e-01
1.396444617377387287e-01
-2.221448771158854030e-01
-4.490086534288194597e-01
2.703480021158854441e-01
-1.916211022271050238e-02
-5.301900227864583259e-01
1.262620459662543437e-01
2.335848999023437400e-01
-2.416089545355902812e-01
nan
nan
nan
nan
-4.980967627631293498e-02
4.419763522677951362e-01
-4.033441840277777746e-01
-3.413940768771701606e-01
-4.988468763563367880e-01
5.671472337510850836e-02
-1.159879557291666613e-01
-3.722877671983507164e-01
-2.816685316297742880e-01
6.948677571614583215e-01
-6.200453016493056024e-01
3.011616007486979107e-01
2.094986470540364520e-01
-6.436306423611111160e-01
4.006700981987847410e-01
-2.315990871853298716e-01
-1.121513281928168404e-01
-4.777359008789062722e-01
3.201638793945312256e-01
1.319582112630208470e-01
-3.033201429578993302e-01
1.638983323838975603e-01
1.562805006239149364e-01
1.103343031141493097e-01
-1.978411017523871440e-01
7.268915473090278301e-01
1.610618930392795078e-01
3.727601453993055758e-01
nan
nan
nan
nan
1.634915228949652688e+00
2.680393303765191138e-01
1.738782416449652646e-01
8.461621602376302731e-02
2.921718004014756676e-01
1.743082173665364554e-01
-4.214225260416666896e-01
-7.162427266438801954e-02
-2.706197102864583148e-01
-4.544030083550347210e-01
2.364285786946614676e-01
-2.984304470486111027e-01
3.122832573784722343e-01
1.289914957682291585e-01
-4.949087863498263795e-01
5.921881103515624911e-01
3.755417548285590046e-01
1.000942993164062544e+00
-9.975963168674045756e-02
-1.372597842746310637e-01
2.304593404134114565e-01
-1.500325181749131986e-01
-1.265108829074435837e-01
-1.236024983723958276e-01
9.560479736328124645e-01
8.087762451171874867e-01
4.735927327473958282e-01
8.454832288953993691e-02
nan
nan
nan
nan
1.822523159450954999e-01
2.580300564236110983e-01
3.344510565863715312e-01
-3.612970987955729102e-02
6.571953667534721766e-02
1.387781863742404420e-01
3.857576158311631920e-01
-6.423146565755208370e-02
4.288282606336805691e-01
-3.306603325737847432e-01
-6.391272650824653123e-01
4.773779635959201628e-01
-8.705024719238281528e-02
1.839305792914496529e-01
-3.503973727756076184e-01
1.309638807508680669e-01
2.724289788140191182e-01
-5.984377712673610850e-01
2.495814853244357756e-01
-1.495854356553819320e-01
-1.712129211425781339e-01
3.026670244004991267e-02
3.197395833333333548e-01
2.646603224012586963e-01
-5.896277533637153123e-01
3.674041959974500785e-03
-3.371562025282118236e-01
3.479999436272515189e-03
nan
nan
nan
nan
7.349764506022135602e-02
2.923373074001736072e-01
3.815401204427083526e-01
-2.940525309244791941e-01
2.640857272677951118e-01
5.998724619547526199e-02
5.129025946723090312e-01
2.230397542317708315e-01
-5.023684183756510491e-02
2.592959425184461764e-01
-1.824226888020833437e-01
3.760775078667534799e-01
-1.244663747151692756e-01
3.050298733181423527e-01
-1.249341244167751774e-01
-2.080546400282118069e-01
-2.270412021213107645e-01
-1.602063835991753560e-01
2.423742082383897531e-02
-5.732404242621528256e-01
3.142366875542534910e-01
6.715877278645833171e-01
-2.906209309895833176e-02
1.812015745374891476e-02
3.303683810763888840e-01
3.572212388780381942e-01
-4.897448730468749734e-01
9.584670003255207904e-01
nan
nan
nan
nan
-3.029928249782986027e-01
2.855014589097764829e-02
8.108858744303384936e-02
-1.249373033311631936e-01
-1.574774000379774441e-01
-3.185795084635416607e-01
1.612911817762586741e-01
3.042955864800347410e-01
5.488391113281250178e-01
6.819308810763888284e-02
6.512861463758680136e-01
5.405768839518229063e-01
6.890807681613497770e-02
-1.405805969238281272e-01
2.149957614474826417e-01
-1.925704277886284843e-01
3.211460367838541718e-01
7.940754360622830077e-02
3.290019734700520559e-01
-6.144426133897569475e-02
-3.279217190212673771e-01
-1.996826341417100581e-01
-3.043055555555555514e-01
3.283251953124999845e-01
-4.552528211805555447e-01
5.557562594943575851e-01
2.675465562608507208e-01
-3.720095486111111294e-01
nan
nan
nan
nan
3.920023600260416630e-01
3.425006103515624845e-01
9.186371697319878349e-02
-2.601442601945665005e-03
-1.247182803683810765e-01
-1.193727027045355937e-01
1.417370605468750044e+00
-2.890925767686631787e-01
1.987472025553385369e-01
-5.940834469265408174e-02
-5.498924424913194109e-01
-2.133560858832465323e-01
-5.431854587131076384e-01
-2.353394741482204844e-01
5.848546006944443931e-01
-5.521994018554687855e-01
-4.891073608398437411e-01
-4.469591946072048461e-01
8.990141126844618247e-02
2.418151685926649419e-01
1.822522650824652812e-01
1.479154120551215146e-01
3.685175238715277524e-01
-5.948311360677083215e-01
6.214588758680555935e-01
-1.122816908094617983e+00
6.448556179470485983e-01
-5.029928249782985583e-01
nan
nan
nan
nan
4.159146118164062655e-01
-6.291053602430555225e-01
1.829920620388454933e-01
-1.968602074517144043e-02
1.489220174153645937e-01
1.995712068345811482e-02
-4.323760308159722010e-01
-5.599458482530381698e-01
-3.303830634223090534e-01
9.375199211968315849e-02
1.665845235188802009e-01
-3.842717149522569264e-01
-2.985860824584960979e-02
2.854995727539062500e-01
9.211227756076388884e-01
-8.523634168836805580e-01
1.236716376410590262e-01
-2.654095967610677342e-01
4.338987223307291807e-01
7.111305745442708659e-01
1.204100630018446194e-01
1.917250739203558985e-02
-1.928867763943142299e-01
4.552774047851562700e-01
1.869768948025173627e-01
-2.784990098741319531e-01
4.438947550455729085e-01
1.408038499620225814e-01
nan
nan
nan
nan
6.338859727647569997e-01
-1.407337103949652668e-01
-2.992629326714409954e-01
5.655153486463758428e-02
-2.971421644422743147e-01
-1.486467149522569531e-01
-1.001626383463541714e+00
-1.431727600097656150e-01
3.493906656901041852e-01
2.568285963270399153e-01
-4.721437242296007142e-01
-3.078899468315972054e-01
2.049835374620225803e-01
1.078418691953023350e-03
-8.589476860894097454e-01
-1.921841091579861160e-01
-3.016422186957465335e-01
-1.464516364203559129e-01
-3.002764553493923461e-01
6.247651418050130523e-02
7.266265869140625666e-02
2.008471510145399264e-01
-2.656366644965277857e-01
-6.508100721571180580e-01
5.156072319878471921e-01
-2.194063483344184107e-01
3.641562906901041896e-01
1.857093302408854285e-01
nan
nan
nan
nan
-4.492555745442708415e-01
-1.226362101236979224e-01
2.110794067382812389e-01
-3.402200995551215024e-01
3.321006605360243280e-01
-4.608005438910590112e-01
-1.502288140190972121e-01
2.777667405870225537e-01
6.554116482204861427e-01
-6.044558631049262026e-02
-7.839589436848958259e-01
-1.892183430989583248e-01
-2.626708136664496762e-01
1.633366054958767244e-01
4.188654920789930403e-01
1.934472147623697846e-01
-2.182942199707031128e-01
1.217767927381727400e-01
-4.082861328124999800e-01
1.621240403917100781e-01
3.474816216362847099e-01
3.156087578667534643e-01
-1.957291836208767399e-01
1.192456245422363233e-02
1.403719923231336875e-01
-4.162008073594834767e-02
1.365952640109591998e-01
-2.368278672960069386e-01
nan
nan
nan
nan
1.622808159722222143e-01
4.186060926649305403e-01
-6.091821967230902635e-01
2.784686109754774264e-01
4.829672707451714529e-03
-3.585880194769965335e-01
-4.509660508897569420e-01
-1.729478730095757380e-02
-7.848204718695746263e-02
4.158484141031901227e-02
3.376384141710069287e-01
-4.687722947862413281e-02
4.986898125542534865e-01
5.835632324218750222e-01
3.303007676866319686e-01
5.270987277560763573e-01
2.671021016438802076e-01
1.446172756618923638e-01
-3.424212985568576562e-01
-1.525736999511718706e-01
1.793723890516493169e-01
1.717301771375868147e-01
-4.249437798394097299e-01
1.670344204372829766e-01
-1.771222262912326428e-01
2.292344156901041652e-01
-3.996906704372829577e-02
1.613314988878038203e-01
nan
nan
nan
nan
4.551557413736979085e-01
-4.914137437608506742e-01
-1.732121955023871451e-01
-2.736574300130208415e-01
-2.995523749457465468e-01
-1.035852118598090232e+00
1.217134009467230882e-01
-2.842612033420138795e-01
3.448426649305555425e-01
-5.232306247287326073e-01
-1.876312425401475692e-01
2.462140570746527701e-01
2.654135131835937411e-01
2.107955932617187542e-02
-1.518444654676649186e-01
-1.503450351291232556e-01
1.747856140136718750e-01
-2.085762235853406976e-02
-6.265776231553819020e-01
3.776197221544053823e-02
6.054799821641709823e-02
-5.547087775336371346e-02
2.521992153591580132e-01
8.347438557942707948e-01
5.446146918402777537e+00
1.040411037868923527e+00
1.644109768337673749e-01
-6.790417480468750044e-01
nan
nan
nan
nan
-7.523351033528645482e-02
2.077994452582465346e-01
-1.306904771592881931e-01
6.044120279947916563e-01
-4.483130560980902457e-02
-1.163215043809678884e-01
1.347287665473090312e-01
-4.551591322157118036e-01
-7.710780673556857923e-02
5.251767645941840534e-01
-3.048400539822048727e-01
1.980766805013020881e-01
1.201898256937662841e-02
-2.924420462714301047e-02
3.116073608398437500e-01
-2.514905463324652590e-01
-8.878659566243489454e-02
3.089684041341145826e-01
-8.719822184244792052e-01
-5.485499487982856137e-02
-1.658202107747395737e-01
2.825302971733941182e-01
6.996440887451171875e-02
-1.094876692030164883e-01
6.211305830213758455e-02
-2.055505879720052054e-01
-1.275457424587673749e-01
1.716820102267795078e-01
nan
nan
nan
nan
5.106808471679687988e-01
-3.424810112847222476e-01
4.051425849066840335e-01
4.244764539930555303e-02
-7.204538133409288392e-02
2.892877197265624756e-01
-4.091260104709201206e-01
-1.847035556369357734e-01
-8.836034138997396481e-02
-4.592181735568576229e-01
-6.073052978515625089e-01
-1.587193637424045012e-01
2.630936177571614465e-01
2.749556223551432449e-02
-1.513568454318576506e-01
-3.649552747938368258e-01
-2.536489698621962052e-01
6.134424506293403301e-01
-6.096453179253472632e-01
3.741320461697048572e-01
4.001789008246527946e-01
-3.590040079752604418e-01
-2.006460401746961719e-01
7.254900444878472632e-01
6.021520317925347365e-01
-4.227777438693576251e-01
4.291084713406032730e-02
4.147182888454861160e-01
nan
nan
nan
nan
1.795665740966796708e-02
-2.983414374457465379e-01
3.024858601888020804e-01
-5.136817084418402457e-01
-8.926868862575955410e-02
8.026487562391493302e-02
9.602168104383680403e-01
3.501762220594618058e-01
-1.527192348904079788e-01
-6.174734157986111471e-01
-1.143617947896321575e-02
4.415336778428819442e-01
1.237082926432291619e-01
1.993127441406249978e-01
-1.088723839653862879e-01
2.012353854709201251e-01
5.009396870930989815e-03
4.710337744818793304e-02
-3.618143717447916408e-01
7.733312988281250133e-01
3.820535956488715357e-01
-3.055817498101128307e-02
-7.006694878472222721e-01
-1.040476989746093733e-01
-9.702175564236110994e-02
-1.081675126817491367e-01
9.991952048407659950e-03
-2.752665201822916408e-01
nan
nan
nan
nan
9.224748399522569864e-01
1.897063573201497252e-02
3.465118408203125000e-01
2.476810540093316026e-01
-2.546698167588975492e-01
-3.308017518785264649e-02
-1.748381720648871651e-01
-5.727197265625000311e-01
-2.711500549316406272e-01
3.451813083224826162e-01
-2.762787034776475470e-01
-3.461523776584201628e-01
-3.757042439778645604e-01
-2.524046834309895959e-01
4.103837754991319642e-01
2.657292895846896652e-02
3.309628974066840534e-01
3.480336083306206918e-02
3.088292100694444708e-01
-4.224125501844618324e-01
2.747320217556423749e-01
9.413772243923611560e-01
-9.043362935384114884e-03
4.388640001085069575e-01
2.612882190280490548e-03
2.507226562500000089e-01
-2.214110480414496485e-01
-5.998785400390624911e-01
nan
nan
nan
nan
7.072024875217013395e-01
-5.604665459526909643e-01
-5.267294989691839735e-01
1.156565772162543443e-01
-3.904533555772569664e-01
-3.206018405490451140e-01
-1.112586805555555586e-01
1.621523708767361183e-01
2.086503092447916652e-01
-2.835037061903211697e-01
-4.660383775499131742e-01
-5.720970323350694775e-01
-1.798414950900607545e-01
1.433084408442179326e-04
7.345324198404948324e-02
7.323845079210069553e-01
-8.808392842610676676e-02
-1.861531745062934007e-01
-9.606297810872395371e-02
5.378449503580728930e-01
-9.797099643283420367e-02
-3.035454305013020604e-01
-2.322312079535590323e-01
1.952937825520833226e-01
4.326664225260416496e-01
-3.666653442382812322e-01
3.415064281887478410e-03
-4.182651095920139062e-01
nan
nan
nan
nan
-1.068024783664279498e-01
-5.980925559997558524e-03
-3.948973592122395626e-01
-1.528824869791666763e-01
1.348755560980902657e-01
1.715744866265190849e-01
-1.239740668402777718e-01
-1.585159640842013773e-01
6.026132541232639417e-01
1.278879665798611009e+00
1.012408040364583428e+00
-3.314277648925781361e-02
1.575454033745659621e-01
4.165607876247830188e-02
-3.851802571614583171e-01
4.100747680664062478e-01
-1.985047573513454844e-01
3.552824232313367969e-01
1.793826124403211930e-01
3.127130466037326140e-01
-2.032513427734375100e-01
4.989209069146050002e-02
2.215982410642835729e-03
2.132996283637152712e-01
-1.607094828287760346e-01
-3.364536073472764593e-02
7.574922010633680092e-01
-3.932668728298611138e-01
nan
nan
nan
nan
1.486916944715711841e-01
-2.488160875108506864e-01
-4.305312771267361116e-01
-5.244776746961805625e-01
7.550868564181857645e-02
4.119066026475694531e-01
-4.356987847222222321e-01
-1.599601067437065871e-01
4.650268554687500000e-01
3.753735860188801843e-02
4.089337666829426926e-02
-1.546230061848958282e-01
1.071834225124782963e-01
6.579730224609374734e-01
2.260883924696180658e-01
7.502280341254339950e-03
5.635025363498263884e-01
-6.724405924479166519e-01
6.236294216579860855e-02
-1.873732842339409788e-01
-1.510716332329644154e-02
-1.848807271321614709e-01
-2.407071261935763984e-01
2.373939005533854119e-01
-2.589016384548611382e-01
1.581531575520833233e+00
3.405238986545138680e+00
2.607770453559027590e+00
nan
nan
nan
nan
1.017475636800130173e-01
-6.429946475558810659e-02
-2.009451972113715235e-01
3.516283840603298683e-01
3.566062418619791452e-01
3.972285291883680403e-01
2.895456271701388751e-01
1.153702714708116361e-01
-3.338995700412326628e-01
2.154279073079427009e-01
-4.736982218424479196e-01
9.988769531249999667e-02
2.902317640516492991e-01
-1.587743462456597254e-01
-1.697150166829426987e-01
6.409001329210068931e-01
-2.086818271213107534e-01
1.506323920355902846e-01
-2.179742940266927165e-01
4.858601209852430602e-01
-1.864251030815972099e-01
1.843863423665364487e-01
1.309998300340440604e-02
1.259571329752604274e-01
2.313791741265190938e-01
8.264012654622396314e-02
5.597926500108506565e-01
-1.548126729329427076e-01
nan
nan
nan
nan
-5.920249938964843722e-02
-1.681271531846788292e-01
2.810749986436631986e-01
-1.040895038180881041e-02
4.101136610243055536e+00
nan
4.763728841145833393e+00
5.861303032769097365e-01
-1.646560329861111172e-01
2.041842990451388784e-01
2.690514797634548372e-01
-4.378754679361979152e-01
-3.067285156249999756e-01
-2.851057942708333237e-01
-4.185133192274305691e-01
2.479745992024739720e-01
-1.481604512532552209e-01
-6.918017578124999734e-01
2.359880065917968617e-01
-1.510875956217447857e-01
4.625748358832465490e-01
1.322686174180772445e-01
-2.155817837185329822e-01
-3.796354166666666696e-01
4.493907335069444176e-01
3.067994859483507142e-01
8.413501654730902724e-01
3.941850111219618036e-01
nan
nan
